Label: tensor([ 2,  2,  0,  0,  0,  0,  2,  0,  2, 13, 56,  0,  0, 26,  0,  2,  7,  2,
         0,  2,  0,  2,  0, 24,  0,  0,  2,  2,  0, 26, 26,  0,  2,  0,  2,  2,
         2,  2, 12, 56,  2, 56,  0, 13, 56,  2, 13,  0,  2, 13,  1, 56,  2,  0,
        56, 26, 24,  1,  0, 56, 56, 56, 56, 13,  2,  2, 56,  2,  0, 24,  0, 10,
         2, 13, 27,  1,  7,  1, 56,  3, 26,  2,  9, 26,  2, 56,  0, 13,  1,  2,
        12,  2,  1, 24, 74,  7,  0,  2,  9, 28, 13,  2,  2,  7,  0,  0, 13,  0,
         0,  0, 56,  0,  0,  2, 26,  0,  0, 13, 13, 26,  7,  2,  0,  0, 56, 13,
        58, 74, 60,  0,  1, 26, 58, 24,  7, 12, 10,  9, 24,  2, 26, 26, 13,  0,
         0, 12, 13,  0, 13,  0, 24, 56,  0,  5,  0, 10,  2,  2,  0,  1,  7, 13,
         9,  0, 12, 13,  2, 26, 12,  0,  0, 56,  0,  9, 12, 24, 25,  1, 60, 13,
         2,  1, 10,  2,  9, 13,  2,  0,  2, 56,  1,  0, 60,  0,  0,  9, 24,  9,
         0,  0, 12,  0, 13,  0,  0,  0, 26,  0,  9,  2,  0,  3, 56,  5,  0,  3,
         7,  2,  7, 12,  9,  1, 60,  0, 24,  9, 58,  2, 56,  1,  0, 13,  9,  0,
        26,  0, 56, 56, 24,  0,  7, 58,  0,  1, 58, 60,  5,  0, 12, 29,  2,  2,
         1,  0, 13, 58, 27, 16, 26,  0,  7, 56,  0,  0,  9, 58,  0,  2,  0, 58,
         0,  0,  2,  2, 10, 56,  1,  2, 24,  3, 12,  9,  3, 13,  0,  0,  7, 26,
         9, 24,  0,  0, 56, 13,  0,  2,  2, 56, 58, 11]), Box: ([176.7660675048828, 223.86495971679688, 250.32571411132812, 285.0885314941406], [12.675582885742188, 238.07264709472656, 179.1035614013672, 340.3742980957031], [358.06549072265625, 214.7686309814453, 380.5531311035156, 280.2044372558594], [414.1840515136719, 219.0583953857422, 445.1528625488281, 297.205810546875], [391.6496887207031, 212.0315704345703, 416.859130859375, 283.4020690917969], [108.24310302734375, 204.12924194335938, 121.07837677001953, 239.23207092285156], [239.17535400390625, 217.539306640625, 277.5598449707031, 260.485107421875], [120.35822296142578, 206.17648315429688, 131.7307586669922, 239.15443420410156], [259.20855712890625, 205.9508056640625, 304.9896240234375, 243.29623413085938], [444.4813232421875, 242.57080078125, 475.9896545410156, 287.9493103027344], [444.4813232421875, 242.57080078125, 475.9896545410156, 287.9493103027344], [200.613525390625, 205.9610595703125, 211.21743774414062, 225.0172576904297], [202.36378479003906, 206.11097717285156, 210.5137481689453, 218.7926788330078], [358.1445617675781, 229.5782012939453, 367.2278137207031, 245.44033813476562], [233.05984497070312, 215.20945739746094, 240.27316284179688, 226.37013244628906], [317.4931640625, 207.2271270751953, 334.68798828125, 225.6846160888672], [258.5545654296875, 205.55508422851562, 304.84979248046875, 243.18621826171875], [317.66827392578125, 205.10826110839844, 345.098388671875, 226.0604248046875], [99.29181671142578, 229.0828399658203, 108.38314819335938, 239.49746704101562], [-0.28825366497039795, 248.29537963867188, 41.53261947631836, 374.238037109375], [306.7002258300781, 215.89947509765625, 316.864501953125, 251.62570190429688], [261.7659912109375, 218.65652465820312, 283.7410888671875, 252.4546356201172], [215.34564208984375, 207.5530242919922, 222.48841857910156, 223.8258056640625], [358.1445617675781, 229.5782012939453, 367.2278137207031, 245.44033813476562], [175.61985778808594, 212.94027709960938, 183.31898498535156, 221.36729431152344], [192.93223571777344, 206.36587524414062, 201.91012573242188, 221.45558166503906], [307.36065673828125, 216.17312622070312, 318.3179626464844, 234.46900939941406], [306.4273681640625, 211.59405517578125, 318.3883361816406, 234.4598846435547], [193.7596893310547, 206.4301300048828, 203.62667846679688, 225.42254638671875], [430.4132385253906, 232.275390625, 444.4615783691406, 261.5216064453125], [431.2050476074219, 232.51808166503906, 446.3433532714844, 262.25390625], [189.78895568847656, 205.2772979736328, 197.6215057373047, 220.22645568847656], [-0.07509253919124603, 289.5791015625, 39.61703872680664, 374.7730407714844], [409.8809814453125, 224.5518341064453, 421.07879638671875, 278.8890075683594], [350.65234375, 205.67813110351562, 362.6594543457031, 215.69346618652344], [332.98541259765625, 206.77650451660156, 346.2996520996094, 224.17701721191406], [363.2500915527344, 206.85824584960938, 374.5155944824219, 219.56591796875], [-0.29435381293296814, 240.40309143066406, 90.27215576171875, 343.4906921386719], [168.3442840576172, 236.38882446289062, 179.73365783691406, 262.9626770019531], [455.5607604980469, 241.14486694335938, 474.8938903808594, 255.93927001953125], [350.2755432128906, 207.25987243652344, 361.7071838378906, 217.6833038330078], [443.9960021972656, 241.50332641601562, 474.97247314453125, 265.7208557128906], [407.799072265625, 224.53196716308594, 419.4783020019531, 279.60821533203125], [448.5157775878906, 261.4481201171875, 473.34332275390625, 287.7698974609375], [448.5157775878906, 261.4481201171875, 473.34332275390625, 287.7698974609375], [-0.6789416074752808, 239.03297424316406, 104.56230163574219, 356.7480163574219], [57.290740966796875, 222.81455993652344, 77.1027603149414, 233.1459503173828], [334.2576904296875, 205.84703063964844, 345.5250549316406, 233.66627502441406], [351.5248107910156, 207.8347625732422, 362.5234069824219, 217.03407287597656], [140.07235717773438, 216.9785919189453, 160.49258422851562, 234.0161590576172], [170.17568969726562, 221.47760009765625, 186.01406860351562, 241.28713989257812], [450.1824951171875, 242.41201782226562, 475.2230529785156, 264.94647216796875], [295.53082275390625, 204.6796112060547, 309.0948181152344, 240.70816040039062], [372.1267395019531, 216.3634490966797, 382.39471435546875, 239.80715942382812], [447.0326232910156, 256.43133544921875, 475.11083984375, 287.8322448730469], [358.5257263183594, 223.74166870117188, 372.99169921875, 245.69134521484375], [431.2050476074219, 232.51808166503906, 446.3433532714844, 262.25390625], [137.06320190429688, 217.08592224121094, 168.70558166503906, 234.15274047851562], [137.83868408203125, 217.66171264648438, 146.4762725830078, 235.39329528808594], [140.07235717773438, 216.9785919189453, 160.49258422851562, 234.0161590576172], [449.39886474609375, 245.7412567138672, 475.35675048828125, 279.02410888671875], [138.80474853515625, 218.97650146484375, 149.7878875732422, 235.14852905273438], [443.27752685546875, 241.69886779785156, 475.5105895996094, 286.2115478515625], [443.9960021972656, 241.50332641601562, 474.97247314453125, 265.7208557128906], [-0.15864428877830505, 223.9983367919922, 16.03683090209961, 239.13467407226562], [0.0684782862663269, 238.19012451171875, 107.22103118896484, 335.0150146484375], [440.44610595703125, 242.7018280029297, 456.8606872558594, 257.6357421875], [347.572021484375, 202.02951049804688, 363.87872314453125, 217.0568084716797], [173.2891845703125, 213.13552856445312, 184.94573974609375, 235.0575714111328], [430.4132385253906, 232.275390625, 444.4615783691406, 261.5216064453125], [449.39886474609375, 245.7412567138672, 475.35675048828125, 279.02410888671875], [99.29181671142578, 229.0828399658203, 108.38314819335938, 239.49746704101562], [-0.412479043006897, 239.4209442138672, 90.37667846679688, 313.28424072265625], [145.28623962402344, 223.8994140625, 169.69386291503906, 234.0204620361328], [430.0352478027344, 232.50904846191406, 435.86700439453125, 248.2417755126953], [140.07235717773438, 216.9785919189453, 160.49258422851562, 234.0161590576172], [1.8648654222488403, 237.60546875, 180.2014923095703, 340.6513366699219], [138.80474853515625, 218.97650146484375, 149.7878875732422, 235.14852905273438], [438.6152648925781, 242.5978240966797, 458.7489929199219, 265.0263977050781], [-0.07509253919124603, 289.5791015625, 39.61703872680664, 374.7730407714844], [372.24932861328125, 225.22727966308594, 381.08489990234375, 240.47032165527344], [347.6927490234375, 201.58497619628906, 369.586669921875, 218.38771057128906], [15.96745491027832, 111.47530364990234, 39.66194534301758, 134.96432495117188], [374.87860107421875, 228.54318237304688, 382.0968017578125, 240.32774353027344], [345.0066223144531, 207.6422119140625, 353.1642150878906, 218.99876403808594], [136.68240356445312, 218.59768676757812, 148.7429656982422, 238.67111206054688], [196.65304565429688, 206.78257751464844, 203.85877990722656, 219.29129028320312], [137.06320190429688, 217.08592224121094, 168.70558166503906, 234.15274047851562], [136.68240356445312, 218.59768676757812, 148.7429656982422, 238.67111206054688], [363.89752197265625, 206.76556396484375, 374.3289489746094, 215.3204803466797], [99.29181671142578, 229.0828399658203, 108.38314819335938, 239.49746704101562], [282.73883056640625, 224.90721130371094, 297.6968688964844, 246.89166259765625], [279.810791015625, 237.4286346435547, 295.6374816894531, 272.34808349609375], [358.5257263183594, 223.74166870117188, 372.99169921875, 245.69134521484375], [374.1561584472656, 184.81991577148438, 383.02520751953125, 193.94558715820312], [175.646728515625, 223.25152587890625, 250.3885040283203, 285.1337585449219], [129.24874877929688, 248.53970336914062, 142.6695098876953, 260.7662353515625], [-0.4583001136779785, 237.81024169921875, 140.53701782226562, 312.7946472167969], [282.9647216796875, 177.76690673828125, 302.1675720214844, 198.98458862304688], [99.29181671142578, 229.0828399658203, 108.38314819335938, 239.49746704101562], [440.44610595703125, 242.7018280029297, 456.8606872558594, 257.6357421875], [332.9425964355469, 206.36192321777344, 346.06982421875, 218.9733123779297], [319.0740051269531, 215.93328857421875, 333.312255859375, 225.99783325195312], [317.66827392578125, 205.10826110839844, 345.098388671875, 226.0604248046875], [127.25110626220703, 248.1060028076172, 146.82577514648438, 272.4001770019531], [361.57427978515625, 206.8507537841797, 366.9419860839844, 219.7618408203125], [447.0326232910156, 256.43133544921875, 475.11083984375, 287.8322448730469], [215.4041290283203, 207.812744140625, 221.98641967773438, 218.48866271972656], [360.4728698730469, 215.36178588867188, 380.62530517578125, 244.62745666503906], [-0.07509253919124603, 289.5791015625, 39.61703872680664, 374.7730407714844], [441.1680908203125, 240.6297607421875, 474.5850830078125, 257.4700927734375], [152.5010528564453, 216.86476135253906, 159.41065979003906, 224.8346710205078], [11.449773788452148, 286.4162292480469, 39.786705017089844, 374.64593505859375], [293.3104553222656, 201.27011108398438, 315.32562255859375, 239.50177001953125], [10.564628601074219, 287.3891296386719, 33.103233337402344, 332.77001953125], [358.29876708984375, 215.66810607910156, 378.447998046875, 245.16253662109375], [231.9741973876953, 215.31124877929688, 242.6341552734375, 241.2754364013672], [450.1824951171875, 242.41201782226562, 475.2230529785156, 264.94647216796875], [438.6152648925781, 242.5978240966797, 458.7489929199219, 265.0263977050781], [411.0485534667969, 259.336181640625, 416.428466796875, 278.60198974609375], [295.53082275390625, 204.6796112060547, 309.0948181152344, 240.70816040039062], [-0.19510649144649506, 247.5291748046875, 39.1338996887207, 338.9950866699219], [348.1920166015625, 208.11007690429688, 353.72760009765625, 219.3057861328125], [131.69284057617188, 203.25001525878906, 137.8480987548828, 220.62828063964844], [170.17568969726562, 221.47760009765625, 186.01406860351562, 241.28713989257812], [279.810791015625, 237.4286346435547, 295.6374816894531, 272.34808349609375], [-0.15864428877830505, 223.9983367919922, 16.03683090209961, 239.13467407226562], [398.7608947753906, 37.83765411376953, 442.8612976074219, 66.33637237548828], [441.1680908203125, 240.6297607421875, 474.5850830078125, 257.4700927734375], [373.140625, 216.30642700195312, 380.10101318359375, 229.5812225341797], [168.12841796875, 222.24002075195312, 185.92129516601562, 261.3211975097656], [429.9771423339844, 231.94515991210938, 443.03314208984375, 277.2648010253906], [137.06320190429688, 217.08592224121094, 168.70558166503906, 234.15274047851562], [358.17803955078125, 226.65647888183594, 367.9710388183594, 245.61257934570312], [293.3104553222656, 201.27011108398438, 315.32562255859375, 239.50177001953125], [10.564628601074219, 287.3891296386719, 33.103233337402344, 332.77001953125], [279.9476013183594, 246.24627685546875, 293.3733825683594, 272.3951416015625], [369.337890625, 144.09420776367188, 379.06524658203125, 157.87940979003906], [408.6042175292969, 224.83987426757812, 420.0830383300781, 248.15869140625], [168.3326873779297, 220.73614501953125, 194.47659301757812, 259.855224609375], [367.22442626953125, 224.925537109375, 378.4916076660156, 242.51210021972656], [369.23675537109375, 242.84703063964844, 378.43328857421875, 259.4722595214844], [-0.07509253919124603, 289.5791015625, 39.61703872680664, 374.7730407714844], [188.81369018554688, 202.95162963867188, 194.1941680908203, 219.60250854492188], [146.0225830078125, 246.02407836914062, 160.5167694091797, 257.31036376953125], [-0.07509253919124603, 289.5791015625, 39.61703872680664, 374.7730407714844], [441.1680908203125, 240.6297607421875, 474.5850830078125, 257.4700927734375], [318.4173583984375, 204.30426025390625, 333.3612060546875, 241.63421630859375], [455.5607604980469, 241.14486694335938, 474.8938903808594, 255.93927001953125], [57.281490325927734, 222.4242401123047, 64.67926788330078, 233.108642578125], [410.357421875, 225.77362060546875, 420.46563720703125, 258.9171142578125], [142.1534881591797, 221.89993286132812, 151.17974853515625, 234.3665771484375], [412.48162841796875, 220.2383575439453, 426.5667419433594, 278.6950378417969], [259.20855712890625, 205.9508056640625, 304.9896240234375, 243.29623413085938], [329.7084655761719, 211.16966247558594, 338.73980712890625, 240.21401977539062], [11.449773788452148, 286.4162292480469, 39.786705017089844, 374.64593505859375], [137.06320190429688, 217.08592224121094, 168.70558166503906, 234.15274047851562], [258.8169250488281, 205.80142211914062, 297.8183898925781, 220.83761596679688], [197.71424865722656, 206.86676025390625, 205.58396911621094, 225.10081481933594], [168.3326873779297, 220.73614501953125, 194.47659301757812, 259.855224609375], [238.95399475097656, 217.37509155273438, 275.56317138671875, 260.411865234375], [145.8901824951172, 224.6510467529297, 159.2047576904297, 234.202392578125], [365.7143249511719, 188.26046752929688, 371.89495849609375, 196.8857421875], [359.607666015625, 207.0308837890625, 365.28106689453125, 219.99163818359375], [168.25076293945312, 235.5458221435547, 181.14820861816406, 283.73345947265625], [279.9476013183594, 246.24627685546875, 293.3733825683594, 272.3951416015625], [343.0370788574219, 202.15896606445312, 351.9941101074219, 218.85214233398438], [307.36065673828125, 216.17312622070312, 318.3179626464844, 234.46900939941406], [233.05984497070312, 215.20945739746094, 240.27316284179688, 226.37013244628906], [363.4039611816406, 207.81729125976562, 369.2048034667969, 220.79058837890625], [215.7098388671875, 207.9933319091797, 222.09852600097656, 217.75433349609375], [137.83868408203125, 217.66171264648438, 146.4762725830078, 235.39329528808594], [329.459716796875, 213.17584228515625, 338.55743408203125, 240.88583374023438], [365.9342956542969, 188.17446899414062, 372.6612548828125, 197.20362854003906], [11.449773788452148, 286.4162292480469, 39.786705017089844, 374.64593505859375], [358.02471923828125, 228.3582000732422, 366.2956237792969, 245.58843994140625], [398.7608947753906, 37.83765411376953, 442.8612976074219, 66.33637237548828], [145.28623962402344, 223.8994140625, 169.69386291503906, 234.0204620361328], [440.44610595703125, 242.7018280029297, 456.8606872558594, 257.6357421875], [443.27752685546875, 241.69886779785156, 475.5105895996094, 286.2115478515625], [332.268310546875, 206.74462890625, 345.86102294921875, 222.8194122314453], [170.8813018798828, 221.36123657226562, 182.88021850585938, 234.80897521972656], [279.810791015625, 237.4286346435547, 295.6374816894531, 272.34808349609375], [-0.1340918242931366, 239.22003173828125, 90.8240966796875, 283.61572265625], [338.581787109375, 166.908935546875, 349.494873046875, 176.10035705566406], [449.39886474609375, 245.7412567138672, 475.35675048828125, 279.02410888671875], [168.12841796875, 222.24002075195312, 185.92129516601562, 261.3211975097656], [316.2864074707031, 205.57752990722656, 323.2519226074219, 225.5086212158203], [348.1920166015625, 208.11007690429688, 353.72760009765625, 219.3057861328125], [452.1333923339844, 252.71780395507812, 473.42999267578125, 265.21783447265625], [137.83868408203125, 217.66171264648438, 146.4762725830078, 235.39329528808594], [109.25057983398438, 205.00210571289062, 120.88951873779297, 238.74925231933594], [440.4010009765625, 241.57406616210938, 455.966796875, 249.8694305419922], [391.8206787109375, 212.4174041748047, 408.495361328125, 281.8949279785156], [444.4813232421875, 242.57080078125, 475.9896545410156, 287.9493103027344], [351.32720947265625, 177.2451934814453, 359.33306884765625, 191.2360076904297], [367.22442626953125, 224.925537109375, 378.4916076660156, 242.51210021972656], [359.5824890136719, 180.05809020996094, 367.44488525390625, 188.88694763183594], [363.2500915527344, 206.85824584960938, 374.5155944824219, 219.56591796875], [410.357421875, 225.77362060546875, 420.46563720703125, 258.9171142578125], [15.551348686218262, 227.14810180664062, 24.337242126464844, 238.73399353027344], [359.9356384277344, 206.99496459960938, 364.8995056152344, 217.54583740234375], [436.4362487792969, 234.03485107421875, 466.7115173339844, 265.2788391113281], [196.36378479003906, 231.01016235351562, 207.91224670410156, 242.35389709472656], [200.16429138183594, 230.59825134277344, 211.76222229003906, 240.719482421875], [197.90968322753906, 207.27423095703125, 204.76400756835938, 218.9261016845703], [358.07977294921875, 226.11187744140625, 368.4410095214844, 258.2785339355469], [429.9771423339844, 231.94515991210938, 443.03314208984375, 277.2648010253906], [31.318687438964844, 142.0526123046875, 43.05118179321289, 196.95639038085938], [-0.189218670129776, 246.60244750976562, 41.08882141113281, 374.73724365234375], [345.0066223144531, 207.6422119140625, 353.1642150878906, 218.99876403808594], [137.06320190429688, 217.08592224121094, 168.70558166503906, 234.15274047851562], [137.06320190429688, 217.08592224121094, 168.70558166503906, 234.15274047851562], [295.53082275390625, 204.6796112060547, 309.0948181152344, 240.70816040039062], [202.28790283203125, 230.76443481445312, 214.6174774169922, 242.45770263671875], [261.7659912109375, 218.65652465820312, 283.7410888671875, 252.4546356201172], [-0.29435381293296814, 240.40309143066406, 90.27215576171875, 343.4906921386719], [145.28623962402344, 223.8994140625, 169.69386291503906, 234.0204620361328], [-0.28825366497039795, 248.29537963867188, 41.53261947631836, 374.238037109375], [168.02357482910156, 229.4292449951172, 180.65988159179688, 266.89447021484375], [351.43292236328125, 176.7710418701172, 368.2746276855469, 192.42697143554688], [177.76712036132812, 221.72947692871094, 190.92808532714844, 240.6407012939453], [447.0326232910156, 256.43133544921875, 475.11083984375, 287.8322448730469], [225.39505004882812, 199.62554931640625, 234.715576171875, 223.23895263671875], [10.564628601074219, 287.3891296386719, 33.103233337402344, 332.77001953125], [366.5841979980469, 188.0872039794922, 376.1261291503906, 198.09371948242188], [140.07235717773438, 216.9785919189453, 160.49258422851562, 234.0161590576172], [-0.18153898417949677, 249.06317138671875, 26.50118637084961, 306.00152587890625], [-0.07509253919124603, 289.5791015625, 39.61703872680664, 374.7730407714844], [142.1534881591797, 221.89993286132812, 151.17974853515625, 234.3665771484375], [332.98541259765625, 206.77650451660156, 346.2996520996094, 224.17701721191406], [292.6494445800781, 240.07223510742188, 299.6731872558594, 255.32489013671875], [361.150390625, 180.64454650878906, 369.92340087890625, 196.03138732910156], [358.07977294921875, 226.11187744140625, 368.4410095214844, 258.2785339355469], [99.29181671142578, 229.0828399658203, 108.38314819335938, 239.49746704101562], [279.8465270996094, 229.3539276123047, 294.4333190917969, 272.2130432128906], [450.4374694824219, 263.4925842285156, 471.27142333984375, 277.3310241699219], [145.8901824951172, 224.6510467529297, 159.2047576904297, 234.202392578125], [407.0719299316406, 224.41229248046875, 419.1092529296875, 240.5792694091797], [194.9730224609375, 231.6038055419922, 204.53810119628906, 239.9933624267578], [259.20855712890625, 205.9508056640625, 304.9896240234375, 243.29623413085938], [-0.07509253919124603, 289.5791015625, 39.61703872680664, 374.7730407714844], [364.40081787109375, 210.56887817382812, 373.0766296386719, 221.90652465820312], [279.9476013183594, 246.24627685546875, 293.3733825683594, 272.3951416015625], [129.75668334960938, 219.458984375, 138.31666564941406, 231.9559326171875], [443.8066711425781, 254.8963623046875, 468.153076171875, 266.2815246582031], [293.3104553222656, 201.27011108398438, 315.32562255859375, 239.50177001953125], [217.22384643554688, 217.2255096435547, 223.70314025878906, 224.7920684814453], [215.34564208984375, 207.5530242919922, 222.48841857910156, 223.8258056640625], [398.7608947753906, 37.83765411376953, 442.8612976074219, 66.33637237548828], [215.34564208984375, 207.5530242919922, 222.48841857910156, 223.8258056640625], [334.2576904296875, 205.84703063964844, 345.5250549316406, 233.66627502441406], [145.8901824951172, 224.6510467529297, 159.2047576904297, 234.202392578125], [107.05886840820312, 251.4187774658203, 123.31226348876953, 272.92138671875], [138.80474853515625, 218.97650146484375, 149.7878875732422, 235.14852905273438], [448.5157775878906, 261.4481201171875, 473.34332275390625, 287.7698974609375], [367.8217468261719, 224.6884002685547, 375.6632080078125, 239.03871154785156], [99.29181671142578, 229.0828399658203, 108.38314819335938, 239.49746704101562], [282.73883056640625, 224.90721130371094, 297.6968688964844, 246.89166259765625], [222.76344299316406, 198.6538543701172, 234.14962768554688, 223.25601196289062], [-0.6789416074752808, 239.03297424316406, 104.56230163574219, 356.7480163574219], [170.8813018798828, 221.36123657226562, 182.88021850585938, 234.80897521972656], [450.1824951171875, 242.41201782226562, 475.2230529785156, 264.94647216796875], [443.9960021972656, 241.50332641601562, 474.97247314453125, 265.7208557128906], [374.1561584472656, 184.81991577148438, 383.02520751953125, 193.94558715820312], [444.4813232421875, 242.57080078125, 475.9896545410156, 287.9493103027344], [412.3799133300781, 224.5668487548828, 420.283447265625, 232.61973571777344], [167.5904541015625, 219.45809936523438, 197.15870666503906, 262.6791687011719], [168.27169799804688, 211.72781372070312, 173.7034912109375, 223.2200927734375], [99.29181671142578, 229.0828399658203, 108.38314819335938, 239.49746704101562], [306.6476745605469, 211.04237365722656, 316.6147766113281, 251.578369140625], [337.4312438964844, 212.99647521972656, 344.1205749511719, 234.0330352783203], [1.8648654222488403, 237.60546875, 180.2014923095703, 340.6513366699219], [359.9356384277344, 206.99496459960938, 364.8995056152344, 217.54583740234375], [-0.07509253919124603, 289.5791015625, 39.61703872680664, 374.7730407714844], [436.4362487792969, 234.03485107421875, 466.7115173339844, 265.2788391113281], [279.8465270996094, 229.3539276123047, 294.4333190917969, 272.2130432128906], [231.17059326171875, 226.6829833984375, 250.28500366210938, 271.8096618652344], [359.619384765625, 232.12844848632812, 367.75653076171875, 245.521484375], [140.07235717773438, 216.9785919189453, 160.49258422851562, 234.0161590576172], [137.83868408203125, 217.66171264648438, 146.4762725830078, 235.39329528808594], [301.02294921875, 179.9663848876953, 312.83526611328125, 197.20950317382812], [317.4931640625, 207.2271270751953, 334.68798828125, 225.6846160888672], [282.271484375, 230.4989013671875, 298.03839111328125, 255.8545379638672], [294.4219055175781, 213.82241821289062, 301.0975646972656, 236.56866455078125], [307.2707214355469, 226.68768310546875, 314.00408935546875, 251.8572540283203], [318.21539306640625, 206.5623321533203, 333.1456604003906, 225.3430633544922], [363.36346435546875, 225.5784912109375, 378.9371032714844, 258.9249267578125], [44.327972412109375, 154.9022674560547, 50.75047302246094, 169.8039093017578], [392.7164611816406, 223.543701171875, 411.16351318359375, 247.15707397460938], [419.680908203125, 219.86187744140625, 444.8957824707031, 259.0758056640625], [-0.28825366497039795, 248.29537963867188, 41.53261947631836, 374.238037109375], [282.271484375, 230.4989013671875, 298.03839111328125, 255.8545379638672], [288.94439697265625, 240.65269470214844, 299.0900573730469, 255.87315368652344], [130.5531768798828, 205.14703369140625, 137.9914093017578, 232.18772888183594], [15.551348686218262, 227.14810180664062, 24.337242126464844, 238.73399353027344], [140.07235717773438, 216.9785919189453, 160.49258422851562, 234.0161590576172], [443.8066711425781, 254.8963623046875, 468.153076171875, 266.2815246582031], [175.61985778808594, 212.94027709960938, 183.31898498535156, 221.36729431152344], [398.7608947753906, 37.83765411376953, 442.8612976074219, 66.33637237548828]), Score: [0.9120758771896362, 0.8980835676193237, 0.867438554763794, 0.8642573356628418, 0.8614697456359863, 0.8280107378959656, 0.8232884407043457, 0.8033069372177124, 0.7357184886932373, 0.3964195251464844, 0.3484399914741516, 0.34462666511535645, 0.30475932359695435, 0.29879388213157654, 0.2964087128639221, 0.28495118021965027, 0.28248995542526245, 0.27848485112190247, 0.27772849798202515, 0.27677610516548157, 0.27173635363578796, 0.27013424038887024, 0.26677557826042175, 0.26176750659942627, 0.25745126605033875, 0.24961328506469727, 0.22329704463481903, 0.22059206664562225, 0.21784110367298126, 0.2164802998304367, 0.2113867551088333, 0.2046627700328827, 0.19278481602668762, 0.1909862756729126, 0.18896718323230743, 0.18846647441387177, 0.1855630725622177, 0.18255414068698883, 0.1716235727071762, 0.16857962310314178, 0.1684914231300354, 0.1651219129562378, 0.16463099420070648, 0.1625703126192093, 0.16173823177814484, 0.16053859889507294, 0.15427149832248688, 0.1497664451599121, 0.14757613837718964, 0.146035298705101, 0.14390844106674194, 0.142072856426239, 0.1414080411195755, 0.1400267332792282, 0.1388493925333023, 0.1342732012271881, 0.13344433903694153, 0.13236580789089203, 0.1309209018945694, 0.13019821047782898, 0.13010306656360626, 0.12821875512599945, 0.1275002807378769, 0.12671804428100586, 0.12634731829166412, 0.12563849985599518, 0.1256072074174881, 0.12546798586845398, 0.12482814490795135, 0.12176648527383804, 0.1195356473326683, 0.11871954053640366, 0.11815693229436874, 0.11648587137460709, 0.1163601204752922, 0.11571889370679855, 0.11471811681985855, 0.11455535143613815, 0.11370242387056351, 0.11245398223400116, 0.11231520771980286, 0.11230514943599701, 0.11224588006734848, 0.11185586452484131, 0.11169756948947906, 0.11062318086624146, 0.10973994433879852, 0.10673025995492935, 0.1060451865196228, 0.10584058612585068, 0.1056850478053093, 0.10422655194997787, 0.10406134277582169, 0.10393426567316055, 0.10302507132291794, 0.10282792896032333, 0.10281950980424881, 0.10254596918821335, 0.1022181436419487, 0.10171012580394745, 0.10112413763999939, 0.10110123455524445, 0.10106763243675232, 0.10043173283338547, 0.10036186128854752, 0.09955032914876938, 0.09853685647249222, 0.09841985255479813, 0.09807755798101425, 0.09724734723567963, 0.09713022410869598, 0.09688102453947067, 0.0964958593249321, 0.09610109776258469, 0.09599511325359344, 0.09572470933198929, 0.09540212154388428, 0.09495912492275238, 0.09418492019176483, 0.09394869208335876, 0.09319157898426056, 0.09252217411994934, 0.0924626961350441, 0.092232845723629, 0.09156448394060135, 0.09107287973165512, 0.09102582186460495, 0.09078839421272278, 0.08940406143665314, 0.08911634981632233, 0.08902034163475037, 0.08876095712184906, 0.08872777968645096, 0.08833497762680054, 0.08805867284536362, 0.08721807599067688, 0.08686906844377518, 0.08675125986337662, 0.08626655489206314, 0.08595221489667892, 0.08526365458965302, 0.08508715033531189, 0.08419904112815857, 0.08365448564291, 0.08352457731962204, 0.08342403918504715, 0.08285209536552429, 0.08283886313438416, 0.08270864933729172, 0.08268873393535614, 0.08264411240816116, 0.08263325691223145, 0.08230424672365189, 0.08211679756641388, 0.08206277340650558, 0.08203467726707458, 0.08193576335906982, 0.08085717260837555, 0.08000356703996658, 0.07998763024806976, 0.07952454686164856, 0.07933959364891052, 0.07911543548107147, 0.07850495725870132, 0.07849842309951782, 0.0773148462176323, 0.0769093781709671, 0.0766531378030777, 0.0759972631931305, 0.07550086081027985, 0.07527631521224976, 0.0752561092376709, 0.07522664219141006, 0.07504992932081223, 0.0747370645403862, 0.07454995810985565, 0.07417324185371399, 0.07395683974027634, 0.07314842194318771, 0.07283198088407516, 0.07232897728681564, 0.0722910687327385, 0.07215284556150436, 0.07160908728837967, 0.0713660940527916, 0.07109083980321884, 0.07043356448411942, 0.07032507658004761, 0.07020464539527893, 0.0701611340045929, 0.07005147635936737, 0.07000823318958282, 0.06937408447265625, 0.06915604323148727, 0.06899065524339676, 0.06890459358692169, 0.06885190308094025, 0.06866045296192169, 0.0685814842581749, 0.0683005228638649, 0.06814315915107727, 0.06753981113433838, 0.06743485480546951, 0.06717914342880249, 0.06700624525547028, 0.06650815159082413, 0.06643930822610855, 0.06635750085115433, 0.06625200062990189, 0.06609279662370682, 0.0659613236784935, 0.06592696160078049, 0.06589484214782715, 0.06577695161104202, 0.06553895026445389, 0.06535626202821732, 0.06528539955615997, 0.06526678055524826, 0.06512767821550369, 0.06493306159973145, 0.06419897079467773, 0.06400413066148758, 0.06390747427940369, 0.0632055327296257, 0.06316902488470078, 0.06299035251140594, 0.0629470944404602, 0.06267289072275162, 0.062075383961200714, 0.061933279037475586, 0.06176484003663063, 0.06174487993121147, 0.06162506714463234, 0.06149588152766228, 0.061484623700380325, 0.06141037493944168, 0.06137185916304588, 0.061296187341213226, 0.0611901618540287, 0.060999732464551926, 0.06055222451686859, 0.06054970249533653, 0.06033044680953026, 0.06023663654923439, 0.06011283025145531, 0.059987906366586685, 0.05996197834610939, 0.05987125262618065, 0.059686146676540375, 0.05925276130437851, 0.059210993349552155, 0.05915706977248192, 0.059032026678323746, 0.05890193581581116, 0.058704834431409836, 0.058696940541267395, 0.05862613394856453, 0.05859259516000748, 0.058270588517189026, 0.05817944183945656, 0.058109212666749954, 0.05794968456029892, 0.05790635198354721, 0.05780285969376564, 0.057740822434425354, 0.05768327787518501, 0.0576346255838871, 0.05747954547405243, 0.05743514746427536, 0.05718677490949631, 0.057180460542440414, 0.0570097379386425, 0.05698845162987709, 0.05677718296647072, 0.05670662969350815, 0.05662623792886734, 0.05653343349695206, 0.05596218630671501, 0.05581806227564812, 0.05551091581583023, 0.05534816160798073, 0.05519276112318039, 0.05519260838627815, 0.05517543479800224, 0.054762691259384155, 0.05457363650202751, 0.0542810782790184, 0.05427659675478935, 0.053850945085287094, 0.05355917662382126, 0.053520407527685165, 0.053290750831365585, 0.05327235162258148, 0.05325429514050484, 0.05298313498497009, 0.05291362479329109, 0.05281919613480568, 0.052765678614377975, 0.052748773247003555, 0.05271972343325615]

Execution time: 0.4120 sec
