Label: tensor([14, 14, 14, 14, 14, 14, 14, 14, 47, 14, 14, 14, 47, 73, 14, 73, 73, 14,
        14, 14, 73, 14, 13, 47, 14, 73, 14, 14, 14, 14, 73, 14, 14, 14, 14, 73,
        14, 14, 14, 45, 49, 14, 14, 14, 47,  2, 39, 14, 14, 14, 73, 14, 62, 14,
        14, 14, 49, 18, 14, 73, 73, 73, 14, 41, 14, 73, 14, 73, 14, 14, 56, 73,
        14, 51, 14, 14, 73, 14, 69, 14, 46, 14, 73, 14, 14, 18, 14, 14, 73, 73,
        73, 14, 68, 14, 18, 14, 49, 73, 14, 46, 44, 39, 51, 14, 14, 18, 14, 58,
        73, 73, 14, 14, 14, 14, 73, 14, 54, 15, 14, 18, 14, 14, 73, 14, 14, 14,
        14, 39, 53, 14, 15, 47, 71, 14, 14, 28, 73, 46, 15, 14, 14, 73, 46, 14,
        14, 14, 15, 49, 73, 13, 13, 14, 14, 39, 54,  0, 46,  2,  0, 15, 14, 13,
        72, 64, 15, 14, 14, 73, 14, 15, 39, 14, 14, 11, 47, 18, 73, 46, 11, 14,
         1, 73, 42, 47, 45, 14, 14, 14, 39, 65, 59, 14, 21, 73, 60, 46, 15, 14,
        13, 47, 15,  8, 15, 14, 14, 14, 46, 74, 15, 14, 58, 14, 14, 50, 44, 73,
        14, 14, 46, 14,  9, 50, 63, 67, 73, 73, 26, 15, 73, 73, 14, 46, 18, 53,
        26, 50, 73, 14, 73, 46, 14, 46,  6, 73, 73, 73, 57, 18, 39,  2, 46, 47,
        47,  0, 50, 47, 39, 73, 73, 79, 18, 46, 73, 50, 73, 46, 73, 14, 18, 26,
        14, 18, 32,  0, 15, 42, 13, 15, 70, 14, 13, 54, 76, 13, 14, 18, 50, 32,
        62, 50, 26, 74, 41, 45, 14, 51, 16, 65, 18,  2]), Box: ([132.3915252685547, 48.533912658691406, 496.101806640625, 374.900390625], [216.8939666748047, 90.55792236328125, 499.89361572265625, 374.8734130859375], [139.59056091308594, 84.225830078125, 499.3250427246094, 375.11297607421875], [127.80635070800781, 149.86077880859375, 411.0278625488281, 375.27203369140625], [216.4439697265625, 87.492919921875, 499.3600769042969, 375.072509765625], [127.85667419433594, 149.5955047607422, 369.7785949707031, 375.0772399902344], [129.2407989501953, 85.6147689819336, 499.50640869140625, 374.8927001953125], [175.28509521484375, 87.33118438720703, 499.3302307128906, 374.8865966796875], [-0.1697055995464325, 343.3090515136719, 63.520565032958984, 375.0528869628906], [128.36578369140625, 148.80740356445312, 484.4820861816406, 374.9483337402344], [218.7005157470703, 33.48979187011719, 499.7189636230469, 376.0966796875], [224.4213104248047, 91.27033996582031, 500.07171630859375, 346.98968505859375], [201.4039306640625, 341.7956237792969, 268.51458740234375, 375.0863342285156], [408.18218994140625, 302.83453369140625, 422.4460144042969, 374.8542785644531], [249.48556518554688, 83.97785949707031, 498.6149597167969, 374.66937255859375], [429.05670166015625, 315.4272766113281, 442.987548828125, 374.98797607421875], [440.1205749511719, 319.055419921875, 453.8455505371094, 375.0357971191406], [218.47877502441406, 86.81661224365234, 499.6723937988281, 373.848876953125], [224.95716857910156, 90.52574157714844, 500.3706359863281, 335.6022033691406], [127.16740417480469, 149.03054809570312, 481.490966796875, 374.40411376953125], [418.25811767578125, 309.4861755371094, 431.8403015136719, 374.7086486816406], [132.03956604003906, 76.287109375, 499.3937683105469, 374.1521911621094], [-0.12096762657165527, 0.32110512256622314, 499.87396240234375, 375.26959228515625], [202.0457763671875, 342.0170593261719, 223.67160034179688, 375.1265869140625], [37.5118408203125, 315.07366943359375, 64.02519226074219, 352.6964111328125], [-0.12096762657165527, 0.32110512256622314, 499.87396240234375, 375.26959228515625], [294.03948974609375, 91.35352325439453, 500.38714599609375, 374.0615539550781], [37.87509536743164, 315.44696044921875, 140.2015838623047, 375.14520263671875], [135.59742736816406, 97.62938690185547, 499.9379577636719, 373.4726257324219], [0.4920884966850281, 310.3159484863281, 199.23809814453125, 375.0726318359375], [407.1070556640625, 303.850830078125, 499.70550537109375, 375.4590148925781], [229.3179931640625, 78.76656341552734, 499.4512023925781, 341.1108703613281], [217.13450622558594, 304.4350280761719, 371.24737548828125, 374.81494140625], [92.61273193359375, 319.591552734375, 172.41014099121094, 375.13470458984375], [128.6794891357422, 54.005897521972656, 499.7646484375, 373.7838134765625], [409.37567138671875, 307.22613525390625, 445.59185791015625, 375.0387878417969], [253.9970245361328, 305.3570556640625, 370.79412841796875, 374.97930908203125], [127.33598327636719, 150.0164794921875, 260.48736572265625, 365.0060119628906], [296.365966796875, 89.97007751464844, 498.942626953125, 320.27716064453125], [201.4039306640625, 341.7956237792969, 268.51458740234375, 375.0863342285156], [-0.1697055995464325, 343.3090515136719, 63.520565032958984, 375.0528869628906], [229.67982482910156, 3.1153969764709473, 499.06121826171875, 377.4005432128906], [400.37127685546875, 90.78638458251953, 500.54656982421875, 234.06210327148438], [128.3077850341797, 150.47103881835938, 299.99664306640625, 373.7057800292969], [221.36265563964844, 350.21240234375, 268.5876159667969, 374.8380126953125], [-0.12096762657165527, 0.32110512256622314, 499.87396240234375, 375.26959228515625], [201.4039306640625, 341.7956237792969, 268.51458740234375, 375.0863342285156], [129.156494140625, 51.17245864868164, 417.2396240234375, 374.0756530761719], [92.28640747070312, 319.3901062011719, 207.28277587890625, 375.2275085449219], [-0.18627941608428955, 310.8282470703125, 138.16258239746094, 375.0969543457031], [485.69171142578125, 265.6076354980469, 499.82012939453125, 334.90362548828125], [1.0295510292053223, 309.9248352050781, 372.2399597167969, 374.7068176269531], [-0.12096762657165527, 0.32110512256622314, 499.87396240234375, 375.26959228515625], [128.65647888183594, 49.196807861328125, 370.8614501953125, 374.0357360839844], [212.90687561035156, 3.2456068992614746, 501.06103515625, 378.2393493652344], [-0.16222894191741943, 310.7724609375, 269.47845458984375, 374.89324951171875], [201.4039306640625, 341.7956237792969, 268.51458740234375, 375.0863342285156], [92.61273193359375, 319.591552734375, 172.41014099121094, 375.13470458984375], [129.26609802246094, 111.91220092773438, 423.8034973144531, 377.0188903808594], [401.9045715332031, 299.4994201660156, 437.5293884277344, 374.874267578125], [402.0861511230469, 222.92930603027344, 499.9547119140625, 374.6647644042969], [404.4385681152344, 275.1349792480469, 499.9194641113281, 375.11395263671875], [200.0131378173828, 195.4944610595703, 424.31982421875, 373.8238525390625], [201.4039306640625, 341.7956237792969, 268.51458740234375, 375.0863342285156], [352.76336669921875, 91.8040542602539, 500.1719665527344, 315.0170593261719], [464.01495361328125, 329.1497497558594, 476.7521057128906, 375.13800048828125], [0.09962916374206543, 86.0041275024414, 500.0846252441406, 374.1167907714844], [409.6314392089844, 308.7972106933594, 466.60162353515625, 374.53759765625], [104.8798828125, 149.29566955566406, 493.90234375, 374.1062316894531], [92.84465026855469, 319.4136657714844, 140.56259155273438, 375.0982666015625], [-0.12096762657165527, 0.32110512256622314, 499.87396240234375, 375.26959228515625], [201.4039306640625, 341.7956237792969, 268.51458740234375, 375.0863342285156], [222.7267608642578, 252.6807861328125, 371.2220153808594, 374.3131103515625], [202.0457763671875, 342.0170593261719, 223.67160034179688, 375.1265869140625], [207.13375854492188, 178.81077575683594, 486.19793701171875, 374.14599609375], [272.94647216796875, 91.46635437011719, 500.37835693359375, 316.938232421875], [472.77728271484375, 265.6715393066406, 500.6017761230469, 374.8423156738281], [128.94203186035156, 154.5840606689453, 491.7365417480469, 374.4429016113281], [-0.12096762657165527, 0.32110512256622314, 499.87396240234375, 375.26959228515625], [203.2506103515625, 296.8328857421875, 394.47381591796875, 373.8583679199219], [216.8939666748047, 90.55792236328125, 499.89361572265625, 374.8734130859375], [-0.19992515444755554, 310.9197998046875, 64.19102478027344, 369.2954406738281], [408.6649169921875, 303.7418518066406, 431.9022521972656, 374.80413818359375], [-0.38717687129974365, 204.9263153076172, 272.0066833496094, 374.2427673339844], [-0.716477632522583, 271.78973388671875, 416.59234619140625, 375.0077209472656], [37.87509536743164, 315.44696044921875, 140.2015838623047, 375.14520263671875], [407.91650390625, 90.49925994873047, 500.67852783203125, 249.0792999267578], [131.4766082763672, 50.29584503173828, 492.20672607421875, 328.09796142578125], [451.6392822265625, 323.888916015625, 464.9102783203125, 374.9744567871094], [433.5670166015625, 318.13726806640625, 464.74383544921875, 374.75433349609375], [404.0887756347656, 284.4629211425781, 470.69659423828125, 374.8338317871094], [249.57481384277344, 260.370361328125, 415.0191955566406, 374.547119140625], [-0.12096762657165527, 0.32110512256622314, 499.87396240234375, 375.26959228515625], [127.49056243896484, 149.51153564453125, 191.79354858398438, 235.82864379882812], [92.28640747070312, 319.3901062011719, 207.28277587890625, 375.2275085449219], [127.72396087646484, 49.24494552612305, 362.3302001953125, 273.73199462890625], [202.0457763671875, 342.0170593261719, 223.67160034179688, 375.1265869140625], [429.4381408691406, 317.5356140136719, 467.133544921875, 374.9244384765625], [-0.1697055995464325, 343.3090515136719, 63.520565032958984, 375.0528869628906], [216.4439697265625, 87.492919921875, 499.3600769042969, 375.072509765625], [216.8939666748047, 90.55792236328125, 499.89361572265625, 374.8734130859375], [216.8939666748047, 90.55792236328125, 499.89361572265625, 374.8734130859375], [201.4039306640625, 341.7956237792969, 268.51458740234375, 375.0863342285156], [128.07383728027344, 152.7154998779297, 459.7061462402344, 374.93115234375], [316.9383544921875, 89.86163330078125, 500.5452575683594, 250.2407989501953], [92.84465026855469, 319.4136657714844, 140.56259155273438, 375.0982666015625], [126.13138580322266, 147.31546020507812, 474.5679931640625, 375.5733337402344], [-0.12096762657165527, 0.32110512256622314, 499.87396240234375, 375.26959228515625], [463.706787109375, 265.7936706542969, 500.1518249511719, 374.6796875], [431.1954040527344, 317.42254638671875, 466.2699890136719, 374.4659118652344], [219.0587921142578, 182.62667846679688, 481.9191589355469, 377.0738830566406], [382.43560791015625, 90.02001190185547, 500.4620056152344, 318.3509521484375], [0.9784847497940063, 186.3745880126953, 479.7453918457031, 374.7357177734375], [-0.06236135959625244, 147.14732360839844, 498.9484558105469, 375.3834533691406], [481.757080078125, 263.69757080078125, 500.2865905761719, 374.4590759277344], [220.32603454589844, 302.8249206542969, 414.30255126953125, 374.3550720214844], [201.4039306640625, 341.7956237792969, 268.51458740234375, 375.0863342285156], [92.61273193359375, 319.591552734375, 172.41014099121094, 375.13470458984375], [223.03419494628906, 242.96826171875, 380.7432556152344, 373.9692687988281], [0.4920884966850281, 310.3159484863281, 199.23809814453125, 375.0726318359375], [164.88368225097656, 258.5255432128906, 422.5477600097656, 375.6486511230469], [-0.0704936683177948, 303.92181396484375, 74.70767211914062, 376.0149841308594], [475.82440185546875, 334.7650451660156, 492.2321472167969, 375.0802307128906], [127.33473205566406, 149.73898315429688, 249.51007080078125, 277.29638671875], [36.58028793334961, 315.2203063964844, 66.18209838867188, 374.8577880859375], [212.50355529785156, 147.82887268066406, 500.0821838378906, 375.5852966308594], [-0.34650787711143494, 311.44512939453125, 48.96831130981445, 354.0462951660156], [216.4439697265625, 87.492919921875, 499.3600769042969, 375.072509765625], [201.4039306640625, 341.7956237792969, 268.51458740234375, 375.0863342285156], [219.8682098388672, 225.7452392578125, 485.0849304199219, 374.2668762207031], [129.2407989501953, 85.6147689819336, 499.50640869140625, 374.8927001953125], [475.82440185546875, 334.7650451660156, 492.2321472167969, 375.0802307128906], [-0.12096762657165527, 0.32110512256622314, 499.87396240234375, 375.26959228515625], [-0.004351139068603516, 247.47752380371094, 268.4002380371094, 373.7229919433594], [208.3288116455078, 301.2655029296875, 409.1725769042969, 374.453369140625], [-0.12096762657165527, 0.32110512256622314, 499.87396240234375, 375.26959228515625], [205.2058563232422, 303.8357849121094, 500.4922790527344, 374.6697998046875], [201.4039306640625, 341.7956237792969, 268.51458740234375, 375.0863342285156], [127.16740417480469, 149.03054809570312, 481.490966796875, 374.40411376953125], [-0.507643461227417, 311.8253479003906, 40.828800201416016, 348.72735595703125], [247.71778869628906, 168.02764892578125, 498.9149475097656, 372.199462890625], [463.22503662109375, 327.91461181640625, 499.1606750488281, 375.1474304199219], [127.80635070800781, 149.86077880859375, 411.0278625488281, 375.27203369140625], [333.79302978515625, 96.57128143310547, 501.1854248046875, 240.02288818359375], [201.4039306640625, 341.7956237792969, 268.51458740234375, 375.0863342285156], [168.18544006347656, 198.83758544921875, 191.67459106445312, 236.433837890625], [128.36578369140625, 148.80740356445312, 484.4820861816406, 374.9483337402344], [221.36265563964844, 350.21240234375, 268.5876159667969, 374.8380126953125], [4.093914985656738, 37.47271728515625, 494.38568115234375, 372.7458801269531], [4.093914985656738, 37.47271728515625, 494.38568115234375, 372.7458801269531], [0.18681585788726807, 12.520451545715332, 407.4289245605469, 370.96478271484375], [0.4925727844238281, 157.9293212890625, 495.8775939941406, 375.4054260253906], [218.4047393798828, 263.28955078125, 412.4117736816406, 374.19183349609375], [202.0457763671875, 342.0170593261719, 223.67160034179688, 375.1265869140625], [-0.1697055995464325, 343.3090515136719, 63.520565032958984, 375.0528869628906], [201.4039306640625, 341.7956237792969, 268.51458740234375, 375.0863342285156], [139.59056091308594, 84.225830078125, 499.3250427246094, 375.11297607421875], [201.4039306640625, 341.7956237792969, 268.51458740234375, 375.0863342285156], [202.0457763671875, 342.0170593261719, 223.67160034179688, 375.1265869140625], [92.28640747070312, 319.3901062011719, 207.28277587890625, 375.2275085449219], [83.03300476074219, 317.4857177734375, 165.31678771972656, 375.0169372558594], [-2.031087875366211, 28.347976684570312, 369.8701477050781, 374.127685546875], [-0.12096762657165527, 0.32110512256622314, 499.87396240234375, 375.26959228515625], [-0.1697055995464325, 343.3090515136719, 63.520565032958984, 375.0528869628906], [139.59056091308594, 84.225830078125, 499.3250427246094, 375.11297607421875], [0.024259090423583984, 293.9082946777344, 428.88653564453125, 374.4436340332031], [-2.031087875366211, 28.347976684570312, 369.8701477050781, 374.127685546875], [360.66162109375, 229.76803588867188, 485.60040283203125, 323.40875244140625], [74.93863677978516, 146.3668212890625, 418.72119140625, 372.8666076660156], [216.8939666748047, 90.55792236328125, 499.89361572265625, 374.8734130859375], [139.59056091308594, 84.225830078125, 499.3250427246094, 375.11297607421875], [127.85595703125, 50.50632095336914, 270.1195068359375, 371.04498291015625], [126.99191284179688, 50.99547576904297, 265.8070983886719, 367.23748779296875], [201.4039306640625, 341.7956237792969, 268.51458740234375, 375.0863342285156], [-0.16222894191741943, 310.7724609375, 269.47845458984375, 374.89324951171875], [-0.18627941608428955, 310.8282470703125, 138.16258239746094, 375.0969543457031], [419.8741760253906, 309.9926452636719, 429.69927978515625, 373.30047607421875], [-0.1697055995464325, 343.3090515136719, 63.520565032958984, 375.0528869628906], [202.0457763671875, 342.0170593261719, 223.67160034179688, 375.1265869140625], [131.50889587402344, 50.1362190246582, 435.21893310546875, 260.47222900390625], [-0.12096762657165527, 0.32110512256622314, 499.87396240234375, 375.26959228515625], [472.1536865234375, 269.6712646484375, 485.8018493652344, 308.7063903808594], [216.8939666748047, 90.55792236328125, 499.89361572265625, 374.8734130859375], [199.69212341308594, 348.8446960449219, 271.55181884765625, 375.1518249511719], [-0.1697055995464325, 343.3090515136719, 63.520565032958984, 375.0528869628906], [36.4402961730957, 313.8527526855469, 65.47191619873047, 374.3150634765625], [217.03172302246094, 205.25607299804688, 371.8522644042969, 372.8752136230469], [227.0605010986328, 224.79336547851562, 406.7471008300781, 374.20733642578125], [127.80635070800781, 149.86077880859375, 411.0278625488281, 375.27203369140625], [132.3915252685547, 48.533912658691406, 496.101806640625, 374.900390625], [-0.12096762657165527, 0.32110512256622314, 499.87396240234375, 375.26959228515625], [218.20748901367188, 102.88542175292969, 503.81219482421875, 371.8536682128906], [129.2407989501953, 85.6147689819336, 499.50640869140625, 374.8927001953125], [476.4085693359375, 335.9346618652344, 491.7597351074219, 375.1505126953125], [-0.12096762657165527, 0.32110512256622314, 499.87396240234375, 375.26959228515625], [127.85667419433594, 149.5955047607422, 369.7785949707031, 375.0772399902344], [175.28509521484375, 87.33118438720703, 499.3302307128906, 374.8865966796875], [172.6541748046875, 196.31544494628906, 265.0936584472656, 373.509765625], [129.2407989501953, 85.6147689819336, 499.50640869140625, 374.8927001953125], [37.5118408203125, 315.07366943359375, 64.02519226074219, 352.6964111328125], [37.87509536743164, 315.44696044921875, 140.2015838623047, 375.14520263671875], [-0.12096762657165527, 0.32110512256622314, 499.87396240234375, 375.26959228515625], [216.4439697265625, 87.492919921875, 499.3600769042969, 375.072509765625], [225.4357147216797, 186.45179748535156, 481.1339416503906, 361.29180908203125], [475.82440185546875, 334.7650451660156, 492.2321472167969, 375.0802307128906], [34.199745178222656, 46.337799072265625, 493.4949645996094, 372.37152099609375], [253.9970245361328, 305.3570556640625, 370.79412841796875, 374.97930908203125], [-0.12096762657165527, 0.32110512256622314, 499.87396240234375, 375.26959228515625], [127.80635070800781, 149.86077880859375, 411.0278625488281, 375.27203369140625], [130.6135711669922, 49.500022888183594, 359.6629943847656, 230.73895263671875], [129.2407989501953, 85.6147689819336, 499.50640869140625, 374.8927001953125], [-0.10569393634796143, 15.383899688720703, 272.83270263671875, 373.89471435546875], [127.0672378540039, 150.89036560058594, 193.8568115234375, 271.4223937988281], [132.3915252685547, 48.533912658691406, 496.101806640625, 374.900390625], [216.4439697265625, 87.492919921875, 499.3600769042969, 375.072509765625], [395.9761047363281, 92.21846771240234, 500.0712890625, 373.92694091796875], [395.9761047363281, 92.21846771240234, 500.0712890625, 373.92694091796875], [219.1543731689453, 101.84772491455078, 500.01806640625, 368.28253173828125], [132.3915252685547, 48.533912658691406, 496.101806640625, 374.900390625], [1.5384554862976074, 200.68099975585938, 496.9458923339844, 375.1686706542969], [202.0457763671875, 342.0170593261719, 223.67160034179688, 375.1265869140625], [168.18544006347656, 198.83758544921875, 191.67459106445312, 236.433837890625], [-0.12096762657165527, 0.32110512256622314, 499.87396240234375, 375.26959228515625], [201.4039306640625, 341.7956237792969, 268.51458740234375, 375.0863342285156], [407.3495178222656, 301.09332275390625, 464.644775390625, 373.9877624511719], [247.71778869628906, 168.02764892578125, 498.9149475097656, 372.199462890625], [127.80635070800781, 149.86077880859375, 411.0278625488281, 375.27203369140625], [0.4920884966850281, 310.3159484863281, 199.23809814453125, 375.0726318359375], [473.9696960449219, 214.37677001953125, 500.2755432128906, 374.3554992675781], [-0.09040534496307373, 306.1346740722656, 495.2509460449219, 375.0330505371094], [202.0457763671875, 342.0170593261719, 223.67160034179688, 375.1265869140625], [217.13450622558594, 304.4350280761719, 371.24737548828125, 374.81494140625], [216.8939666748047, 90.55792236328125, 499.89361572265625, 374.8734130859375], [132.3915252685547, 48.533912658691406, 496.101806640625, 374.900390625], [216.8939666748047, 90.55792236328125, 499.89361572265625, 374.8734130859375], [216.8939666748047, 90.55792236328125, 499.89361572265625, 374.8734130859375], [443.7118225097656, 204.5430450439453, 499.93853759765625, 374.08001708984375], [131.5405731201172, 49.88779067993164, 482.2414855957031, 324.8821716308594], [34.199745178222656, 46.337799072265625, 493.4949645996094, 372.37152099609375], [175.28509521484375, 87.33118438720703, 499.3302307128906, 374.8865966796875], [-0.09040534496307373, 306.1346740722656, 495.2509460449219, 375.0330505371094], [249.48556518554688, 83.97785949707031, 498.6149597167969, 374.66937255859375], [-0.12096762657165527, 0.32110512256622314, 499.87396240234375, 375.26959228515625], [219.8682098388672, 225.7452392578125, 485.0849304199219, 374.2668762207031], [199.69212341308594, 348.8446960449219, 271.55181884765625, 375.1518249511719], [193.02481079101562, 344.3379821777344, 273.7904968261719, 374.997802734375], [-0.12096762657165527, 0.32110512256622314, 499.87396240234375, 375.26959228515625], [37.5118408203125, 315.07366943359375, 64.02519226074219, 352.6964111328125], [129.2407989501953, 85.6147689819336, 499.50640869140625, 374.8927001953125], [-2.031087875366211, 28.347976684570312, 369.8701477050781, 374.127685546875], [-0.16222894191741943, 310.7724609375, 269.47845458984375, 374.89324951171875], [476.4085693359375, 335.9346618652344, 491.7597351074219, 375.1505126953125], [193.02481079101562, 344.3379821777344, 273.7904968261719, 374.997802734375], [440.1205749511719, 319.055419921875, 453.8455505371094, 375.0357971191406], [127.85667419433594, 149.5955047607422, 369.7785949707031, 375.0772399902344], [-0.0704936683177948, 303.92181396484375, 74.70767211914062, 376.0149841308594], [249.48556518554688, 83.97785949707031, 498.6149597167969, 374.66937255859375], [-0.16222894191741943, 310.7724609375, 269.47845458984375, 374.89324951171875], [490.7843933105469, 343.0566711425781, 500.2026062011719, 375.1611633300781], [216.8939666748047, 90.55792236328125, 499.89361572265625, 374.8734130859375], [129.2407989501953, 85.6147689819336, 499.50640869140625, 374.8927001953125], [218.47877502441406, 86.81661224365234, 499.6723937988281, 373.848876953125], [485.7662353515625, 258.04779052734375, 500.8965759277344, 375.8868408203125], [127.80635070800781, 149.86077880859375, 411.0278625488281, 375.27203369140625], [359.4776306152344, 295.13671875, 477.1410217285156, 374.3806457519531], [129.2407989501953, 85.6147689819336, 499.50640869140625, 374.8927001953125], [429.287109375, 311.8811950683594, 439.9538269042969, 373.10308837890625], [221.25498962402344, 95.2143325805664, 499.22479248046875, 372.3172302246094], [132.3915252685547, 48.533912658691406, 496.101806640625, 374.900390625], [201.4039306640625, 341.7956237792969, 268.51458740234375, 375.0863342285156], [0.18681585788726807, 12.520451545715332, 407.4289245605469, 370.96478271484375], [216.4439697265625, 87.492919921875, 499.3600769042969, 375.072509765625], [201.4039306640625, 341.7956237792969, 268.51458740234375, 375.0863342285156], [-0.1697055995464325, 343.3090515136719, 63.520565032958984, 375.0528869628906], [132.3915252685547, 48.533912658691406, 496.101806640625, 374.900390625], [216.4439697265625, 87.492919921875, 499.3600769042969, 375.072509765625], [132.03956604003906, 76.287109375, 499.3937683105469, 374.1521911621094], [135.59742736816406, 97.62938690185547, 499.9379577636719, 373.4726257324219], [-0.12096762657165527, 0.32110512256622314, 499.87396240234375, 375.26959228515625], [129.99697875976562, 96.18499755859375, 357.5174560546875, 368.76025390625], [34.199745178222656, 46.337799072265625, 493.4949645996094, 372.37152099609375], [221.36265563964844, 350.21240234375, 268.5876159667969, 374.8380126953125], [201.4039306640625, 341.7956237792969, 268.51458740234375, 375.0863342285156], [-0.10569393634796143, 15.383899688720703, 272.83270263671875, 373.89471435546875], [1.7962827682495117, 311.3746032714844, 66.20796966552734, 374.4960632324219], [139.59056091308594, 84.225830078125, 499.3250427246094, 375.11297607421875], [253.9970245361328, 305.3570556640625, 370.79412841796875, 374.97930908203125], [-0.1697055995464325, 343.3090515136719, 63.520565032958984, 375.0528869628906], [4.093914985656738, 37.47271728515625, 494.38568115234375, 372.7458801269531], [216.4439697265625, 87.492919921875, 499.3600769042969, 375.072509765625], [132.3915252685547, 48.533912658691406, 496.101806640625, 374.900390625], [201.4039306640625, 341.7956237792969, 268.51458740234375, 375.0863342285156], [202.0457763671875, 342.0170593261719, 223.67160034179688, 375.1265869140625], [199.69212341308594, 348.8446960449219, 271.55181884765625, 375.1518249511719], [-0.12096762657165527, 0.32110512256622314, 499.87396240234375, 375.26959228515625], [203.46963500976562, 351.6866149902344, 222.18328857421875, 375.0730895996094], [129.2407989501953, 85.6147689819336, 499.50640869140625, 374.8927001953125], [408.18218994140625, 302.83453369140625, 422.4460144042969, 374.8542785644531], [-0.507643461227417, 311.8253479003906, 40.828800201416016, 348.72735595703125], [4.093914985656738, 37.47271728515625, 494.38568115234375, 372.7458801269531]), Score: [0.9586647748947144, 0.6032232046127319, 0.3556976914405823, 0.3366224765777588, 0.32051923871040344, 0.24527809023857117, 0.22881260514259338, 0.2193499654531479, 0.21434660255908966, 0.21232110261917114, 0.1522618681192398, 0.14075130224227905, 0.13443195819854736, 0.12766069173812866, 0.12265877425670624, 0.11829813569784164, 0.11200007051229477, 0.11099265515804291, 0.09779265522956848, 0.09530151635408401, 0.09255170077085495, 0.09077093750238419, 0.09035012125968933, 0.08908198028802872, 0.08896658569574356, 0.08894503861665726, 0.087736114859581, 0.08468061685562134, 0.08406799286603928, 0.08197192847728729, 0.08134899288415909, 0.0812576562166214, 0.07994577288627625, 0.07803434878587723, 0.07625940442085266, 0.07462726533412933, 0.07256235182285309, 0.07130436599254608, 0.07039774954319, 0.0701352059841156, 0.06981636583805084, 0.06913888454437256, 0.06865795701742172, 0.06800492852926254, 0.06648359447717667, 0.06625140458345413, 0.06450796127319336, 0.06389185786247253, 0.06378496438264847, 0.0633246973156929, 0.06218482926487923, 0.06152777373790741, 0.06131722033023834, 0.05877732113003731, 0.05860895663499832, 0.057489510625600815, 0.057472098618745804, 0.057207703590393066, 0.05691463500261307, 0.05679831653833389, 0.055510763078927994, 0.05529932677745819, 0.05413999781012535, 0.0531042106449604, 0.053074486553668976, 0.05169491842389107, 0.05071971192955971, 0.05059695616364479, 0.05032789707183838, 0.04986314848065376, 0.049706362187862396, 0.04832984134554863, 0.047759462147951126, 0.04737090319395065, 0.04732225462794304, 0.04626363888382912, 0.0444515198469162, 0.044067759066820145, 0.04366432875394821, 0.04293616861104965, 0.042784519493579865, 0.04275769367814064, 0.04227784276008606, 0.042123500257730484, 0.04119863733649254, 0.040824081748723984, 0.04078078269958496, 0.04065574333071709, 0.04045345261693001, 0.04022339731454849, 0.040040064603090286, 0.039719805121421814, 0.039697274565696716, 0.0394105538725853, 0.039275191724300385, 0.03912433609366417, 0.0389157310128212, 0.03885802999138832, 0.03860006481409073, 0.038276080042123795, 0.03801572322845459, 0.037785209715366364, 0.03766739368438721, 0.037457216531038284, 0.03639793023467064, 0.03619479760527611, 0.035715728998184204, 0.035173334181308746, 0.03484100103378296, 0.03473597392439842, 0.03461799398064613, 0.034585434943437576, 0.03438883274793625, 0.03433486446738243, 0.03422854095697403, 0.034061528742313385, 0.03343291953206062, 0.03312115743756294, 0.033025242388248444, 0.033005375415086746, 0.032319359481334686, 0.031964950263500214, 0.03185082599520683, 0.031710803508758545, 0.03167431056499481, 0.031644515693187714, 0.031130438670516014, 0.03070598468184471, 0.03065350651741028, 0.03061380237340927, 0.03047124482691288, 0.030428307130932808, 0.030002593994140625, 0.029881129041314125, 0.029757589101791382, 0.02962791547179222, 0.029534826055169106, 0.028831493109464645, 0.028653260320425034, 0.028367504477500916, 0.028249012306332588, 0.028236500918865204, 0.028236420825123787, 0.0281949695199728, 0.028193850070238113, 0.02792983129620552, 0.02790088579058647, 0.02783668041229248, 0.027706561610102654, 0.027668070048093796, 0.02747923880815506, 0.027337435632944107, 0.027196001261472702, 0.02715175785124302, 0.027046091854572296, 0.02691388875246048, 0.026686271652579308, 0.026669954881072044, 0.026657072827219963, 0.026526393368840218, 0.0261534433811903, 0.02609916962683201, 0.02604295313358307, 0.025811869651079178, 0.025810977444052696, 0.02567511424422264, 0.025616057217121124, 0.025557510554790497, 0.02543424442410469, 0.02538014017045498, 0.02536751516163349, 0.02531471662223339, 0.02529960125684738, 0.025295892730355263, 0.025232983753085136, 0.025230098515748978, 0.02522197738289833, 0.025128843262791634, 0.025035221129655838, 0.024928787723183632, 0.024865569546818733, 0.024849150329828262, 0.024830369278788567, 0.024583851918578148, 0.024554509669542313, 0.02437417581677437, 0.02434830740094185, 0.0243174247443676, 0.024296920746564865, 0.024222640320658684, 0.024064380675554276, 0.0239883866161108, 0.023921635001897812, 0.023722585290670395, 0.023711835965514183, 0.02368820458650589, 0.023684151470661163, 0.02364918403327465, 0.023432249203324318, 0.02340717799961567, 0.023351330310106277, 0.023185236379504204, 0.023156695067882538, 0.023137088865041733, 0.02312852256000042, 0.02308625727891922, 0.02296847105026245, 0.022927356883883476, 0.022804543375968933, 0.022794678807258606, 0.022662930190563202, 0.022653300315141678, 0.022516001015901566, 0.022455211728811264, 0.022448036819696426, 0.022401202470064163, 0.022364744916558266, 0.02225193940103054, 0.022204427048563957, 0.022164206951856613, 0.02199900522828102, 0.021962972357869148, 0.021952789276838303, 0.021772120147943497, 0.02176305465400219, 0.021733345463871956, 0.021652327850461006, 0.021606046706438065, 0.021463796496391296, 0.021449118852615356, 0.021441878750920296, 0.021290739998221397, 0.021271750330924988, 0.021255554631352425, 0.021217985078692436, 0.0212100837379694, 0.021189242601394653, 0.021166304126381874, 0.02114562876522541, 0.021139424294233322, 0.021128837019205093, 0.021070802584290504, 0.02103273756802082, 0.020888887345790863, 0.020874325186014175, 0.020861148834228516, 0.020841117948293686, 0.02077306993305683, 0.0207475945353508, 0.02074536494910717, 0.020720725879073143, 0.020707281306385994, 0.02067307010293007, 0.020639736205339432, 0.020638499408960342, 0.02061566337943077, 0.0206017903983593, 0.020545262843370438, 0.020517226308584213, 0.0204855315387249, 0.020447708666324615, 0.02044765092432499, 0.020445693284273148, 0.020433291792869568, 0.02043132297694683, 0.020416196435689926, 0.02038031816482544, 0.0203799270093441, 0.020369675010442734, 0.020346924662590027, 0.020293377339839935, 0.020203934982419014, 0.02019253373146057, 0.02008780837059021, 0.020047741010785103, 0.020026005804538727, 0.02002469077706337, 0.019979171454906464, 0.01991916075348854, 0.019908715039491653, 0.01988437958061695, 0.019836321473121643, 0.019754352048039436, 0.019744768738746643, 0.01973751187324524, 0.0196688175201416, 0.019663633778691292, 0.019656211137771606, 0.019627679139375687, 0.019566891714930534, 0.019432300701737404, 0.019413206726312637, 0.01939978078007698, 0.0193953737616539, 0.019327901303768158, 0.019271863624453545, 0.01927037164568901, 0.01923467218875885, 0.019179509952664375, 0.01911654695868492]

Execution time: 0.4180 sec
