Label: tensor([19, 19, 19, 19, 19, 19, 19, 19, 19, 19, 19, 19, 19, 19, 19, 19, 19, 19,
        19, 19, 19, 19, 19, 19, 19, 19, 19, 19, 19, 19, 19, 19, 19, 19, 19, 19,
        19, 19, 19, 19, 19, 19, 19, 19, 19, 19, 19, 19, 19, 19, 19, 19, 19, 19,
        19, 19, 19, 19, 19, 19, 19, 19, 19, 19, 19, 19, 19, 19, 19, 19, 19, 19,
        19, 19, 19, 19, 19, 19, 19, 19, 19, 19, 19, 19, 19, 19, 19, 19, 19, 19,
        19, 19, 19, 19, 19, 19, 19, 19, 18, 19, 19, 19, 19, 19, 19, 19, 19, 19,
        19, 19, 19, 19, 18, 19, 19, 19, 19,  0, 18, 19, 17, 19, 19, 19, 19, 17,
        19, 19, 19, 19, 19, 19, 14, 19, 18, 19, 19,  0,  0, 19, 19, 19, 19, 19,
         7,  7, 17, 18, 17, 19, 19, 19, 18, 19, 19, 19, 19,  3,  7,  0,  7,  3,
        17, 19, 19, 19,  0,  7,  0, 19, 19, 19, 17, 19, 19, 19, 19, 19, 19, 19,
        19,  7, 16,  0, 18, 19, 19, 19, 17, 19, 17, 18, 19, 16, 17,  7, 19, 18,
        19, 17, 19, 19, 19, 19, 17, 19, 19, 19,  0, 19, 19, 19,  2,  2, 19, 19,
         0,  0,  0,  3, 62, 17, 18, 19, 19,  2, 18,  7, 19, 19,  0, 19, 17, 17,
         7, 19,  7, 19, 19,  2,  2, 14, 19,  0, 17, 18,  7, 17, 17,  2, 19, 18,
        18, 19,  2, 17,  2, 19,  7, 19, 19, 19, 19, 19, 17, 17, 18,  7, 19, 19,
        14, 18, 18, 19, 18,  0, 19, 18, 16, 19, 17, 12, 19, 17, 19, 18, 18,  7,
        14, 19,  0, 19, 19, 19, 19,  7, 19, 19, 19, 19]), Box: ([62.51378631591797, 105.13848114013672, 253.752197265625, 240.74191284179688], [120.18144226074219, 89.62815856933594, 150.8975372314453, 105.03817749023438], [11.810368537902832, 87.5594711303711, 61.717079162597656, 110.34442901611328], [0.3486514091491699, 124.8929672241211, 146.17100524902344, 268.6354675292969], [67.19441223144531, 90.8757095336914, 131.89031982421875, 107.68603515625], [0.2570772171020508, 90.62210083007812, 132.3821563720703, 135.0537109375], [128.41407775878906, 90.10352325439453, 150.7493133544922, 104.36000061035156], [65.59780883789062, 89.64656066894531, 150.9574737548828, 108.99850463867188], [0.16557812690734863, 106.51984405517578, 84.48448944091797, 136.1287078857422], [67.50611877441406, 94.80487823486328, 124.84835815429688, 106.65897369384766], [67.64982604980469, 88.5699234008789, 275.1719665527344, 124.63640594482422], [0.1435375213623047, 92.457763671875, 131.5128173828125, 135.73275756835938], [0.08176803588867188, 87.6340560913086, 63.62887954711914, 135.197265625], [125.00930786132812, 88.72802734375, 276.15118408203125, 124.52598571777344], [387.0578918457031, 91.65630340576172, 460.3546142578125, 130.76486206054688], [194.21206665039062, 92.72306823730469, 276.1837463378906, 124.3393783569336], [221.55340576171875, 84.64398193359375, 276.77252197265625, 124.27342987060547], [35.193538665771484, 89.4876480102539, 61.93268585205078, 108.89181518554688], [32.35322189331055, 88.44082641601562, 61.862796783447266, 109.08687591552734], [0.022366046905517578, 107.65917205810547, 150.22947692871094, 268.75469970703125], [0.6318354606628418, 109.30936431884766, 83.87710571289062, 135.77108764648438], [164.96234130859375, 85.5884780883789, 277.33685302734375, 124.51952362060547], [234.00897216796875, 93.90876007080078, 276.09759521484375, 124.46995544433594], [119.7459487915039, 90.55866241455078, 132.38043212890625, 104.92933654785156], [0.0016826391220092773, 106.7954330444336, 57.893280029296875, 135.17762756347656], [0.08802473545074463, 90.00263977050781, 26.312183380126953, 108.02367401123047], [12.259125709533691, 87.53137969970703, 46.863304138183594, 110.28498840332031], [204.77890014648438, 118.90167236328125, 330.1507873535156, 293.8705749511719], [7.164373397827148, 88.01930236816406, 131.41079711914062, 111.08465576171875], [127.44924926757812, 96.68756103515625, 226.00469970703125, 115.69638061523438], [153.0507049560547, 97.32595825195312, 224.13417053222656, 115.01948547363281], [351.7246398925781, 91.35498046875, 460.3421630859375, 143.21832275390625], [-0.7152342796325684, 88.76118469238281, 151.70111083984375, 174.5422821044922], [62.42478942871094, 96.3507308959961, 235.87876892089844, 129.38363647460938], [387.2127380371094, 93.22197723388672, 417.1886901855469, 114.1800537109375], [62.037139892578125, 89.6746826171875, 151.54995727539062, 126.73257446289062], [0.6898069381713867, 85.60304260253906, 272.6996154785156, 134.5994110107422], [192.7637481689453, 94.48213958740234, 248.51904296875, 123.35797119140625], [380.7697448730469, 87.5773696899414, 396.5089111328125, 97.16372680664062], [-0.2920818328857422, 87.79999542236328, 74.94535827636719, 163.3477020263672], [-0.32779455184936523, 107.25020599365234, 80.90769958496094, 202.3210906982422], [0.11132240295410156, 91.47631072998047, 221.2875518798828, 195.45901489257812], [410.08636474609375, 92.20112609863281, 457.95526123046875, 129.6292724609375], [1.0558104515075684, 90.97999572753906, 134.38352966308594, 161.5271759033203], [61.564579010009766, 85.42427825927734, 277.2708740234375, 135.46527099609375], [66.29025268554688, 84.40717315673828, 197.9070587158203, 106.97017669677734], [61.96683883666992, 89.73680114746094, 151.77061462402344, 128.59127807617188], [62.856143951416016, 92.49441528320312, 152.7550811767578, 109.06970977783203], [0.3602027893066406, 125.06424713134766, 143.26901245117188, 206.77662658691406], [387.5885925292969, 96.09210968017578, 402.06231689453125, 104.636962890625], [64.62557220458984, 94.3349609375, 210.8719940185547, 111.20159912109375], [20.329092025756836, 90.72655487060547, 133.97225952148438, 129.07920837402344], [0.5901825428009033, 105.36697387695312, 84.32630920410156, 123.24707794189453], [386.97711181640625, 91.13838195800781, 479.9206237792969, 164.95977783203125], [227.14454650878906, 84.16905212402344, 262.6459655761719, 98.81929779052734], [217.19287109375, 93.32838439941406, 249.48097229003906, 123.42096710205078], [62.011741638183594, 86.32221984863281, 277.5850830078125, 130.95751953125], [64.0744857788086, 98.92009735107422, 128.0645294189453, 112.31758117675781], [414.4454650878906, 91.62055969238281, 453.8514099121094, 111.66313934326172], [323.2852478027344, 89.272705078125, 341.0986633300781, 97.539306640625], [2.114905834197998, 118.85213470458984, 47.495121002197266, 135.9747772216797], [119.54962158203125, 90.34468841552734, 130.86871337890625, 98.53125762939453], [108.99067687988281, 90.521484375, 132.8651580810547, 105.88919067382812], [339.09832763671875, 91.27726745605469, 464.9534912109375, 162.0171661376953], [345.24359130859375, 90.44331359863281, 479.24468994140625, 163.17210388183594], [59.62356185913086, 94.41759490966797, 481.026123046875, 286.3343811035156], [450.3038024902344, 81.85842895507812, 479.47491455078125, 113.04591369628906], [63.495628356933594, 103.53595733642578, 241.66835021972656, 175.8259735107422], [0.10155200958251953, 86.73999786376953, 270.7383728027344, 258.28411865234375], [348.7283935546875, 95.33195495605469, 413.6903991699219, 142.517822265625], [62.470272064208984, 99.50028991699219, 222.17530822753906, 150.27720642089844], [431.4815673828125, 79.80145263671875, 451.01141357421875, 95.77668762207031], [136.89634704589844, 84.49527740478516, 198.3104248046875, 100.27995300292969], [0.21788835525512695, 104.7035140991211, 82.6411361694336, 116.13077545166016], [173.50949096679688, 95.85835266113281, 236.88546752929688, 116.60830688476562], [178.4298553466797, 96.46224975585938, 194.78907775878906, 100.24523162841797], [-0.4674053192138672, 89.56375885009766, 83.08975982666016, 255.19676208496094], [165.6681365966797, 84.43595886230469, 197.27041625976562, 99.53536224365234], [-0.20700931549072266, 122.37754821777344, 67.99871063232422, 205.4308624267578], [62.45475769042969, 97.8948974609375, 241.38742065429688, 149.59481811523438], [1.100306510925293, 104.81394958496094, 327.5645751953125, 291.6867980957031], [-0.35181641578674316, 107.73534393310547, 69.76414489746094, 254.09156799316406], [387.2769775390625, 95.7906494140625, 403.0421142578125, 109.81886291503906], [136.11769104003906, 89.71024322509766, 150.83993530273438, 102.90315246582031], [62.08727264404297, 98.77096557617188, 331.0495300292969, 239.96633911132812], [119.26416778564453, 87.63481140136719, 149.78912353515625, 98.17349243164062], [1.2785053253173828, 103.9952621459961, 251.2937774658203, 243.31747436523438], [0.1735067367553711, 92.4880599975586, 250.7152099609375, 240.73721313476562], [387.0914306640625, 95.65817260742188, 407.3617858886719, 113.82574462890625], [62.59527587890625, 103.94212341308594, 331.33563232421875, 237.59190368652344], [79.57257080078125, 98.95030975341797, 152.30557250976562, 113.44925689697266], [131.94757080078125, 84.2832260131836, 198.06378173828125, 100.43218231201172], [249.79551696777344, 83.48634338378906, 282.7072448730469, 105.362548828125], [3.157482147216797, 89.85140228271484, 469.7500915527344, 262.8924560546875], [62.79363250732422, 94.90067291259766, 220.23345947265625, 117.24957275390625], [63.26818084716797, 105.28470611572266, 252.21417236328125, 239.66104125976562], [157.32821655273438, 96.26909637451172, 214.9938507080078, 103.18406677246094], [175.4075469970703, 98.44341278076172, 225.21798706054688, 115.08132934570312], [119.79151153564453, 89.69598388671875, 150.8589324951172, 105.09989166259766], [61.61577606201172, 104.57618713378906, 330.238037109375, 293.7500305175781], [34.16404342651367, 95.57656860351562, 61.84990310668945, 109.57521057128906], [0.08852362632751465, 77.16666412353516, 62.236576080322266, 110.0064697265625], [161.6251983642578, 107.30229949951172, 331.4248352050781, 293.17724609375], [136.59161376953125, 84.53799438476562, 197.90261840820312, 100.14867401123047], [72.4591064453125, 88.56291961669922, 100.47957611083984, 99.76776885986328], [63.715511322021484, 85.97013092041016, 276.35125732421875, 125.30107879638672], [0.8526384830474854, 106.14385986328125, 80.15662384033203, 119.18486785888672], [89.63465881347656, 217.30043029785156, 122.38599395751953, 256.9812316894531], [1.105356216430664, 86.39087677001953, 321.0860290527344, 283.02020263671875], [62.73286437988281, 99.55528259277344, 172.4302215576172, 129.52203369140625], [101.94294738769531, 90.39968872070312, 132.27500915527344, 109.32209777832031], [-0.07086396217346191, 107.08329772949219, 16.8419189453125, 134.7252655029297], [120.18144226074219, 89.62815856933594, 150.8975372314453, 105.03817749023438], [62.56195831298828, 104.8945083618164, 131.43231201171875, 130.1147003173828], [414.708740234375, 93.02450561523438, 444.71063232421875, 109.68812561035156], [245.1082763671875, 105.03939056396484, 276.68450927734375, 124.65277862548828], [102.50139617919922, 101.93567657470703, 319.7465515136719, 291.4277038574219], [128.41407775878906, 90.10352325439453, 150.7493133544922, 104.36000061035156], [11.65688419342041, 87.80584716796875, 61.526954650878906, 110.52922058105469], [31.842666625976562, 200.70797729492188, 120.31448364257812, 265.2032165527344], [120.18144226074219, 89.62815856933594, 150.8975372314453, 105.03817749023438], [0.11625230312347412, 115.94792938232422, 50.99134826660156, 163.27816772460938], [119.79151153564453, 89.69598388671875, 150.8589324951172, 105.09989166259766], [0.11829257011413574, 93.76851654052734, 13.27270793914795, 107.79766845703125], [25.605255126953125, 95.98810577392578, 130.75497436523438, 121.53836059570312], [11.810368537902832, 87.5594711303711, 61.717079162597656, 110.34442901611328], [50.23759078979492, 129.25811767578125, 145.57846069335938, 264.37823486328125], [216.04701232910156, 121.9216537475586, 316.66156005859375, 188.03387451171875], [130.342529296875, 94.4907455444336, 183.64463806152344, 101.51058197021484], [47.80963897705078, 110.11727905273438, 84.03057861328125, 126.57556915283203], [385.5877380371094, 93.06608581542969, 418.8431091308594, 128.2089080810547], [332.8017578125, 96.97511291503906, 417.2301330566406, 163.71975708007812], [313.2241516113281, 29.29471206665039, 335.8572692871094, 59.06268310546875], [2.8293371200561523, 80.62850952148438, 463.447265625, 272.9346008300781], [128.41407775878906, 90.10352325439453, 150.7493133544922, 104.36000061035156], [0.24471133947372437, 89.63127136230469, 29.27765655517578, 108.49331665039062], [190.3383331298828, 96.75648498535156, 246.42808532714844, 123.42721557617188], [120.18144226074219, 89.62815856933594, 150.8975372314453, 105.03817749023438], [380.7697448730469, 87.5773696899414, 396.5089111328125, 97.16372680664062], [63.09742736816406, 84.64694213867188, 322.54052734375, 243.0733184814453], [212.3874969482422, 93.54342651367188, 250.16738891601562, 123.54759979248047], [216.76095581054688, 161.8201446533203, 236.8211669921875, 187.02708435058594], [61.450096130371094, 94.1340103149414, 276.9793395996094, 238.53024291992188], [-0.11492371559143066, 126.0053939819336, 72.49212646484375, 240.35487365722656], [66.29025268554688, 84.40717315673828, 197.9070587158203, 106.97017669677734], [131.94757080078125, 84.2832260131836, 198.06378173828125, 100.43218231201172], [450.3038024902344, 81.85842895507812, 479.47491455078125, 113.04591369628906], [11.810368537902832, 87.5594711303711, 61.717079162597656, 110.34442901611328], [128.41407775878906, 90.10352325439453, 150.7493133544922, 104.36000061035156], [397.30474853515625, 73.11033630371094, 421.15625, 84.29171752929688], [226.23681640625, 84.21491241455078, 258.5464172363281, 108.03091430664062], [0.8672332763671875, 97.35761260986328, 228.34112548828125, 217.1211700439453], [63.26818084716797, 105.28470611572266, 252.21417236328125, 239.66104125976562], [414.0123291015625, 80.39143371582031, 460.1818542480469, 123.69816589355469], [388.1073303222656, 87.89649200439453, 450.43475341796875, 112.91665649414062], [433.1785583496094, 111.49468994140625, 479.9627380371094, 167.2372283935547], [-0.6225764751434326, 87.27124786376953, 61.00170135498047, 134.704833984375], [120.18144226074219, 89.62815856933594, 150.8975372314453, 105.03817749023438], [321.56524658203125, 62.1578483581543, 422.0852355957031, 96.89111328125], [11.810368537902832, 87.5594711303711, 61.717079162597656, 110.34442901611328], [0.6898069381713867, 85.60304260253906, 272.6996154785156, 134.5994110107422], [11.810368537902832, 87.5594711303711, 61.717079162597656, 110.34442901611328], [0.08176803588867188, 87.6340560913086, 63.62887954711914, 135.197265625], [104.47578430175781, 102.45117950439453, 153.4372100830078, 113.112060546875], [387.8452453613281, 117.22454833984375, 456.9456481933594, 159.9236602783203], [63.168609619140625, 101.91878509521484, 157.61810302734375, 124.09577941894531], [411.99920654296875, 73.64149475097656, 421.5713806152344, 84.13610076904297], [136.89634704589844, 84.49527740478516, 198.3104248046875, 100.27995300292969], [35.193538665771484, 89.4876480102539, 61.93268585205078, 108.89181518554688], [3.029345989227295, 117.31877136230469, 55.06294631958008, 136.32286071777344], [250.6372833251953, 103.4961166381836, 276.82275390625, 124.46294403076172], [385.16632080078125, 117.37492370605469, 439.3030090332031, 159.3336639404297], [65.59780883789062, 89.64656066894531, 150.9574737548828, 108.99850463867188], [387.02362060546875, 88.92366027832031, 442.75982666015625, 112.3497085571289], [84.89048767089844, 93.3953857421875, 127.25604248046875, 109.80838012695312], [0.07288366556167603, 91.94864654541016, 13.879435539245605, 107.49747467041016], [62.68974685668945, 103.82763671875, 150.47264099121094, 128.90367126464844], [193.7257843017578, 98.18657684326172, 236.6117706298828, 116.4806137084961], [36.691768646240234, 98.65233612060547, 61.83618927001953, 109.3375473022461], [-0.14267921447753906, 64.28691864013672, 151.8675079345703, 136.6914520263672], [0.8704197406768799, 126.19622802734375, 72.0783920288086, 175.17236328125], [0.08852362632751465, 77.16666412353516, 62.236576080322266, 110.0064697265625], [11.810368537902832, 87.5594711303711, 61.717079162597656, 110.34442901611328], [32.35322189331055, 88.44082641601562, 61.862796783447266, 109.08687591552734], [387.5885925292969, 96.09210968017578, 402.06231689453125, 104.636962890625], [441.9706726074219, 83.79306030273438, 453.43536376953125, 96.5462646484375], [388.7728576660156, 117.15458679199219, 456.3461608886719, 147.73765563964844], [380.9247131347656, 87.56462860107422, 403.5400695800781, 107.86897277832031], [63.26818084716797, 105.28470611572266, 252.21417236328125, 239.66104125976562], [73.61750793457031, 214.6300811767578, 122.74310302734375, 263.624267578125], [0.2570772171020508, 90.62210083007812, 132.3821563720703, 135.0537109375], [32.35322189331055, 88.44082641601562, 61.862796783447266, 109.08687591552734], [61.90848159790039, 101.15283966064453, 159.41770935058594, 144.56158447265625], [120.18144226074219, 89.62815856933594, 150.8975372314453, 105.03817749023438], [67.19441223144531, 90.8757095336914, 131.89031982421875, 107.68603515625], [136.59161376953125, 84.53799438476562, 197.90261840820312, 100.14867401123047], [182.590087890625, 85.93012237548828, 276.15118408203125, 124.47383117675781], [12.259125709533691, 87.53137969970703, 46.863304138183594, 110.28498840332031], [63.63518524169922, 91.45061492919922, 132.072265625, 107.6788330078125], [119.79151153564453, 89.69598388671875, 150.8589324951172, 105.09989166259766], [136.44342041015625, 159.61016845703125, 240.01339721679688, 235.87171936035156], [94.87718200683594, 87.42800903320312, 131.84169006347656, 98.17371368408203], [0.9030246734619141, 87.04601287841797, 65.98693084716797, 136.3217315673828], [66.2745590209961, 98.32662963867188, 79.22892761230469, 106.13921356201172], [32.35322189331055, 88.44082641601562, 61.862796783447266, 109.08687591552734], [65.163818359375, 101.6174087524414, 127.8768539428711, 113.26991271972656], [139.48599243164062, 93.84159088134766, 274.7899475097656, 165.171142578125], [49.15705871582031, 131.23452758789062, 140.16737365722656, 262.1672668457031], [221.55340576171875, 84.64398193359375, 276.77252197265625, 124.27342987060547], [0.8745574951171875, 104.306396484375, 251.50408935546875, 259.53192138671875], [125.94031524658203, 97.3136215209961, 150.70025634765625, 105.4192123413086], [203.7570343017578, 161.61883544921875, 243.7855682373047, 217.87350463867188], [397.30474853515625, 73.11033630371094, 421.15625, 84.29171752929688], [120.18144226074219, 89.62815856933594, 150.8975372314453, 105.03817749023438], [175.3851776123047, 102.79158020019531, 222.06993103027344, 115.0468521118164], [11.65688419342041, 87.80584716796875, 61.526954650878906, 110.52922058105469], [387.0578918457031, 91.65630340576172, 460.3546142578125, 130.76486206054688], [431.4815673828125, 79.80145263671875, 451.01141357421875, 95.77668762207031], [450.3038024902344, 81.85842895507812, 479.47491455078125, 113.04591369628906], [0.3486514091491699, 124.8929672241211, 146.17100524902344, 268.6354675292969], [-0.37432193756103516, 1.5984463691711426, 479.620849609375, 361.4129333496094], [12.259125709533691, 87.53137969970703, 46.863304138183594, 110.28498840332031], [119.7459487915039, 90.55866241455078, 132.38043212890625, 104.92933654785156], [64.94902038574219, 84.98281860351562, 276.8214111328125, 124.79663848876953], [226.32150268554688, 84.16923522949219, 243.9286651611328, 96.64656829833984], [11.810368537902832, 87.5594711303711, 61.717079162597656, 110.34442901611328], [35.193538665771484, 89.4876480102539, 61.93268585205078, 108.89181518554688], [11.810368537902832, 87.5594711303711, 61.717079162597656, 110.34442901611328], [313.2241516113281, 29.29471206665039, 335.8572692871094, 59.06268310546875], [277.1709289550781, 92.10651397705078, 355.86981201171875, 146.82395935058594], [119.7459487915039, 90.55866241455078, 132.38043212890625, 104.92933654785156], [123.97767639160156, 94.17591857910156, 151.14895629882812, 105.4891586303711], [35.193538665771484, 89.4876480102539, 61.93268585205078, 108.89181518554688], [11.65688419342041, 87.80584716796875, 61.526954650878906, 110.52922058105469], [7.164373397827148, 88.01930236816406, 131.41079711914062, 111.08465576171875], [-0.26253461837768555, 154.9177703857422, 83.30577850341797, 267.0690612792969], [165.6681365966797, 84.43595886230469, 197.27041625976562, 99.53536224365234], [165.68299865722656, 104.47525024414062, 245.0192413330078, 189.5250244140625], [0.4468202590942383, 67.23770904541016, 155.37606811523438, 312.3377990722656], [128.41407775878906, 90.10352325439453, 150.7493133544922, 104.36000061035156], [380.7697448730469, 87.5773696899414, 396.5089111328125, 97.16372680664062], [387.5885925292969, 96.09210968017578, 402.06231689453125, 104.636962890625], [411.99920654296875, 73.64149475097656, 421.5713806152344, 84.13610076904297], [33.24996566772461, 77.82775115966797, 48.75377655029297, 108.7116470336914], [221.55340576171875, 84.64398193359375, 276.77252197265625, 124.27342987060547], [387.0578918457031, 91.65630340576172, 460.3546142578125, 130.76486206054688], [339.6834411621094, 63.86390686035156, 391.39044189453125, 81.72056579589844], [387.0578918457031, 91.65630340576172, 460.3546142578125, 130.76486206054688], [0.1435375213623047, 92.457763671875, 131.5128173828125, 135.73275756835938], [0.08802473545074463, 90.00263977050781, 26.312183380126953, 108.02367401123047], [192.62911987304688, 103.95282745361328, 246.24676513671875, 123.95934295654297], [387.2127380371094, 93.22197723388672, 417.1886901855469, 114.1800537109375], [221.55340576171875, 84.64398193359375, 276.77252197265625, 124.27342987060547], [386.87847900390625, 93.85315704345703, 415.5705871582031, 105.99641418457031], [11.65688419342041, 87.80584716796875, 61.526954650878906, 110.52922058105469], [125.00930786132812, 88.72802734375, 276.15118408203125, 124.52598571777344], [323.2852478027344, 89.272705078125, 341.0986633300781, 97.539306640625], [72.9203872680664, 88.84062194824219, 90.84037780761719, 99.31539916992188], [67.64982604980469, 88.5699234008789, 275.1719665527344, 124.63640594482422], [1.1894291639328003, 106.12959289550781, 21.54436492919922, 134.83453369140625], [165.79556274414062, 85.6218490600586, 182.34912109375, 99.50335693359375], [170.94418334960938, 106.71678161621094, 254.7626495361328, 187.63946533203125], [411.3595275878906, 114.38426208496094, 454.23968505859375, 132.9168701171875], [105.18682098388672, 90.24018859863281, 130.7229766845703, 103.42922973632812], [67.64982604980469, 88.5699234008789, 275.1719665527344, 124.63640594482422], [0.022366046905517578, 107.65917205810547, 150.22947692871094, 268.75469970703125], [234.00897216796875, 93.90876007080078, 276.09759521484375, 124.46995544433594], [120.18144226074219, 89.62815856933594, 150.8975372314453, 105.03817749023438], [410.05316162109375, 111.4724349975586, 449.566650390625, 131.6291046142578], [339.6834411621094, 63.86390686035156, 391.39044189453125, 81.72056579589844], [120.18144226074219, 89.62815856933594, 150.8975372314453, 105.03817749023438], [67.19441223144531, 90.8757095336914, 131.89031982421875, 107.68603515625], [0.3486514091491699, 124.8929672241211, 146.17100524902344, 268.6354675292969], [235.20936584472656, 123.93925476074219, 325.51898193359375, 290.13226318359375], [380.7697448730469, 87.5773696899414, 396.5089111328125, 97.16372680664062], [323.2852478027344, 89.272705078125, 341.0986633300781, 97.539306640625], [146.6164093017578, 107.16595458984375, 253.61651611328125, 238.58016967773438], [0.08802473545074463, 90.00263977050781, 26.312183380126953, 108.02367401123047], [387.0578918457031, 91.65630340576172, 460.3546142578125, 130.76486206054688], [12.378508567810059, 98.55239868164062, 33.44384002685547, 110.46324920654297], [-0.2920818328857422, 87.79999542236328, 74.94535827636719, 163.3477020263672], [34.055965423583984, 77.82950592041016, 45.603023529052734, 88.79364776611328], [60.4466552734375, 110.84038543701172, 88.17312622070312, 129.08804321289062], [194.21206665039062, 92.72306823730469, 276.1837463378906, 124.3393783569336], [149.72796630859375, 97.94926452636719, 212.76768493652344, 110.6756820678711], [65.59780883789062, 89.64656066894531, 150.9574737548828, 108.99850463867188], [0.08176803588867188, 87.6340560913086, 63.62887954711914, 135.197265625], [67.19441223144531, 90.8757095336914, 131.89031982421875, 107.68603515625], [380.7697448730469, 87.5773696899414, 396.5089111328125, 97.16372680664062], [239.34591674804688, 119.88372802734375, 304.03192138671875, 146.21099853515625], [410.08636474609375, 92.20112609863281, 457.95526123046875, 129.6292724609375], [40.2113037109375, 97.79020690917969, 62.23808670043945, 109.01971435546875], [162.92506408691406, 105.34766387939453, 253.7310791015625, 182.09860229492188], [2.057805061340332, 127.20393371582031, 138.8089599609375, 262.1214599609375], [1.365078091621399, 88.4720230102539, 50.67324447631836, 156.22679138183594], [0.2570772171020508, 90.62210083007812, 132.3821563720703, 135.0537109375], [-0.7661318778991699, 90.6558837890625, 132.10690307617188, 135.19705200195312], [0.9485149383544922, 54.182594299316406, 419.2124328613281, 137.8666229248047], [0.8973383903503418, 104.97747802734375, 19.57790756225586, 135.3487091064453], [-0.5970096588134766, 38.92247772216797, 479.392578125, 301.47369384765625]), Score: [0.9120440483093262, 0.5313748717308044, 0.48320272564888, 0.4481624662876129, 0.3663248121738434, 0.3652549088001251, 0.34720519185066223, 0.3019704818725586, 0.2849247455596924, 0.2836737334728241, 0.2790314257144928, 0.27841660380363464, 0.26886385679244995, 0.26628702878952026, 0.25825825333595276, 0.24853862822055817, 0.2443777173757553, 0.24271395802497864, 0.23606309294700623, 0.23318132758140564, 0.22494465112686157, 0.21932771801948547, 0.20875893533229828, 0.20608720183372498, 0.19248294830322266, 0.1915009617805481, 0.18511725962162018, 0.18487218022346497, 0.17958791553974152, 0.1735643893480301, 0.1680826097726822, 0.16788634657859802, 0.16384151577949524, 0.16148333251476288, 0.1598876714706421, 0.15934686362743378, 0.15622130036354065, 0.14956045150756836, 0.1404942125082016, 0.13896998763084412, 0.125534787774086, 0.11880534887313843, 0.11750485748052597, 0.1166185587644577, 0.11382456123828888, 0.11319071054458618, 0.11053414642810822, 0.11007092148065567, 0.10956715792417526, 0.10619153827428818, 0.10254838317632675, 0.0994170680642128, 0.09777972102165222, 0.09777313470840454, 0.09731229394674301, 0.09705167263746262, 0.09658388048410416, 0.09564203768968582, 0.0931071788072586, 0.09270662814378738, 0.09217413514852524, 0.09145838767290115, 0.09014177322387695, 0.08926745504140854, 0.08714673668146133, 0.08533614873886108, 0.08360769599676132, 0.08323033899068832, 0.082541324198246, 0.08190617710351944, 0.08069799840450287, 0.07968347519636154, 0.07873257249593735, 0.07792109251022339, 0.0777536928653717, 0.07678121328353882, 0.07667512446641922, 0.07573527097702026, 0.07560832053422928, 0.07446939498186111, 0.07446026057004929, 0.07419496774673462, 0.07418745011091232, 0.07350824773311615, 0.07271106541156769, 0.07246290147304535, 0.0723101794719696, 0.07144615799188614, 0.07124651223421097, 0.07118137925863266, 0.07009070366621017, 0.0694427639245987, 0.06937434524297714, 0.06935864686965942, 0.06844087690114975, 0.06838896870613098, 0.06694642454385757, 0.06677202880382538, 0.06648991256952286, 0.06620844453573227, 0.06603263318538666, 0.06591092795133591, 0.0655844658613205, 0.06548894941806793, 0.06466799229383469, 0.06393236666917801, 0.06357625871896744, 0.062462106347084045, 0.062227945774793625, 0.06187162175774574, 0.061478257179260254, 0.06142896041274071, 0.06063568964600563, 0.06016039848327637, 0.05975192412734032, 0.05973868817090988, 0.05968775600194931, 0.059675220400094986, 0.05877732113003731, 0.05855727568268776, 0.05655045062303543, 0.05611878260970116, 0.05598030239343643, 0.05589272454380989, 0.055803947150707245, 0.05523493513464928, 0.05485197901725769, 0.054596640169620514, 0.05380960926413536, 0.05247784033417702, 0.05225047469139099, 0.05195485055446625, 0.05186738818883896, 0.051856331527233124, 0.05179905146360397, 0.05178229883313179, 0.05158494412899017, 0.0512225516140461, 0.05107453465461731, 0.05081954970955849, 0.050764258950948715, 0.050342436879873276, 0.05026615038514137, 0.04970191419124603, 0.04953388124704361, 0.04908989369869232, 0.04905347898602486, 0.04889034107327461, 0.04888034239411354, 0.04843656346201897, 0.04783050715923309, 0.04774458706378937, 0.047410473227500916, 0.047368455678224564, 0.04736283794045448, 0.04667770490050316, 0.04665878042578697, 0.046652309596538544, 0.04660633206367493, 0.04659052938222885, 0.046431444585323334, 0.046406716108322144, 0.04627731442451477, 0.046246789395809174, 0.046151790767908096, 0.04607449844479561, 0.04586625099182129, 0.04571351781487465, 0.04538418725132942, 0.04533126950263977, 0.0446312315762043, 0.044398121535778046, 0.04422498494386673, 0.044097959995269775, 0.0440763458609581, 0.04380260780453682, 0.04336528107523918, 0.04307150840759277, 0.04300782456994057, 0.04249555617570877, 0.042487725615501404, 0.042406115680933, 0.04220523312687874, 0.04190833866596222, 0.041758522391319275, 0.041480064392089844, 0.041160281747579575, 0.04110310226678848, 0.040979448705911636, 0.040973395109176636, 0.04091646149754524, 0.04073068127036095, 0.040488723665475845, 0.040437184274196625, 0.04037089645862579, 0.040012672543525696, 0.03974860534071922, 0.03962396830320358, 0.03962172567844391, 0.03961995616555214, 0.03920793905854225, 0.03901135176420212, 0.03888249769806862, 0.03878530114889145, 0.038715660572052, 0.03865531459450722, 0.038346532732248306, 0.03778557479381561, 0.037780120968818665, 0.03718174621462822, 0.03715764358639717, 0.03715308755636215, 0.03666554391384125, 0.03664346784353256, 0.03642828017473221, 0.0364023819565773, 0.03634870424866676, 0.036307211965322495, 0.03619524464011192, 0.03603444993495941, 0.03597647324204445, 0.0358620285987854, 0.035794153809547424, 0.035743292421102524, 0.03545238450169563, 0.03515095263719559, 0.035030756145715714, 0.034891676157712936, 0.03483154997229576, 0.03467737138271332, 0.034532394260168076, 0.03438248485326767, 0.03423313796520233, 0.03418345004320145, 0.034172818064689636, 0.034015197306871414, 0.03389137238264084, 0.033766008913517, 0.03340999782085419, 0.03327285498380661, 0.033203765749931335, 0.03313889354467392, 0.03276106342673302, 0.032724231481552124, 0.032591626048088074, 0.03251171484589577, 0.03241124376654625, 0.03231813386082649, 0.03225528076291084, 0.03224427253007889, 0.03223622590303421, 0.03208020702004433, 0.03192542865872383, 0.031473685055971146, 0.031173551455140114, 0.03099232167005539, 0.03080608695745468, 0.030746206641197205, 0.03066861443221569, 0.030611446127295494, 0.030270904302597046, 0.03003702685236931, 0.02987915277481079, 0.029845716431736946, 0.029714658856391907, 0.029676632955670357, 0.029650652781128883, 0.02952265925705433, 0.029488863423466682, 0.029446322470903397, 0.029354291036725044, 0.029337286949157715, 0.029251543805003166, 0.029102807864546776, 0.029048511758446693, 0.029043957591056824, 0.028882073238492012, 0.028823889791965485, 0.028821801766753197, 0.0287760142236948, 0.02877277135848999, 0.028550148010253906, 0.028413303196430206, 0.028401466086506844, 0.028392618522047997, 0.028352485969662666, 0.028257297351956367, 0.028239667415618896, 0.028187314048409462, 0.02817455492913723, 0.028132634237408638, 0.02812020853161812, 0.02811967395246029, 0.02793545089662075, 0.027886636555194855, 0.02762424387037754, 0.027596987783908844, 0.02757348120212555, 0.02749539725482464, 0.027470983564853668]

Execution time: 0.4136 sec
