Label: tensor([17,  0, 26, 26, 26, 26,  2, 13,  2, 26, 26, 26,  0, 24, 17, 17, 17, 17,
        26,  0, 13,  7, 24,  2,  2, 17,  0, 13, 26, 13,  7, 19,  2, 17, 56, 61,
        18, 17, 56, 45, 24, 18, 14, 17, 26,  0, 26, 13, 26,  0,  1, 26, 13, 17,
         2, 56, 56, 24,  0,  0, 24,  0, 10, 18, 13,  6, 28, 16, 18, 17, 28, 16,
         2, 17, 17, 26, 13, 51,  1, 17, 28,  2, 13,  0, 26,  2, 26, 28,  7, 67,
         0, 26, 13,  2, 39, 17, 33,  7,  7,  2, 13,  0, 13, 17, 13, 24, 13, 39,
         0, 17, 17,  2, 26, 13,  0, 28, 17,  0, 18,  0, 13, 26,  3,  0, 26,  2,
        28,  0, 17,  0, 19, 45, 17, 26, 13, 17, 65, 22,  8, 17, 39, 65, 67, 17,
        17,  1,  2,  2,  2, 13,  3, 17,  2, 39,  0,  2, 17,  2, 17,  2, 26, 17,
         2, 17, 45,  2,  2, 18, 18, 13, 73,  0,  0,  0, 17, 13, 13,  0, 13, 56,
         8,  0,  7, 13,  0, 17, 19, 17, 13,  7, 12, 26, 67,  0,  7,  0,  3,  2,
        28,  8, 56, 17,  0,  2,  1,  7, 13, 28,  0, 19, 43,  7, 58, 45, 17, 17,
        32, 17, 24, 36,  2, 13, 58, 24,  2, 13, 56, 17,  2, 17, 67, 67,  0,  0,
         2, 17,  7, 26,  0, 13, 17, 28, 28, 39,  3, 56,  0, 39, 14, 13, 17, 13,
        17,  0, 24,  0, 36, 17, 17, 17,  7, 13, 36,  0, 29, 45, 17, 67, 65,  0,
         8,  0, 17, 28, 13, 24, 24, 18, 17, 14, 26,  2,  0, 17, 17,  2,  0, 13,
         0,  8, 17, 13, 28, 19, 56,  2,  0, 17, 24,  2]), Box: ([151.55091857910156, 80.70780181884766, 463.24798583984375, 291.5040588378906], [239.29002380371094, 50.142093658447266, 300.8553771972656, 176.83221435546875], [249.00482177734375, 123.63196563720703, 271.9833068847656, 151.2609405517578], [289.0918884277344, 118.06513977050781, 304.2155456542969, 138.11822509765625], [249.2666778564453, 123.79291534423828, 268.1619567871094, 148.4510498046875], [250.68223571777344, 106.27275085449219, 275.1468505859375, 132.95762634277344], [393.2244567871094, 139.77236938476562, 425.649658203125, 159.6470947265625], [393.2244567871094, 139.77236938476562, 425.649658203125, 159.6470947265625], [393.4519958496094, 126.22480010986328, 425.7693786621094, 159.69464111328125], [289.4602355957031, 119.0968017578125, 313.19439697265625, 139.01031494140625], [290.9213562011719, 117.99891662597656, 302.96710205078125, 133.20606994628906], [290.6766052246094, 128.6122283935547, 316.57928466796875, 140.5263671875], [54.441322326660156, 27.89400291442871, 63.407562255859375, 46.213287353515625], [289.0918884277344, 118.06513977050781, 304.2155456542969, 138.11822509765625], [51.27519989013672, 79.65477752685547, 127.59071350097656, 151.99478149414062], [393.2244567871094, 139.77236938476562, 425.649658203125, 159.6470947265625], [23.28594398498535, 111.56879425048828, 50.15794372558594, 159.97552490234375], [250.68223571777344, 106.27275085449219, 275.1468505859375, 132.95762634277344], [248.57554626464844, 109.68307495117188, 275.7485046386719, 151.89080810546875], [250.68223571777344, 106.27275085449219, 275.1468505859375, 132.95762634277344], [393.4519958496094, 126.22480010986328, 425.7693786621094, 159.69464111328125], [393.2244567871094, 139.77236938476562, 425.649658203125, 159.6470947265625], [250.68223571777344, 106.27275085449219, 275.1468505859375, 132.95762634277344], [393.4701232910156, 130.71539306640625, 462.34857177734375, 159.56898498535156], [23.564294815063477, 111.82545471191406, 48.17032241821289, 138.85943603515625], [56.70670700073242, 80.83202362060547, 126.15880584716797, 110.63286590576172], [248.2859344482422, 106.44741821289062, 281.0194091796875, 165.74539184570312], [0.07301103323698044, 121.01554107666016, 24.92254638671875, 138.25167846679688], [291.23779296875, 128.9505615234375, 313.14508056640625, 138.11241149902344], [-0.056939199566841125, 111.60431671142578, 25.52458381652832, 138.20008850097656], [393.4519958496094, 126.22480010986328, 425.7693786621094, 159.69464111328125], [393.2244567871094, 139.77236938476562, 425.649658203125, 159.6470947265625], [178.58848571777344, 141.93885803222656, 199.32102966308594, 158.67237854003906], [232.05763244628906, 98.981201171875, 275.0464172363281, 133.2590789794922], [23.28594398498535, 111.56879425048828, 50.15794372558594, 159.97552490234375], [23.564294815063477, 111.82545471191406, 48.17032241821289, 138.85943603515625], [23.28594398498535, 111.56879425048828, 50.15794372558594, 159.97552490234375], [59.260494232177734, 83.91345977783203, 100.88147735595703, 109.93972778320312], [23.564294815063477, 111.82545471191406, 48.17032241821289, 138.85943603515625], [447.4510498046875, 150.84783935546875, 470.146728515625, 158.54568481445312], [249.00482177734375, 123.63196563720703, 271.9833068847656, 151.2609405517578], [23.564294815063477, 111.82545471191406, 48.17032241821289, 138.85943603515625], [211.87738037109375, 220.76058959960938, 229.56910705566406, 235.28395080566406], [241.35353088378906, 99.50415802001953, 275.25274658203125, 131.8616943359375], [248.65701293945312, 119.85400390625, 280.6847839355469, 163.11228942871094], [251.9189453125, 68.97692108154297, 300.3883056640625, 156.13531494140625], [289.16357421875, 83.24608612060547, 303.0519104003906, 135.91331481933594], [393.4701232910156, 130.71539306640625, 462.34857177734375, 159.56898498535156], [248.2859344482422, 106.44741821289062, 281.0194091796875, 165.74539184570312], [75.17174530029297, 32.05768585205078, 82.3530502319336, 45.304527282714844], [248.59652709960938, 106.94866180419922, 309.47308349609375, 139.6846923828125], [288.9821472167969, 107.21546936035156, 305.87255859375, 137.47264099121094], [447.4510498046875, 150.84783935546875, 470.146728515625, 158.54568481445312], [-0.10680593550205231, 80.02978515625, 50.52532958984375, 138.88189697265625], [56.70670700073242, 80.83202362060547, 126.15880584716797, 110.63286590576172], [393.2244567871094, 139.77236938476562, 425.649658203125, 159.6470947265625], [393.4519958496094, 126.22480010986328, 425.7693786621094, 159.69464111328125], [289.4602355957031, 119.0968017578125, 313.19439697265625, 139.01031494140625], [241.35353088378906, 99.50415802001953, 275.25274658203125, 131.8616943359375], [84.90955352783203, 34.71768569946289, 91.07859802246094, 45.026615142822266], [290.6766052246094, 128.6122283935547, 316.57928466796875, 140.5263671875], [245.58367919921875, 64.6309814453125, 299.3666687011719, 174.5762481689453], [248.2859344482422, 106.44741821289062, 281.0194091796875, 165.74539184570312], [393.2244567871094, 139.77236938476562, 425.649658203125, 159.6470947265625], [23.564294815063477, 111.82545471191406, 48.17032241821289, 138.85943603515625], [151.55091857910156, 80.70780181884766, 463.24798583984375, 291.5040588378906], [250.68223571777344, 106.27275085449219, 275.1468505859375, 132.95762634277344], [393.2244567871094, 139.77236938476562, 425.649658203125, 159.6470947265625], [24.227144241333008, 111.92396545410156, 47.41259765625, 121.2324447631836], [152.63262939453125, 81.67255401611328, 257.69573974609375, 160.71678161621094], [289.4602355957031, 119.0968017578125, 313.19439697265625, 139.01031494140625], [250.68223571777344, 106.27275085449219, 275.1468505859375, 132.95762634277344], [-0.056939199566841125, 111.60431671142578, 25.52458381652832, 138.20008850097656], [428.9787292480469, 96.48309326171875, 500.8858337402344, 158.8481903076172], [-0.3096237778663635, 77.99296569824219, 153.22166442871094, 142.26817321777344], [270.8622741699219, 117.92826080322266, 279.520263671875, 126.18463134765625], [0.0721784308552742, 110.92632293701172, 25.384143829345703, 121.34208679199219], [151.55091857910156, 80.70780181884766, 463.24798583984375, 291.5040588378906], [393.4519958496094, 126.22480010986328, 425.7693786621094, 159.69464111328125], [211.00137329101562, 206.44981384277344, 431.9299621582031, 288.02587890625], [289.0918884277344, 118.06513977050781, 304.2155456542969, 138.11822509765625], [428.9787292480469, 96.48309326171875, 500.8858337402344, 158.8481903076172], [50.65708541870117, 124.52375030517578, 95.23314666748047, 139.6068115234375], [465.076171875, 35.80108642578125, 471.5627136230469, 48.4598388671875], [252.194580078125, 94.91058349609375, 300.2641296386719, 139.83689880371094], [455.46539306640625, 35.50148391723633, 499.7281188964844, 52.921424865722656], [268.76715087890625, 114.21874237060547, 301.7196350097656, 132.8646697998047], [290.6766052246094, 128.6122283935547, 316.57928466796875, 140.5263671875], [393.4701232910156, 130.71539306640625, 462.34857177734375, 159.56898498535156], [291.23779296875, 128.9505615234375, 313.14508056640625, 138.11241149902344], [232.05763244628906, 98.981201171875, 275.0464172363281, 133.2590789794922], [253.0652313232422, 101.55050659179688, 300.35443115234375, 136.10263061523438], [50.346351623535156, 123.71061706542969, 95.89866638183594, 139.88307189941406], [33.11320495605469, 30.689111709594727, 48.597679138183594, 45.545387268066406], [270.8622741699219, 117.92826080322266, 279.520263671875, 126.18463134765625], [23.564294815063477, 111.82545471191406, 48.17032241821289, 138.85943603515625], [151.55091857910156, 80.70780181884766, 463.24798583984375, 291.5040588378906], [428.9787292480469, 96.48309326171875, 500.8858337402344, 158.8481903076172], [23.564294815063477, 111.82545471191406, 48.17032241821289, 138.85943603515625], [158.0110626220703, 141.8900604248047, 199.13906860351562, 159.99549865722656], [50.54330825805664, 124.21418762207031, 95.18277740478516, 139.36593627929688], [23.230649948120117, 32.52823257446289, 30.72869873046875, 46.87168884277344], [429.8958740234375, 96.75979614257812, 500.1615905761719, 110.0827407836914], [58.265682220458984, 80.72798156738281, 102.94593811035156, 110.19205474853516], [429.7340393066406, 96.85518646240234, 500.1473388671875, 110.40533447265625], [290.9213562011719, 117.99891662597656, 302.96710205078125, 133.20606994628906], [50.58120346069336, 109.5012435913086, 98.01818084716797, 139.87693786621094], [249.00482177734375, 123.63196563720703, 271.9833068847656, 151.2609405517578], [393.6554870605469, 125.44551849365234, 410.927001953125, 158.81626892089844], [152.1747283935547, 82.3233413696289, 461.3106994628906, 289.58673095703125], [152.55963134765625, 81.61829376220703, 223.49017333984375, 159.6117401123047], [297.844482421875, 36.7459831237793, 318.9663391113281, 49.16807174682617], [255.40542602539062, 96.1114501953125, 300.28021240234375, 137.88075256347656], [178.58848571777344, 141.93885803222656, 199.32102966308594, 158.67237854003906], [393.4519958496094, 126.22480010986328, 425.7693786621094, 159.69464111328125], [248.2859344482422, 106.44741821289062, 281.0194091796875, 165.74539184570312], [0.5114749073982239, 77.79698181152344, 129.46066284179688, 110.03804016113281], [287.9409484863281, 65.7368392944336, 296.40045166015625, 80.63092041015625], [-0.056939199566841125, 111.60431671142578, 25.52458381652832, 138.20008850097656], [77.17080688476562, 32.09424591064453, 82.9085693359375, 45.194828033447266], [22.122331619262695, 110.17529296875, 153.60987854003906, 152.4100799560547], [248.59652709960938, 106.94866180419922, 309.47308349609375, 139.6846923828125], [151.55091857910156, 80.70780181884766, 463.24798583984375, 291.5040588378906], [257.8747253417969, 87.14283752441406, 299.7300109863281, 138.46359252929688], [248.55746459960938, 119.99684143066406, 281.373291015625, 164.67745971679688], [59.260494232177734, 83.91345977783203, 100.88147735595703, 109.93972778320312], [23.564294815063477, 111.82545471191406, 48.17032241821289, 138.85943603515625], [252.194580078125, 94.91058349609375, 300.2641296386719, 139.83689880371094], [393.4519958496094, 126.22480010986328, 425.7693786621094, 159.69464111328125], [139.36422729492188, 84.54949188232422, 152.50413513183594, 109.97174835205078], [151.55091857910156, 80.70780181884766, 463.24798583984375, 291.5040588378906], [291.23779296875, 128.9505615234375, 313.14508056640625, 138.11241149902344], [240.1355438232422, 103.62373352050781, 345.47418212890625, 205.6826934814453], [257.8747253417969, 87.14283752441406, 299.7300109863281, 138.46359252929688], [32.0234375, 145.61041259765625, 64.95555114746094, 161.001220703125], [232.25108337402344, 98.77671813964844, 275.1324462890625, 127.83610534667969], [211.87738037109375, 220.76058959960938, 229.56910705566406, 235.28395080566406], [151.55091857910156, 80.70780181884766, 463.24798583984375, 291.5040588378906], [290.6766052246094, 128.6122283935547, 316.57928466796875, 140.5263671875], [208.28489685058594, 154.6422576904297, 409.25885009765625, 287.34051513671875], [249.2666778564453, 123.79291534423828, 268.1619567871094, 148.4510498046875], [291.23779296875, 128.9505615234375, 313.14508056640625, 138.11241149902344], [247.485107421875, 116.51292419433594, 256.6238098144531, 124.8624496459961], [152.51345825195312, 81.8187484741211, 276.2786865234375, 161.7772216796875], [57.283203125, 86.33756256103516, 123.46488189697266, 110.75579071044922], [248.2859344482422, 106.44741821289062, 281.0194091796875, 165.74539184570312], [0.26464834809303284, 79.92932891845703, 50.75680160522461, 107.97627258300781], [0.5114749073982239, 77.79698181152344, 129.46066284179688, 110.03804016113281], [455.8830261230469, 36.492095947265625, 472.31097412109375, 48.42510223388672], [23.28594398498535, 111.56879425048828, 50.15794372558594, 159.97552490234375], [248.59652709960938, 106.94866180419922, 309.47308349609375, 139.6846923828125], [152.0985870361328, 83.21002197265625, 259.1572570800781, 219.71591186523438], [429.8958740234375, 96.75979614257812, 500.1615905761719, 110.0827407836914], [250.68223571777344, 106.27275085449219, 275.1468505859375, 132.95762634277344], [252.87509155273438, 85.3810806274414, 299.7678527832031, 134.75572204589844], [429.7340393066406, 96.85518646240234, 500.1473388671875, 110.40533447265625], [55.1666259765625, 80.28294372558594, 125.74273681640625, 152.55728149414062], [447.4510498046875, 150.84783935546875, 470.146728515625, 158.54568481445312], [49.9508171081543, 83.9012451171875, 107.51808166503906, 151.17333984375], [-0.10680593550205231, 80.02978515625, 50.52532958984375, 138.88189697265625], [249.0535430908203, 102.50570678710938, 300.11041259765625, 136.36793518066406], [106.99586486816406, 81.27031707763672, 158.32130432128906, 110.36827087402344], [369.7947998046875, 115.1784439086914, 428.0483093261719, 159.5074920654297], [248.8463592529297, 105.49275207519531, 273.36639404296875, 123.0964126586914], [290.6766052246094, 128.6122283935547, 316.57928466796875, 140.5263671875], [24.227144241333008, 111.92396545410156, 47.41259765625, 121.2324447631836], [0.07301103323698044, 121.01554107666016, 24.92254638671875, 138.25167846679688], [31.919065475463867, 145.54559326171875, 47.41676712036133, 159.90367126464844], [0.07301103323698044, 121.01554107666016, 24.92254638671875, 138.25167846679688], [428.9787292480469, 96.48309326171875, 500.8858337402344, 158.8481903076172], [291.23779296875, 128.9505615234375, 313.14508056640625, 138.11241149902344], [455.9869689941406, 29.28443717956543, 472.2412109375, 49.50709533691406], [392.85772705078125, 113.7314224243164, 413.7355651855469, 159.2269744873047], [248.59652709960938, 106.94866180419922, 309.47308349609375, 139.6846923828125], [152.15460205078125, 83.95488739013672, 279.5003662109375, 284.0336608886719], [398.4969482421875, 110.162353515625, 499.60650634765625, 122.9140396118164], [455.46539306640625, 35.50148391723633, 499.7281188964844, 52.921424865722656], [246.94009399414062, 101.7137451171875, 293.98944091796875, 174.86392211914062], [398.9602966308594, 95.74375915527344, 499.5703125, 119.1207275390625], [290.9213562011719, 117.99891662597656, 302.96710205078125, 133.20606994628906], [447.4510498046875, 150.84783935546875, 470.146728515625, 158.54568481445312], [393.26556396484375, 100.249267578125, 410.65142822265625, 158.98541259765625], [56.70670700073242, 80.83202362060547, 126.15880584716797, 110.63286590576172], [0.16941967606544495, 110.58061981201172, 25.825742721557617, 119.5725326538086], [271.4316101074219, 72.37644958496094, 300.7088623046875, 133.63954162597656], [123.5512924194336, 85.11082458496094, 154.98475646972656, 110.46861267089844], [56.70670700073242, 80.83202362060547, 126.15880584716797, 110.63286590576172], [214.9534912109375, 98.47930145263672, 307.66522216796875, 234.96780395507812], [50.261199951171875, 109.48252868652344, 100.39232635498047, 140.22372436523438], [0.5114749073982239, 77.79698181152344, 129.46066284179688, 110.03804016113281], [248.2859344482422, 106.44741821289062, 281.0194091796875, 165.74539184570312], [252.87509155273438, 85.3810806274414, 299.7678527832031, 134.75572204589844], [293.4415283203125, 129.68666076660156, 311.76751708984375, 137.00006103515625], [84.76274108886719, 126.06365966796875, 95.57569885253906, 151.01417541503906], [455.46539306640625, 35.50148391723633, 499.7281188964844, 52.921424865722656], [248.8463592529297, 105.49275207519531, 273.36639404296875, 123.0964126586914], [393.4519958496094, 126.22480010986328, 425.7693786621094, 159.69464111328125], [51.27519989013672, 79.65477752685547, 127.59071350097656, 151.99478149414062], [248.65701293945312, 119.85400390625, 280.6847839355469, 163.11228942871094], [455.46539306640625, 35.50148391723633, 499.7281188964844, 52.921424865722656], [30.878673553466797, 131.98037719726562, 50.16292953491211, 160.19012451171875], [99.76919555664062, 80.05516052246094, 126.97823333740234, 110.81278991699219], [77.7405014038086, 32.65764236450195, 86.28838348388672, 45.27315139770508], [426.5885925292969, 57.204429626464844, 442.95489501953125, 61.4735107421875], [246.94009399414062, 101.7137451171875, 293.98944091796875, 174.86392211914062], [178.58848571777344, 141.93885803222656, 199.32102966308594, 158.67237854003906], [430.0162353515625, 96.84122467041016, 500.2535705566406, 107.37958526611328], [249.00482177734375, 123.63196563720703, 271.9833068847656, 151.2609405517578], [234.24073791503906, 99.9950180053711, 276.7508239746094, 151.5463409423828], [59.260494232177734, 83.91345977783203, 100.88147735595703, 109.93972778320312], [151.55091857910156, 80.70780181884766, 463.24798583984375, 291.5040588378906], [-0.056939199566841125, 111.60431671142578, 25.52458381652832, 138.20008850097656], [250.68223571777344, 106.27275085449219, 275.1468505859375, 132.95762634277344], [289.4602355957031, 119.0968017578125, 313.19439697265625, 139.01031494140625], [0.26464834809303284, 79.92932891845703, 50.75680160522461, 107.97627258300781], [248.59652709960938, 106.94866180419922, 309.47308349609375, 139.6846923828125], [211.87738037109375, 220.76058959960938, 229.56910705566406, 235.28395080566406], [393.4701232910156, 130.71539306640625, 462.34857177734375, 159.56898498535156], [291.23779296875, 128.9505615234375, 313.14508056640625, 138.11241149902344], [447.4510498046875, 150.84783935546875, 470.146728515625, 158.54568481445312], [-0.3096237778663635, 77.99296569824219, 153.22166442871094, 142.26817321777344], [30.878673553466797, 131.98037719726562, 50.16292953491211, 160.19012451171875], [393.4519958496094, 126.22480010986328, 425.7693786621094, 159.69464111328125], [249.2666778564453, 123.79291534423828, 268.1619567871094, 148.4510498046875], [398.9602966308594, 95.74375915527344, 499.5703125, 119.1207275390625], [455.8830261230469, 36.492095947265625, 472.31097412109375, 48.42510223388672], [289.0918884277344, 118.06513977050781, 304.2155456542969, 138.11822509765625], [455.46539306640625, 35.50148391723633, 499.7281188964844, 52.921424865722656], [123.5512924194336, 85.11082458496094, 154.98475646972656, 110.46861267089844], [213.98141479492188, 101.84994506835938, 457.4201965332031, 288.27056884765625], [270.8622741699219, 117.92826080322266, 279.520263671875, 126.18463134765625], [290.6766052246094, 128.6122283935547, 316.57928466796875, 140.5263671875], [289.16357421875, 83.24608612060547, 303.0519104003906, 135.91331481933594], [23.28594398498535, 111.56879425048828, 50.15794372558594, 159.97552490234375], [58.265682220458984, 80.72798156738281, 102.94593811035156, 110.19205474853516], [248.2859344482422, 106.44741821289062, 281.0194091796875, 165.74539184570312], [-0.3096237778663635, 77.99296569824219, 153.22166442871094, 142.26817321777344], [256.76702880859375, 85.31075286865234, 284.2615966796875, 126.24908447265625], [248.57554626464844, 109.68307495117188, 275.7485046386719, 151.89080810546875], [24.227144241333008, 111.92396545410156, 47.41259765625, 121.2324447631836], [212.82345581054688, 210.0679931640625, 415.8056335449219, 284.1512451171875], [248.59652709960938, 106.94866180419922, 309.47308349609375, 139.6846923828125], [288.9821472167969, 107.21546936035156, 305.87255859375, 137.47264099121094], [290.9213562011719, 117.99891662597656, 302.96710205078125, 133.20606994628906], [289.4602355957031, 119.0968017578125, 313.19439697265625, 139.01031494140625], [-0.056939199566841125, 111.60431671142578, 25.52458381652832, 138.20008850097656], [232.25108337402344, 98.77671813964844, 275.1324462890625, 127.83610534667969], [289.0918884277344, 118.06513977050781, 304.2155456542969, 138.11822509765625], [247.87371826171875, 209.7699737548828, 258.6178894042969, 218.59263610839844], [46.553775787353516, 146.88870239257812, 65.01908111572266, 160.96664428710938], [455.8830261230469, 36.492095947265625, 472.31097412109375, 48.42510223388672], [59.260494232177734, 83.91345977783203, 100.88147735595703, 109.93972778320312], [447.4510498046875, 150.84783935546875, 470.146728515625, 158.54568481445312], [239.95010375976562, 92.77941131591797, 273.9720458984375, 116.12646484375], [248.57554626464844, 109.68307495117188, 275.7485046386719, 151.89080810546875], [225.51109313964844, 116.15355682373047, 278.2865905761719, 211.45877075195312], [290.6766052246094, 128.6122283935547, 316.57928466796875, 140.5263671875], [152.1552734375, 85.67250061035156, 277.8021240234375, 267.54595947265625], [153.29080200195312, 82.89371490478516, 296.3658752441406, 266.658203125], [152.0311279296875, 80.8407211303711, 270.4098815917969, 218.2664794921875], [-0.10680593550205231, 80.02978515625, 50.52532958984375, 138.88189697265625], [23.8113956451416, 124.72127532958984, 47.14924621582031, 138.90841674804688], [248.2859344482422, 106.44741821289062, 281.0194091796875, 165.74539184570312], [455.8830261230469, 36.492095947265625, 472.31097412109375, 48.42510223388672], [249.2666778564453, 123.79291534423828, 268.1619567871094, 148.4510498046875], [23.564294815063477, 111.82545471191406, 48.17032241821289, 138.85943603515625], [106.58954620361328, 89.48619079589844, 126.72817993164062, 110.49580383300781], [290.9213562011719, 117.99891662597656, 302.96710205078125, 133.20606994628906], [293.4415283203125, 129.68666076660156, 311.76751708984375, 137.00006103515625], [249.12509155273438, 105.4915771484375, 299.4803466796875, 160.39620971679688], [291.23779296875, 128.9505615234375, 313.14508056640625, 138.11241149902344], [479.2168884277344, 30.83318519592285, 489.1536865234375, 43.36628723144531], [-0.056939199566841125, 111.60431671142578, 25.52458381652832, 138.20008850097656], [290.9213562011719, 117.99891662597656, 302.96710205078125, 133.20606994628906], [31.919065475463867, 145.54559326171875, 47.41676712036133, 159.90367126464844], [248.2859344482422, 106.44741821289062, 281.0194091796875, 165.74539184570312], [248.65701293945312, 119.85400390625, 280.6847839355469, 163.11228942871094], [23.8113956451416, 124.72127532958984, 47.14924621582031, 138.90841674804688], [153.31077575683594, 82.05546569824219, 274.6474609375, 206.3478240966797], [103.12792205810547, 68.56207275390625, 106.64055633544922, 71.06477355957031], [241.35353088378906, 99.50415802001953, 275.25274658203125, 131.8616943359375], [50.65708541870117, 124.52375030517578, 95.23314666748047, 139.6068115234375], [477.7932434082031, 32.146728515625, 498.2700500488281, 53.205169677734375], [250.79238891601562, 105.59332275390625, 298.70819091796875, 150.89273071289062], [234.24073791503906, 99.9950180053711, 276.7508239746094, 151.5463409423828], [275.1960754394531, 39.283931732177734, 285.03912353515625, 48.19561004638672], [243.71141052246094, 98.98433685302734, 260.5650329589844, 114.07555389404297], [56.70670700073242, 80.83202362060547, 126.15880584716797, 110.63286590576172], [275.1960754394531, 39.283931732177734, 285.03912353515625, 48.19561004638672], [151.55091857910156, 80.70780181884766, 463.24798583984375, 291.5040588378906], [211.17762756347656, 190.6141357421875, 450.948486328125, 286.3589172363281], [0.26464834809303284, 79.92932891845703, 50.75680160522461, 107.97627258300781], [248.57554626464844, 109.68307495117188, 275.7485046386719, 151.89080810546875], [23.28594398498535, 111.56879425048828, 50.15794372558594, 159.97552490234375], [31.919065475463867, 145.54559326171875, 47.41676712036133, 159.90367126464844], [99.76919555664062, 80.05516052246094, 126.97823333740234, 110.81278991699219], [250.79238891601562, 105.59332275390625, 298.70819091796875, 150.89273071289062], [290.9213562011719, 117.99891662597656, 302.96710205078125, 133.20606994628906], [289.16357421875, 83.24608612060547, 303.0519104003906, 135.91331481933594], [57.283203125, 86.33756256103516, 123.46488189697266, 110.75579071044922]), Score: [0.966924786567688, 0.9213573932647705, 0.10773994773626328, 0.08557716757059097, 0.08070100843906403, 0.0755140408873558, 0.0715239867568016, 0.06797198206186295, 0.06651898473501205, 0.0647365003824234, 0.06260240077972412, 0.047892723232507706, 0.04566929116845131, 0.04337563365697861, 0.042293448001146317, 0.04202934354543686, 0.0411858968436718, 0.04107106477022171, 0.040060557425022125, 0.03881353139877319, 0.037725791335105896, 0.03732090815901756, 0.03705676645040512, 0.03681516647338867, 0.03545805811882019, 0.03409208729863167, 0.03342324495315552, 0.03330722451210022, 0.03297915682196617, 0.032109033316373825, 0.03206716477870941, 0.031958311796188354, 0.03194325417280197, 0.031719956547021866, 0.030752697959542274, 0.030342187732458115, 0.029812581837177277, 0.029696350917220116, 0.029050253331661224, 0.029013000428676605, 0.028771713376045227, 0.02831842564046383, 0.028298579156398773, 0.028288327157497406, 0.027609724551439285, 0.027567878365516663, 0.02754342183470726, 0.02753029577434063, 0.0274928268045187, 0.027306413277983665, 0.027302810922265053, 0.027234606444835663, 0.027185747399926186, 0.027049770578742027, 0.02653154730796814, 0.026508796960115433, 0.026021210476756096, 0.025289667770266533, 0.024929024279117584, 0.024793939664959908, 0.024786779657006264, 0.024747254326939583, 0.024610202759504318, 0.024407409131526947, 0.024294978007674217, 0.024141814559698105, 0.023657621815800667, 0.02354850247502327, 0.023347942158579826, 0.02324678562581539, 0.02305479533970356, 0.022982636466622353, 0.0228621494024992, 0.022841794416308403, 0.022827981039881706, 0.02244420349597931, 0.022388016805052757, 0.02223164215683937, 0.02223009616136551, 0.02221684344112873, 0.022202622145414352, 0.021985339000821114, 0.021978817880153656, 0.021961892023682594, 0.02181839942932129, 0.021809488534927368, 0.021727951243519783, 0.02168179117143154, 0.02167348377406597, 0.021567581221461296, 0.02132435142993927, 0.021306196227669716, 0.021258139982819557, 0.021219585090875626, 0.021158922463655472, 0.02081315778195858, 0.020689236000180244, 0.020662592723965645, 0.02064814791083336, 0.02062840573489666, 0.02056998200714588, 0.020543742924928665, 0.020428411662578583, 0.02041853778064251, 0.020351467654109, 0.020336201414465904, 0.020230375230312347, 0.020193902775645256, 0.020135890692472458, 0.02013440430164337, 0.020103739574551582, 0.020084323361516, 0.01990038901567459, 0.019893238320946693, 0.019841602072119713, 0.019820548593997955, 0.01975620724260807, 0.019751494750380516, 0.01968870684504509, 0.019582374021410942, 0.019395042210817337, 0.019313406199216843, 0.019283605739474297, 0.01916719600558281, 0.019119376316666603, 0.01888381689786911, 0.018863186240196228, 0.018804889172315598, 0.018757859244942665, 0.018569687381386757, 0.01853400096297264, 0.018363244831562042, 0.01832047663629055, 0.01826161891222, 0.018240438774228096, 0.018234344199299812, 0.018213706091046333, 0.018183544278144836, 0.01815595105290413, 0.017987342551350594, 0.017959732562303543, 0.01794866845011711, 0.017940811812877655, 0.01789468713104725, 0.017787078395485878, 0.017772629857063293, 0.017696576192975044, 0.017674267292022705, 0.01765412837266922, 0.017579780891537666, 0.017507752403616905, 0.017443807795643806, 0.017388321459293365, 0.01735585927963257, 0.01735025830566883, 0.017263928428292274, 0.017178060486912727, 0.017157673835754395, 0.017034094780683517, 0.017025979235768318, 0.017011554911732674, 0.0170015599578619, 0.016965918242931366, 0.01691674441099167, 0.016898753121495247, 0.016801314428448677, 0.01675424538552761, 0.016719434410333633, 0.01667957939207554, 0.016676444560289383, 0.016616374254226685, 0.016553247347474098, 0.016451261937618256, 0.01638919860124588, 0.016377301886677742, 0.016347043216228485, 0.016331523656845093, 0.016280699521303177, 0.01627248339354992, 0.016270224004983902, 0.016258740797638893, 0.016163742169737816, 0.016157101839780807, 0.016137950122356415, 0.016067413613200188, 0.016009094193577766, 0.015947705134749413, 0.01589692197740078, 0.015892164781689644, 0.015827776864171028, 0.01582375168800354, 0.015792593359947205, 0.015646880492568016, 0.015632858499884605, 0.01559895183891058, 0.015558656305074692, 0.015556691214442253, 0.015525183640420437, 0.01551863458007574, 0.015489455312490463, 0.015473457053303719, 0.01545298658311367, 0.015449447557330132, 0.015435896813869476, 0.015401186421513557, 0.015368710272014141, 0.0153440460562706, 0.015340120531618595, 0.015323635190725327, 0.015318132005631924, 0.015310516580939293, 0.015292820520699024, 0.015265013091266155, 0.015239751897752285, 0.015207662247121334, 0.01519948709756136, 0.015180805698037148, 0.01510994415730238, 0.015105679631233215, 0.015095963142812252, 0.015057303011417389, 0.015046339482069016, 0.015026846900582314, 0.015012145042419434, 0.014993029646575451, 0.014964106492698193, 0.014955835416913033, 0.014946411363780499, 0.014910825528204441, 0.014905216172337532, 0.01489817351102829, 0.01484757848083973, 0.014816503040492535, 0.014797220006585121, 0.014788687229156494, 0.014776894822716713, 0.014744163490831852, 0.014736095443367958, 0.014721876010298729, 0.014700767584145069, 0.014696575701236725, 0.014671587385237217, 0.01466559711843729, 0.014624270610511303, 0.01458516251295805, 0.014560448937118053, 0.014558588154613972, 0.014508221298456192, 0.014489015564322472, 0.014467882923781872, 0.014447669498622417, 0.014447405003011227, 0.014444688335061073, 0.014428093098104, 0.014414552599191666, 0.014393303543329239, 0.014389252290129662, 0.014385979622602463, 0.014368734322488308, 0.01431167684495449, 0.014302805997431278, 0.014271512627601624, 0.014254759065806866, 0.014231332577764988, 0.014206343330442905, 0.0141952745616436, 0.01419163215905428, 0.014150789938867092, 0.014146540313959122, 0.014138873666524887, 0.014137731865048409, 0.014100025407969952, 0.01404449250549078, 0.014024024829268456, 0.013991464860737324, 0.013968892395496368, 0.01396443322300911, 0.013961367309093475, 0.0139447171241045, 0.013942462392151356, 0.01391756534576416, 0.013900704681873322, 0.013855651952326298, 0.013853592798113823, 0.013762104324996471, 0.013736756518483162, 0.013687379658222198, 0.013653277419507504, 0.013649302534759045, 0.013618593104183674, 0.013598852790892124, 0.013576585799455643, 0.013575718738138676, 0.01357506774365902, 0.013536082580685616, 0.013515043072402477, 0.013467869721353054, 0.013442360796034336, 0.01337467785924673, 0.013335872441530228]

Execution time: 0.4171 sec
