Label: tensor([17,  0, 27, 27, 27, 27,  0, 27, 27,  2, 32, 11,  2,  0, 11,  2, 17, 17,
        17,  2,  2, 11,  2, 17, 17, 17, 74,  0, 27,  0, 26,  0, 17,  0, 24, 17,
        17,  0,  0,  0,  0,  0, 27,  2, 17, 17, 27, 24,  0, 67, 67, 17, 17,  2,
        26,  0,  0, 17, 17, 67, 13,  2, 17, 17, 67,  7, 24, 17,  2, 37, 17, 13,
        19,  0,  0,  0, 17,  2, 27,  0, 17, 17, 13, 17, 13,  2,  2,  2, 17, 27,
        51,  2,  0,  0, 17, 26, 17,  0, 24, 32, 16,  0,  0, 67, 17, 17,  0, 26,
        27, 17, 26,  3, 17,  2, 17,  0,  0, 67,  0, 17, 37, 17, 24, 39,  0, 27,
        67, 58,  7,  7,  0,  2, 24, 13, 16, 74,  8,  7, 17, 17,  0, 27,  7, 67,
         2, 79,  8, 39,  6,  2, 18, 17,  0, 16, 13, 14, 17, 17,  0,  0, 56,  0,
         2,  7,  0, 32,  5, 17,  0, 17,  0,  0,  0,  0, 72, 17,  0,  7,  7,  0,
        13, 26,  2,  7,  0, 67, 27, 22, 17,  2, 17, 39,  8,  2, 20, 58,  0, 15,
        67, 13, 13, 17, 26, 56, 17, 17,  2,  7, 17,  0,  2,  7, 18, 32, 49, 39,
         5, 77, 18, 14,  0, 79, 26, 17, 74, 39, 17,  0,  8, 26, 14, 17,  0, 17,
         0,  0, 17, 17, 25, 35, 16,  2,  2, 29, 27,  0, 77,  0, 27,  0, 58, 73,
        24, 24, 56, 18, 25,  2,  0, 17, 35, 65, 26, 17,  0,  0, 35, 39, 25, 27,
         2, 17,  2,  7,  0, 72,  7, 17, 40, 32,  9, 37, 17, 17,  0, 73, 25, 17,
        32,  0, 17, 19,  0, 25,  2, 24,  0,  2,  0,  0]), Box: ([24.449115753173828, 51.62525177001953, 418.9330749511719, 376.0186767578125], [213.15066528320312, 41.31563949584961, 319.6307373046875, 232.17294311523438], [285.79583740234375, 87.10763549804688, 297.670166015625, 103.68814849853516], [273.0074462890625, 86.98918151855469, 297.8194885253906, 108.02873992919922], [278.2716369628906, 86.86149597167969, 298.16571044921875, 113.83540344238281], [293.97283935546875, 86.46206665039062, 298.777099609375, 92.32994842529297], [57.901084899902344, 342.6860046386719, 69.1466064453125, 362.3694152832031], [292.2381591796875, 87.07400512695312, 297.72869873046875, 94.70134735107422], [271.00146484375, 86.51885223388672, 298.3819274902344, 121.94945526123047], [419.9825744628906, 0.2544795274734497, 447.03704833984375, 14.986462593078613], [57.901084899902344, 342.6860046386719, 69.1466064453125, 362.3694152832031], [42.32048416137695, 211.63107299804688, 154.70396423339844, 373.9891662597656], [351.85357666015625, -0.4445631802082062, 445.79473876953125, 14.336661338806152], [419.9825744628906, 0.2544795274734497, 447.03704833984375, 14.986462593078613], [158.30213928222656, 117.7820816040039, 179.64169311523438, 146.83840942382812], [387.3377990722656, -0.08619772642850876, 446.3268737792969, 14.408059120178223], [352.28570556640625, 171.52101135253906, 411.012451171875, 242.65626525878906], [177.30239868164062, 51.39915084838867, 420.703125, 246.80860900878906], [199.22068786621094, 50.502197265625, 419.5453186035156, 241.1769256591797], [251.24136352539062, -0.24450452625751495, 303.4795227050781, 9.664826393127441], [150.131591796875, -0.20154762268066406, 185.92161560058594, 7.324610710144043], [39.4173583984375, 184.37994384765625, 154.59005737304688, 373.63336181640625], [250.81002807617188, -0.23987749218940735, 273.17523193359375, 8.682557106018066], [351.47918701171875, 126.91370391845703, 412.77642822265625, 242.21751403808594], [58.07986068725586, 341.9364929199219, 218.04676818847656, 386.578125], [270.3903503417969, 52.29472351074219, 420.187744140625, 243.44613647460938], [271.7937316894531, 95.48320770263672, 281.68341064453125, 106.8675765991211], [385.5061340332031, -0.1808559149503708, 399.26513671875, 9.119114875793457], [279.5866394042969, 82.81832122802734, 299.1494445800781, 106.4021987915039], [352.28570556640625, 171.52101135253906, 411.012451171875, 242.65626525878906], [202.682861328125, 131.74061584472656, 231.8083038330078, 152.97677612304688], [148.41464233398438, 72.24683380126953, 164.3945770263672, 86.26852416992188], [164.40579223632812, 177.76441955566406, 403.3293151855469, 245.67526245117188], [384.74658203125, 173.0176544189453, 411.44512939453125, 240.0150146484375], [211.2305908203125, 85.4332275390625, 298.93426513671875, 118.4687728881836], [294.7267761230469, 52.751163482666016, 419.8286437988281, 241.6769561767578], [167.2555389404297, 157.3077850341797, 410.598876953125, 245.79519653320312], [351.47918701171875, 126.91370391845703, 412.77642822265625, 242.21751403808594], [58.07986068725586, 341.9364929199219, 218.04676818847656, 386.578125], [57.89906311035156, 340.8982849121094, 150.8074493408203, 385.799560546875], [282.513427734375, 0.12227505445480347, 303.2771911621094, 9.98837947845459], [272.29302978515625, 280.2355041503906, 285.37225341796875, 324.8368835449219], [278.8600158691406, 72.65770721435547, 288.7367248535156, 105.47743225097656], [353.97747802734375, -0.4491787254810333, 399.3097229003906, 10.200538635253906], [260.31170654296875, 118.20735168457031, 410.6490783691406, 240.78529357910156], [163.4528045654297, 51.74907302856445, 420.5187683105469, 247.66307067871094], [275.4368896484375, 72.93771362304688, 298.4576416015625, 108.07625579833984], [209.14430236816406, 95.24390411376953, 225.0817108154297, 110.94524383544922], [163.9260711669922, 352.4366149902344, 219.04666137695312, 386.5079345703125], [285.79583740234375, 87.10763549804688, 297.670166015625, 103.68814849853516], [293.97283935546875, 86.46206665039062, 298.777099609375, 92.32994842529297], [166.38394165039062, 133.7760009765625, 396.70703125, 246.83251953125], [180.54124450683594, 131.50418090820312, 399.120361328125, 244.48828125], [416.590576171875, 0.35215234756469727, 479.8543701171875, 40.248226165771484], [271.00146484375, 86.51885223388672, 298.3819274902344, 121.94945526123047], [171.86813354492188, 353.04315185546875, 218.52877807617188, 374.751220703125], [270.8084411621094, 278.40240478515625, 292.27545166015625, 364.4249572753906], [25.14899253845215, 152.28738403320312, 409.53656005859375, 370.0002746582031], [28.501203536987305, 158.10523986816406, 246.01904296875, 374.07489013671875], [271.7937316894531, 95.48320770263672, 281.68341064453125, 106.8675765991211], [41.341835021972656, 90.29454803466797, 89.369384765625, 101.807373046875], [282.513427734375, 0.12227505445480347, 303.2771911621094, 9.98837947845459], [192.4893341064453, 142.22503662109375, 230.5973358154297, 162.4539337158203], [173.98838806152344, 129.2946014404297, 410.1922607421875, 245.23509216308594], [272.029541015625, 91.10108184814453, 286.88427734375, 107.51610565185547], [351.85357666015625, -0.4445631802082062, 445.79473876953125, 14.336661338806152], [202.682861328125, 131.74061584472656, 231.8083038330078, 152.97677612304688], [182.17628479003906, 99.28765106201172, 412.0489196777344, 247.78977966308594], [268.7486572265625, -0.17387515306472778, 303.1809387207031, 9.875482559204102], [39.4173583984375, 184.37994384765625, 154.59005737304688, 373.63336181640625], [332.3067932128906, 169.85379028320312, 410.1575622558594, 242.5152130126953], [16.397388458251953, 63.116371154785156, 145.68531799316406, 98.66305541992188], [24.449115753173828, 51.62525177001953, 418.9330749511719, 376.0186767578125], [387.3377990722656, -0.08619772642850876, 446.3268737792969, 14.408059120178223], [271.6202087402344, 237.3401641845703, 293.946533203125, 363.4181213378906], [250.81002807617188, -0.23987749218940735, 273.17523193359375, 8.682557106018066], [384.74658203125, 173.0176544189453, 411.44512939453125, 240.0150146484375], [359.2245788574219, -0.35177797079086304, 397.7567138671875, 8.747495651245117], [272.029541015625, 91.10108184814453, 286.88427734375, 107.51610565185547], [57.9241828918457, 342.15509033203125, 127.18514251708984, 374.7029724121094], [26.65410614013672, 160.04747009277344, 246.8189697265625, 374.4143371582031], [171.86813354492188, 353.04315185546875, 218.52877807617188, 374.751220703125], [150.131591796875, -0.20154762268066406, 185.92161560058594, 7.324610710144043], [202.682861328125, 131.74061584472656, 231.8083038330078, 152.97677612304688], [16.757497787475586, 63.26504135131836, 140.03826904296875, 99.20323944091797], [178.4600372314453, -0.792937695980072, 270.30792236328125, 8.263826370239258], [344.7901611328125, -0.3474908471107483, 373.4680480957031, 10.714620590209961], [169.77731323242188, 339.53680419921875, 253.708984375, 376.8959045410156], [218.02391052246094, 51.931610107421875, 419.29034423828125, 239.6252899169922], [273.6649169921875, 86.68141174316406, 298.0972900390625, 112.19464111328125], [24.449115753173828, 51.62525177001953, 418.9330749511719, 376.0186767578125], [442.07977294921875, -0.35131314396858215, 479.8406982421875, 14.217503547668457], [218.02391052246094, 51.931610107421875, 419.29034423828125, 239.6252899169922], [199.22068786621094, 50.502197265625, 419.5453186035156, 241.1769256591797], [163.9260711669922, 352.4366149902344, 219.04666137695312, 386.5079345703125], [209.14430236816406, 95.24390411376953, 225.0817108154297, 110.94524383544922], [39.698326110839844, 160.42918395996094, 248.29110717773438, 375.3343811035156], [272.7119445800781, 236.15187072753906, 292.62774658203125, 325.1733093261719], [271.00146484375, 86.51885223388672, 298.3819274902344, 121.94945526123047], [57.9241828918457, 342.15509033203125, 127.18514251708984, 374.7029724121094], [58.07986068725586, 341.9364929199219, 218.04676818847656, 386.578125], [283.18670654296875, 237.0213623046875, 293.0875244140625, 274.6737976074219], [163.7555389404297, 331.686767578125, 218.98739624023438, 375.8090515136719], [292.2381591796875, 87.07400512695312, 297.72869873046875, 94.70134735107422], [310.0522155761719, 53.1046028137207, 418.48388671875, 241.50067138671875], [387.3377990722656, -0.08619772642850876, 446.3268737792969, 14.408059120178223], [385.9002380371094, -0.15987582504749298, 414.67401123046875, 10.762502670288086], [254.23805236816406, 122.71358489990234, 284.0766296386719, 150.8538360595703], [291.4338684082031, 87.45374298095703, 299.18682861328125, 102.38980102539062], [27.75723648071289, 161.53219604492188, 238.2362060546875, 374.4659423828125], [203.13455200195312, 95.99650573730469, 233.50100708007812, 153.43663024902344], [24.449115753173828, 51.62525177001953, 418.9330749511719, 376.0186767578125], [26.616411209106445, 162.61282348632812, 185.46084594726562, 374.4916687011719], [353.1100769042969, -0.22323493659496307, 373.4488220214844, 10.267992973327637], [175.89785766601562, 151.58274841308594, 265.7149353027344, 244.8246307373047], [57.44746017456055, 341.6130065917969, 88.18876647949219, 374.6776123046875], [270.1277160644531, 274.06732177734375, 306.8870544433594, 364.6770324707031], [273.0074462890625, 86.98918151855469, 297.8194885253906, 108.02873992919922], [268.7486572265625, -0.17387515306472778, 303.1809387207031, 9.875482559204102], [191.862060546875, 130.482421875, 237.193115234375, 162.78492736816406], [42.32048416137695, 211.63107299804688, 154.70396423339844, 373.9891662597656], [291.61767578125, 143.5382537841797, 410.1949462890625, 239.49179077148438], [208.92556762695312, 69.66180419921875, 254.40084838867188, 111.2831802368164], [271.00146484375, 86.51885223388672, 298.3819274902344, 121.94945526123047], [57.50395584106445, 342.11083984375, 75.94176483154297, 367.7375183105469], [271.7937316894531, 95.48320770263672, 281.68341064453125, 106.8675765991211], [278.2716369628906, 86.86149597167969, 298.16571044921875, 113.83540344238281], [138.6541290283203, 67.03997039794922, 171.12376403808594, 86.43965911865234], [27.240158081054688, 48.95341873168945, 418.27032470703125, 374.3751525878906], [150.131591796875, -0.20154762268066406, 185.92161560058594, 7.324610710144043], [139.8209686279297, 70.14641571044922, 167.37730407714844, 86.50537872314453], [248.0740966796875, 345.7507019042969, 308.6092834472656, 367.0470886230469], [203.13455200195312, 95.99650573730469, 233.50100708007812, 153.43663024902344], [442.07977294921875, -0.35131314396858215, 479.8406982421875, 14.217503547668457], [57.89906311035156, 340.8982849121094, 150.8074493408203, 385.799560546875], [293.97283935546875, 86.46206665039062, 298.777099609375, 92.32994842529297], [24.449115753173828, 51.62525177001953, 418.9330749511719, 376.0186767578125], [419.9825744628906, 0.2544795274734497, 447.03704833984375, 14.986462593078613], [27.307004928588867, 164.13063049316406, 156.56790161132812, 374.6864929199219], [169.77731323242188, 339.53680419921875, 253.708984375, 376.8959045410156], [167.19273376464844, 356.70098876953125, 197.97129821777344, 387.4759521484375], [263.35894775390625, 87.1117935180664, 300.6530456542969, 131.68247985839844], [178.4600372314453, -0.792937695980072, 270.30792236328125, 8.263826370239258], [271.5964050292969, 103.27429962158203, 288.3356628417969, 120.29850006103516], [385.9002380371094, -0.15987582504749298, 414.67401123046875, 10.762502670288086], [293.97283935546875, 86.46206665039062, 298.777099609375, 92.32994842529297], [419.9825744628906, 0.2544795274734497, 447.03704833984375, 14.986462593078613], [285.79583740234375, 87.10763549804688, 297.670166015625, 103.68814849853516], [24.449115753173828, 51.62525177001953, 418.9330749511719, 376.0186767578125], [171.86813354492188, 353.04315185546875, 218.52877807617188, 374.751220703125], [385.5061340332031, -0.1808559149503708, 399.26513671875, 9.119114875793457], [227.8804473876953, 232.32603454589844, 263.10186767578125, 253.70420837402344], [353.97747802734375, -0.4491787254810333, 399.3097229003906, 10.200538635253906], [163.9260711669922, 352.4366149902344, 219.04666137695312, 386.5079345703125], [419.9825744628906, 0.2544795274734497, 447.03704833984375, 14.986462593078613], [385.5061340332031, -0.1808559149503708, 399.26513671875, 9.119114875793457], [98.21751403808594, 152.20738220214844, 410.847900390625, 251.21803283691406], [306.0438537597656, 52.06998062133789, 418.5971374511719, 150.92344665527344], [109.85328674316406, 362.7216796875, 130.48033142089844, 382.6450500488281], [359.462158203125, 131.03306579589844, 410.2156677246094, 239.14602661132812], [419.9825744628906, 0.2544795274734497, 447.03704833984375, 14.986462593078613], [24.449115753173828, 51.62525177001953, 418.9330749511719, 376.0186767578125], [313.4509582519531, -0.8800950646400452, 371.76214599609375, 10.463529586791992], [416.590576171875, 0.35215234756469727, 479.8543701171875, 40.248226165771484], [463.7127685546875, -0.05393047630786896, 480.0394287109375, 14.012103080749512], [163.89474487304688, 332.0689392089844, 172.09580993652344, 348.6643981933594], [24.449115753173828, 51.62525177001953, 418.9330749511719, 376.0186767578125], [171.41908264160156, 225.12271118164062, 265.77667236328125, 251.3869171142578], [139.4048614501953, 352.37078857421875, 218.63385009765625, 387.062744140625], [27.240158081054688, 48.95341873168945, 418.27032470703125, 374.3751525878906], [164.39239501953125, 307.76116943359375, 173.0831756591797, 324.8170471191406], [262.509521484375, -0.31466054916381836, 280.2913513183594, 8.991841316223145], [177.30239868164062, 51.39915084838867, 420.703125, 246.80860900878906], [351.85357666015625, -0.4445631802082062, 445.79473876953125, 14.336661338806152], [24.449115753173828, 51.62525177001953, 418.9330749511719, 376.0186767578125], [95.42158508300781, 49.522369384765625, 420.6195373535156, 248.8948516845703], [169.77731323242188, 339.53680419921875, 253.708984375, 376.8959045410156], [387.3377990722656, -0.08619772642850876, 446.3268737792969, 14.408059120178223], [16.757497787475586, 63.26504135131836, 140.03826904296875, 99.20323944091797], [251.24136352539062, -0.24450452625751495, 303.4795227050781, 9.664826393127441], [441.748291015625, -0.18081699311733246, 467.15496826171875, 13.763428688049316], [211.2305908203125, 85.4332275390625, 298.93426513671875, 118.4687728881836], [58.07986068725586, 341.9364929199219, 218.04676818847656, 386.578125], [16.397388458251953, 63.116371154785156, 145.68531799316406, 98.66305541992188], [382.1195373535156, 130.50241088867188, 412.1376953125, 237.1469268798828], [278.8600158691406, 72.65770721435547, 288.7367248535156, 105.47743225097656], [285.0947570800781, 75.95978546142578, 295.6918029785156, 95.31793975830078], [24.449115753173828, 51.62525177001953, 418.9330749511719, 376.0186767578125], [176.4332275390625, 142.24542236328125, 289.44287109375, 237.50221252441406], [215.2316131591797, -1.042733073234558, 272.08642578125, 7.414822101593018], [353.0511474609375, 187.53965759277344, 400.7239685058594, 241.15744018554688], [271.7937316894531, 95.48320770263672, 281.68341064453125, 106.8675765991211], [150.131591796875, -0.20154762268066406, 185.92161560058594, 7.324610710144043], [441.748291015625, -0.18081699311733246, 467.15496826171875, 13.763428688049316], [24.449115753173828, 51.62525177001953, 418.9330749511719, 376.0186767578125], [139.8209686279297, 70.14641571044922, 167.37730407714844, 86.50537872314453], [203.13455200195312, 95.99650573730469, 233.50100708007812, 153.43663024902344], [271.00146484375, 86.51885223388672, 298.3819274902344, 121.94945526123047], [240.9180450439453, 210.489501953125, 253.21649169921875, 225.60101318359375], [178.4600372314453, -0.792937695980072, 270.30792236328125, 8.263826370239258], [471.08428955078125, 42.14863967895508, 480.2186279296875, 48.573829650878906], [351.85357666015625, -0.4445631802082062, 445.79473876953125, 14.336661338806152], [273.0074462890625, 86.98918151855469, 297.8194885253906, 108.02873992919922], [150.131591796875, -0.20154762268066406, 185.92161560058594, 7.324610710144043], [165.06781005859375, 133.41624450683594, 285.96392822265625, 321.7447204589844], [116.3607177734375, 51.72763442993164, 420.2807922363281, 248.5181884765625], [471.08428955078125, 42.14863967895508, 480.2186279296875, 48.573829650878906], [442.07977294921875, -0.35131314396858215, 479.8406982421875, 14.217503547668457], [25.907278060913086, 163.07382202148438, 186.77462768554688, 374.43414306640625], [388.59600830078125, -0.30250898003578186, 415.0377502441406, 9.993858337402344], [16.757497787475586, 63.26504135131836, 140.03826904296875, 99.20323944091797], [251.24136352539062, -0.24450452625751495, 303.4795227050781, 9.664826393127441], [419.9825744628906, 0.2544795274734497, 447.03704833984375, 14.986462593078613], [109.85328674316406, 362.7216796875, 130.48033142089844, 382.6450500488281], [57.901084899902344, 342.6860046386719, 69.1466064453125, 362.3694152832031], [57.901084899902344, 342.6860046386719, 69.1466064453125, 362.3694152832031], [351.85357666015625, -0.4445631802082062, 445.79473876953125, 14.336661338806152], [271.00146484375, 86.51885223388672, 298.3819274902344, 121.94945526123047], [282.513427734375, 0.12227505445480347, 303.2771911621094, 9.98837947845459], [419.9825744628906, 0.2544795274734497, 447.03704833984375, 14.986462593078613], [279.9797668457031, -0.36172109842300415, 306.74578857421875, 9.938688278198242], [292.2381591796875, 87.07400512695312, 297.72869873046875, 94.70134735107422], [254.79678344726562, 87.53401184082031, 297.188720703125, 149.2115478515625], [223.57937622070312, 224.20521545410156, 263.67803955078125, 253.42886352539062], [272.029541015625, 91.10108184814453, 286.88427734375, 107.51610565185547], [273.0074462890625, 86.98918151855469, 297.8194885253906, 108.02873992919922], [26.588409423828125, 225.90145874023438, 250.8212432861328, 374.2620849609375], [27.307004928588867, 164.13063049316406, 156.56790161132812, 374.6864929199219], [171.86813354492188, 353.04315185546875, 218.52877807617188, 374.751220703125], [285.79583740234375, 87.10763549804688, 297.670166015625, 103.68814849853516], [282.513427734375, 0.12227505445480347, 303.2771911621094, 9.98837947845459], [419.9825744628906, 0.2544795274734497, 447.03704833984375, 14.986462593078613], [284.10284423828125, 235.9942626953125, 292.0704345703125, 260.2208251953125], [25.905975341796875, 190.40945434570312, 400.66058349609375, 369.75604248046875], [359.2245788574219, -0.35177797079086304, 397.7567138671875, 8.747495651245117], [191.862060546875, 130.482421875, 237.193115234375, 162.78492736816406], [179.28878784179688, 51.58602523803711, 419.21466064453125, 243.45187377929688], [251.24136352539062, -0.24450452625751495, 303.4795227050781, 9.664826393127441], [58.07986068725586, 341.9364929199219, 218.04676818847656, 386.578125], [209.14430236816406, 95.24390411376953, 225.0817108154297, 110.94524383544922], [171.86813354492188, 353.04315185546875, 218.52877807617188, 374.751220703125], [163.7555389404297, 331.686767578125, 218.98739624023438, 375.8090515136719], [41.341835021972656, 90.29454803466797, 89.369384765625, 101.807373046875], [192.4893341064453, 142.22503662109375, 230.5973358154297, 162.4539337158203], [254.79678344726562, 87.53401184082031, 297.188720703125, 149.2115478515625], [223.4213104248047, 340.8565368652344, 240.5113525390625, 348.1421203613281], [254.79678344726562, 87.53401184082031, 297.188720703125, 149.2115478515625], [265.2152099609375, 0.11101903021335602, 275.5731506347656, 8.6950044631958], [286.17694091796875, 88.50650787353516, 293.73809814453125, 99.63581085205078], [138.6541290283203, 67.03997039794922, 171.12376403808594, 86.43965911865234], [-0.10327577590942383, 50.10410690307617, 13.194293022155762, 68.83843231201172], [273.0074462890625, 86.98918151855469, 297.8194885253906, 108.02873992919922], [171.86813354492188, 353.04315185546875, 218.52877807617188, 374.751220703125], [214.02456665039062, 84.68775939941406, 306.00701904296875, 138.9499969482422], [167.19273376464844, 356.70098876953125, 197.97129821777344, 387.4759521484375], [250.81002807617188, -0.23987749218940735, 273.17523193359375, 8.682557106018066], [419.9825744628906, 0.2544795274734497, 447.03704833984375, 14.986462593078613], [16.397388458251953, 63.116371154785156, 145.68531799316406, 98.66305541992188], [39.4173583984375, 184.37994384765625, 154.59005737304688, 373.63336181640625], [103.09403991699219, 161.12261962890625, 405.0384521484375, 248.2572784423828], [202.682861328125, 131.74061584472656, 231.8083038330078, 152.97677612304688], [273.0074462890625, 86.98918151855469, 297.8194885253906, 108.02873992919922], [278.2716369628906, 86.86149597167969, 298.16571044921875, 113.83540344238281], [26.196556091308594, 234.98297119140625, 191.15281677246094, 374.88665771484375], [360.3697814941406, 114.12554931640625, 370.7425537109375, 122.83844757080078], [368.1630859375, 0.019832134246826172, 398.0857849121094, 8.521891593933105], [271.00146484375, 86.51885223388672, 298.3819274902344, 121.94945526123047], [278.2716369628906, 86.86149597167969, 298.16571044921875, 113.83540344238281], [57.9241828918457, 342.15509033203125, 127.18514251708984, 374.7029724121094], [211.2305908203125, 85.4332275390625, 298.93426513671875, 118.4687728881836], [139.8209686279297, 70.14641571044922, 167.37730407714844, 86.50537872314453], [57.89906311035156, 340.8982849121094, 150.8074493408203, 385.799560546875], [279.9797668457031, -0.36172109842300415, 306.74578857421875, 9.938688278198242], [250.81002807617188, -0.23987749218940735, 273.17523193359375, 8.682557106018066], [55.97559356689453, 330.5207214355469, 69.97891235351562, 363.4991455078125], [39.4173583984375, 184.37994384765625, 154.59005737304688, 373.63336181640625], [169.77731323242188, 339.53680419921875, 253.708984375, 376.8959045410156], [23.928409576416016, 177.26498413085938, 395.65350341796875, 364.28082275390625], [271.00146484375, 86.51885223388672, 298.3819274902344, 121.94945526123047], [280.75146484375, 309.56072998046875, 294.250732421875, 322.0447692871094], [158.30213928222656, 117.7820816040039, 179.64169311523438, 146.83840942382812], [27.307004928588867, 164.13063049316406, 156.56790161132812, 374.6864929199219], [171.8402557373047, 233.7694854736328, 192.52972412109375, 250.08070373535156], [359.462158203125, 131.03306579589844, 410.2156677246094, 239.14602661132812], [163.4528045654297, 51.74907302856445, 420.5187683105469, 247.66307067871094], [271.00146484375, 86.51885223388672, 298.3819274902344, 121.94945526123047], [171.86813354492188, 353.04315185546875, 218.52877807617188, 374.751220703125], [57.901084899902344, 342.6860046386719, 69.1466064453125, 362.3694152832031], [173.88270568847656, 357.2102966308594, 195.25302124023438, 374.7684020996094], [284.6746826171875, 236.6525421142578, 291.9554138183594, 251.88414001464844], [139.4048614501953, 352.37078857421875, 218.63385009765625, 387.062744140625], [387.3377990722656, -0.08619772642850876, 446.3268737792969, 14.408059120178223], [353.0511474609375, 187.53965759277344, 400.7239685058594, 241.15744018554688], [110.56005859375, 355.4007568359375, 198.36328125, 387.0242614746094], [420.2854919433594, 8.142696380615234, 444.83795166015625, 16.00498390197754], [167.19273376464844, 356.70098876953125, 197.97129821777344, 387.4759521484375], [64.16363525390625, 354.11676025390625, 197.345703125, 389.53253173828125], [138.6541290283203, 67.03997039794922, 171.12376403808594, 86.43965911865234], [253.32916259765625, 40.91839599609375, 320.8845520019531, 226.00076293945312], [227.8804473876953, 232.32603454589844, 263.10186767578125, 253.70420837402344]), Score: [0.9696270227432251, 0.9172401428222656, 0.2185789942741394, 0.1174636036157608, 0.08288990706205368, 0.07942714542150497, 0.0758606344461441, 0.0742034837603569, 0.06928856670856476, 0.06759459525346756, 0.0659780278801918, 0.06212134659290314, 0.06066283956170082, 0.05709370970726013, 0.05419221520423889, 0.05305691435933113, 0.0475865975022316, 0.0469791442155838, 0.043450165539979935, 0.04337270185351372, 0.04204213246703148, 0.04199989512562752, 0.04146028310060501, 0.04030260071158409, 0.03982246667146683, 0.03914712741971016, 0.03827071189880371, 0.03807738795876503, 0.037769660353660583, 0.037616852670907974, 0.03754648566246033, 0.03727387636899948, 0.036935754120349884, 0.03652234748005867, 0.03632333129644394, 0.035524625331163406, 0.035269204527139664, 0.035074058920145035, 0.03500007092952728, 0.034382425248622894, 0.03396293893456459, 0.03267592191696167, 0.03225132077932358, 0.03186178207397461, 0.03150874376296997, 0.03141343593597412, 0.03078206442296505, 0.030453132465481758, 0.030441872775554657, 0.029888920485973358, 0.029864229261875153, 0.029811134561896324, 0.029803000390529633, 0.02955268882215023, 0.029433371499180794, 0.02896195650100708, 0.028926560655236244, 0.02875903621315956, 0.028734592720866203, 0.028429225087165833, 0.02818533591926098, 0.028177421540021896, 0.0280816201120615, 0.027992090210318565, 0.027791280299425125, 0.027640322223305702, 0.027621157467365265, 0.027546437457203865, 0.027247538790106773, 0.026974573731422424, 0.026861950755119324, 0.02670757658779621, 0.02650679089128971, 0.02646397426724434, 0.025843651965260506, 0.025716543197631836, 0.025535451248288155, 0.025501690804958344, 0.025214916095137596, 0.025091560557484627, 0.024997780099511147, 0.024982426315546036, 0.024846859276294708, 0.024829499423503876, 0.024683088064193726, 0.02461152896285057, 0.02457468770444393, 0.02455386333167553, 0.024515720084309578, 0.023886028677225113, 0.02368035726249218, 0.02362336404621601, 0.023577813059091568, 0.02344873733818531, 0.023308997973799706, 0.023015456274151802, 0.023014754056930542, 0.022950997576117516, 0.02285350114107132, 0.022715428844094276, 0.02248554863035679, 0.022388214245438576, 0.022364212200045586, 0.022183338180184364, 0.022127002477645874, 0.02209920436143875, 0.022095978260040283, 0.02207433059811592, 0.022059861570596695, 0.02186545357108116, 0.021700015291571617, 0.021387388929724693, 0.021344589069485664, 0.021330708637833595, 0.021323321387171745, 0.021319514140486717, 0.021231312304735184, 0.021220145747065544, 0.02096729911863804, 0.02090245857834816, 0.020892193540930748, 0.02068023942410946, 0.020641177892684937, 0.020631801337003708, 0.02059299498796463, 0.02049616351723671, 0.020451916381716728, 0.02027245983481407, 0.020194843411445618, 0.020017528906464577, 0.019978933036327362, 0.019969161599874496, 0.019862014800310135, 0.019747838377952576, 0.019685978069901466, 0.019581327214837074, 0.019502777606248856, 0.019402742385864258, 0.01935533620417118, 0.019337814301252365, 0.019324209541082382, 0.019207250326871872, 0.019108515232801437, 0.019103210419416428, 0.019089607521891594, 0.019053805619478226, 0.018990255892276764, 0.01897423341870308, 0.018931103870272636, 0.01889411173760891, 0.018883418291807175, 0.018730534240603447, 0.01867453008890152, 0.0185187216848135, 0.018353205174207687, 0.018217213451862335, 0.018197614699602127, 0.01818869635462761, 0.018161794170737267, 0.01810339093208313, 0.018030889332294464, 0.01802796497941017, 0.017845453694462776, 0.017718886956572533, 0.017608728259801865, 0.01758599281311035, 0.017558349296450615, 0.017495756968855858, 0.017463475465774536, 0.017455246299505234, 0.017371367663145065, 0.017316989600658417, 0.017183294519782066, 0.017176564782857895, 0.017131831496953964, 0.01711709052324295, 0.01709950529038906, 0.017032355070114136, 0.016991401091217995, 0.016982492059469223, 0.01696382649242878, 0.016934897750616074, 0.016898302361369133, 0.016873367130756378, 0.016868913546204567, 0.016864778473973274, 0.016831273213028908, 0.016829781234264374, 0.016790857538580894, 0.01678650453686714, 0.016780264675617218, 0.01672830991446972, 0.016682293266057968, 0.01667782850563526, 0.016660235822200775, 0.01664312742650509, 0.016571272164583206, 0.01656927540898323, 0.016426874324679375, 0.01636461727321148, 0.01632901094853878, 0.016295719891786575, 0.01626623421907425, 0.016259832307696342, 0.016228986904025078, 0.01622597873210907, 0.01619921624660492, 0.016062920913100243, 0.016036804765462875, 0.016034509986639023, 0.016033314168453217, 0.016019592061638832, 0.015980733558535576, 0.015873754397034645, 0.015868794173002243, 0.01585531421005726, 0.015835950151085854, 0.01570400968194008, 0.015633247792720795, 0.015551762655377388, 0.015509819611907005, 0.015508546493947506, 0.015504810959100723, 0.015492727048695087, 0.015470211394131184, 0.015447350218892097, 0.015419462695717812, 0.015418637543916702, 0.015415400266647339, 0.015413151122629642, 0.01541206520050764, 0.015411651693284512, 0.015383170917630196, 0.015349204652011395, 0.015347870998084545, 0.015273580327630043, 0.015268863178789616, 0.01522884238511324, 0.015210025943815708, 0.015182439237833023, 0.015165550634264946, 0.015138284303247929, 0.015137402340769768, 0.015111810527741909, 0.015063004568219185, 0.015023424290120602, 0.01502137165516615, 0.015020892024040222, 0.015010151080787182, 0.015005096793174744, 0.015000833198428154, 0.014926556497812271, 0.014908688142895699, 0.014850158244371414, 0.014750156551599503, 0.014738678932189941, 0.014720194973051548, 0.014695988968014717, 0.014683682471513748, 0.014670229516923428, 0.014664474874734879, 0.01462834607809782, 0.014614441432058811, 0.01460624486207962, 0.014553568325936794, 0.014534316025674343, 0.014513683505356312, 0.014494333416223526, 0.014464047737419605, 0.01443991158157587, 0.014387473464012146, 0.01433545257896185, 0.014296481385827065, 0.014246787875890732, 0.014234952628612518, 0.014229942113161087, 0.014217291958630085, 0.014201154932379723, 0.014171300455927849, 0.014143794775009155, 0.01412803865969181, 0.014006477780640125, 0.013941977173089981, 0.01389289740473032, 0.013859190046787262, 0.013848974369466305, 0.013828262686729431, 0.01381308026611805, 0.013811846263706684, 0.013793534599244595, 0.013684302568435669, 0.013682790100574493, 0.013654008507728577, 0.013618080876767635, 0.013558966107666492, 0.013558909296989441, 0.013482315465807915, 0.013468198478221893, 0.01344892755150795, 0.013445915654301643]

Execution time: 0.4055 sec
