Label: tensor([15, 14, 14, 14, 15, 14, 15, 15, 15, 14, 14, 14, 15, 15, 14, 15, 14, 15,
        14, 14, 14, 15, 14, 15, 15, 14, 14, 14, 14, 14, 58, 14, 14, 14, 14, 58,
        14, 14, 14, 15, 15, 14, 21, 21, 15, 21, 14, 14, 21, 14, 14, 14, 14, 18,
        14, 14, 14, 14, 46, 14, 14, 14, 18, 58, 14, 21, 14, 58, 23, 58, 15, 21,
        14, 14, 15, 14, 15, 23,  0, 15, 14, 14, 21, 46, 18, 14, 15, 19, 15, 14,
        23, 14, 58, 18, 14, 14, 14, 46, 21, 14, 23, 77, 16, 58,  0, 51, 14, 15,
        14, 18, 14, 18, 16, 15, 21, 15, 47, 18, 14, 21, 58, 15, 14, 15, 50, 14,
        14, 14, 21, 49, 14, 15, 14, 18, 16, 14, 18, 47, 46, 47, 15, 15, 14, 14,
        58, 14, 14, 14, 14, 14, 19, 58, 15, 23, 15, 13, 23, 46, 14, 23, 22, 14,
        15, 21, 46, 14, 15, 21, 58, 18, 58, 14, 14, 58, 16, 16, 77, 14, 58, 14,
         0, 39, 14, 77, 77, 46, 14, 16, 39, 20, 13, 14, 14, 23, 45, 15, 39, 15,
        13, 21, 23, 14, 23, 14, 58, 14, 18, 15, 23, 14, 15, 22, 22, 14, 14, 15,
        14, 21, 77, 14, 21, 14, 14, 14, 16, 13, 50, 14, 39, 58, 14, 46, 14, 19,
        12, 14, 58, 23, 14, 15, 14, 46, 21, 14, 15, 47, 14, 15,  0, 14, 15, 14,
        19, 47, 23, 10, 56, 20, 58, 58, 14, 47, 50, 14, 14, 23,  0,  0,  0, 14,
        14, 23, 18, 46, 56, 21, 77, 14, 47, 58, 56, 14, 17,  9, 14, 58, 20, 14,
         0, 56, 46, 23, 15, 15, 13, 14, 58, 22, 43, 46]), Box: ([136.41419982910156, 211.8529052734375, 202.7042694091797, 268.22869873046875], [136.41419982910156, 211.8529052734375, 202.7042694091797, 268.22869873046875], [195.05874633789062, 217.0203399658203, 239.60873413085938, 373.33624267578125], [103.40095520019531, 217.34768676757812, 149.61563110351562, 375.5875244140625], [103.83406829833984, 211.36715698242188, 202.34976196289062, 372.6648254394531], [103.83406829833984, 211.36715698242188, 202.34976196289062, 372.6648254394531], [135.39425659179688, 211.81919860839844, 203.25961303710938, 302.8382263183594], [104.37614440917969, 211.39071655273438, 239.71176147460938, 380.05621337890625], [136.34495544433594, 211.79151916503906, 239.68551635742188, 373.3298034667969], [135.39425659179688, 211.81919860839844, 203.25961303710938, 302.8382263183594], [136.34495544433594, 211.79151916503906, 239.68551635742188, 373.3298034667969], [104.37614440917969, 211.39071655273438, 239.71176147460938, 380.05621337890625], [133.857666015625, 211.82162475585938, 203.39215087890625, 354.4480895996094], [103.40095520019531, 217.34768676757812, 149.61563110351562, 375.5875244140625], [133.857666015625, 211.82162475585938, 203.39215087890625, 354.4480895996094], [107.30365753173828, 211.0776824951172, 201.9796905517578, 300.62384033203125], [143.16123962402344, 353.49945068359375, 193.07154846191406, 390.6656799316406], [38.349273681640625, 210.75379943847656, 202.3239288330078, 391.1404113769531], [140.70578002929688, 353.063720703125, 194.0033721923828, 407.5430908203125], [221.24412536621094, 75.9351577758789, 234.9819793701172, 110.4644546508789], [107.30365753173828, 211.0776824951172, 201.9796905517578, 300.62384033203125], [102.8729476928711, 137.56280517578125, 240.89625549316406, 384.109375], [102.45658111572266, 140.1163330078125, 154.03585815429688, 380.3707275390625], [102.91861724853516, 140.92160034179688, 206.21542358398438, 381.6947937011719], [195.05874633789062, 217.0203399658203, 239.60873413085938, 373.33624267578125], [102.91861724853516, 140.92160034179688, 206.21542358398438, 381.6947937011719], [38.349273681640625, 210.75379943847656, 202.3239288330078, 391.1404113769531], [188.42735290527344, 216.45762634277344, 288.42559814453125, 385.4714050292969], [102.8729476928711, 137.56280517578125, 240.89625549316406, 384.109375], [137.36619567871094, 138.01925659179688, 240.27972412109375, 375.0846862792969], [8.69896125793457, 345.2303466796875, 330.0006408691406, 489.9632873535156], [37.79254913330078, 215.8568572998047, 148.65423583984375, 388.82989501953125], [139.43455505371094, 118.77957916259766, 163.27947998046875, 146.47552490234375], [140.11883544921875, 353.52777099609375, 194.2657012939453, 405.44586181640625], [154.23709106445312, 364.543212890625, 183.31759643554688, 391.6081237792969], [8.385261535644531, 346.23968505859375, 330.31475830078125, 489.9988098144531], [102.08467102050781, 137.76409912109375, 153.8414764404297, 381.32696533203125], [183.5133514404297, 141.65005493164062, 212.60610961914062, 191.76840209960938], [136.48545837402344, 211.94070434570312, 203.0644073486328, 268.10968017578125], [38.500003814697266, 209.2794189453125, 238.96310424804688, 392.6337890625], [106.982666015625, 211.56239318847656, 202.61740112304688, 305.47882080078125], [170.20704650878906, 233.41073608398438, 203.89959716796875, 267.8743896484375], [103.83406829833984, 211.36715698242188, 202.34976196289062, 372.6648254394531], [136.41419982910156, 211.8529052734375, 202.7042694091797, 268.22869873046875], [37.79254913330078, 215.8568572998047, 148.65423583984375, 388.82989501953125], [135.39425659179688, 211.81919860839844, 203.25961303710938, 302.8382263183594], [145.50604248046875, 255.4454803466797, 178.88653564453125, 304.96978759765625], [69.30982208251953, 217.21127319335938, 149.2346954345703, 382.27264404296875], [104.37614440917969, 211.39071655273438, 239.71176147460938, 380.05621337890625], [152.4907989501953, 211.73423767089844, 203.61920166015625, 264.7021789550781], [138.04727172851562, 212.60621643066406, 192.45907592773438, 257.3113708496094], [104.09070587158203, 351.16253662109375, 149.70159912109375, 386.44842529296875], [104.78005981445312, 219.6710662841797, 141.49935913085938, 343.1280212402344], [136.41419982910156, 211.8529052734375, 202.7042694091797, 268.22869873046875], [159.60084533691406, 213.275634765625, 195.16273498535156, 256.52142333984375], [106.982666015625, 211.56239318847656, 202.61740112304688, 305.47882080078125], [38.500003814697266, 209.2794189453125, 238.96310424804688, 392.6337890625], [143.78097534179688, 255.89585876464844, 238.83848571777344, 383.6285400390625], [161.12767028808594, 24.281389236450195, 179.69818115234375, 49.556976318359375], [200.43218994140625, 291.3385009765625, 238.41259765625, 372.5806579589844], [104.5009536743164, 212.98268127441406, 224.8585662841797, 393.3990173339844], [104.78570556640625, 218.701904296875, 140.00038146972656, 338.7774963378906], [136.34495544433594, 211.79151916503906, 239.68551635742188, 373.3298034667969], [92.35791015625, 369.9425964355469, 329.39300537109375, 490.2664489746094], [143.72653198242188, 374.48358154296875, 168.59091186523438, 406.8341369628906], [136.34495544433594, 211.79151916503906, 239.68551635742188, 373.3298034667969], [159.98143005371094, 213.2185516357422, 202.80911254882812, 261.98004150390625], [86.39989471435547, 361.7460632324219, 329.7042541503906, 489.8846130371094], [104.37614440917969, 211.39071655273438, 239.71176147460938, 380.05621337890625], [171.37704467773438, 370.1499938964844, 329.31988525390625, 489.8572998046875], [103.62812042236328, 135.401123046875, 206.88729858398438, 381.7061767578125], [136.48545837402344, 211.94070434570312, 203.0644073486328, 268.10968017578125], [107.3439712524414, 352.07965087890625, 195.6272735595703, 389.18463134765625], [195.1958770751953, 141.72653198242188, 212.45262145996094, 190.28477478027344], [102.45658111572266, 140.1163330078125, 154.03585815429688, 380.3707275390625], [139.50912475585938, 353.0177307128906, 203.37925720214844, 393.2098388671875], [104.5009536743164, 212.98268127441406, 224.8585662841797, 393.3990173339844], [103.83406829833984, 211.36715698242188, 202.34976196289062, 372.6648254394531], [103.83406829833984, 211.36715698242188, 202.34976196289062, 372.6648254394531], [39.18288803100586, 143.69088745117188, 241.0355682373047, 395.24395751953125], [174.93960571289062, 400.0924072265625, 197.367431640625, 416.0968933105469], [145.23483276367188, 287.0656433105469, 237.87062072753906, 389.4730529785156], [133.857666015625, 211.82162475585938, 203.39215087890625, 354.4480895996094], [136.41419982910156, 211.8529052734375, 202.7042694091797, 268.22869873046875], [103.83406829833984, 211.36715698242188, 202.34976196289062, 372.6648254394531], [170.9761962890625, 254.8605194091797, 183.2674560546875, 268.0301513671875], [137.36619567871094, 138.01925659179688, 240.27972412109375, 375.0846862792969], [136.48545837402344, 211.94070434570312, 203.0644073486328, 268.10968017578125], [188.42735290527344, 216.45762634277344, 288.42559814453125, 385.4714050292969], [182.32745361328125, 233.5926513671875, 203.89309692382812, 257.6131591796875], [103.40095520019531, 217.34768676757812, 149.61563110351562, 375.5875244140625], [178.38693237304688, 212.86175537109375, 204.40077209472656, 257.5898132324219], [104.37614440917969, 211.39071655273438, 239.71176147460938, 380.05621337890625], [135.39425659179688, 211.81919860839844, 203.25961303710938, 302.8382263183594], [155.03021240234375, 365.6705627441406, 173.36279296875, 385.4542236328125], [147.1642303466797, 79.45832824707031, 155.5057830810547, 93.00674438476562], [103.62812042236328, 135.401123046875, 206.88729858398438, 381.7061767578125], [195.05874633789062, 217.0203399658203, 239.60873413085938, 373.33624267578125], [103.40095520019531, 217.34768676757812, 149.61563110351562, 375.5875244140625], [137.51780700683594, 212.92910766601562, 178.40521240234375, 257.75018310546875], [136.34495544433594, 211.79151916503906, 239.68551635742188, 373.3298034667969], [135.39425659179688, 211.81919860839844, 203.25961303710938, 302.8382263183594], [103.83406829833984, 211.36715698242188, 202.34976196289062, 372.6648254394531], [77.06807708740234, 370.5595703125, 330.4495849609375, 490.1033630371094], [103.40095520019531, 217.34768676757812, 149.61563110351562, 375.5875244140625], [174.93960571289062, 400.0924072265625, 197.367431640625, 416.0968933105469], [134.71188354492188, 80.77029418945312, 163.500732421875, 146.21678161621094], [69.30982208251953, 217.21127319335938, 149.2346954345703, 382.27264404296875], [161.12767028808594, 24.281389236450195, 179.69818115234375, 49.556976318359375], [103.40095520019531, 217.34768676757812, 149.61563110351562, 375.5875244140625], [39.18288803100586, 143.69088745117188, 241.0355682373047, 395.24395751953125], [133.857666015625, 211.82162475585938, 203.39215087890625, 354.4480895996094], [136.48545837402344, 211.94070434570312, 203.0644073486328, 268.10968017578125], [39.158077239990234, 135.831787109375, 241.2496795654297, 394.85467529296875], [107.30365753173828, 211.0776824951172, 201.9796905517578, 300.62384033203125], [104.78005981445312, 219.6710662841797, 141.49935913085938, 343.1280212402344], [174.93960571289062, 400.0924072265625, 197.367431640625, 416.0968933105469], [104.37614440917969, 211.39071655273438, 239.71176147460938, 380.05621337890625], [137.16807556152344, 212.8824005126953, 176.69004821777344, 257.5108642578125], [138.04727172851562, 212.60621643066406, 192.45907592773438, 257.3113708496094], [215.08079528808594, 372.0846252441406, 329.3807373046875, 490.0616455078125], [63.065460205078125, 211.23316955566406, 239.54327392578125, 385.40496826171875], [39.158077239990234, 135.831787109375, 241.2496795654297, 394.85467529296875], [102.08467102050781, 137.76409912109375, 153.8414764404297, 381.32696533203125], [136.41419982910156, 211.8529052734375, 202.7042694091797, 268.22869873046875], [83.57798767089844, 54.48184585571289, 94.38916015625, 80.52912902832031], [188.50120544433594, 75.48412322998047, 235.72976684570312, 143.7373046875], [140.45716857910156, 347.4344177246094, 238.83619689941406, 398.5533447265625], [38.349273681640625, 210.75379943847656, 202.3239288330078, 391.1404113769531], [174.93960571289062, 400.0924072265625, 197.367431640625, 416.0968933105469], [85.20537567138672, 138.4239044189453, 96.0249252319336, 169.1107635498047], [133.4456787109375, 210.94679260253906, 202.7607879638672, 390.5511474609375], [181.8834991455078, 231.49246215820312, 204.0892791748047, 258.6705627441406], [195.05874633789062, 217.0203399658203, 239.60873413085938, 373.33624267578125], [135.39425659179688, 211.81919860839844, 203.25961303710938, 302.8382263183594], [110.27713775634766, 354.2043762207031, 130.38943481445312, 383.0], [107.30365753173828, 211.0776824951172, 201.9796905517578, 300.62384033203125], [170.9761962890625, 254.8605194091797, 183.2674560546875, 268.0301513671875], [103.40095520019531, 217.34768676757812, 149.61563110351562, 375.5875244140625], [136.41419982910156, 211.8529052734375, 202.7042694091797, 268.22869873046875], [104.78570556640625, 218.701904296875, 140.00038146972656, 338.7774963378906], [131.1510009765625, 212.71742248535156, 240.51681518554688, 316.6209411621094], [78.09477996826172, 70.90138244628906, 92.40677642822266, 107.70307159423828], [131.1510009765625, 212.71742248535156, 240.51681518554688, 316.6209411621094], [8.273358345031738, 342.3143615722656, 210.09713745117188, 489.6933288574219], [76.8727035522461, 279.25750732421875, 89.2846450805664, 329.0667724609375], [85.02546691894531, 16.180753707885742, 239.21473693847656, 383.7388000488281], [63.065460205078125, 211.23316955566406, 239.54327392578125, 385.40496826171875], [222.11270141601562, 262.5054626464844, 239.7703857421875, 373.7998046875], [103.51887512207031, 108.8511962890625, 240.282958984375, 384.8226623535156], [136.41419982910156, 211.8529052734375, 202.7042694091797, 268.22869873046875], [38.500003814697266, 209.2794189453125, 238.96310424804688, 392.6337890625], [104.50945281982422, 211.7467803955078, 278.96734619140625, 381.1365051269531], [195.05874633789062, 217.0203399658203, 239.60873413085938, 373.33624267578125], [48.787174224853516, 212.90081787109375, 241.45068359375, 392.9122619628906], [8.69896125793457, 345.2303466796875, 330.0006408691406, 489.9632873535156], [136.41419982910156, 211.8529052734375, 202.7042694091797, 268.22869873046875], [174.93960571289062, 400.0924072265625, 197.367431640625, 416.0968933105469], [143.73590087890625, 372.7145690917969, 168.0705108642578, 400.5472106933594], [38.349273681640625, 210.75379943847656, 202.3239288330078, 391.1404113769531], [104.37614440917969, 211.39071655273438, 239.71176147460938, 380.05621337890625], [37.96038055419922, 335.85516357421875, 147.10794067382812, 400.5155334472656], [103.51887512207031, 108.8511962890625, 240.282958984375, 384.8226623535156], [38.500003814697266, 209.2794189453125, 238.96310424804688, 392.6337890625], [145.50604248046875, 255.4454803466797, 178.88653564453125, 304.96978759765625], [165.56134033203125, 226.7314453125, 193.40313720703125, 267.1947326660156], [136.48545837402344, 211.94070434570312, 203.0644073486328, 268.10968017578125], [195.05874633789062, 217.0203399658203, 239.60873413085938, 373.33624267578125], [102.8729476928711, 137.56280517578125, 240.89625549316406, 384.109375], [138.04727172851562, 212.60621643066406, 192.45907592773438, 257.3113708496094], [38.349273681640625, 210.75379943847656, 202.3239288330078, 391.1404113769531], [135.051513671875, 94.26105499267578, 162.9850616455078, 144.09136962890625], [133.4456787109375, 210.94679260253906, 202.7607879638672, 390.5511474609375], [103.83406829833984, 211.36715698242188, 202.34976196289062, 372.6648254394531], [136.41419982910156, 211.8529052734375, 202.7042694091797, 268.22869873046875], [136.34495544433594, 211.79151916503906, 239.68551635742188, 373.3298034667969], [133.857666015625, 211.82162475585938, 203.39215087890625, 354.4480895996094], [104.50945281982422, 211.7467803955078, 278.96734619140625, 381.1365051269531], [8.455909729003906, 355.8089599609375, 147.482421875, 489.7502746582031], [174.45211791992188, 251.24868774414062, 238.83572387695312, 374.2783508300781], [135.39425659179688, 211.81919860839844, 203.25961303710938, 302.8382263183594], [136.41419982910156, 211.8529052734375, 202.7042694091797, 268.22869873046875], [103.47100830078125, 352.4842224121094, 124.26740264892578, 384.59234619140625], [136.41419982910156, 211.8529052734375, 202.7042694091797, 268.22869873046875], [103.83406829833984, 211.36715698242188, 202.34976196289062, 372.6648254394531], [136.34495544433594, 211.79151916503906, 239.68551635742188, 373.3298034667969], [143.4677276611328, 130.40673828125, 212.43569946289062, 210.89279174804688], [104.37614440917969, 211.39071655273438, 239.71176147460938, 380.05621337890625], [195.05874633789062, 217.0203399658203, 239.60873413085938, 373.33624267578125], [104.37614440917969, 211.39071655273438, 239.71176147460938, 380.05621337890625], [8.385261535644531, 346.23968505859375, 330.31475830078125, 489.9988098144531], [157.60696411132812, 266.6994323730469, 177.6239776611328, 303.9862976074219], [48.787174224853516, 212.90081787109375, 241.45068359375, 392.9122619628906], [38.500003814697266, 209.2794189453125, 238.96310424804688, 392.6337890625], [143.16123962402344, 353.49945068359375, 193.07154846191406, 390.6656799316406], [145.50604248046875, 255.4454803466797, 178.88653564453125, 304.96978759765625], [103.40095520019531, 217.34768676757812, 149.61563110351562, 375.5875244140625], [221.24412536621094, 75.9351577758789, 234.9819793701172, 110.4644546508789], [104.37614440917969, 211.39071655273438, 239.71176147460938, 380.05621337890625], [102.8729476928711, 137.56280517578125, 240.89625549316406, 384.109375], [102.8729476928711, 137.56280517578125, 240.89625549316406, 384.109375], [130.47415161132812, 210.38961791992188, 178.0281982421875, 293.49017333984375], [133.857666015625, 211.82162475585938, 203.39215087890625, 354.4480895996094], [75.7442398071289, 54.573020935058594, 95.77586364746094, 113.94203186035156], [85.02546691894531, 16.180753707885742, 239.21473693847656, 383.7388000488281], [106.58013153076172, 207.3192901611328, 306.6516418457031, 388.91156005859375], [136.48545837402344, 211.94070434570312, 203.0644073486328, 268.10968017578125], [183.5133514404297, 141.65005493164062, 212.60610961914062, 191.76840209960938], [37.79254913330078, 215.8568572998047, 148.65423583984375, 388.82989501953125], [90.87214660644531, 8.166648864746094, 206.2334747314453, 144.01901245117188], [154.23709106445312, 364.543212890625, 183.31759643554688, 391.6081237792969], [136.41419982910156, 211.8529052734375, 202.7042694091797, 268.22869873046875], [103.83406829833984, 211.36715698242188, 202.34976196289062, 372.6648254394531], [82.05792999267578, 71.8587875366211, 91.34226989746094, 97.98660278320312], [270.7790832519531, 325.3252258300781, 289.2242736816406, 362.4874572753906], [152.4907989501953, 211.73423767089844, 203.61920166015625, 264.7021789550781], [28.758562088012695, 257.5071716308594, 40.711246490478516, 285.7408142089844], [106.982666015625, 211.56239318847656, 202.61740112304688, 305.47882080078125], [136.34495544433594, 211.79151916503906, 239.68551635742188, 373.3298034667969], [146.92041015625, 252.76547241210938, 184.546630859375, 268.64935302734375], [129.89083862304688, 211.3953399658203, 202.96353149414062, 308.5394287109375], [48.24574279785156, 206.6942596435547, 288.12091064453125, 392.78448486328125], [90.35191345214844, 12.762487411499023, 162.88153076171875, 143.0891571044922], [37.315650939941406, 221.0726318359375, 240.7410888671875, 398.23382568359375], [133.857666015625, 211.82162475585938, 203.39215087890625, 354.4480895996094], [103.83406829833984, 211.36715698242188, 202.34976196289062, 372.6648254394531], [103.83406829833984, 211.36715698242188, 202.34976196289062, 372.6648254394531], [130.4170379638672, 102.05882263183594, 163.17251586914062, 145.898193359375], [135.39425659179688, 211.81919860839844, 203.25961303710938, 302.8382263183594], [135.4732208251953, 79.0684814453125, 324.06536865234375, 389.2221374511719], [129.89083862304688, 211.3953399658203, 202.96353149414062, 308.5394287109375], [104.37614440917969, 211.39071655273438, 239.71176147460938, 380.05621337890625], [106.0868148803711, 301.5335388183594, 238.40748596191406, 388.21246337890625], [103.83406829833984, 211.36715698242188, 202.34976196289062, 372.6648254394531], [103.40095520019531, 217.34768676757812, 149.61563110351562, 375.5875244140625], [133.1106719970703, 136.04977416992188, 140.83578491210938, 151.19715881347656], [102.91861724853516, 140.92160034179688, 206.21542358398438, 381.6947937011719], [221.24412536621094, 75.9351577758789, 234.9819793701172, 110.4644546508789], [139.91537475585938, 55.11064529418945, 209.67420959472656, 142.9674835205078], [143.16123962402344, 353.49945068359375, 193.07154846191406, 390.6656799316406], [214.72589111328125, 366.02459716796875, 238.6990203857422, 402.2902526855469], [135.39425659179688, 211.81919860839844, 203.25961303710938, 302.8382263183594], [102.91861724853516, 140.92160034179688, 206.21542358398438, 381.6947937011719], [214.59141540527344, 366.3467712402344, 238.4008026123047, 402.5335388183594], [129.89083862304688, 211.3953399658203, 202.96353149414062, 308.5394287109375], [143.16123962402344, 353.49945068359375, 193.07154846191406, 390.6656799316406], [154.54800415039062, 365.80340576171875, 171.6221466064453, 382.6346435546875], [105.12911987304688, 166.9762725830078, 240.28623962402344, 382.3507995605469], [136.34495544433594, 211.79151916503906, 239.68551635742188, 373.3298034667969], [149.12799072265625, 118.97097778320312, 163.75462341308594, 145.7736053466797], [39.56369400024414, 140.37649536132812, 241.65402221679688, 395.35235595703125], [50.798336029052734, 208.51046752929688, 287.7038269042969, 392.86822509765625], [104.37614440917969, 211.39071655273438, 239.71176147460938, 380.05621337890625], [161.12767028808594, 24.281389236450195, 179.69818115234375, 49.556976318359375], [102.45658111572266, 140.1163330078125, 154.03585815429688, 380.3707275390625], [103.83406829833984, 211.36715698242188, 202.34976196289062, 372.6648254394531], [135.39425659179688, 211.81919860839844, 203.25961303710938, 302.8382263183594], [136.34495544433594, 211.79151916503906, 239.68551635742188, 373.3298034667969], [136.34495544433594, 211.79151916503906, 239.68551635742188, 373.3298034667969], [37.79254913330078, 215.8568572998047, 148.65423583984375, 388.82989501953125], [140.689453125, 358.5063781738281, 184.10089111328125, 389.5779113769531], [147.1642303466797, 79.45832824707031, 155.5057830810547, 93.00674438476562], [104.37614440917969, 211.39071655273438, 239.71176147460938, 380.05621337890625], [145.11691284179688, 254.4497528076172, 184.17726135253906, 303.602783203125], [139.73292541503906, 216.92930603027344, 190.87559509277344, 320.57098388671875], [135.39425659179688, 211.81919860839844, 203.25961303710938, 302.8382263183594], [104.37614440917969, 211.39071655273438, 239.71176147460938, 380.05621337890625], [133.857666015625, 211.82162475585938, 203.39215087890625, 354.4480895996094], [221.24412536621094, 75.9351577758789, 234.9819793701172, 110.4644546508789], [105.12911987304688, 166.9762725830078, 240.28623962402344, 382.3507995605469], [134.91856384277344, 256.1855773925781, 179.1119842529297, 355.01873779296875], [102.08467102050781, 137.76409912109375, 153.8414764404297, 381.32696533203125], [38.349273681640625, 210.75379943847656, 202.3239288330078, 391.1404113769531], [103.83406829833984, 211.36715698242188, 202.34976196289062, 372.6648254394531], [104.37614440917969, 211.39071655273438, 239.71176147460938, 380.05621337890625], [104.5009536743164, 212.98268127441406, 224.8585662841797, 393.3990173339844], [104.37614440917969, 211.39071655273438, 239.71176147460938, 380.05621337890625], [98.09917449951172, 351.6972351074219, 223.3426513671875, 487.7143249511719], [138.04727172851562, 212.60621643066406, 192.45907592773438, 257.3113708496094], [37.96038055419922, 335.85516357421875, 147.10794067382812, 400.5155334472656], [133.857666015625, 211.82162475585938, 203.39215087890625, 354.4480895996094], [191.43450927734375, 299.3251953125, 213.06893920898438, 392.2754821777344], [104.37614440917969, 211.39071655273438, 239.71176147460938, 380.05621337890625], [136.41419982910156, 211.8529052734375, 202.7042694091797, 268.22869873046875], [145.59384155273438, 252.71934509277344, 184.94676208496094, 285.0221252441406], [143.16123962402344, 353.49945068359375, 193.07154846191406, 390.6656799316406], [103.83406829833984, 211.36715698242188, 202.34976196289062, 372.6648254394531], [166.77130126953125, 237.3412628173828, 192.53355407714844, 267.7637939453125], [136.41419982910156, 211.8529052734375, 202.7042694091797, 268.22869873046875], [136.34495544433594, 211.79151916503906, 239.68551635742188, 373.3298034667969], [143.16123962402344, 353.49945068359375, 193.07154846191406, 390.6656799316406], [102.91861724853516, 140.92160034179688, 206.21542358398438, 381.6947937011719], [137.51780700683594, 212.92910766601562, 178.40521240234375, 257.75018310546875], [140.70578002929688, 353.063720703125, 194.0033721923828, 407.5430908203125], [103.40095520019531, 217.34768676757812, 149.61563110351562, 375.5875244140625], [112.20288848876953, 36.20282745361328, 162.60707092285156, 143.13458251953125], [135.39425659179688, 211.81919860839844, 203.25961303710938, 302.8382263183594], [136.34495544433594, 211.79151916503906, 239.68551635742188, 373.3298034667969], [195.05874633789062, 217.0203399658203, 239.60873413085938, 373.33624267578125], [279.656494140625, 287.5011291503906, 295.00439453125, 303.2314453125]), Score: [0.3629138469696045, 0.3235153257846832, 0.29980742931365967, 0.25869351625442505, 0.25069814920425415, 0.19858063757419586, 0.19649380445480347, 0.19429782032966614, 0.173597052693367, 0.1691960245370865, 0.16465428471565247, 0.1509147584438324, 0.13388791680335999, 0.125778928399086, 0.11755666136741638, 0.10245900601148605, 0.09217607229948044, 0.09118475019931793, 0.08605550974607468, 0.08367634564638138, 0.08340733498334885, 0.08284127712249756, 0.0750507041811943, 0.07342629134654999, 0.07029498368501663, 0.0686759427189827, 0.06810653209686279, 0.06799288839101791, 0.067958764731884, 0.06662426143884659, 0.06611517071723938, 0.06435789167881012, 0.06386164575815201, 0.06355942785739899, 0.06187852844595909, 0.0593944787979126, 0.059169549494981766, 0.05827860161662102, 0.057547587901353836, 0.057229720056056976, 0.05697067454457283, 0.053940869867801666, 0.0535983107984066, 0.05289334058761597, 0.05259276181459427, 0.052242640405893326, 0.05141246318817139, 0.04978670924901962, 0.049655407667160034, 0.04965260252356529, 0.04959668591618538, 0.048840805888175964, 0.04756075516343117, 0.04719787836074829, 0.04686018452048302, 0.04612956941127777, 0.04564693570137024, 0.04528505355119705, 0.044937822967767715, 0.044088609516620636, 0.043540071696043015, 0.04353078082203865, 0.04304014891386032, 0.04283050075173378, 0.042782947421073914, 0.04164218530058861, 0.04130095988512039, 0.04115315154194832, 0.04086906462907791, 0.04066711291670799, 0.04035886004567146, 0.04024142399430275, 0.039408400654792786, 0.039286959916353226, 0.03920423984527588, 0.03820130601525307, 0.03814668208360672, 0.03805353492498398, 0.037887923419475555, 0.037882719188928604, 0.0376899391412735, 0.03746523708105087, 0.037235356867313385, 0.037096746265888214, 0.03708477318286896, 0.03695819154381752, 0.03686493635177612, 0.03681875392794609, 0.03670325502753258, 0.03610297292470932, 0.035781871527433395, 0.035626672208309174, 0.03561165928840637, 0.03510349243879318, 0.03506627306342125, 0.03494168072938919, 0.034939974546432495, 0.034928061068058014, 0.033822767436504364, 0.03348403051495552, 0.03288627043366432, 0.03275175765156746, 0.03194042295217514, 0.03183538839221001, 0.03177041932940483, 0.03170211613178253, 0.03165782243013382, 0.03157827630639076, 0.03157435357570648, 0.031427714973688126, 0.031309157609939575, 0.031206537038087845, 0.03106129728257656, 0.031038330867886543, 0.03092760220170021, 0.030841102823615074, 0.030244717374444008, 0.029941854998469353, 0.02967771887779236, 0.02935328148305416, 0.0293265487998724, 0.029292503371834755, 0.028986291959881783, 0.02849927544593811, 0.028470555320382118, 0.02833620086312294, 0.028287403285503387, 0.02822096087038517, 0.02815200947225094, 0.027912486344575882, 0.027897417545318604, 0.027767829596996307, 0.027741605415940285, 0.027622783556580544, 0.027594301849603653, 0.027444779872894287, 0.02738206461071968, 0.027332039549946785, 0.027190648019313812, 0.026797452941536903, 0.02666109800338745, 0.026546001434326172, 0.026468729600310326, 0.026417244225740433, 0.02624495141208172, 0.026089154183864594, 0.026088353246450424, 0.025775065645575523, 0.025700515136122704, 0.025677016004920006, 0.02562585286796093, 0.02557789720594883, 0.025564828887581825, 0.02553250826895237, 0.02544155716896057, 0.0251565333455801, 0.025146394968032837, 0.02514290064573288, 0.025141241028904915, 0.024967031553387642, 0.02481106109917164, 0.024805787950754166, 0.02480221353471279, 0.02478567510843277, 0.02477617934346199, 0.02476479299366474, 0.024638153612613678, 0.024624217301607132, 0.024553893133997917, 0.024538308382034302, 0.02448430098593235, 0.024327879771590233, 0.024306606501340866, 0.024256158620119095, 0.02384643629193306, 0.023699305951595306, 0.023633018136024475, 0.023627275601029396, 0.023615753278136253, 0.02341694012284279, 0.023365026339888573, 0.02330322563648224, 0.023222312331199646, 0.02314147539436817, 0.023078761994838715, 0.02299969643354416, 0.02288176864385605, 0.02287849597632885, 0.022862762212753296, 0.022807089611887932, 0.02272067964076996, 0.022518262267112732, 0.022472890093922615, 0.022393006831407547, 0.022388596087694168, 0.022284792736172676, 0.022229516878724098, 0.02219919115304947, 0.022170009091496468, 0.0219598188996315, 0.02194145880639553, 0.0218767412006855, 0.021454518660902977, 0.02143504098057747, 0.021378766745328903, 0.021326962858438492, 0.02125079371035099, 0.0212370865046978, 0.021083684638142586, 0.021059567108750343, 0.02098076418042183, 0.02094547636806965, 0.0207319688051939, 0.020660176873207092, 0.020622484385967255, 0.02056218683719635, 0.02053772658109665, 0.020496848970651627, 0.020406560972332954, 0.020280588418245316, 0.020167235285043716, 0.020158911123871803, 0.020127668976783752, 0.02011064440011978, 0.019972501322627068, 0.019908452406525612, 0.01990598812699318, 0.019885551184415817, 0.019878126680850983, 0.019732913002371788, 0.019639549776911736, 0.019632119685411453, 0.019622545689344406, 0.01961512677371502, 0.01952158845961094, 0.0194656103849411, 0.019449779763817787, 0.019364621490240097, 0.019351156428456306, 0.019320961087942123, 0.019295107573270798, 0.0192800834774971, 0.019249312579631805, 0.019231973215937614, 0.01922617480158806, 0.019203856587409973, 0.019178953021764755, 0.01904970407485962, 0.01900232769548893, 0.018962357193231583, 0.01894676871597767, 0.018945705145597458, 0.01893775723874569, 0.01893121935427189, 0.018878553062677383, 0.01886916160583496, 0.01883959397673607, 0.018813885748386383, 0.018740475177764893, 0.018725845962762833, 0.018707331269979477, 0.018632348626852036, 0.01858118362724781, 0.018568936735391617, 0.018523728474974632, 0.018512830138206482, 0.018504349514842033, 0.018490679562091827, 0.018484843894839287, 0.018474193289875984, 0.018467269837856293, 0.018460514023900032, 0.0184529609978199, 0.018438534811139107, 0.01840895228087902, 0.018395334482192993, 0.01833384297788143, 0.018288003280758858, 0.018244914710521698, 0.018174344673752785, 0.018136128783226013, 0.01812819577753544, 0.018072275444865227, 0.01806086115539074, 0.018016260117292404, 0.017945189028978348, 0.017902810126543045, 0.01786217652261257, 0.017861582338809967, 0.017860662192106247, 0.017853043973445892, 0.01785198226571083, 0.017814965918660164, 0.01775912567973137, 0.017715459689497948, 0.017687609419226646, 0.017683517187833786, 0.017670443281531334, 0.017658578231930733, 0.01762871816754341]

Execution time: 0.4050 sec
