Label: tensor([ 4,  0,  0,  0,  0,  0,  0,  0,  0,  0,  0,  0,  0,  0,  0,  0,  0,  0,
         0,  0,  0,  0,  0,  0,  0,  0,  0,  0,  0,  0,  0, 16,  0,  0,  8,  0,
         0,  0,  0,  0,  0,  0, 56,  4, 24,  0, 33,  0, 32,  0,  0,  0,  0, 16,
         0,  0,  0,  0, 61, 11, 14, 15,  9,  0, 33,  0,  0,  0,  0, 14, 11,  0,
         0,  0,  0,  0,  0,  0,  0,  9,  0,  4, 18, 27,  0,  4,  9,  0, 26,  0,
         0,  0,  0,  0,  0,  0, 32,  0,  0,  0,  0,  2,  0, 15, 64,  4,  0,  0,
         4,  4, 38, 77, 79,  0,  0,  0,  0,  3, 35,  0, 14,  4, 34,  2,  0,  4,
         9, 77,  4,  7,  0,  9, 13,  0,  4,  4, 17, 37,  4, 24,  4,  4,  0,  0,
        32, 32,  2,  0,  9,  7, 28, 44, 31, 24,  4,  7,  7,  0,  7,  0, 26,  4,
         0, 56,  0,  4,  4,  1,  3,  4, 55, 17,  0, 37, 36,  4, 10,  4, 59,  0,
        27,  0, 16,  0, 37,  9,  7,  4, 14,  2, 77,  4,  7,  0,  4,  0, 24, 61,
         5, 67,  4,  4,  7,  0,  0,  4, 56, 16, 39,  0,  2, 26,  7,  8,  8, 40,
         0,  4, 28,  2, 18,  0,  4, 14,  4, 14,  0,  0,  2,  4, 16,  0, 25,  4,
         0, 16,  4, 24,  4, 39,  0, 32,  0,  8, 14, 20, 39, 24,  0,  0, 31, 36,
         4, 63,  4,  9,  1, 11,  4,  4, 14, 26,  9,  7,  4, 38,  3,  0,  0, 36,
         0, 56,  3,  4,  4,  2, 11,  7,  2,  0,  4,  8,  0,  0, 74, 62,  4,  0,
         4, 16,  4,  4,  0, 14,  4,  0,  9,  0,  4, 28]), Box: ([95.60982513427734, 69.8488998413086, 440.6899108886719, 208.2301788330078], [352.6136169433594, 92.33087158203125, 367.25408935546875, 104.34845733642578], [330.6611022949219, 94.65563201904297, 349.8922424316406, 104.98204040527344], [363.4827880859375, 94.06546020507812, 377.3899841308594, 103.50614929199219], [331.3658142089844, 135.4696807861328, 351.1126708984375, 191.04966735839844], [331.8793029785156, 135.63778686523438, 349.9650573730469, 157.96267700195312], [331.183837890625, 91.94274139404297, 374.8841247558594, 105.18717193603516], [359.6769104003906, 93.21561431884766, 370.05352783203125, 103.65824127197266], [352.4743347167969, 93.24244689941406, 361.3322448730469, 104.46401977539062], [330.7308654785156, 92.12504577636719, 360.41021728515625, 105.18914794921875], [329.5008239746094, 94.16606903076172, 356.2060852050781, 105.22264862060547], [483.91650390625, 260.3218688964844, 499.8408203125, 291.0484619140625], [331.5695495605469, 135.5038299560547, 344.772705078125, 158.9025115966797], [320.8144226074219, 92.25975036621094, 382.098388671875, 106.57511138916016], [359.67327880859375, 92.88414001464844, 372.9477844238281, 103.68461608886719], [324.1298828125, 135.3452911376953, 355.0977783203125, 190.3380584716797], [332.34893798828125, 135.54200744628906, 390.0566101074219, 157.16549682617188], [332.013427734375, 135.69387817382812, 342.11688232421875, 156.7400360107422], [318.7846374511719, 94.69174194335938, 355.97418212890625, 190.48193359375], [359.6336975097656, 111.24722290039062, 370.9178466796875, 120.81329345703125], [351.4700012207031, 92.00867462158203, 376.51263427734375, 119.84060668945312], [317.8843688964844, 93.88923645019531, 351.8144226074219, 106.75086975097656], [328.6039123535156, 91.99262237548828, 366.9853820800781, 105.39610290527344], [347.65130615234375, 96.56080627441406, 357.9546203613281, 104.72869873046875], [354.8089904785156, 92.29371643066406, 361.6472473144531, 99.32881164550781], [362.505859375, 197.4796600341797, 377.44940185546875, 220.19822692871094], [479.7686767578125, 260.1627197265625, 500.1982421875, 291.0272521972656], [78.84532928466797, 269.90997314453125, 87.64385223388672, 281.9501953125], [332.1522216796875, 135.40296936035156, 341.90521240234375, 148.2824249267578], [331.8576354980469, 135.46763610839844, 343.1606750488281, 152.67323303222656], [371.0318298339844, 95.84371948242188, 381.1003112792969, 102.91523742675781], [352.6136169433594, 92.33087158203125, 367.25408935546875, 104.34845733642578], [318.8637390136719, 94.00727844238281, 354.5445861816406, 122.4120864868164], [99.51066589355469, 141.3903350830078, 117.03901672363281, 155.25711059570312], [95.65375518798828, 70.62752532958984, 440.2560729980469, 208.51661682128906], [332.16180419921875, 135.4973602294922, 341.2910461425781, 148.06549072265625], [349.1504821777344, 98.2910385131836, 358.28973388671875, 104.67356872558594], [319.7831115722656, 112.70121765136719, 328.7756042480469, 122.3271255493164], [304.0009765625, 135.50865173339844, 351.56011962890625, 182.96926879882812], [358.2720947265625, 111.77782440185547, 367.9016418457031, 120.85420989990234], [343.637451171875, 96.5550537109375, 353.9308776855469, 104.74962615966797], [373.3003234863281, 97.26112365722656, 384.39434814453125, 103.2869644165039], [330.6611022949219, 94.65563201904297, 349.8922424316406, 104.98204040527344], [95.65375518798828, 70.62752532958984, 440.2560729980469, 208.51661682128906], [330.6611022949219, 94.65563201904297, 349.8922424316406, 104.98204040527344], [332.1783752441406, 135.44818115234375, 341.3153076171875, 147.18551635742188], [95.65375518798828, 70.62752532958984, 440.2560729980469, 208.51661682128906], [320.79498291015625, 91.86238861083984, 382.3373718261719, 121.6043472290039], [377.70751953125, 139.65304565429688, 389.92901611328125, 147.07728576660156], [377.70751953125, 139.65304565429688, 389.92901611328125, 147.07728576660156], [364.71820068359375, 94.7832260131836, 374.3957824707031, 103.418701171875], [351.3521728515625, 86.7575912475586, 378.2495422363281, 104.60015106201172], [357.4048767089844, 93.22367858886719, 383.87322998046875, 118.3037338256836], [330.6611022949219, 94.65563201904297, 349.8922424316406, 104.98204040527344], [274.0146789550781, 135.4201202392578, 351.9536437988281, 191.77320861816406], [374.8239440917969, 132.7097930908203, 389.7718505859375, 147.1951904296875], [364.80914306640625, 139.3804473876953, 390.0616760253906, 148.51675415039062], [361.9840393066406, 111.55728912353516, 371.21502685546875, 120.6374740600586], [95.60982513427734, 69.8488998413086, 440.6899108886719, 208.2301788330078], [105.9061279296875, 271.7016296386719, 118.41761779785156, 280.3826599121094], [330.6611022949219, 94.65563201904297, 349.8922424316406, 104.98204040527344], [352.6136169433594, 92.33087158203125, 367.25408935546875, 104.34845733642578], [488.4172668457031, 95.81465148925781, 499.98785400390625, 113.38935089111328], [365.1742858886719, 132.6925506591797, 389.579833984375, 148.10232543945312], [95.60982513427734, 69.8488998413086, 440.6899108886719, 208.2301788330078], [363.9925231933594, 139.53390502929688, 390.10137939453125, 148.69046020507812], [373.5752868652344, 97.78677368164062, 383.50518798828125, 103.32190704345703], [349.17376708984375, 193.93621826171875, 380.18939208984375, 219.96400451660156], [312.6024475097656, 135.28692626953125, 348.693359375, 162.6818389892578], [95.65375518798828, 70.62752532958984, 440.2560729980469, 208.51661682128906], [78.84532928466797, 269.90997314453125, 87.64385223388672, 281.9501953125], [329.94158935546875, 94.1497573852539, 357.4107666015625, 105.22798156738281], [355.355224609375, 92.90157318115234, 383.51116943359375, 119.27059936523438], [375.6524963378906, 107.04281616210938, 385.0877380371094, 115.02324676513672], [373.2840270996094, 106.02902221679688, 388.0617370605469, 123.05923461914062], [368.4989318847656, 132.3517303466797, 386.388427734375, 147.25096130371094], [488.4172668457031, 95.81465148925781, 499.98785400390625, 113.38935089111328], [206.49972534179688, 150.65968322753906, 219.95106506347656, 158.1538848876953], [466.5845031738281, 259.2090148925781, 500.41925048828125, 290.9939880371094], [489.33782958984375, 102.6330795288086, 499.8876037597656, 113.14195251464844], [364.2783508300781, 132.74830627441406, 384.9024963378906, 148.03956604003906], [0.13810396194458008, 158.6666717529297, 500.13262939453125, 290.7013854980469], [78.84532928466797, 269.90997314453125, 87.64385223388672, 281.9501953125], [330.6611022949219, 94.65563201904297, 349.8922424316406, 104.98204040527344], [371.0499267578125, 97.22212982177734, 378.6258239746094, 102.9867935180664], [318.9576416015625, 91.07935333251953, 439.62127685546875, 125.85051727294922], [99.51066589355469, 141.3903350830078, 117.03901672363281, 155.25711059570312], [435.84808349609375, 196.18519592285156, 451.94635009765625, 222.6405029296875], [330.6611022949219, 94.65563201904297, 349.8922424316406, 104.98204040527344], [432.62066650390625, 205.4445037841797, 441.0340576171875, 223.6934051513672], [319.62835693359375, 112.27102661132812, 330.05584716796875, 122.2999267578125], [313.0667724609375, 142.41165161132812, 322.0008544921875, 149.5064239501953], [331.1559753417969, 95.62545776367188, 346.90966796875, 104.99115753173828], [123.30744171142578, 201.7392120361328, 131.9436492919922, 213.23423767089844], [337.62109375, 92.17530822753906, 372.4933776855469, 104.91876220703125], [489.33782958984375, 102.6330795288086, 499.8876037597656, 113.14195251464844], [78.84532928466797, 269.90997314453125, 87.64385223388672, 281.9501953125], [486.7242431640625, 275.28302001953125, 500.1331481933594, 291.1100158691406], [352.94952392578125, 92.69193267822266, 365.3689270019531, 106.517822265625], [433.34344482421875, 210.97447204589844, 440.6031799316406, 223.67947387695312], [376.8804931640625, 99.28457641601562, 384.1940002441406, 103.39690399169922], [105.9061279296875, 271.7016296386719, 118.41761779785156, 280.3826599121094], [337.6515197753906, 139.35604858398438, 347.36279296875, 150.71282958984375], [330.6611022949219, 94.65563201904297, 349.8922424316406, 104.98204040527344], [95.60982513427734, 69.8488998413086, 440.6899108886719, 208.2301788330078], [-1.0576993227005005, 1.1181249618530273, 498.93731689453125, 289.79840087890625], [270.5706481933594, 134.5851287841797, 351.56756591796875, 204.50634765625], [366.9281311035156, 94.13451385498047, 384.7024841308594, 103.38138580322266], [98.45397186279297, 136.77035522460938, 399.0290222167969, 207.5101776123047], [260.71478271484375, 91.70771789550781, 438.2470703125, 160.93002319335938], [95.60982513427734, 69.8488998413086, 440.6899108886719, 208.2301788330078], [352.6136169433594, 92.33087158203125, 367.25408935546875, 104.34845733642578], [95.60982513427734, 69.8488998413086, 440.6899108886719, 208.2301788330078], [144.08248901367188, 134.67105102539062, 156.88427734375, 142.7672882080078], [156.18670654296875, 137.8736114501953, 167.370849609375, 144.5419464111328], [493.821044921875, 260.3524169921875, 500.22650146484375, 277.0007629394531], [330.3559265136719, 136.10923767089844, 352.40252685546875, 190.36715698242188], [95.60982513427734, 69.8488998413086, 440.6899108886719, 208.2301788330078], [99.51066589355469, 141.3903350830078, 117.03901672363281, 155.25711059570312], [205.48558044433594, 150.62242126464844, 218.6978759765625, 158.384765625], [352.6136169433594, 92.33087158203125, 367.25408935546875, 104.34845733642578], [100.78239440917969, 70.20097351074219, 439.1294250488281, 155.40382385253906], [95.60982513427734, 69.8488998413086, 440.6899108886719, 208.2301788330078], [320.8144226074219, 92.25975036621094, 382.098388671875, 106.57511138916016], [226.81314086914062, 145.8533477783203, 243.9044952392578, 153.2069549560547], [317.2265319824219, 90.90823364257812, 439.7154541015625, 155.11178588867188], [362.505859375, 197.4796600341797, 377.44940185546875, 220.19822692871094], [95.60982513427734, 69.8488998413086, 440.6899108886719, 208.2301788330078], [-1.0232925415039062, -0.00862911343574524, 498.9717102050781, 290.54486083984375], [466.5845031738281, 259.2090148925781, 500.41925048828125, 290.9939880371094], [330.85693359375, 135.16098022460938, 350.1299743652344, 190.69320678710938], [483.91650390625, 260.3218688964844, 499.8408203125, 291.0484619140625], [105.9061279296875, 271.7016296386719, 118.41761779785156, 280.3826599121094], [331.44781494140625, 135.88528442382812, 354.6758728027344, 158.10227966308594], [320.8144226074219, 92.25975036621094, 382.098388671875, 106.57511138916016], [-0.5647093057632446, 68.5603256225586, 499.4302978515625, 291.2839660644531], [330.6611022949219, 94.65563201904297, 349.8922424316406, 104.98204040527344], [95.65375518798828, 70.62752532958984, 440.2560729980469, 208.51661682128906], [322.6448059082031, 90.4339828491211, 436.0219421386719, 110.88314819335938], [331.1559753417969, 95.62545776367188, 346.90966796875, 104.99115753173828], [0.26348233222961426, 152.4517364501953, 500.2499694824219, 290.1920471191406], [0.32357871532440186, 199.79562377929688, 500.17755126953125, 290.776611328125], [390.3485412597656, 181.005859375, 408.1434631347656, 195.8269500732422], [328.33544921875, 109.47077178955078, 352.3881530761719, 156.26910400390625], [95.60982513427734, 69.8488998413086, 440.6899108886719, 208.2301788330078], [105.9061279296875, 271.7016296386719, 118.41761779785156, 280.3826599121094], [95.65375518798828, 70.62752532958984, 440.2560729980469, 208.51661682128906], [105.9061279296875, 271.7016296386719, 118.41761779785156, 280.3826599121094], [491.7359924316406, 104.89566802978516, 499.94140625, 113.19203186035156], [320.8144226074219, 92.25975036621094, 382.098388671875, 106.57511138916016], [483.91650390625, 260.3218688964844, 499.8408203125, 291.0484619140625], [95.60982513427734, 69.8488998413086, 440.6899108886719, 208.2301788330078], [95.65375518798828, 70.62752532958984, 440.2560729980469, 208.51661682128906], [363.4827880859375, 94.06546020507812, 377.3899841308594, 103.50614929199219], [-0.43417513370513916, 128.2614288330078, 499.5608215332031, 290.54595947265625], [43.88798904418945, 251.71786499023438, 497.95745849609375, 290.89508056640625], [95.60982513427734, 69.8488998413086, 440.6899108886719, 208.2301788330078], [373.16412353515625, 99.72206115722656, 385.17266845703125, 114.51310729980469], [483.91650390625, 260.3218688964844, 499.8408203125, 291.0484619140625], [352.14569091796875, 111.67487335205078, 363.2459411621094, 121.02890014648438], [486.7242431640625, 275.28302001953125, 500.1331481933594, 291.1100158691406], [274.0146789550781, 135.4201202392578, 351.9536437988281, 191.77320861816406], [322.59869384765625, 110.38678741455078, 341.5345458984375, 123.50735473632812], [352.6136169433594, 92.33087158203125, 367.25408935546875, 104.34845733642578], [98.42806243896484, 141.44454956054688, 120.62833404541016, 158.83102416992188], [466.5845031738281, 259.2090148925781, 500.41925048828125, 290.9939880371094], [0.5409717559814453, 212.6213836669922, 500.520751953125, 290.8332214355469], [483.91650390625, 260.3218688964844, 499.8408203125, 291.0484619140625], [320.8144226074219, 92.25975036621094, 382.098388671875, 106.57511138916016], [318.7856140136719, 91.40206909179688, 439.8580322265625, 192.52108764648438], [95.60982513427734, 69.8488998413086, 440.6899108886719, 208.2301788330078], [352.6136169433594, 92.33087158203125, 367.25408935546875, 104.34845733642578], [331.8166198730469, 136.19137573242188, 357.7005920410156, 157.2990264892578], [95.60982513427734, 69.8488998413086, 440.6899108886719, 208.2301788330078], [95.60982513427734, 69.8488998413086, 440.6899108886719, 208.2301788330078], [43.88798904418945, 251.71786499023438, 497.95745849609375, 290.89508056640625], [78.84532928466797, 269.90997314453125, 87.64385223388672, 281.9501953125], [96.1401596069336, 126.57337951660156, 392.39288330078125, 207.06234741210938], [95.60982513427734, 69.8488998413086, 440.6899108886719, 208.2301788330078], [138.6765594482422, 156.8934326171875, 150.34925842285156, 163.32379150390625], [95.60982513427734, 69.8488998413086, 440.6899108886719, 208.2301788330078], [331.92718505859375, 155.9711151123047, 340.2379150390625, 168.11541748046875], [331.183837890625, 91.94274139404297, 374.8841247558594, 105.18717193603516], [335.9393615722656, 137.62808227539062, 386.6866149902344, 155.53463745117188], [330.6611022949219, 94.65563201904297, 349.8922424316406, 104.98204040527344], [331.8793029785156, 135.63778686523438, 349.9650573730469, 157.96267700195312], [158.61199951171875, 252.3379669189453, 498.10552978515625, 290.997314453125], [1.5168040990829468, 225.70803833007812, 498.1342468261719, 291.0543518066406], [95.60982513427734, 69.8488998413086, 440.6899108886719, 208.2301788330078], [320.79498291015625, 91.86238861083984, 382.3373718261719, 121.6043472290039], [330.6611022949219, 94.65563201904297, 349.8922424316406, 104.98204040527344], [1.220807433128357, 220.15321350097656, 500.7490539550781, 290.7647705078125], [479.7686767578125, 260.1627197265625, 500.1982421875, 291.0272521972656], [119.3416748046875, 118.72118377685547, 161.5454864501953, 145.2381591796875], [139.19227600097656, 145.65476989746094, 305.70654296875, 207.66015625], [491.7359924316406, 104.89566802978516, 499.94140625, 113.19203186035156], [99.51066589355469, 141.3903350830078, 117.03901672363281, 155.25711059570312], [78.84532928466797, 269.90997314453125, 87.64385223388672, 281.9501953125], [95.60982513427734, 69.8488998413086, 440.6899108886719, 208.2301788330078], [330.6611022949219, 94.65563201904297, 349.8922424316406, 104.98204040527344], [96.4199447631836, 128.2335205078125, 390.8050537109375, 206.22891235351562], [331.3658142089844, 135.4696807861328, 351.1126708984375, 191.04966735839844], [105.9061279296875, 271.7016296386719, 118.41761779785156, 280.3826599121094], [331.2784118652344, 95.5759048461914, 349.6596984863281, 105.1727294921875], [95.65375518798828, 70.62752532958984, 440.2560729980469, 208.51661682128906], [-0.8815079927444458, 70.40890502929688, 499.1129150390625, 250.7601318359375], [483.91650390625, 260.3218688964844, 499.8408203125, 291.0484619140625], [352.4743347167969, 93.24244689941406, 361.3322448730469, 104.46401977539062], [359.6769104003906, 93.21561431884766, 370.05352783203125, 103.65824127197266], [140.16305541992188, 186.52828979492188, 165.86212158203125, 207.1380157470703], [489.33782958984375, 102.6330795288086, 499.8876037597656, 113.14195251464844], [331.1559753417969, 95.62545776367188, 346.90966796875, 104.99115753173828], [423.6654968261719, 258.33856201171875, 500.1146240234375, 291.06982421875], [320.8144226074219, 92.25975036621094, 382.098388671875, 106.57511138916016], [95.60982513427734, 69.8488998413086, 440.6899108886719, 208.2301788330078], [95.60982513427734, 69.8488998413086, 440.6899108886719, 208.2301788330078], [141.9150848388672, 120.2066879272461, 159.2339630126953, 133.15028381347656], [332.34893798828125, 135.54200744628906, 390.0566101074219, 157.16549682617188], [330.6611022949219, 94.65563201904297, 349.8922424316406, 104.98204040527344], [488.4172668457031, 95.81465148925781, 499.98785400390625, 113.38935089111328], [330.6611022949219, 94.65563201904297, 349.8922424316406, 104.98204040527344], [317.2801818847656, 134.79776000976562, 329.2150573730469, 149.57247924804688], [160.51942443847656, 144.48072814941406, 344.1212158203125, 207.68984985351562], [319.7831115722656, 112.70121765136719, 328.7756042480469, 122.3271255493164], [0.7980018854141235, 72.96837615966797, 268.42974853515625, 204.81370544433594], [78.84532928466797, 269.90997314453125, 87.64385223388672, 281.9501953125], [337.22088623046875, 141.99429321289062, 348.6224060058594, 154.16915893554688], [485.69488525390625, 262.13604736328125, 500.033447265625, 291.31597900390625], [95.60982513427734, 69.8488998413086, 440.6899108886719, 208.2301788330078], [96.4742431640625, 70.59284210205078, 187.6778106689453, 176.836669921875], [363.4827880859375, 94.06546020507812, 377.3899841308594, 103.50614929199219], [298.678955078125, 139.95321655273438, 339.679443359375, 178.0103759765625], [95.60982513427734, 69.8488998413086, 440.6899108886719, 208.2301788330078], [330.6611022949219, 94.65563201904297, 349.8922424316406, 104.98204040527344], [95.60982513427734, 69.8488998413086, 440.6899108886719, 208.2301788330078], [330.7308654785156, 92.12504577636719, 360.41021728515625, 105.18914794921875], [352.6136169433594, 92.33087158203125, 367.25408935546875, 104.34845733642578], [486.7242431640625, 275.28302001953125, 500.1331481933594, 291.1100158691406], [96.6710433959961, 147.0726318359375, 252.53712463378906, 197.65481567382812], [352.4743347167969, 93.24244689941406, 361.3322448730469, 104.46401977539062], [318.7856140136719, 91.40206909179688, 439.8580322265625, 192.52108764648438], [156.18670654296875, 137.8736114501953, 167.370849609375, 144.5419464111328], [363.7396240234375, 198.319091796875, 373.6663513183594, 219.3822784423828], [466.5845031738281, 259.2090148925781, 500.41925048828125, 290.9939880371094], [331.8793029785156, 135.63778686523438, 349.9650573730469, 157.96267700195312], [95.60982513427734, 69.8488998413086, 440.6899108886719, 208.2301788330078], [352.6136169433594, 92.33087158203125, 367.25408935546875, 104.34845733642578], [352.6136169433594, 92.33087158203125, 367.25408935546875, 104.34845733642578], [63.169227600097656, 216.35667419433594, 77.52085876464844, 229.58868408203125], [118.99575805664062, 118.98564910888672, 160.8565216064453, 145.19284057617188], [95.60982513427734, 69.8488998413086, 440.6899108886719, 208.2301788330078], [330.6611022949219, 94.65563201904297, 349.8922424316406, 104.98204040527344], [0.21272897720336914, 153.3316650390625, 500.2074279785156, 256.504150390625], [95.60982513427734, 69.8488998413086, 440.6899108886719, 208.2301788330078], [-0.3515705466270447, 73.54352569580078, 143.8220977783203, 238.18191528320312], [78.84532928466797, 269.90997314453125, 87.64385223388672, 281.9501953125], [479.7686767578125, 260.1627197265625, 500.1982421875, 291.0272521972656], [483.91650390625, 260.3218688964844, 499.8408203125, 291.0484619140625], [270.5706481933594, 134.5851287841797, 351.56756591796875, 204.50634765625], [269.13916015625, 94.66220092773438, 439.44781494140625, 161.0894317626953], [331.3658142089844, 135.4696807861328, 351.1126708984375, 191.04966735839844], [483.91650390625, 260.3218688964844, 499.8408203125, 291.0484619140625], [105.9061279296875, 271.7016296386719, 118.41761779785156, 280.3826599121094], [320.79498291015625, 91.86238861083984, 382.3373718261719, 121.6043472290039], [1.5033483505249023, 229.77932739257812, 501.4776611328125, 290.7870788574219], [330.6611022949219, 94.65563201904297, 349.8922424316406, 104.98204040527344], [479.7686767578125, 260.1627197265625, 500.1982421875, 291.0272521972656], [467.1560974121094, 198.9055633544922, 499.9651794433594, 254.84146118164062], [142.74600219726562, 120.68531799316406, 159.65792846679688, 133.60105895996094], [483.91650390625, 260.3218688964844, 499.8408203125, 291.0484619140625], [134.5886993408203, 150.49203491210938, 156.84820556640625, 163.4603729248047], [329.5008239746094, 94.16606903076172, 356.2060852050781, 105.22264862060547], [483.91650390625, 260.3218688964844, 499.8408203125, 291.0484619140625], [331.183837890625, 91.94274139404297, 374.8841247558594, 105.18717193603516], [134.2484893798828, 71.40950775146484, 291.7504577636719, 144.13148498535156], [318.9576416015625, 91.07935333251953, 439.62127685546875, 125.85051727294922], [488.4172668457031, 95.81465148925781, 499.98785400390625, 113.38935089111328], [300.6728820800781, 256.3499755859375, 499.7132568359375, 290.99530029296875], [331.183837890625, 91.94274139404297, 374.8841247558594, 105.18717193603516], [255.5447235107422, 161.50619506835938, 297.3722229003906, 206.24166870117188], [-0.6541013717651367, 174.11439514160156, 498.6090087890625, 290.61163330078125], [274.0146789550781, 135.4201202392578, 351.9536437988281, 191.77320861816406], [317.98199462890625, 94.38507843017578, 355.74664306640625, 109.42696380615234], [490.296875, 246.3746337890625, 499.5797119140625, 256.1794128417969], [488.4172668457031, 95.81465148925781, 499.98785400390625, 113.38935089111328], [95.65375518798828, 70.62752532958984, 440.2560729980469, 208.51661682128906], [108.09902954101562, 70.5916976928711, 436.5552062988281, 152.40988159179688], [320.19842529296875, 110.26262664794922, 341.4166564941406, 123.7589111328125], [134.5886993408203, 150.49203491210938, 156.84820556640625, 163.4603729248047], [483.91650390625, 260.3218688964844, 499.8408203125, 291.0484619140625], [93.0318832397461, 75.73348999023438, 262.75469970703125, 194.45880126953125], [96.0301742553711, 71.1260986328125, 237.51043701171875, 200.10867309570312], [321.87847900390625, 134.3922882080078, 331.9683532714844, 151.6020050048828], [332.34893798828125, 135.54200744628906, 390.0566101074219, 157.16549682617188], [96.92635345458984, 149.68946838378906, 214.20016479492188, 196.52880859375], [311.8143615722656, 137.199951171875, 332.4835205078125, 151.08074951171875], [479.7686767578125, 260.1627197265625, 500.1982421875, 291.0272521972656], [310.83990478515625, 140.00283813476562, 327.71038818359375, 151.34710693359375], [-1.5806257724761963, 71.2597427368164, 498.40679931640625, 248.85955810546875], [479.7686767578125, 260.1627197265625, 500.1982421875, 291.0272521972656]), Score: [0.9584935307502747, 0.3712840974330902, 0.2836865186691284, 0.18905234336853027, 0.15174749493598938, 0.14230512082576752, 0.12874320149421692, 0.11969272047281265, 0.11904425919055939, 0.08536374568939209, 0.08442268520593643, 0.07619483023881912, 0.07504597306251526, 0.07424075901508331, 0.07202617079019547, 0.0643918588757515, 0.06318565458059311, 0.05789225548505783, 0.05358598008751869, 0.0498332679271698, 0.048386070877313614, 0.04802868887782097, 0.044884175062179565, 0.04438697546720505, 0.04423438757658005, 0.04393160715699196, 0.04392533749341965, 0.04328615218400955, 0.04203188791871071, 0.04202795401215553, 0.04060503467917442, 0.039316147565841675, 0.03891241177916527, 0.038040511310100555, 0.03680117800831795, 0.03638007491827011, 0.036375753581523895, 0.0362776443362236, 0.035611119121313095, 0.03546582907438278, 0.03526431322097778, 0.03460821881890297, 0.03430414944887161, 0.03397240489721298, 0.03231000900268555, 0.03183872625231743, 0.03180026635527611, 0.03176059201359749, 0.029750071465969086, 0.02892041951417923, 0.028426971286535263, 0.026949716731905937, 0.026087742298841476, 0.025816047564148903, 0.025809932500123978, 0.025665679946541786, 0.024881204590201378, 0.024708321318030357, 0.024274250492453575, 0.024008197709918022, 0.023989642038941383, 0.023855295032262802, 0.023596206679940224, 0.023047521710395813, 0.02221096120774746, 0.02220774069428444, 0.022150957956910133, 0.02187313884496689, 0.021808583289384842, 0.02170662023127079, 0.021511750295758247, 0.021303795278072357, 0.021058259531855583, 0.020800434052944183, 0.020776502788066864, 0.020624278113245964, 0.020426997914910316, 0.020381325855851173, 0.019979212433099747, 0.019965866580605507, 0.019798221066594124, 0.019525865092873573, 0.019303295761346817, 0.01919705979526043, 0.018791621550917625, 0.018748829141259193, 0.01860605739057064, 0.018280915915966034, 0.01810113713145256, 0.018022190779447556, 0.017878102138638496, 0.01778690330684185, 0.01778407022356987, 0.017751432955265045, 0.017669515684247017, 0.017519813030958176, 0.017135238274931908, 0.017082812264561653, 0.017053402960300446, 0.01700364612042904, 0.016866786405444145, 0.016832662746310234, 0.016823289915919304, 0.016613638028502464, 0.01654312014579773, 0.016501395031809807, 0.016431445255875587, 0.01637137308716774, 0.016167914494872093, 0.01615310087800026, 0.016001923009753227, 0.015992606058716774, 0.015880310907959938, 0.015853378921747208, 0.01570146717131138, 0.015530700795352459, 0.01550403330475092, 0.015419099479913712, 0.01540410052984953, 0.015380261465907097, 0.01521250419318676, 0.015097863972187042, 0.015046303160488605, 0.015032373368740082, 0.015012026764452457, 0.01496847253292799, 0.01495621632784605, 0.014862671494483948, 0.014825581572949886, 0.01481854822486639, 0.014758294448256493, 0.014751951210200787, 0.014743749052286148, 0.014356125146150589, 0.014273612760007381, 0.01424145232886076, 0.014069604687392712, 0.014067395590245724, 0.013951322063803673, 0.013907144777476788, 0.013900496065616608, 0.013805670663714409, 0.01377598661929369, 0.01349881011992693, 0.013413039036095142, 0.01340353861451149, 0.013390738517045975, 0.013304068706929684, 0.013246797025203705, 0.013145256787538528, 0.013137279078364372, 0.01299672294408083, 0.012976431287825108, 0.012937286868691444, 0.012873881496489048, 0.012851710431277752, 0.012745308689773083, 0.012704805471003056, 0.0125969173386693, 0.012595009058713913, 0.012586181052029133, 0.012573601678013802, 0.01253979466855526, 0.01242916937917471, 0.012343311682343483, 0.012329205870628357, 0.012288435362279415, 0.012246008962392807, 0.01223726850003004, 0.012218654155731201, 0.012212422676384449, 0.012156270444393158, 0.012143273837864399, 0.012076690793037415, 0.012052559293806553, 0.012020453810691833, 0.011959053575992584, 0.011945481412112713, 0.011838402599096298, 0.01182048674672842, 0.011812202632427216, 0.011786297895014286, 0.011783832684159279, 0.011716165579855442, 0.011682902462780476, 0.011648518964648247, 0.011595000512897968, 0.011549909599125385, 0.011535954661667347, 0.011489130556583405, 0.01148294284939766, 0.011460507288575172, 0.011448979377746582, 0.01144679356366396, 0.011423555202782154, 0.01134971808642149, 0.011318875476717949, 0.011288238689303398, 0.011282136663794518, 0.011256299912929535, 0.011246655136346817, 0.011237924918532372, 0.011233486235141754, 0.011182421818375587, 0.011163904331624508, 0.011157136410474777, 0.01111319474875927, 0.01108927745372057, 0.011049022898077965, 0.011013045907020569, 0.010967699810862541, 0.010957405902445316, 0.010934732854366302, 0.010919875465333462, 0.010897664353251457, 0.01086195558309555, 0.010838624089956284, 0.010785549879074097, 0.010757341049611568, 0.010749919340014458, 0.010748134925961494, 0.010669546201825142, 0.010660892352461815, 0.010639909654855728, 0.010612367652356625, 0.010562202893197536, 0.01054079644382, 0.010536301881074905, 0.010514212772250175, 0.010493110865354538, 0.010471714660525322, 0.010451756417751312, 0.01043943502008915, 0.010388034395873547, 0.010383130051195621, 0.01036518719047308, 0.010319977067410946, 0.010313238948583603, 0.010290549136698246, 0.010289180092513561, 0.01027219370007515, 0.010233174078166485, 0.010177955962717533, 0.010176951065659523, 0.010154223069548607, 0.010141061618924141, 0.01013004407286644, 0.010115351527929306, 0.010109188966453075, 0.010066485963761806, 0.010061687789857388, 0.010056445375084877, 0.010046680457890034, 0.010029158554971218, 0.010004961863160133, 0.00995593797415495, 0.009918036870658398, 0.0098872696980834, 0.00988041516393423, 0.00987082440406084, 0.009845671243965626, 0.009781810455024242, 0.00978119671344757, 0.009777244180440903, 0.009709632024168968, 0.00968201458454132, 0.009675565175712109, 0.009598376229405403, 0.009569237940013409, 0.009544922038912773, 0.009516910649836063, 0.00951287429779768, 0.009494413621723652, 0.00948220957070589, 0.00943665485829115, 0.00940665602684021, 0.009406042285263538, 0.009377911686897278, 0.009351582266390324, 0.009333827532827854, 0.009301532991230488, 0.009297100827097893, 0.009277952834963799, 0.009275893680751324, 0.00926847755908966, 0.009267623536288738, 0.009258350357413292, 0.009252019226551056, 0.009231115691363811, 0.009205285459756851, 0.009187041781842709, 0.009164620190858841, 0.009145911782979965, 0.00909329578280449, 0.00908688735216856, 0.009073574095964432, 0.009068182669579983, 0.009063689038157463, 0.009026922285556793, 0.009025643579661846]

Execution time: 0.3965 sec
