Label: tensor([ 6,  2,  2,  7, 18, 18, 18, 18,  2,  2, 18, 18, 18, 18, 18, 18, 18, 18,
        18, 14, 18, 18, 18, 18, 18, 19, 18, 18,  2, 19,  2, 18, 18, 18,  2,  7,
         7, 18,  2,  2, 18,  2, 19, 18, 18, 18, 18,  7,  7, 18, 18,  2, 18,  2,
        19, 18, 18, 16, 16, 18, 18,  2, 18,  7, 18,  7,  0, 18, 18, 19, 18,  6,
        18, 18, 18, 18, 19, 18, 18, 18,  2, 14,  7, 14, 18,  2,  7, 18, 18, 18,
        18, 18, 19, 18, 18,  2, 14, 14, 17, 18, 18, 19, 18, 18, 19,  6,  7,  7,
        16, 18, 18, 16,  2, 18, 19, 14, 19, 14,  0, 19,  0,  2, 14, 14, 14, 18,
        19, 18,  2,  0, 18,  0,  2, 18, 17,  2, 19, 18, 19, 18, 18,  2, 16, 18,
         0, 17,  2, 18, 14, 18,  2, 18, 19,  6, 19,  2, 18,  0, 14, 16, 18, 14,
        18, 18, 18,  2, 18, 18,  7, 14, 18,  0,  2,  0, 18,  0,  7, 19, 14, 14,
        18,  2, 18,  0,  2,  0, 14, 18, 14,  2,  7,  5,  2, 14, 16,  0,  0,  2,
        46, 14, 19,  7, 19, 14, 18, 19, 18, 18,  0, 18, 18, 14,  2,  0,  7, 17,
        19, 19, 19,  2, 14, 14,  2, 14, 18, 14, 16,  2, 19,  6, 14,  2,  7,  0,
         7, 16, 18, 19, 18, 14, 19,  0, 19, 14, 18, 19, 18,  0,  0,  7, 14,  2,
        18, 18, 14, 18,  0, 14, 19,  2, 18,  2, 18, 17, 14,  2,  5, 19,  0, 14,
         0,  2, 18, 15, 14,  7, 18, 19,  2,  7,  6, 19,  7, 19,  8,  0,  0, 18,
        14, 18,  7, 18,  2,  7,  2, 15,  2, 19, 14,  7]), Box: ([101.2055435180664, 39.704872131347656, 498.6809997558594, 222.69813537597656], [0.1505725085735321, 172.68870544433594, 58.1883544921875, 199.61224365234375], [0.30182117223739624, 172.71078491210938, 55.97595977783203, 187.25868225097656], [101.2055435180664, 39.704872131347656, 498.6809997558594, 222.69813537597656], [132.0313262939453, 217.2737579345703, 165.59738159179688, 263.2148742675781], [110.38982391357422, 217.22621154785156, 138.7360382080078, 265.4946594238281], [89.1172103881836, 240.6125946044922, 110.36132049560547, 264.8683776855469], [112.45269775390625, 216.5706787109375, 165.25413513183594, 264.4631042480469], [-0.12185424566268921, 172.6457061767578, 57.8042106628418, 224.83462524414062], [-0.025957822799682617, 172.46371459960938, 71.7293701171875, 199.11483764648438], [132.21365356445312, 237.15245056152344, 153.7398681640625, 264.28375244140625], [88.68437957763672, 217.4364776611328, 138.1804962158203, 265.41900634765625], [46.92902374267578, 211.92250061035156, 70.03260040283203, 246.8088836669922], [89.15994262695312, 216.90496826171875, 164.93862915039062, 265.46783447265625], [114.59519958496094, 217.2045440673828, 138.3081817626953, 246.66409301757812], [85.4527816772461, 218.0247039794922, 116.30825805664062, 264.4341735839844], [136.45114135742188, 217.53704833984375, 164.27017211914062, 244.3924102783203], [114.52367401123047, 217.36109924316406, 138.1760711669922, 243.50535583496094], [158.71383666992188, 226.47613525390625, 175.54701232910156, 260.3805236816406], [89.1172103881836, 240.6125946044922, 110.36132049560547, 264.8683776855469], [0.11105136573314667, 211.9577178955078, 9.37966251373291, 232.6761016845703], [159.9401092529297, 217.0017852783203, 211.6051788330078, 257.6979675292969], [84.15874481201172, 217.48695373535156, 115.08042907714844, 250.06199645996094], [179.17453002929688, 236.195556640625, 205.26846313476562, 257.0753173828125], [115.80213165283203, 216.75718688964844, 164.52317810058594, 251.15170288085938], [112.45269775390625, 216.5706787109375, 165.25413513183594, 264.4631042480469], [107.06726837158203, 260.3995056152344, 188.44940185546875, 315.2483825683594], [85.11148071289062, 217.776611328125, 115.04248046875, 246.88015747070312], [60.630550384521484, 183.63938903808594, 73.25414276123047, 198.20765686035156], [132.0313262939453, 217.2737579345703, 165.59738159179688, 263.2148742675781], [0.4386119544506073, 172.4980926513672, 87.90650939941406, 221.8879852294922], [47.24787902832031, 211.570556640625, 88.19415283203125, 246.93226623535156], [69.0207748413086, 212.6430206298828, 116.17735290527344, 264.6942138671875], [47.541324615478516, 211.7805633544922, 86.60980987548828, 246.0474853515625], [78.5000991821289, 180.01715087890625, 105.70127868652344, 197.29806518554688], [396.91912841796875, 108.8144302368164, 499.7848205566406, 197.29470825195312], [-0.025957822799682617, 172.46371459960938, 71.7293701171875, 199.11483764648438], [46.68728256225586, 212.03016662597656, 87.91563415527344, 264.7171630859375], [61.810768127441406, 180.68246459960938, 104.9068374633789, 198.23785400390625], [70.84912872314453, 197.67845153808594, 125.23413848876953, 224.19027709960938], [48.11790466308594, 210.91749572753906, 97.10310363769531, 247.84104919433594], [64.02445983886719, 196.84439086914062, 118.96014404296875, 227.9051055908203], [89.15994262695312, 216.90496826171875, 164.93862915039062, 265.46783447265625], [46.56633377075195, 218.3691864013672, 56.663265228271484, 247.8802947998047], [0.34805572032928467, 214.04541015625, 55.95930480957031, 290.4998779296875], [136.73060607910156, 215.11337280273438, 164.27577209472656, 234.2599334716797], [46.805335998535156, 218.5584259033203, 55.3631477355957, 233.9014892578125], [-0.15412643551826477, 172.95068359375, 58.17830276489258, 199.0623779296875], [-0.12185424566268921, 172.6457061767578, 57.8042106628418, 224.83462524414062], [67.19015502929688, 215.45408630371094, 88.98950958251953, 245.6279296875], [108.18875122070312, 239.34437561035156, 132.0543212890625, 266.1642761230469], [1.9979904890060425, 184.3618927001953, 58.42204284667969, 200.641357421875], [110.11632537841797, 199.2171630859375, 130.92950439453125, 222.27352905273438], [60.19651794433594, 198.76649475097656, 118.68811798095703, 246.21768188476562], [110.38982391357422, 217.22621154785156, 138.7360382080078, 265.4946594238281], [137.1010284423828, 217.64686584472656, 164.05140686035156, 236.9127960205078], [108.91060638427734, 198.55987548828125, 137.0771026611328, 254.0888671875], [112.45269775390625, 216.5706787109375, 165.25413513183594, 264.4631042480469], [132.0313262939453, 217.2737579345703, 165.59738159179688, 263.2148742675781], [139.0055389404297, 263.2912292480469, 188.19850158691406, 314.930419921875], [0.0891396775841713, 312.7558898925781, 29.69952964782715, 345.67962646484375], [77.61869049072266, 181.23825073242188, 92.49374389648438, 197.0223388671875], [107.1328353881836, 260.57135009765625, 187.23617553710938, 300.88238525390625], [0.1505725085735321, 172.68870544433594, 58.1883544921875, 199.61224365234375], [0.08693058043718338, 211.7506103515625, 9.75369930267334, 253.0393829345703], [0.7008761167526245, 172.9024200439453, 55.17560958862305, 185.5143280029297], [325.802734375, 82.20904541015625, 344.52056884765625, 111.22444915771484], [57.141265869140625, 211.8705596923828, 69.03990173339844, 245.21304321289062], [89.52952575683594, 215.72401428222656, 209.76095581054688, 264.95904541015625], [88.68437957763672, 217.4364776611328, 138.1804962158203, 265.41900634765625], [0.2737846374511719, 204.11944580078125, 55.665836334228516, 243.67164611816406], [396.91912841796875, 108.8144302368164, 499.7848205566406, 197.29470825195312], [122.96317291259766, 217.1790008544922, 137.87127685546875, 248.720703125], [103.56106567382812, 283.1612243652344, 131.8577117919922, 313.13720703125], [158.7535858154297, 216.6488037109375, 219.6804656982422, 307.0032043457031], [136.54901123046875, 212.7529296875, 162.79725646972656, 225.26217651367188], [134.4368438720703, 218.5005645751953, 165.36074829101562, 262.97259521484375], [160.0304718017578, 217.863037109375, 218.81507873535156, 305.4739685058594], [56.600765228271484, 211.5735321044922, 91.22596740722656, 265.2968444824219], [89.1166763305664, 235.69927978515625, 128.93231201171875, 266.659423828125], [0.11105136573314667, 211.9577178955078, 9.37966251373291, 232.6761016845703], [142.93881225585938, 293.9226989746094, 162.29981994628906, 316.1822814941406], [0.4386119544506073, 172.4980926513672, 87.90650939941406, 221.8879852294922], [132.0313262939453, 217.2737579345703, 165.59738159179688, 263.2148742675781], [177.79922485351562, 221.82801818847656, 207.3990478515625, 257.2138671875], [67.28288269042969, 196.73968505859375, 163.1431121826172, 224.05642700195312], [101.33750915527344, 40.214962005615234, 496.5811462402344, 216.5576629638672], [108.3673324584961, 216.4120330810547, 217.842041015625, 312.869384765625], [107.31465911865234, 260.64215087890625, 186.48558044433594, 286.0489196777344], [106.91861724853516, 261.75665283203125, 158.51210021972656, 315.1002502441406], [69.90670013427734, 210.4766387939453, 113.13644409179688, 228.91807556152344], [63.69443130493164, 212.05613708496094, 113.91250610351562, 247.81028747558594], [115.80213165283203, 216.75718688964844, 164.52317810058594, 251.15170288085938], [65.40473175048828, 212.26560974121094, 92.05546569824219, 246.15028381347656], [134.4368438720703, 218.5005645751953, 165.36074829101562, 262.97259521484375], [61.2625617980957, 173.14529418945312, 95.08940887451172, 197.753173828125], [132.21365356445312, 237.15245056152344, 153.7398681640625, 264.28375244140625], [46.805335998535156, 218.5584259033203, 55.3631477355957, 233.9014892578125], [112.45269775390625, 216.5706787109375, 165.25413513183594, 264.4631042480469], [142.93881225585938, 293.9226989746094, 162.29981994628906, 316.1822814941406], [106.90027618408203, 261.3191223144531, 150.5726318359375, 312.3366394042969], [179.17453002929688, 236.195556640625, 205.26846313476562, 257.0753173828125], [124.90605163574219, 260.17108154296875, 185.652099609375, 276.0489501953125], [159.231201171875, 215.82728576660156, 214.236328125, 238.54676818847656], [159.9401092529297, 217.0017852783203, 211.6051788330078, 257.6979675292969], [101.33750915527344, 40.214962005615234, 496.5811462402344, 216.5576629638672], [102.79351806640625, 106.0593490600586, 499.5862121582031, 200.71107482910156], [0.30182117223739624, 172.71078491210938, 55.97595977783203, 187.25868225097656], [110.38982391357422, 217.22621154785156, 138.7360382080078, 265.4946594238281], [1.5611499547958374, 199.9370880126953, 165.5875701904297, 278.7892761230469], [83.44945526123047, 219.19906616210938, 102.52392578125, 260.6279602050781], [89.1172103881836, 240.6125946044922, 110.36132049560547, 264.8683776855469], [60.774940490722656, 173.39479064941406, 92.35881042480469, 197.9632110595703], [177.3914337158203, 235.9326629638672, 209.37698364257812, 304.132568359375], [132.21365356445312, 237.15245056152344, 153.7398681640625, 264.28375244140625], [112.45269775390625, 216.5706787109375, 165.25413513183594, 264.4631042480469], [158.71383666992188, 226.47613525390625, 175.54701232910156, 260.3805236816406], [110.38982391357422, 217.22621154785156, 138.7360382080078, 265.4946594238281], [132.0313262939453, 217.2737579345703, 165.59738159179688, 263.2148742675781], [89.52952575683594, 215.72401428222656, 209.76095581054688, 264.95904541015625], [374.9411315917969, 85.64246368408203, 395.84521484375, 114.60643768310547], [73.80294799804688, 202.3444061279297, 90.9845962524414, 214.94505310058594], [46.92902374267578, 211.92250061035156, 70.03260040283203, 246.8088836669922], [142.92864990234375, 299.7568359375, 159.29864501953125, 316.26141357421875], [67.62635803222656, 316.831298828125, 100.51393127441406, 329.79376220703125], [107.29724884033203, 261.7038879394531, 133.0287628173828, 274.8902893066406], [114.59519958496094, 217.2045440673828, 138.3081817626953, 246.66409301757812], [57.997413635253906, 198.00942993164062, 88.27581024169922, 238.04183959960938], [490.60833740234375, 180.45660400390625, 500.0035095214844, 194.19752502441406], [278.45526123046875, 80.50397491455078, 291.041015625, 98.28862762451172], [74.5136947631836, 197.57142639160156, 136.5214080810547, 261.99560546875], [297.3856201171875, 75.39856719970703, 315.75225830078125, 100.14478302001953], [101.33750915527344, 40.214962005615234, 496.5811462402344, 216.5576629638672], [60.19651794433594, 198.76649475097656, 118.68811798095703, 246.21768188476562], [132.0313262939453, 217.2737579345703, 165.59738159179688, 263.2148742675781], [28.649951934814453, 175.06494140625, 53.66450119018555, 183.20384216308594], [85.4527816772461, 218.0247039794922, 116.30825805664062, 264.4341735839844], [75.09125518798828, 278.9381408691406, 130.50216674804688, 313.76287841796875], [136.45114135742188, 217.53704833984375, 164.27017211914062, 244.3924102783203], [73.80294799804688, 202.3444061279297, 90.9845962524414, 214.94505310058594], [52.180484771728516, 278.6693115234375, 106.67574310302734, 309.9398193359375], [89.15994262695312, 216.90496826171875, 164.93862915039062, 265.46783447265625], [89.15994262695312, 216.90496826171875, 164.93862915039062, 265.46783447265625], [45.51123046875, 218.5205078125, 57.61220169067383, 271.36865234375], [110.38982391357422, 217.22621154785156, 138.7360382080078, 265.4946594238281], [89.15994262695312, 216.90496826171875, 164.93862915039062, 265.46783447265625], [59.62612533569336, 183.84425354003906, 79.55553436279297, 216.881103515625], [72.3302993774414, 217.4934844970703, 108.72931671142578, 244.74111938476562], [0.0891396775841713, 312.7558898925781, 29.69952964782715, 345.67962646484375], [108.58657836914062, 283.5216064453125, 131.4518585205078, 297.8372497558594], [69.90670013427734, 210.4766387939453, 113.13644409179688, 228.91807556152344], [110.74910736083984, 201.0478973388672, 122.4847412109375, 221.48265075683594], [89.1172103881836, 240.6125946044922, 110.36132049560547, 264.8683776855469], [102.79351806640625, 106.0593490600586, 499.5862121582031, 200.71107482910156], [69.0207748413086, 212.6430206298828, 116.17735290527344, 264.6942138671875], [89.52952575683594, 215.72401428222656, 209.76095581054688, 264.95904541015625], [68.7981948852539, 216.2350311279297, 86.67235565185547, 229.7502899169922], [324.1392822265625, 77.21943664550781, 340.6331481933594, 108.68443298339844], [90.82380676269531, 317.3266906738281, 100.57240295410156, 325.0260314941406], [132.21365356445312, 237.15245056152344, 153.7398681640625, 264.28375244140625], [8.303523063659668, 199.3938446044922, 394.1785888671875, 306.0727233886719], [107.06726837158203, 260.3995056152344, 188.44940185546875, 315.2483825683594], [107.06172180175781, 220.84242248535156, 122.13546752929688, 265.8257141113281], [141.16278076171875, 261.1575012207031, 186.61549377441406, 284.1766662597656], [107.20145416259766, 261.2104187011719, 148.67051696777344, 285.4744567871094], [59.47837829589844, 183.99853515625, 76.37519073486328, 216.9706268310547], [56.946224212646484, 203.27223205566406, 113.24021911621094, 265.1106872558594], [142.92864990234375, 299.7568359375, 159.29864501953125, 316.26141357421875], [67.28288269042969, 196.73968505859375, 163.1431121826172, 224.05642700195312], [46.56633377075195, 218.3691864013672, 56.663265228271484, 247.8802947998047], [113.75931549072266, 217.18026733398438, 137.09886169433594, 264.1067199707031], [326.86566162109375, 93.45458984375, 340.458740234375, 110.36245727539062], [0.2737846374511719, 204.11944580078125, 55.665836334228516, 243.67164611816406], [351.01312255859375, 88.07134246826172, 379.7301025390625, 113.96717071533203], [68.89641571044922, 216.68064880371094, 90.2794418334961, 250.1263427734375], [351.5606689453125, 87.63887023925781, 379.400390625, 113.87586212158203], [-0.9087696671485901, 180.4490203857422, 57.572547912597656, 230.0919647216797], [114.52367401123047, 217.36109924316406, 138.1760711669922, 243.50535583496094], [179.17453002929688, 236.195556640625, 205.26846313476562, 257.0753173828125], [88.68437957763672, 217.4364776611328, 138.1804962158203, 265.41900634765625], [89.7391128540039, 241.21630859375, 101.65636444091797, 261.48321533203125], [489.9630432128906, 153.72927856445312, 500.1768493652344, 193.8468475341797], [126.11302947998047, 199.26947021484375, 178.19570922851562, 220.51426696777344], [51.62607192993164, 172.27218627929688, 57.09530258178711, 182.5516357421875], [96.73379516601562, 148.19544982910156, 107.83311462402344, 168.31417846679688], [377.09356689453125, 87.04056549072266, 387.82513427734375, 113.92229461669922], [85.4527816772461, 218.0247039794922, 116.30825805664062, 264.4341735839844], [51.65218734741211, 210.99037170410156, 86.8916015625, 229.824951171875], [89.33799743652344, 240.68397521972656, 109.34461212158203, 264.9331359863281], [112.45269775390625, 216.5706787109375, 165.25413513183594, 264.4631042480469], [101.01604461669922, 41.13742446899414, 375.3886413574219, 203.06228637695312], [101.33750915527344, 40.214962005615234, 496.5811462402344, 216.5576629638672], [2.8175272941589355, 175.09226989746094, 24.489727020263672, 184.7510223388672], [52.180484771728516, 278.6693115234375, 106.67574310302734, 309.9398193359375], [88.68437957763672, 217.4364776611328, 138.1804962158203, 265.41900634765625], [348.06341552734375, 87.22545623779297, 365.2059326171875, 112.04998016357422], [71.70085906982422, 174.60073852539062, 79.16082763671875, 197.77630615234375], [1.5611499547958374, 199.9370880126953, 165.5875701904297, 278.7892761230469], [89.1172103881836, 240.6125946044922, 110.36132049560547, 264.8683776855469], [107.1328353881836, 260.57135009765625, 187.23617553710938, 300.88238525390625], [85.11148071289062, 217.776611328125, 115.04248046875, 246.88015747070312], [64.02445983886719, 196.84439086914062, 118.96014404296875, 227.9051055908203], [46.92902374267578, 211.92250061035156, 70.03260040283203, 246.8088836669922], [71.68252563476562, 278.0867004394531, 84.2829818725586, 285.72283935546875], [0.4929974675178528, 289.18853759765625, 35.88200378417969, 309.95635986328125], [84.15874481201172, 217.48695373535156, 115.08042907714844, 250.06199645996094], [89.33799743652344, 240.68397521972656, 109.34461212158203, 264.9331359863281], [100.3492202758789, 281.24578857421875, 131.31271362304688, 298.5227355957031], [242.5492401123047, 62.59706115722656, 257.5923156738281, 93.41707611083984], [180.0550079345703, 303.7952575683594, 193.13160705566406, 312.4046630859375], [109.46597290039062, 240.88302612304688, 129.5015106201172, 265.9568176269531], [114.59519958496094, 217.2045440673828, 138.3081817626953, 246.66409301757812], [0.4929974675178528, 289.18853759765625, 35.88200378417969, 309.95635986328125], [112.45269775390625, 216.5706787109375, 165.25413513183594, 264.4631042480469], [184.2340545654297, 109.57756042480469, 499.83599853515625, 216.41354370117188], [110.38982391357422, 217.22621154785156, 138.7360382080078, 265.4946594238281], [89.33799743652344, 240.68397521972656, 109.34461212158203, 264.9331359863281], [108.91060638427734, 198.55987548828125, 137.0771026611328, 254.0888671875], [109.90478515625, 217.06781005859375, 138.00148010253906, 265.07550048828125], [132.0313262939453, 217.2737579345703, 165.59738159179688, 263.2148742675781], [108.58657836914062, 283.5216064453125, 131.4518585205078, 297.8372497558594], [0.11105136573314667, 211.9577178955078, 9.37966251373291, 232.6761016845703], [74.5136947631836, 197.57142639160156, 136.5214080810547, 261.99560546875], [139.0055389404297, 263.2912292480469, 188.19850158691406, 314.930419921875], [106.81205749511719, 261.9292297363281, 135.19866943359375, 284.5490417480469], [103.56106567382812, 283.1612243652344, 131.8577117919922, 313.13720703125], [134.4368438720703, 218.5005645751953, 165.36074829101562, 262.97259521484375], [51.857826232910156, 171.978271484375, 72.629150390625, 198.12857055664062], [109.35595703125, 217.38177490234375, 137.83514404296875, 266.09771728515625], [101.01604461669922, 41.13742446899414, 375.3886413574219, 203.06228637695312], [180.0550079345703, 303.7952575683594, 193.13160705566406, 312.4046630859375], [126.11302947998047, 199.26947021484375, 178.19570922851562, 220.51426696777344], [205.43313598632812, 41.93482208251953, 496.477783203125, 196.94410705566406], [89.1172103881836, 240.6125946044922, 110.36132049560547, 264.8683776855469], [-0.03413856029510498, 173.0629119873047, 56.122135162353516, 187.9996795654297], [115.80213165283203, 216.75718688964844, 164.52317810058594, 251.15170288085938], [109.90478515625, 217.06781005859375, 138.00148010253906, 265.07550048828125], [47.541324615478516, 211.7805633544922, 86.60980987548828, 246.0474853515625], [143.16915893554688, 292.7196960449219, 189.95506286621094, 317.29400634765625], [107.29724884033203, 261.7038879394531, 133.0287628173828, 274.8902893066406], [48.11790466308594, 210.91749572753906, 97.10310363769531, 247.84104919433594], [0.11105136573314667, 211.9577178955078, 9.37966251373291, 232.6761016845703], [47.24787902832031, 211.570556640625, 88.19415283203125, 246.93226623535156], [89.15994262695312, 216.90496826171875, 164.93862915039062, 265.46783447265625], [70.84912872314453, 197.67845153808594, 125.23413848876953, 224.19027709960938], [107.06726837158203, 260.3995056152344, 188.44940185546875, 315.2483825683594], [77.56310272216797, 283.9863586425781, 93.62934112548828, 301.67694091796875], [245.26373291015625, 76.30418395996094, 256.59375, 93.71585083007812], [85.4527816772461, 218.0247039794922, 116.30825805664062, 264.4341735839844], [258.4732971191406, 40.246517181396484, 498.0004577636719, 197.525390625], [136.45114135742188, 217.53704833984375, 164.27017211914062, 244.3924102783203], [-0.15412643551826477, 172.95068359375, 58.17830276489258, 199.0623779296875], [138.92269897460938, 272.2936096191406, 165.22824096679688, 283.8677978515625], [82.28495788574219, 219.19163513183594, 98.84468841552734, 241.79359436035156], [85.11148071289062, 217.776611328125, 115.04248046875, 246.88015747070312], [181.27655029296875, 236.06680297851562, 203.78546142578125, 246.3347930908203], [88.68437957763672, 217.4364776611328, 138.1804962158203, 265.41900634765625], [179.6063232421875, 296.6376953125, 193.2744140625, 312.4896545410156], [46.68728256225586, 212.03016662597656, 87.91563415527344, 264.7171630859375], [396.91912841796875, 108.8144302368164, 499.7848205566406, 197.29470825195312], [124.22494506835938, 261.1700134277344, 152.7787322998047, 275.00079345703125], [57.997413635253906, 198.00942993164062, 88.27581024169922, 238.04183959960938], [107.14714813232422, 261.92132568359375, 150.52027893066406, 296.8316955566406], [88.68437957763672, 217.4364776611328, 138.1804962158203, 265.41900634765625], [84.15874481201172, 217.48695373535156, 115.08042907714844, 250.06199645996094], [88.68437957763672, 217.4364776611328, 138.1804962158203, 265.41900634765625], [396.91912841796875, 108.8144302368164, 499.7848205566406, 197.29470825195312], [74.5136947631836, 197.57142639160156, 136.5214080810547, 261.99560546875], [489.9630432128906, 153.72927856445312, 500.1768493652344, 193.8468475341797], [143.16915893554688, 292.7196960449219, 189.95506286621094, 317.29400634765625], [132.21365356445312, 237.15245056152344, 153.7398681640625, 264.28375244140625], [0.08693058043718338, 211.7506103515625, 9.75369930267334, 253.0393829345703], [67.62635803222656, 316.831298828125, 100.51393127441406, 329.79376220703125], [89.1172103881836, 240.6125946044922, 110.36132049560547, 264.8683776855469], [114.52367401123047, 217.36109924316406, 138.1760711669922, 243.50535583496094], [93.79169464111328, 37.29711151123047, 500.107421875, 307.0205993652344], [138.79368591308594, 272.80859375, 154.02857971191406, 282.1149597167969], [160.0304718017578, 217.863037109375, 218.81507873535156, 305.4739685058594], [0.7008761167526245, 172.9024200439453, 55.17560958862305, 185.5143280029297], [306.81829833984375, 107.76576232910156, 498.5997619628906, 197.8108673095703], [100.6974868774414, 77.36433410644531, 281.921630859375, 217.68310546875], [158.7535858154297, 216.6488037109375, 219.6804656982422, 307.0032043457031], [70.84912872314453, 197.67845153808594, 125.23413848876953, 224.19027709960938], [108.3673324584961, 216.4120330810547, 217.842041015625, 312.869384765625], [101.2055435180664, 39.704872131347656, 498.6809997558594, 222.69813537597656], [361.47998046875, 87.798095703125, 381.61370849609375, 113.94986724853516], [2.8175272941589355, 175.09226989746094, 24.489727020263672, 184.7510223388672], [132.03025817871094, 239.1439208984375, 143.52206420898438, 264.24652099609375], [89.7391128540039, 241.21630859375, 101.65636444091797, 261.48321533203125], [107.261962890625, 262.13531494140625, 124.18508911132812, 273.6187438964844], [-0.7881503701210022, 172.85140991210938, 60.372249603271484, 202.37704467773438], [71.68252563476562, 278.0867004394531, 84.2829818725586, 285.72283935546875], [159.9401092529297, 217.0017852783203, 211.6051788330078, 257.6979675292969], [60.19651794433594, 198.76649475097656, 118.68811798095703, 246.21768188476562], [136.45114135742188, 217.53704833984375, 164.27017211914062, 244.3924102783203], [112.45269775390625, 216.5706787109375, 165.25413513183594, 264.4631042480469], [46.92902374267578, 211.92250061035156, 70.03260040283203, 246.8088836669922], [63.69443130493164, 212.05613708496094, 113.91250610351562, 247.81028747558594], [107.31465911865234, 260.64215087890625, 186.48558044433594, 286.0489196777344], [397.6269836425781, 108.33313751220703, 497.426025390625, 143.97979736328125]), Score: [0.574652373790741, 0.5679813027381897, 0.558746874332428, 0.5510125160217285, 0.4553937613964081, 0.39166733622550964, 0.38157305121421814, 0.3431798815727234, 0.3182256519794464, 0.28560394048690796, 0.2793334722518921, 0.27554696798324585, 0.24669288098812103, 0.23991382122039795, 0.23166222870349884, 0.22084903717041016, 0.21321941912174225, 0.20954148471355438, 0.1977253556251526, 0.18978604674339294, 0.18497511744499207, 0.1832772046327591, 0.1762135624885559, 0.17465658485889435, 0.17316275835037231, 0.1642320156097412, 0.16133078932762146, 0.1578151285648346, 0.15653665363788605, 0.15629179775714874, 0.1556815803050995, 0.15436284244060516, 0.1483328640460968, 0.1435779333114624, 0.14140042662620544, 0.13718797266483307, 0.13631495833396912, 0.13587307929992676, 0.1331499069929123, 0.1302795112133026, 0.13022255897521973, 0.12596803903579712, 0.12531991302967072, 0.12391957640647888, 0.12039697170257568, 0.1194651797413826, 0.11518669128417969, 0.11288350075483322, 0.11215513199567795, 0.11104737967252731, 0.10990484803915024, 0.1095695048570633, 0.10878024995326996, 0.10693784803152084, 0.1060221791267395, 0.10561399906873703, 0.10406257957220078, 0.10100559145212173, 0.10085532069206238, 0.09941406548023224, 0.09920918196439743, 0.09915249794721603, 0.09789533913135529, 0.09682342410087585, 0.09654039144515991, 0.09651689231395721, 0.09643290936946869, 0.09603221714496613, 0.09521858394145966, 0.09452863037586212, 0.09241300076246262, 0.09232130646705627, 0.09189997613430023, 0.0917486771941185, 0.0915788933634758, 0.0911603718996048, 0.09113120287656784, 0.09072165936231613, 0.08993886411190033, 0.08841623365879059, 0.08823247998952866, 0.08802624046802521, 0.08795010298490524, 0.08548463881015778, 0.08544907718896866, 0.08514739573001862, 0.08488278090953827, 0.08446826040744781, 0.0843646302819252, 0.08391059190034866, 0.0838039368391037, 0.08367309719324112, 0.08332917094230652, 0.08079355210065842, 0.08015597611665726, 0.08012042194604874, 0.07906385511159897, 0.07846211642026901, 0.07685200870037079, 0.07589203119277954, 0.07545162737369537, 0.07463210821151733, 0.07435738295316696, 0.07119029015302658, 0.07017499208450317, 0.0700148418545723, 0.0685955062508583, 0.06851092725992203, 0.06810498982667923, 0.06801570951938629, 0.06710461527109146, 0.06676296144723892, 0.06601551920175552, 0.06470987200737, 0.06421707570552826, 0.06420647352933884, 0.06419908255338669, 0.0638362243771553, 0.0633934885263443, 0.06292708218097687, 0.06279201060533524, 0.06257054209709167, 0.06255628913640976, 0.06234072521328926, 0.06200676038861275, 0.061692479997873306, 0.061369601637125015, 0.06098024174571037, 0.059510041028261185, 0.05948152393102646, 0.059456679970026016, 0.05941089987754822, 0.059342160820961, 0.059285927563905716, 0.059240084141492844, 0.05913534015417099, 0.0590474009513855, 0.05876297131180763, 0.05864916741847992, 0.058561377227306366, 0.05851764976978302, 0.05799761041998863, 0.05797380208969116, 0.05761316046118736, 0.05735689774155617, 0.05725856125354767, 0.057182427495718, 0.05685899034142494, 0.05668138340115547, 0.05644397437572479, 0.05583779886364937, 0.05514564365148544, 0.05511701852083206, 0.05491969361901283, 0.05485985428094864, 0.05458340421319008, 0.054551076143980026, 0.05439607799053192, 0.05405145138502121, 0.053732458502054214, 0.05322781950235367, 0.05297823250293732, 0.05278084799647331, 0.052206359803676605, 0.05186165124177933, 0.05107129365205765, 0.050982918590307236, 0.050721846520900726, 0.05042408034205437, 0.049688585102558136, 0.049615614116191864, 0.049444347620010376, 0.04920182004570961, 0.04892798140645027, 0.04889928922057152, 0.04800828918814659, 0.047804199159145355, 0.047769371420145035, 0.04748756065964699, 0.04726719111204147, 0.04724958539009094, 0.04712821543216705, 0.046993013471364975, 0.046863261610269547, 0.046681519597768784, 0.046323541551828384, 0.0462208166718483, 0.0459374338388443, 0.04589134454727173, 0.04579254612326622, 0.04534882307052612, 0.045258160680532455, 0.04503209888935089, 0.04467514902353287, 0.044408541172742844, 0.04412158951163292, 0.04363333806395531, 0.043475955724716187, 0.04323941841721535, 0.043150417506694794, 0.043127622455358505, 0.04296896979212761, 0.04282631725072861, 0.04270040988922119, 0.04268477112054825, 0.04265366494655609, 0.042541250586509705, 0.04239765182137489, 0.042376305907964706, 0.04237424209713936, 0.04207104444503784, 0.04190747067332268, 0.04144999384880066, 0.041262101382017136, 0.041145991533994675, 0.041025903075933456, 0.040823716670274734, 0.04079928249120712, 0.04074355959892273, 0.04073507338762283, 0.04065481200814247, 0.04065112769603729, 0.04044659435749054, 0.04041634500026703, 0.04031672328710556, 0.04031572490930557, 0.040257688611745834, 0.04015592858195305, 0.039929892867803574, 0.03975896164774895, 0.03940858691930771, 0.03921975940465927, 0.03920283541083336, 0.03879358619451523, 0.03841660916805267, 0.03840876370668411, 0.03827345743775368, 0.038227666169404984, 0.03812113031744957, 0.038038842380046844, 0.0376846119761467, 0.03765216842293739, 0.03749382495880127, 0.03740715980529785, 0.037387460470199585, 0.0373399443924427, 0.03732788935303688, 0.037179142236709595, 0.03717455267906189, 0.037040118128061295, 0.0367487408220768, 0.036686718463897705, 0.03658958896994591, 0.036459293216466904, 0.03640030696988106, 0.03638363629579544, 0.03619364649057388, 0.03616408631205559, 0.036041509360075, 0.03602083772420883, 0.03600426763296127, 0.03596876934170723, 0.03596422076225281, 0.03594450652599335, 0.03591880202293396, 0.035895559936761856, 0.03583512827754021, 0.03576471656560898, 0.03573266416788101, 0.03568485751748085, 0.03564660623669624, 0.03564181923866272, 0.035413336008787155, 0.03540864214301109, 0.035363420844078064, 0.03519609197974205, 0.03509674221277237, 0.03508426994085312, 0.034990109503269196, 0.03495210036635399, 0.03494053706526756, 0.034927017986774445, 0.034729380160570145, 0.03454633802175522, 0.03451192378997803, 0.034351639449596405, 0.03433939069509506, 0.034183111041784286, 0.03392212837934494, 0.033880602568387985, 0.033662982285022736, 0.033609695732593536, 0.03338056430220604, 0.0332874171435833, 0.03324338421225548, 0.03311453014612198, 0.03306932374835014, 0.03300038352608681, 0.03298209235072136, 0.03296767175197601]

Execution time: 0.4116 sec
