Label: tensor([ 1,  0,  0,  1,  1,  1,  0,  0,  1,  0,  1,  1,  1,  0,  0,  0,  1,  0,
         1,  0,  1,  0,  1,  0,  1,  0,  1,  1,  0,  0,  1, 67,  1,  0,  0,  1,
        67,  1,  0,  0,  0,  0,  0,  0, 24,  0,  1,  1,  0,  0, 39,  1,  1,  1,
         1,  0,  1, 24,  1,  1,  1,  1, 27,  1,  1,  0, 67, 74, 24,  1, 67,  0,
         0, 74,  0, 67,  1, 67,  1, 67, 67,  0,  1,  1, 24, 24,  1, 24, 41,  1,
        67,  0,  0,  1,  0, 26,  0,  1,  1,  0,  1,  0,  1, 39,  1,  0,  0,  1,
        39,  0,  0,  1, 76,  1, 76,  1,  1, 67, 24,  0,  0, 26, 24, 67, 67,  1,
        24, 39, 36,  1,  0,  1,  1,  1, 76,  1,  1, 26,  1, 25,  0,  0, 26, 27,
        76,  0,  1,  0,  0, 39,  1, 36,  0,  0,  1,  3,  0, 26,  1,  1, 26,  1,
         0,  1,  1,  1,  0, 26, 26, 39,  0,  1, 39,  1,  1,  0,  0,  1,  1, 39,
        26,  5,  1,  9,  0, 24, 39, 35, 56, 43, 26,  1,  1,  1,  0,  0, 25, 39,
         1,  1, 24, 28,  1, 39,  1,  0, 76, 26,  1,  0, 25,  1, 73,  1,  0, 24,
         1, 39,  1, 24,  0,  1,  1,  1,  1, 74,  3, 26,  0,  0, 73, 26,  1, 36,
         0, 67,  0,  1,  1, 24,  9,  1,  0,  1,  0,  0, 41, 39, 74, 26,  3, 76,
         5,  0,  1, 24, 67,  0, 56,  2, 73,  1,  1,  0,  0, 39,  0, 39, 36, 41,
         0, 24,  1, 26,  0,  1,  1,  3,  1, 26, 13,  2,  1,  0,  1,  1, 16, 34,
        24, 39, 24, 26,  1, 39, 26, 24, 39,  0, 36, 41]), Box: ([71.356201171875, 200.18161010742188, 259.4302673339844, 499.7111511230469], [68.43766021728516, -0.8193254470825195, 273.1235656738281, 465.5087585449219], [214.35289001464844, 17.62284278869629, 333.9328308105469, 485.2965393066406], [0.1223965734243393, 133.46786499023438, 61.112205505371094, 437.2933044433594], [246.97637939453125, 237.56866455078125, 334.0438232421875, 499.9666748046875], [297.0942077636719, 318.91259765625, 334.005615234375, 500.04888916015625], [-0.004807770252227783, -0.02574920654296875, 62.341766357421875, 363.16845703125], [-0.017939552664756775, -0.3349408507347107, 60.5086669921875, 220.34910583496094], [0.06579577922821045, 221.03353881835938, 60.871822357177734, 437.147705078125], [250.52532958984375, 17.56793212890625, 334.1595153808594, 355.9780578613281], [291.21246337890625, 235.52528381347656, 333.7945251464844, 499.9391174316406], [215.34349060058594, 236.4029541015625, 333.8894958496094, 500.31256103515625], [-0.04790101945400238, 1.0320097208023071, 64.3750991821289, 437.1226501464844], [68.68525695800781, 0.11554360389709473, 272.6257629394531, 269.1929626464844], [-0.04790101945400238, 1.0320097208023071, 64.3750991821289, 437.1226501464844], [0.007423177361488342, 0.37601590156555176, 66.50830841064453, 350.6966552734375], [242.30039978027344, 236.99551391601562, 333.7532958984375, 352.64129638671875], [-0.039549633860588074, -0.28214603662490845, 60.52018356323242, 116.9608383178711], [200.82669067382812, 235.58717346191406, 333.5953674316406, 499.6178283691406], [67.98625183105469, -0.22761523723602295, 273.1749267578125, 418.48809814453125], [-0.20938436686992645, 141.3489532470703, 61.13807678222656, 362.9770202636719], [247.64907836914062, 18.49114990234375, 334.0661315917969, 496.0792541503906], [0.09939791262149811, 336.1543884277344, 50.116844177246094, 436.3411560058594], [227.22279357910156, -0.03168359398841858, 289.2983703613281, 54.271583557128906], [0.23148219287395477, 240.36691284179688, 48.80780792236328, 436.7298278808594], [250.70123291015625, -0.2578478455543518, 329.099609375, 51.57276153564453], [125.32852935791016, 203.51754760742188, 332.56463623046875, 499.1057434082031], [213.57337951660156, 236.35238647460938, 334.1169128417969, 465.3708190917969], [181.5622100830078, 5.242839336395264, 334.0247802734375, 502.5408935546875], [0.07948000729084015, 0.15387684106826782, 45.35729217529297, 219.92486572265625], [122.88511657714844, 234.4565887451172, 333.62945556640625, 499.7677307128906], [11.78134536743164, 179.9573516845703, 46.169151306152344, 219.99050903320312], [-0.1466817855834961, 141.09539794921875, 41.298744201660156, 219.71102905273438], [-0.0001741945743560791, 0.3261938691139221, 68.94073486328125, 222.23648071289062], [-0.1430087685585022, 1.4050155878067017, 64.45468139648438, 342.75830078125], [0.0689735859632492, 79.39875030517578, 63.6666145324707, 440.5559387207031], [11.672009468078613, 183.65757751464844, 45.14909362792969, 220.0763702392578], [249.36471557617188, 153.55731201171875, 333.88287353515625, 500.11669921875], [226.0482940673828, 0.2611857056617737, 265.30499267578125, 54.430538177490234], [249.4633331298828, -0.09884685277938843, 290.47528076171875, 51.93833541870117], [0.06795579195022583, -0.3158077597618103, 68.71186828613281, 115.91060638427734], [216.5511474609375, -0.06540864706039429, 329.04608154296875, 54.332401275634766], [279.2483825683594, -0.17192959785461426, 330.8384094238281, 45.069976806640625], [247.54339599609375, 15.203118324279785, 333.9082946777344, 454.06634521484375], [193.7565460205078, 42.15746307373047, 252.28245544433594, 100.22370147705078], [-0.06534785032272339, 1.8544197082519531, 333.9313049316406, 494.33935546875], [-0.11377643048763275, 141.23992919921875, 46.795501708984375, 221.2678680419922], [-0.13450807332992554, 202.2169647216797, 333.8621520996094, 499.6114501953125], [-0.11950743198394775, -0.2897009253501892, 60.61399841308594, 135.01766967773438], [66.80442810058594, -1.1991560459136963, 334.1148986816406, 488.123779296875], [-0.14621269702911377, -0.6372071504592896, 36.14362716674805, 51.817352294921875], [-0.03367429971694946, 206.5098114013672, 333.95794677734375, 498.3908996582031], [205.27301025390625, 233.86456298828125, 333.2835998535156, 500.08447265625], [-0.1226230263710022, 112.23080444335938, 333.8740234375, 500.9576110839844], [-0.1409682035446167, 141.6311798095703, 45.7728157043457, 360.076904296875], [257.7006530761719, 19.23098373413086, 334.1250305175781, 261.7436828613281], [-0.24197368323802948, 98.35345458984375, 67.59254455566406, 323.73333740234375], [193.98687744140625, 41.58625030517578, 270.57470703125, 115.76455688476562], [0.25510546565055847, 60.04457092285156, 61.430442810058594, 438.7168273925781], [-0.004807770252227783, -0.02574920654296875, 62.341766357421875, 363.16845703125], [244.531005859375, 239.19534301757812, 333.8613586425781, 388.0401306152344], [-0.24416106939315796, 224.5032501220703, 333.732666015625, 499.9156799316406], [150.34275817871094, 90.7786865234375, 190.68690490722656, 123.63456726074219], [123.31369018554688, 201.98336791992188, 255.83128356933594, 499.1372375488281], [-0.13562291860580444, 219.48849487304688, 333.8610534667969, 454.34381103515625], [-0.7102161645889282, -0.4754960536956787, 273.77081298828125, 456.9189453125], [54.406715393066406, 99.73201751708984, 68.71986389160156, 115.74136352539062], [1.2129466533660889, 2.28839373588562, 24.24152183532715, 39.15191650390625], [122.76692962646484, 51.05497741699219, 261.9789733886719, 131.2136993408203], [0.10324761271476746, 94.96463775634766, 52.624114990234375, 220.72474670410156], [84.72068786621094, 251.7882537841797, 95.71867370605469, 264.1760559082031], [68.85799407958984, 0.42253732681274414, 272.9176330566406, 456.3533935546875], [173.84640502929688, -0.11746585369110107, 264.5540771484375, 54.31282043457031], [-0.14621269702911377, -0.6372071504592896, 36.14362716674805, 51.817352294921875], [-0.14621269702911377, -0.6372071504592896, 36.14362716674805, 51.817352294921875], [69.80078887939453, 222.4877471923828, 96.54888916015625, 262.4126281738281], [-0.34037619829177856, 142.9800567626953, 333.6562805175781, 497.0533752441406], [69.50833129882812, 223.61106872558594, 86.30931854248047, 258.2425842285156], [1.5802981853485107, 98.17620086669922, 68.92277526855469, 118.19768524169922], [224.8957061767578, 230.6165313720703, 243.7965545654297, 267.685302734375], [11.624103546142578, 187.54403686523438, 25.38764190673828, 217.6419677734375], [-0.20938436686992645, 141.3489532470703, 61.13807678222656, 362.9770202636719], [1.185647964477539, 197.9895782470703, 253.54986572265625, 439.6776428222656], [217.11691284179688, 320.45965576171875, 334.0083312988281, 499.8262634277344], [124.9128189086914, 50.176090240478516, 257.4151916503906, 128.62059020996094], [130.41224670410156, 269.0509948730469, 188.39808654785156, 396.6755065917969], [1.061153531074524, 100.85376739501953, 258.1719970703125, 446.9022521972656], [119.14994812011719, 48.453636169433594, 253.81007385253906, 123.73090362548828], [-0.14621269702911377, -0.6372071504592896, 36.14362716674805, 51.817352294921875], [0.13391456007957458, 238.2017364501953, 28.064956665039062, 338.5346984863281], [70.12469482421875, 222.090087890625, 100.08942413330078, 262.3241271972656], [293.16900634765625, -0.20349957048892975, 326.55218505859375, 29.8602294921875], [182.78843688964844, 1.9714683294296265, 273.8059997558594, 460.5550231933594], [10.493888854980469, 100.22801971435547, 68.90188598632812, 219.9560089111328], [67.89453887939453, 0.46882033348083496, 272.6969909667969, 379.6142272949219], [0.06795579195022583, -0.3158077597618103, 68.71186828613281, 115.91060638427734], [210.2041778564453, 16.71569061279297, 333.9495849609375, 472.7142333984375], [-0.2740727663040161, 154.048583984375, 333.72259521484375, 483.8220520019531], [71.08243560791016, 201.558837890625, 242.18006896972656, 265.1084899902344], [213.57337951660156, 236.35238647460938, 334.1169128417969, 465.3708190917969], [75.14596557617188, 201.31689453125, 333.4732666015625, 497.6544494628906], [0.20410627126693726, 0.8289963006973267, 100.04777526855469, 436.60235595703125], [0.21474707126617432, 1.8047243356704712, 101.73585510253906, 437.1121520996094], [199.1533966064453, 258.49285888671875, 216.95623779296875, 357.3279724121094], [54.406715393066406, 99.73201751708984, 68.71986389160156, 115.74136352539062], [149.45391845703125, 300.8241882324219, 172.75039672851562, 360.9616394042969], [69.17012786865234, -16.27969741821289, 272.7045593261719, 471.5906066894531], [126.73512268066406, 267.7576904296875, 187.70498657226562, 497.88250732421875], [-0.11377643048763275, 141.23992919921875, 46.795501708984375, 221.2678680419922], [176.6540069580078, 0.00521540641784668, 263.979248046875, 54.234230041503906], [192.10621643066406, -0.021813437342643738, 329.86944580078125, 54.00049591064453], [124.38605499267578, 214.6450958251953, 217.84237670898438, 496.0235290527344], [-0.11377643048763275, 141.23992919921875, 46.795501708984375, 221.2678680419922], [126.3018798828125, 266.18670654296875, 253.5934295654297, 499.09686279296875], [11.78134536743164, 179.9573516845703, 46.169151306152344, 219.99050903320312], [-0.017939552664756775, -0.3349408507347107, 60.5086669921875, 220.34910583496094], [-0.3188158869743347, 127.23983764648438, 171.00711059570312, 440.43438720703125], [209.35995483398438, 229.7823486328125, 222.72476196289062, 247.26486206054688], [-0.039549633860588074, -0.28214603662490845, 60.52018356323242, 116.9608383178711], [23.982860565185547, -0.4406385123729706, 59.793434143066406, 107.31922149658203], [170.75411987304688, -0.1358967274427414, 232.57301330566406, 49.22976303100586], [-0.14621269702911377, -0.6372071504592896, 36.14362716674805, 51.817352294921875], [189.46595764160156, 46.12257385253906, 272.96636962890625, 174.56927490234375], [209.32896423339844, 229.40748596191406, 243.33221435546875, 267.61297607421875], [23.912818908691406, 1.0100575685501099, 39.504695892333984, 30.71287727355957], [0.23692701756954193, 142.15518188476562, 58.2326774597168, 437.58685302734375], [-0.017939552664756775, -0.3349408507347107, 60.5086669921875, 220.34910583496094], [-0.1466817855834961, 141.09539794921875, 41.298744201660156, 219.71102905273438], [0.1223965734243393, 133.46786499023438, 61.112205505371094, 437.2933044433594], [84.33966827392578, 199.84918212890625, 225.31591796875, 379.086669921875], [311.9478759765625, 348.2691650390625, 333.7599792480469, 449.0244445800781], [306.6376037597656, 436.96148681640625, 333.8404846191406, 499.7886657714844], [-0.198760986328125, 198.424560546875, 333.7978820800781, 500.5213623046875], [130.87750244140625, 230.86669921875, 243.81251525878906, 449.55340576171875], [11.672009468078613, 183.65757751464844, 45.14909362792969, 220.0763702392578], [-0.32246899604797363, 73.39261627197266, 163.28504943847656, 434.9804382324219], [0.07948000729084015, 0.15387684106826782, 45.35729217529297, 219.92486572265625], [54.406715393066406, 99.73201751708984, 68.71986389160156, 115.74136352539062], [78.38496398925781, 200.26419067382812, 240.37887573242188, 350.24365234375], [199.1533966064453, 258.49285888671875, 216.95623779296875, 357.3279724121094], [144.84747314453125, -0.38467347621917725, 292.5690002441406, 52.27299499511719], [246.97637939453125, 237.56866455078125, 334.0438232421875, 499.9666748046875], [-0.039549633860588074, -0.28214603662490845, 60.52018356323242, 116.9608383178711], [132.36134338378906, 87.75928497314453, 190.94802856445312, 124.89306640625], [-0.1466817855834961, 141.09539794921875, 41.298744201660156, 219.71102905273438], [0.272193968296051, 0.6725043058395386, 59.469581604003906, 315.790283203125], [-0.1998758316040039, 142.40957641601562, 34.706642150878906, 315.0947570800781], [69.2073974609375, -3.4672765731811523, 272.9273376464844, 458.7262268066406], [135.96817016601562, 2.3169219493865967, 274.7045593261719, 461.3302917480469], [311.9478759765625, 348.2691650390625, 333.7599792480469, 449.0244445800781], [251.1475067138672, 238.6779327392578, 334.3838195800781, 502.7072448730469], [10.493888854980469, 100.22801971435547, 68.90188598632812, 219.9560089111328], [185.5106964111328, 0.2781189978122711, 266.06610107421875, 103.91993713378906], [297.0942077636719, 318.91259765625, 334.005615234375, 500.04888916015625], [-0.0001741945743560791, 0.3261938691139221, 68.94073486328125, 222.23648071289062], [-0.04790101945400238, 1.0320097208023071, 64.3750991821289, 437.1226501464844], [-0.1226230263710022, 112.23080444335938, 333.8740234375, 500.9576110839844], [-0.017939552664756775, -0.3349408507347107, 60.5086669921875, 220.34910583496094], [0.3233449459075928, 199.83961486816406, 170.84597778320312, 437.6907653808594], [76.5690689086914, 198.92172241210938, 256.12738037109375, 499.7158203125], [311.9478759765625, 348.2691650390625, 333.7599792480469, 449.0244445800781], [0.20410627126693726, 0.8289963006973267, 100.04777526855469, 436.60235595703125], [0.24624642729759216, 0.32548606395721436, 61.47560501098633, 312.9642639160156], [259.0234680175781, 232.92422485351562, 333.3614807128906, 407.8302917480469], [247.72335815429688, 241.30311584472656, 333.5636291503906, 349.1544494628906], [0.4893324673175812, 133.09007263183594, 59.84123992919922, 433.9471435546875], [212.06466674804688, 19.865989685058594, 334.1405944824219, 494.1413879394531], [-0.1466817855834961, 141.09539794921875, 41.298744201660156, 219.71102905273438], [297.0942077636719, 318.91259765625, 334.005615234375, 500.04888916015625], [69.80078887939453, 222.4877471923828, 96.54888916015625, 262.4126281738281], [-0.24197368323802948, 98.35345458984375, 67.59254455566406, 323.73333740234375], [72.12281799316406, 199.9345703125, 257.53411865234375, 499.4866027832031], [209.32896423339844, 229.40748596191406, 243.33221435546875, 267.61297607421875], [74.55220031738281, 200.7164306640625, 243.1243896484375, 265.06414794921875], [-0.039549633860588074, -0.28214603662490845, 60.52018356323242, 116.9608383178711], [0.21474707126617432, 1.8047243356704712, 101.73585510253906, 437.1121520996094], [124.67033386230469, 19.26445960998535, 331.2590026855469, 473.3936462402344], [-0.06496959924697876, 141.8185272216797, 333.931640625, 438.9176940917969], [-0.14621269702911377, -0.6372071504592896, 36.14362716674805, 51.817352294921875], [0.20938187837600708, 3.3715460300445557, 36.178401947021484, 56.26905822753906], [0.20938187837600708, 3.3715460300445557, 36.178401947021484, 56.26905822753906], [-0.06534785032272339, 1.8544197082519531, 333.9313049316406, 494.33935546875], [-0.1430087685585022, 1.4050155878067017, 64.45468139648438, 342.75830078125], [54.406715393066406, 99.73201751708984, 68.71986389160156, 115.74136352539062], [24.422330856323242, 0.5590394139289856, 54.65066146850586, 77.32445526123047], [-0.14621269702911377, -0.6372071504592896, 36.14362716674805, 51.817352294921875], [199.6485595703125, 283.389404296875, 217.25701904296875, 356.2414855957031], [-0.14621269702911377, -0.6372071504592896, 36.14362716674805, 51.817352294921875], [297.0942077636719, 318.91259765625, 334.005615234375, 500.04888916015625], [54.406715393066406, 99.73201751708984, 68.71986389160156, 115.74136352539062], [193.7565460205078, 42.15746307373047, 252.28245544433594, 100.22370147705078], [179.05087280273438, 231.7118377685547, 229.2189178466797, 412.93682861328125], [0.27824097871780396, 143.0762176513672, 64.45494842529297, 437.72467041015625], [-0.09540636837482452, 6.479784965515137, 62.009098052978516, 437.7680969238281], [0.1223965734243393, 133.46786499023438, 61.112205505371094, 437.2933044433594], [68.60851287841797, 20.735294342041016, 334.45367431640625, 486.3001403808594], [-0.1466817855834961, 141.09539794921875, 41.298744201660156, 219.71102905273438], [198.6200714111328, 288.7992248535156, 206.85113525390625, 356.753173828125], [128.47201538085938, 220.6259765625, 250.82135009765625, 497.9414978027344], [0.31694579124450684, 137.28884887695312, 29.100637435913086, 353.1020202636719], [0.06795579195022583, -0.3158077597618103, 68.71186828613281, 115.91060638427734], [297.0942077636719, 318.91259765625, 334.005615234375, 500.04888916015625], [-0.06534785032272339, 1.8544197082519531, 333.9313049316406, 494.33935546875], [149.45391845703125, 300.8241882324219, 172.75039672851562, 360.9616394042969], [0.5640370845794678, 75.35391998291016, 58.51460647583008, 351.7008056640625], [249.36471557617188, 153.55731201171875, 333.88287353515625, 500.11669921875], [54.406715393066406, 99.73201751708984, 68.71986389160156, 115.74136352539062], [24.422330856323242, 0.5590394139289856, 54.65066146850586, 77.32445526123047], [305.5846862792969, 323.38690185546875, 333.9361877441406, 448.89117431640625], [0.5640370845794678, 75.35391998291016, 58.51460647583008, 351.7008056640625], [-0.11377643048763275, 141.23992919921875, 46.795501708984375, 221.2678680419922], [0.06795579195022583, -0.3158077597618103, 68.71186828613281, 115.91060638427734], [199.1533966064453, 258.49285888671875, 216.95623779296875, 357.3279724121094], [252.53451538085938, 237.76181030273438, 333.2777099609375, 258.28057861328125], [242.30039978027344, 236.99551391601562, 333.7532958984375, 352.64129638671875], [-0.11950743198394775, -0.2897009253501892, 60.61399841308594, 135.01766967773438], [-1.0475564002990723, 110.17413330078125, 332.9490051269531, 413.47991943359375], [203.2505645751953, 259.3551940917969, 215.84417724609375, 323.94891357421875], [298.0822448730469, 323.8161315917969, 333.7855224609375, 499.8980712890625], [128.731201171875, 55.63112258911133, 269.053955078125, 188.63189697265625], [-0.1466817855834961, 141.09539794921875, 41.298744201660156, 219.71102905273438], [-1.4075021743774414, 108.88440704345703, 332.5889587402344, 384.2175598144531], [0.007423177361488342, 0.37601590156555176, 66.50830841064453, 350.6966552734375], [127.29817962646484, 357.9234619140625, 185.1790008544922, 499.38421630859375], [0.10525582730770111, 38.187564849853516, 59.72865295410156, 440.74334716796875], [224.8957061767578, 230.6165313720703, 243.7965545654297, 267.685302734375], [215.34349060058594, 236.4029541015625, 333.8894958496094, 500.31256103515625], [-0.11377643048763275, 141.23992919921875, 46.795501708984375, 221.2678680419922], [-0.4731323719024658, 104.6395034790039, 333.5227966308594, 320.0484619140625], [198.87069702148438, 43.31199645996094, 275.4283447265625, 460.7863464355469], [-0.14621269702911377, -0.6372071504592896, 36.14362716674805, 51.817352294921875], [179.05087280273438, 231.7118377685547, 229.2189178466797, 412.93682861328125], [-0.7102161645889282, -0.4754960536956787, 273.77081298828125, 456.9189453125], [297.0942077636719, 318.91259765625, 334.005615234375, 500.04888916015625], [190.54757690429688, 18.77941131591797, 279.28033447265625, 464.8148498535156], [-0.14621269702911377, -0.6372071504592896, 36.14362716674805, 51.817352294921875], [220.76812744140625, 21.381765365600586, 332.1263122558594, 490.0226745605469], [130.41224670410156, 269.0509948730469, 188.39808654785156, 396.6755065917969], [126.42364501953125, 308.55230712890625, 333.76898193359375, 499.2318420410156], [297.0942077636719, 318.91259765625, 334.005615234375, 500.04888916015625], [0.06795579195022583, -0.3158077597618103, 68.71186828613281, 115.91060638427734], [69.36117553710938, 200.7617645263672, 333.6998596191406, 497.181396484375], [74.66278076171875, 1.3587921857833862, 334.4613342285156, 489.303955078125], [-0.08768457174301147, 313.5271301269531, 333.90069580078125, 500.5281677246094], [0.06579577922821045, 221.03353881835938, 60.871822357177734, 437.147705078125], [10.493888854980469, 100.22801971435547, 68.90188598632812, 219.9560089111328], [-0.1466817855834961, 141.09539794921875, 41.298744201660156, 219.71102905273438], [11.78134536743164, 179.9573516845703, 46.169151306152344, 219.99050903320312], [0.20938187837600708, 3.3715460300445557, 36.178401947021484, 56.26905822753906], [167.1988983154297, 128.8773651123047, 244.5392608642578, 266.7560119628906], [54.406715393066406, 99.73201751708984, 68.71986389160156, 115.74136352539062], [209.32896423339844, 229.40748596191406, 243.33221435546875, 267.61297607421875], [-0.04790101945400238, 1.0320097208023071, 64.3750991821289, 437.1226501464844], [114.2850112915039, -30.458032608032227, 336.4670715332031, 459.68902587890625], [-0.06584803760051727, 153.28433227539062, 44.62895965576172, 438.04156494140625], [0.20938187837600708, 3.3715460300445557, 36.178401947021484, 56.26905822753906], [72.16211700439453, 223.54124450683594, 82.4754409790039, 235.4830322265625], [291.21246337890625, 235.52528381347656, 333.7945251464844, 499.9391174316406], [-0.1466817855834961, 141.09539794921875, 41.298744201660156, 219.71102905273438], [250.70123291015625, -0.2578478455543518, 329.099609375, 51.57276153564453], [-0.1466817855834961, 141.09539794921875, 41.298744201660156, 219.71102905273438], [0.2755907475948334, 6.748885154724121, 61.8371467590332, 438.05023193359375], [291.5645446777344, 327.1731872558594, 333.6656494140625, 499.47833251953125], [-0.09540636837482452, 6.479784965515137, 62.009098052978516, 437.7680969238281], [-0.11377643048763275, 141.23992919921875, 46.795501708984375, 221.2678680419922], [69.50833129882812, 223.61106872558594, 86.30931854248047, 258.2425842285156], [212.10105895996094, 14.4730806350708, 334.01983642578125, 502.23541259765625], [11.672009468078613, 183.65757751464844, 45.14909362792969, 220.0763702392578], [-0.04790101945400238, 1.0320097208023071, 64.3750991821289, 437.1226501464844], [69.80078887939453, 222.4877471923828, 96.54888916015625, 262.4126281738281], [72.96613311767578, 2.0036399364471436, 275.5807189941406, 461.83270263671875], [138.89820861816406, 80.83990478515625, 270.6297607421875, 291.75311279296875], [115.5420150756836, 203.09771728515625, 337.81854248046875, 492.2550964355469], [0.07948000729084015, 0.15387684106826782, 45.35729217529297, 219.92486572265625], [0.20938187837600708, 3.3715460300445557, 36.178401947021484, 56.26905822753906], [79.24103546142578, 200.93551635742188, 256.4449768066406, 497.6058349609375], [-1.3238190412521362, 99.34712982177734, 332.67266845703125, 369.6077575683594], [-0.004807770252227783, -0.02574920654296875, 62.341766357421875, 363.16845703125], [214.35289001464844, 17.62284278869629, 333.9328308105469, 485.2965393066406], [71.08243560791016, 201.558837890625, 242.18006896972656, 265.1084899902344], [-0.4731323719024658, 104.6395034790039, 333.5227966308594, 320.0484619140625], [216.5511474609375, -0.06540864706039429, 329.04608154296875, 54.332401275634766], [-1.1081761121749878, 78.41497802734375, 332.8881530761719, 410.19683837890625], [-0.1409682035446167, 141.6311798095703, 45.7728157043457, 360.076904296875], [-1.3028957843780518, 94.82833862304688, 332.6935119628906, 380.4463806152344], [70.9679183959961, 109.9053955078125, 334.1687316894531, 503.0970458984375], [213.57337951660156, 236.35238647460938, 334.1169128417969, 465.3708190917969], [10.493888854980469, 100.22801971435547, 68.90188598632812, 219.9560089111328], [136.0780792236328, 98.3094711303711, 270.09759521484375, 262.2280578613281], [179.89776611328125, 274.3750305175781, 208.4627227783203, 414.060546875], [175.02745056152344, 47.13883590698242, 256.5718994140625, 123.93657684326172], [130.41224670410156, 269.0509948730469, 188.39808654785156, 396.6755065917969], [0.11929839849472046, 12.758642196655273, 61.05782699584961, 438.3935241699219], [167.40011596679688, 235.8031768798828, 177.969482421875, 267.1698913574219], [11.78134536743164, 179.9573516845703, 46.169151306152344, 219.99050903320312], [144.69529724121094, 66.4693374633789, 269.9880676269531, 200.00523376464844], [70.12469482421875, 222.090087890625, 100.08942413330078, 262.3241271972656], [74.46977233886719, 42.115970611572266, 262.41680908203125, 336.5030212402344], [1.5802981853485107, 98.17620086669922, 68.92277526855469, 118.19768524169922], [0.20938187837600708, 3.3715460300445557, 36.178401947021484, 56.26905822753906]), Score: [0.9224563837051392, 0.889815092086792, 0.6125680804252625, 0.49010634422302246, 0.4518231749534607, 0.414397269487381, 0.38115400075912476, 0.31837204098701477, 0.30553802847862244, 0.2753221094608307, 0.24955323338508606, 0.2355836033821106, 0.2255912572145462, 0.20927463471889496, 0.2005806565284729, 0.1961350440979004, 0.1902666538953781, 0.15806806087493896, 0.1469338834285736, 0.14617492258548737, 0.14507842063903809, 0.14387860894203186, 0.142574280500412, 0.1422165483236313, 0.14078180491924286, 0.13948996365070343, 0.13854338228702545, 0.1368216872215271, 0.13278228044509888, 0.1282099485397339, 0.12653174996376038, 0.12605486810207367, 0.12495757639408112, 0.123572438955307, 0.12328355759382248, 0.12248310446739197, 0.12194621562957764, 0.11899244040250778, 0.11853218078613281, 0.11779296398162842, 0.11679396778345108, 0.11549056321382523, 0.11227406561374664, 0.11074841022491455, 0.10974764823913574, 0.10783280432224274, 0.10426481068134308, 0.10148715227842331, 0.0987524762749672, 0.09770253300666809, 0.09697769582271576, 0.09455660730600357, 0.09356573969125748, 0.09279080480337143, 0.09204288572072983, 0.09114362299442291, 0.08503265678882599, 0.0834554135799408, 0.08244622498750687, 0.08157104253768921, 0.08125477284193039, 0.07803523540496826, 0.07680915296077728, 0.07602351158857346, 0.07312586158514023, 0.07129249721765518, 0.07085325568914413, 0.06985481083393097, 0.06896857172250748, 0.06895322352647781, 0.06816872209310532, 0.06768076121807098, 0.06762009859085083, 0.06749782711267471, 0.06691975891590118, 0.06688671559095383, 0.06616891920566559, 0.06598089635372162, 0.0653676688671112, 0.06445980817079544, 0.06375857442617416, 0.06359384953975677, 0.06333494931459427, 0.06277122348546982, 0.062474045902490616, 0.06246577575802803, 0.06165238469839096, 0.061613716185092926, 0.061284422874450684, 0.06073008477687836, 0.06005162000656128, 0.0598766952753067, 0.059566229581832886, 0.05800820142030716, 0.057790085673332214, 0.05698265880346298, 0.05680358037352562, 0.05662669613957405, 0.056568682193756104, 0.05651769042015076, 0.05608663707971573, 0.05600091814994812, 0.05588230863213539, 0.05514635145664215, 0.054623499512672424, 0.05461719632148743, 0.05432484671473503, 0.054136406630277634, 0.053601767867803574, 0.05326167494058609, 0.053093455731868744, 0.05269421637058258, 0.05237158015370369, 0.0517936535179615, 0.051792774349451065, 0.0517289899289608, 0.05102863162755966, 0.05093632638454437, 0.050523869693279266, 0.05047612637281418, 0.05038181319832802, 0.050002336502075195, 0.049776673316955566, 0.049505364149808884, 0.049003053456544876, 0.048964373767375946, 0.04830716922879219, 0.04817875102162361, 0.04808354377746582, 0.04765242710709572, 0.047545962035655975, 0.04744475707411766, 0.04723837971687317, 0.04699374735355377, 0.046672262251377106, 0.04652698338031769, 0.04650777205824852, 0.04639877378940582, 0.046309925615787506, 0.04623923450708389, 0.0462159663438797, 0.0460968054831028, 0.045950088649988174, 0.045792896300554276, 0.045729026198387146, 0.04568953812122345, 0.04549369215965271, 0.045442577451467514, 0.045271266251802444, 0.04508092999458313, 0.04503517225384712, 0.044758543372154236, 0.04467841610312462, 0.04466214030981064, 0.044489603489637375, 0.04443088546395302, 0.044061750173568726, 0.043465506285429, 0.0427137166261673, 0.042365897446870804, 0.04233313351869583, 0.0420963428914547, 0.04209545999765396, 0.04195426404476166, 0.04171766713261604, 0.041613269597291946, 0.041545093059539795, 0.04150373861193657, 0.04129921644926071, 0.041279327124357224, 0.04126456379890442, 0.04125487804412842, 0.04112141951918602, 0.04105746001005173, 0.040967393666505814, 0.04081118851900101, 0.04058627784252167, 0.04007134214043617, 0.039851509034633636, 0.03970442712306976, 0.039691876620054245, 0.03948083892464638, 0.03944379463791847, 0.03943914175033569, 0.03920641168951988, 0.03910870850086212, 0.03910517692565918, 0.038872528821229935, 0.03872860595583916, 0.03865036740899086, 0.03824519366025925, 0.038205526769161224, 0.03808175399899483, 0.037798162549734116, 0.0375564880669117, 0.03750818222761154, 0.03745519369840622, 0.03738021105527878, 0.03724062442779541, 0.037227652966976166, 0.03715162351727486, 0.03708120435476303, 0.03699487820267677, 0.03694889321923256, 0.036607321351766586, 0.03645840659737587, 0.03620849922299385, 0.036203108727931976, 0.03597844019532204, 0.03590336814522743, 0.035899266600608826, 0.03582043573260307, 0.035798292607069016, 0.03567208722233772, 0.035594623535871506, 0.035105664283037186, 0.03509428724646568, 0.0349414236843586, 0.034732818603515625, 0.03467496857047081, 0.03462902456521988, 0.034548383206129074, 0.03440089151263237, 0.034373246133327484, 0.03429063782095909, 0.034003060311079025, 0.03393042832612991, 0.03376169875264168, 0.03360375761985779, 0.03344164043664932, 0.0333632193505764, 0.03335151821374893, 0.03329654037952423, 0.03319887816905975, 0.033179447054862976, 0.03317030146718025, 0.03298559784889221, 0.03294159471988678, 0.03288596495985985, 0.03274393454194069, 0.032697729766368866, 0.03256771340966225, 0.03244759514927864, 0.032403845340013504, 0.03233085945248604, 0.032256826758384705, 0.03214804083108902, 0.03209039568901062, 0.0320831723511219, 0.03204963356256485, 0.03192533552646637, 0.03191106393933296, 0.031873397529125214, 0.03186681121587753, 0.031801339238882065, 0.031776487827301025, 0.031760118901729584, 0.0316426046192646, 0.031622372567653656, 0.03143037110567093, 0.031351152807474136, 0.03123295120894909, 0.0311996191740036, 0.031053541228175163, 0.030880790203809738, 0.030869048088788986, 0.030777301639318466, 0.030536513775587082, 0.030520876869559288, 0.030465593561530113, 0.030460240319371223, 0.030421370640397072, 0.030415816232562065, 0.030247243121266365, 0.030227597802877426, 0.030164077877998352, 0.030118577182292938, 0.0301126167178154, 0.030055781826376915, 0.030005937442183495, 0.029929429292678833, 0.02988520637154579, 0.029763074591755867, 0.02955637499690056, 0.02935411036014557, 0.02933213859796524, 0.029283778741955757, 0.029229460284113884, 0.029074357822537422, 0.029019130393862724, 0.029000937938690186, 0.028988679870963097, 0.028905339539051056, 0.028738008812069893, 0.028663713485002518, 0.028638824820518494, 0.02858956716954708, 0.02845296636223793, 0.02838629111647606, 0.028366105630993843]

Execution time: 0.3974 sec
