Label: tensor([17, 17, 17,  6, 17,  0, 19, 17,  6,  0, 19,  6, 17, 19,  7, 17, 51, 14,
        56,  0, 17,  0, 19, 73, 17, 56,  0,  0,  6,  0, 17, 14, 17, 14, 17,  0,
        17,  0, 13, 17, 17, 17, 17, 17,  0, 58, 17, 17, 17, 17, 57,  7, 17,  7,
        56, 17, 17, 56, 13, 13, 56, 14, 17, 17,  0,  7,  6, 17,  6, 17,  0, 19,
        14,  0, 13, 13, 56,  0, 72, 18, 17, 17, 39, 17, 17,  8, 58, 19,  2, 17,
         9, 41, 58, 17,  0, 18, 28, 17, 23, 22, 13,  6,  6, 72, 18, 14, 58,  0,
        43, 56, 17, 13, 56, 17, 19, 13, 17, 22,  0,  2, 18, 56,  0, 17, 17, 19,
        56, 14,  0,  7, 17, 17, 17, 17, 13, 14, 12, 13, 17, 17,  0, 17, 71, 17,
        56, 18, 17,  6, 17, 14, 17,  0, 56, 17,  0, 17, 19,  5, 19, 13, 33,  6,
         0, 20, 56,  2, 19, 72,  6,  0, 17,  0, 19, 14,  0, 22,  8, 17, 13,  2,
        17,  2,  0,  0,  0, 17,  0, 19, 14, 17, 14,  6, 17,  6, 14, 12, 18, 19,
         7,  6,  0,  7, 72, 17, 14, 14,  7, 65, 13,  0, 17,  2, 17, 17,  6, 17,
        23,  6, 56, 21,  0, 56, 17, 61, 19,  0,  0,  2, 49,  0, 56,  0, 17, 17,
         0, 12, 17, 13, 17,  2, 13, 13, 17,  0, 56, 13, 14, 19, 13,  0, 56, 19,
        26, 58, 17, 71,  2, 17, 21, 47, 18, 14,  0, 14,  2, 14, 51,  2,  2,  0,
        17, 72, 13,  9,  0, 56, 56,  0,  7, 13, 69, 19, 14,  2,  7,  8, 71,  6,
        69,  2, 58, 57, 62,  3,  2, 58,  9, 23, 14, 58]), Box: ([121.83031463623047, 95.0128402709961, 422.308837890625, 297.94500732421875], [54.71820831298828, 135.27838134765625, 96.78849792480469, 206.88877868652344], [54.80209732055664, 151.67945861816406, 88.72403717041016, 205.84243774414062], [-0.5756169557571411, 126.21196746826172, 140.42930603027344, 295.11737060546875], [104.07902526855469, 136.13690185546875, 132.03697204589844, 181.51219177246094], [346.3287048339844, 180.0587158203125, 357.70062255859375, 198.01609802246094], [54.71820831298828, 135.27838134765625, 96.78849792480469, 206.88877868652344], [0.20590610802173615, 146.6859893798828, 54.9264030456543, 195.26329040527344], [-0.2638325095176697, 126.93231964111328, 139.19126892089844, 211.0875244140625], [54.71820831298828, 135.27838134765625, 96.78849792480469, 206.88877868652344], [54.80209732055664, 151.67945861816406, 88.72403717041016, 205.84243774414062], [-0.32801181077957153, 127.0123519897461, 139.34925842285156, 211.2050018310547], [346.3287048339844, 180.0587158203125, 357.70062255859375, 198.01609802246094], [104.07902526855469, 136.13690185546875, 132.03697204589844, 181.51219177246094], [-0.5756169557571411, 126.21196746826172, 140.42930603027344, 295.11737060546875], [28.443145751953125, 145.62396240234375, 99.06062316894531, 209.30824279785156], [121.83031463623047, 95.0128402709961, 422.308837890625, 297.94500732421875], [75.51759338378906, 135.19561767578125, 85.03276062011719, 147.61500549316406], [44.2982063293457, 61.047607421875, 56.96686553955078, 93.28150177001953], [118.17296600341797, 175.32496643066406, 122.99685668945312, 186.37811279296875], [227.86489868164062, 95.18305206298828, 422.05462646484375, 214.67689514160156], [90.2152099609375, 160.8981475830078, 95.2287826538086, 178.2930908203125], [0.20590610802173615, 146.6859893798828, 54.9264030456543, 195.26329040527344], [493.206787109375, 185.30508422851562, 499.9205322265625, 201.20458984375], [-0.5756169557571411, 126.21196746826172, 140.42930603027344, 295.11737060546875], [46.989803314208984, 30.045032501220703, 56.305381774902344, 45.85691833496094], [54.80209732055664, 151.67945861816406, 88.72403717041016, 205.84243774414062], [87.5887451171875, 160.32000732421875, 96.69293212890625, 189.9661865234375], [54.71820831298828, 135.27838134765625, 96.78849792480469, 206.88877868652344], [32.21868896484375, 30.46089744567871, 42.29888153076172, 92.6683578491211], [80.72418975830078, 180.14144897460938, 118.71259307861328, 206.1553497314453], [65.15217590332031, 222.9322967529297, 71.77583312988281, 233.20242309570312], [233.45982360839844, 93.25843811035156, 423.2415466308594, 214.71632385253906], [46.989803314208984, 30.045032501220703, 56.305381774902344, 45.85691833496094], [55.01322555541992, 173.1280975341797, 70.68401336669922, 199.2860565185547], [88.31046295166016, 160.339599609375, 96.8690185546875, 188.7790069580078], [54.6772346496582, 171.84432983398438, 93.09728240966797, 205.89698791503906], [75.51759338378906, 135.19561767578125, 85.03276062011719, 147.61500549316406], [-0.21151220798492432, 77.77633666992188, 14.201220512390137, 106.78499603271484], [343.6584777832031, 96.1761703491211, 422.4884948730469, 211.75277709960938], [0.007227063179016113, 147.4150390625, 28.146141052246094, 193.96847534179688], [282.468994140625, 95.51655578613281, 422.8736572265625, 212.35061645507812], [-0.2638325095176697, 126.93231964111328, 139.19126892089844, 211.0875244140625], [90.91902923583984, 136.2045440673828, 132.43894958496094, 184.7576141357422], [76.35783386230469, 158.6857147216797, 96.91911315917969, 206.11300659179688], [232.56613159179688, 301.6959533691406, 344.7025451660156, 374.8745422363281], [57.959861755371094, 151.5791015625, 87.37310028076172, 183.88197326660156], [75.51759338378906, 135.19561767578125, 85.03276062011719, 147.61500549316406], [121.639404296875, 97.06541442871094, 421.6968688964844, 295.241943359375], [317.51934814453125, 95.916015625, 422.934814453125, 211.46571350097656], [-0.5756169557571411, 126.21196746826172, 140.42930603027344, 295.11737060546875], [-0.2638325095176697, 126.93231964111328, 139.19126892089844, 211.0875244140625], [216.44488525390625, 95.0652084350586, 422.4539794921875, 211.6544952392578], [-0.32801181077957153, 127.0123519897461, 139.34925842285156, 211.2050018310547], [47.01068115234375, 61.23106384277344, 56.90977096557617, 74.54390716552734], [76.35783386230469, 158.6857147216797, 96.91911315917969, 206.11300659179688], [53.505592346191406, 129.48431396484375, 138.3834228515625, 210.1492462158203], [474.2835998535156, 123.87075805664062, 498.5447692871094, 199.7781982421875], [463.37432861328125, 198.7673797607422, 499.83740234375, 273.7424621582031], [-0.5756169557571411, 126.21196746826172, 140.42930603027344, 295.11737060546875], [42.92241668701172, 58.29983139038086, 59.16543960571289, 102.86067962646484], [87.88728332519531, 179.86170959472656, 93.68167114257812, 190.02972412109375], [121.5434799194336, 119.2558822631836, 225.3975372314453, 295.72601318359375], [223.9364776611328, 95.469482421875, 422.6441345214844, 246.078857421875], [484.208740234375, 73.77594757080078, 498.2074279785156, 124.77533721923828], [54.71820831298828, 135.27838134765625, 96.78849792480469, 206.88877868652344], [-0.6057843565940857, 122.358642578125, 199.66012573242188, 295.36846923828125], [337.3075866699219, 148.4269256591797, 421.9703674316406, 208.6939697265625], [0.6391406059265137, 94.88009643554688, 422.3406677246094, 296.4622497558594], [-0.32801181077957153, 127.0123519897461, 139.34925842285156, 211.2050018310547], [484.2912292480469, 73.081298828125, 497.5154113769531, 124.67131042480469], [-0.2638325095176697, 126.93231964111328, 139.19126892089844, 211.0875244140625], [255.907470703125, 0.6573724150657654, 265.7335510253906, 10.322937965393066], [483.9644775390625, 45.65133285522461, 499.26385498046875, 124.79960632324219], [-0.17788074910640717, 77.48278045654297, 16.847719192504883, 132.271728515625], [136.96621704101562, 92.25827026367188, 154.84573364257812, 104.49568939208984], [136.96621704101562, 92.25827026367188, 154.84573364257812, 104.49568939208984], [104.07902526855469, 136.13690185546875, 132.03697204589844, 181.51219177246094], [121.83031463623047, 95.0128402709961, 422.308837890625, 297.94500732421875], [54.80209732055664, 151.67945861816406, 88.72403717041016, 205.84243774414062], [104.58311462402344, 137.03585815429688, 129.76002502441406, 170.94993591308594], [345.539794921875, 176.25064086914062, 416.1777038574219, 208.88458251953125], [493.206787109375, 185.30508422851562, 499.9205322265625, 201.20458984375], [343.5957946777344, 148.4425811767578, 421.7943420410156, 210.20176696777344], [90.2152099609375, 160.8981475830078, 95.2287826538086, 178.2930908203125], [121.83031463623047, 95.0128402709961, 422.308837890625, 297.94500732421875], [283.7034912109375, 302.864501953125, 343.0091857910156, 373.45965576171875], [104.58311462402344, 137.03585815429688, 129.76002502441406, 170.94993591308594], [-0.5756169557571411, 126.21196746826172, 140.42930603027344, 295.11737060546875], [306.05267333984375, 155.2716064453125, 422.1350402832031, 214.94992065429688], [483.9644775390625, 45.65133285522461, 499.26385498046875, 124.79960632324219], [493.206787109375, 185.30508422851562, 499.9205322265625, 201.20458984375], [223.96743774414062, 183.35406494140625, 434.183837890625, 374.1635437011719], [342.1496276855469, 159.78170776367188, 421.1233215332031, 210.09194946289062], [65.15217590332031, 222.9322967529297, 71.77583312988281, 233.20242309570312], [46.989803314208984, 30.045032501220703, 56.305381774902344, 45.85691833496094], [463.37432861328125, 198.7673797607422, 499.83740234375, 273.7424621582031], [0.2984982132911682, 147.26861572265625, 26.933759689331055, 182.73045349121094], [0.20590610802173615, 146.6859893798828, 54.9264030456543, 195.26329040527344], [0.20590610802173615, 146.6859893798828, 54.9264030456543, 195.26329040527344], [474.2835998535156, 123.87075805664062, 498.5447692871094, 199.7781982421875], [-0.1824498176574707, 97.34207916259766, 429.54412841796875, 373.57513427734375], [121.83031463623047, 95.0128402709961, 422.308837890625, 297.94500732421875], [474.2835998535156, 123.87075805664062, 498.5447692871094, 199.7781982421875], [54.71820831298828, 135.27838134765625, 96.78849792480469, 206.88877868652344], [50.36678695678711, 190.2132568359375, 57.60840606689453, 209.5716552734375], [226.39077758789062, 303.82952880859375, 335.718505859375, 374.8719787597656], [73.33030700683594, 152.11260986328125, 91.75013732910156, 206.57272338867188], [121.83031463623047, 95.0128402709961, 422.308837890625, 297.94500732421875], [-0.21151220798492432, 77.77633666992188, 14.201220512390137, 106.78499603271484], [220.9630584716797, 108.18476867675781, 365.9423522949219, 208.9038543701172], [44.2982063293457, 61.047607421875, 56.96686553955078, 93.28150177001953], [-0.17788074910640717, 77.48278045654297, 16.847719192504883, 132.271728515625], [54.72359085083008, 161.2425537109375, 76.14165496826172, 200.04310607910156], [121.83031463623047, 95.0128402709961, 422.308837890625, 297.94500732421875], [-0.2638325095176697, 126.93231964111328, 139.19126892089844, 211.0875244140625], [121.2602767944336, 119.34757232666016, 234.48252868652344, 294.84228515625], [121.83031463623047, 95.0128402709961, 422.308837890625, 297.94500732421875], [344.98736572265625, 178.9312744140625, 366.51800537109375, 198.3436737060547], [54.71820831298828, 135.27838134765625, 96.78849792480469, 206.88877868652344], [55.01322555541992, 173.1280975341797, 70.68401336669922, 199.2860565185547], [118.17296600341797, 175.32496643066406, 122.99685668945312, 186.37811279296875], [77.01201629638672, 159.57325744628906, 97.31375885009766, 206.420166015625], [-0.1824498176574707, 97.34207916259766, 429.54412841796875, 373.57513427734375], [54.786582946777344, 159.43743896484375, 81.24913787841797, 202.46429443359375], [-0.32801181077957153, 127.0123519897461, 139.34925842285156, 211.2050018310547], [463.37432861328125, 198.7673797607422, 499.83740234375, 273.7424621582031], [30.984394073486328, 187.02976989746094, 36.914146423339844, 194.623046875], [121.83031463623047, 95.0128402709961, 422.308837890625, 297.94500732421875], [-0.1824498176574707, 97.34207916259766, 429.54412841796875, 373.57513427734375], [0.6391406059265137, 94.88009643554688, 422.3406677246094, 296.4622497558594], [1.1793487071990967, 146.58522033691406, 61.30715560913086, 194.76605224609375], [73.1861801147461, 136.3641815185547, 128.7471160888672, 206.1015625], [306.8069152832031, 145.9701690673828, 422.61798095703125, 211.89328002929688], [463.5876159667969, 124.31121063232422, 499.3459167480469, 271.2620849609375], [346.3287048339844, 180.0587158203125, 357.70062255859375, 198.01609802246094], [483.9644775390625, 45.65133285522461, 499.26385498046875, 124.79960632324219], [14.406397819519043, 88.35968017578125, 56.6357307434082, 103.64305114746094], [121.74597930908203, 119.20796203613281, 288.8804626464844, 292.26171875], [-0.6057843565940857, 122.358642578125, 199.66012573242188, 295.36846923828125], [474.2835998535156, 123.87075805664062, 498.5447692871094, 199.7781982421875], [1.8771253824234009, 174.6671905517578, 35.85528564453125, 194.8596649169922], [493.206787109375, 185.30508422851562, 499.9205322265625, 201.20458984375], [126.12642669677734, 216.44248962402344, 221.00033569335938, 295.4976501464844], [43.66989517211914, 61.773128509521484, 53.32212829589844, 92.7108154296875], [87.88728332519531, 179.86170959472656, 93.68167114257812, 190.02972412109375], [77.01201629638672, 159.57325744628906, 97.31375885009766, 206.420166015625], [0.21506845951080322, 80.90177154541016, 145.1515350341797, 295.0404968261719], [68.25350189208984, 151.0618438720703, 87.38589477539062, 183.34207153320312], [55.150001525878906, 190.33726501464844, 60.86368179321289, 199.42042541503906], [306.5528564453125, 176.09950256347656, 395.4927673339844, 216.6681671142578], [46.989803314208984, 30.045032501220703, 56.305381774902344, 45.85691833496094], [463.5876159667969, 124.31121063232422, 499.3459167480469, 271.2620849609375], [314.6961364746094, 178.24322509765625, 361.630615234375, 209.79708862304688], [104.41800689697266, 141.78672790527344, 120.5715103149414, 181.99583435058594], [246.39186096191406, 123.951416015625, 374.66107177734375, 206.72280883789062], [-0.5756169557571411, 126.21196746826172, 140.42930603027344, 295.11737060546875], [121.83031463623047, 95.0128402709961, 422.308837890625, 297.94500732421875], [90.91902923583984, 136.2045440673828, 132.43894958496094, 184.7576141357422], [-0.32801181077957153, 127.0123519897461, 139.34925842285156, 211.2050018310547], [121.83031463623047, 95.0128402709961, 422.308837890625, 297.94500732421875], [1.4662742614746094, 0.33773481845855713, 429.179443359375, 297.8210754394531], [6.301792144775391, 214.9674072265625, 26.812395095825195, 237.64830017089844], [121.83031463623047, 95.0128402709961, 422.308837890625, 297.94500732421875], [43.725833892822266, 29.714649200439453, 57.67262649536133, 94.05778503417969], [483.9644775390625, 45.65133285522461, 499.26385498046875, 124.79960632324219], [80.72418975830078, 180.14144897460938, 118.71259307861328, 206.1553497314453], [463.5876159667969, 124.31121063232422, 499.3459167480469, 271.2620849609375], [-0.013902783393859863, 93.89579010009766, 427.4520263671875, 373.1539611816406], [106.39411926269531, 166.352783203125, 117.88298797607422, 182.50155639648438], [121.915283203125, 119.64690399169922, 226.12265014648438, 250.0951385498047], [6.637355327606201, 220.73654174804688, 14.128329277038574, 230.773681640625], [28.443145751953125, 145.62396240234375, 99.06062316894531, 209.30824279785156], [6.301792144775391, 214.9674072265625, 26.812395095825195, 237.64830017089844], [81.94462585449219, 159.8961181640625, 96.6646957397461, 192.9246368408203], [54.71820831298828, 135.27838134765625, 96.78849792480469, 206.88877868652344], [-0.5756169557571411, 126.21196746826172, 140.42930603027344, 295.11737060546875], [57.393611907958984, 135.46585083007812, 96.60807037353516, 188.7669677734375], [42.92241668701172, 58.29983139038086, 59.16543960571289, 102.86067962646484], [0.20590610802173615, 146.6859893798828, 54.9264030456543, 195.26329040527344], [272.32183837890625, 97.11511993408203, 422.567626953125, 236.92735290527344], [463.5876159667969, 124.31121063232422, 499.3459167480469, 271.2620849609375], [43.66989517211914, 61.773128509521484, 53.32212829589844, 92.7108154296875], [-0.030096620321273804, 0.8726232051849365, 17.639780044555664, 132.59359741210938], [87.88728332519531, 179.86170959472656, 93.68167114257812, 190.02972412109375], [46.989803314208984, 30.045032501220703, 56.305381774902344, 45.85691833496094], [90.91902923583984, 136.2045440673828, 132.43894958496094, 184.7576141357422], [55.01322555541992, 173.1280975341797, 70.68401336669922, 199.2860565185547], [6.637355327606201, 220.73654174804688, 14.128329277038574, 230.773681640625], [118.17296600341797, 175.32496643066406, 122.99685668945312, 186.37811279296875], [5.651878356933594, 215.2518768310547, 26.889583587646484, 235.05145263671875], [-0.23262202739715576, 98.03974914550781, 424.2825622558594, 295.4752197265625], [184.95550537109375, 100.82550811767578, 415.5401306152344, 213.74400329589844], [53.505592346191406, 129.48431396484375, 138.3834228515625, 210.1492462158203], [99.8248519897461, 206.1985321044922, 110.52401733398438, 218.88931274414062], [474.2835998535156, 123.87075805664062, 498.5447692871094, 199.7781982421875], [0.20590610802173615, 146.6859893798828, 54.9264030456543, 195.26329040527344], [0.007227063179016113, 147.4150390625, 28.146141052246094, 193.96847534179688], [0.6391406059265137, 94.88009643554688, 422.3406677246094, 296.4622497558594], [-0.7335878610610962, 130.6118621826172, 108.38523864746094, 289.9013366699219], [33.328208923339844, 31.785680770874023, 40.89308166503906, 44.876792907714844], [-0.6057843565940857, 122.358642578125, 199.66012573242188, 295.36846923828125], [481.9317932128906, 44.62042999267578, 500.1339416503906, 197.94869995117188], [73.33030700683594, 152.11260986328125, 91.75013732910156, 206.57272338867188], [121.83031463623047, 95.0128402709961, 422.308837890625, 297.94500732421875], [0.2984982132911682, 147.26861572265625, 26.933759689331055, 182.73045349121094], [-0.013902783393859863, 93.89579010009766, 427.4520263671875, 373.1539611816406], [75.51759338378906, 135.19561767578125, 85.03276062011719, 147.61500549316406], [-0.18363353610038757, 77.98426055908203, 12.718379974365234, 96.98841094970703], [73.1861801147461, 136.3641815185547, 128.7471160888672, 206.1015625], [87.5887451171875, 160.32000732421875, 96.69293212890625, 189.9661865234375], [44.2982063293457, 61.047607421875, 56.96686553955078, 93.28150177001953], [220.44476318359375, 106.49967956542969, 358.5453186035156, 210.25057983398438], [104.41800689697266, 141.78672790527344, 120.5715103149414, 181.99583435058594], [54.80209732055664, 151.67945861816406, 88.72403717041016, 205.84243774414062], [125.46813201904297, 213.06912231445312, 221.8873748779297, 295.286865234375], [121.83031463623047, 95.0128402709961, 422.308837890625, 297.94500732421875], [0.003293156623840332, 94.42325592041016, 426.4539489746094, 373.5613708496094], [121.83031463623047, 95.0128402709961, 422.308837890625, 297.94500732421875], [121.83031463623047, 95.0128402709961, 422.308837890625, 297.94500732421875], [107.2043685913086, 165.3238983154297, 123.03567504882812, 186.60684204101562], [65.15217590332031, 222.9322967529297, 71.77583312988281, 233.20242309570312], [344.98736572265625, 178.9312744140625, 366.51800537109375, 198.3436737060547], [474.2835998535156, 123.87075805664062, 498.5447692871094, 199.7781982421875], [57.959861755371094, 151.5791015625, 87.37310028076172, 183.88197326660156], [-0.17788074910640717, 77.48278045654297, 16.847719192504883, 132.271728515625], [481.9317932128906, 44.62042999267578, 500.1339416503906, 197.94869995117188], [-0.2638325095176697, 126.93231964111328, 139.19126892089844, 211.0875244140625], [6.637355327606201, 220.73654174804688, 14.128329277038574, 230.773681640625], [5.651878356933594, 215.2518768310547, 26.889583587646484, 235.05145263671875], [33.005741119384766, 57.508087158203125, 43.37102508544922, 92.63555908203125], [57.712318420410156, 134.47389221191406, 88.71454620361328, 184.2726287841797], [87.88728332519531, 179.86170959472656, 93.68167114257812, 190.02972412109375], [81.94462585449219, 159.8961181640625, 96.6646957397461, 192.9246368408203], [73.53931427001953, 138.37335205078125, 96.61985778808594, 205.69908142089844], [463.5876159667969, 124.31121063232422, 499.3459167480469, 271.2620849609375], [85.71620178222656, 180.53700256347656, 129.6831512451172, 260.3934020996094], [14.43968677520752, 90.89395904541016, 56.65393829345703, 103.33458709716797], [-0.7335878610610962, 130.6118621826172, 108.38523864746094, 289.9013366699219], [474.2835998535156, 123.87075805664062, 498.5447692871094, 199.7781982421875], [47.01068115234375, 61.23106384277344, 56.90977096557617, 74.54390716552734], [3.563159227371216, 174.8054656982422, 25.165115356445312, 184.7747039794922], [326.13128662109375, 95.7489013671875, 422.4992370605469, 212.4522705078125], [116.2221908569336, 157.51918029785156, 124.2684555053711, 187.1806640625], [346.3287048339844, 180.0587158203125, 357.70062255859375, 198.01609802246094], [80.72418975830078, 180.14144897460938, 118.71259307861328, 206.1553497314453], [0.007227063179016113, 147.4150390625, 28.146141052246094, 193.96847534179688], [53.505592346191406, 129.48431396484375, 138.3834228515625, 210.1492462158203], [13.069182395935059, 103.60983276367188, 72.6600112915039, 121.01573944091797], [68.25350189208984, 151.0618438720703, 87.38589477539062, 183.34207153320312], [129.83990478515625, 77.84715270996094, 156.9672393798828, 104.52503967285156], [0.2984982132911682, 147.26861572265625, 26.933759689331055, 182.73045349121094], [121.83031463623047, 95.0128402709961, 422.308837890625, 297.94500732421875], [-0.17788074910640717, 77.48278045654297, 16.847719192504883, 132.271728515625], [221.04849243164062, 175.69259643554688, 385.732666015625, 255.04159545898438], [13.57514762878418, 103.67772674560547, 71.87966918945312, 120.52676391601562], [80.72418975830078, 180.14144897460938, 118.71259307861328, 206.1553497314453], [57.458824157714844, 152.12646484375, 94.68714141845703, 191.13836669921875], [54.71820831298828, 135.27838134765625, 96.78849792480469, 206.88877868652344], [6.637355327606201, 220.73654174804688, 14.128329277038574, 230.773681640625], [80.72418975830078, 180.14144897460938, 118.71259307861328, 206.1553497314453], [90.2152099609375, 160.8981475830078, 95.2287826538086, 178.2930908203125], [43.137508392333984, 62.04994583129883, 50.3737907409668, 91.90670776367188], [323.3431701660156, 335.8890380859375, 336.8523864746094, 356.4393615722656], [-0.17788074910640717, 77.48278045654297, 16.847719192504883, 132.271728515625], [33.658451080322266, 210.65530395507812, 45.06035232543945, 223.2266387939453], [6.637355327606201, 220.73654174804688, 14.128329277038574, 230.773681640625], [54.80209732055664, 151.67945861816406, 88.72403717041016, 205.84243774414062], [337.3075866699219, 148.4269256591797, 421.9703674316406, 208.6939697265625], [69.64144897460938, 136.25962829589844, 87.70585632324219, 182.1354217529297], [233.57565307617188, 130.12625122070312, 357.425048828125, 210.41751098632812], [-0.030096620321273804, 0.8726232051849365, 17.639780044555664, 132.59359741210938], [13.57514762878418, 103.67772674560547, 71.87966918945312, 120.52676391601562], [121.83031463623047, 95.0128402709961, 422.308837890625, 297.94500732421875], [70.29752349853516, 134.8537139892578, 87.22947692871094, 164.7915496826172], [103.23153686523438, 84.02052307128906, 113.16727447509766, 103.91667938232422], [32.21868896484375, 30.46089744567871, 42.29888153076172, 92.6683578491211], [57.393611907958984, 135.46585083007812, 96.60807037353516, 188.7669677734375], [54.80209732055664, 151.67945861816406, 88.72403717041016, 205.84243774414062], [129.83990478515625, 77.84715270996094, 156.9672393798828, 104.52503967285156], [474.2835998535156, 123.87075805664062, 498.5447692871094, 199.7781982421875], [75.51759338378906, 135.19561767578125, 85.03276062011719, 147.61500549316406], [3.563159227371216, 174.8054656982422, 25.165115356445312, 184.7747039794922], [-0.32801181077957153, 127.0123519897461, 139.34925842285156, 211.2050018310547], [0.20590610802173615, 146.6859893798828, 54.9264030456543, 195.26329040527344], [-0.1824498176574707, 97.34207916259766, 429.54412841796875, 373.57513427734375], [13.069182395935059, 103.60983276367188, 72.6600112915039, 121.01573944091797], [0.20590610802173615, 146.6859893798828, 54.9264030456543, 195.26329040527344], [483.9644775390625, 45.65133285522461, 499.26385498046875, 124.79960632324219], [463.37432861328125, 198.7673797607422, 499.83740234375, 273.7424621582031], [-0.5756169557571411, 126.21196746826172, 140.42930603027344, 295.11737060546875], [-0.2638325095176697, 126.93231964111328, 139.19126892089844, 211.0875244140625], [-0.5756169557571411, 126.21196746826172, 140.42930603027344, 295.11737060546875], [54.71820831298828, 135.27838134765625, 96.78849792480469, 206.88877868652344], [121.83031463623047, 95.0128402709961, 422.308837890625, 297.94500732421875], [99.8248519897461, 206.1985321044922, 110.52401733398438, 218.88931274414062], [346.3287048339844, 180.0587158203125, 357.70062255859375, 198.01609802246094], [0.007227063179016113, 147.4150390625, 28.146141052246094, 193.96847534179688], [0.20590610802173615, 146.6859893798828, 54.9264030456543, 195.26329040527344], [174.00674438476562, -0.04075421020388603, 194.10037231445312, 17.15654754638672]), Score: [0.957995593547821, 0.09065631031990051, 0.07110649347305298, 0.04973999038338661, 0.0421377494931221, 0.041770197451114655, 0.04172500967979431, 0.04062817990779877, 0.03748391568660736, 0.03643352910876274, 0.03480713069438934, 0.034540772438049316, 0.03258034959435463, 0.029807934537529945, 0.029642460867762566, 0.028454145416617393, 0.028327930718660355, 0.028179621323943138, 0.027198437601327896, 0.02702203392982483, 0.02679411508142948, 0.026573389768600464, 0.026384789496660233, 0.026123085990548134, 0.024801423773169518, 0.024686353281140327, 0.024624010547995567, 0.024529675021767616, 0.02418561652302742, 0.024096254259347916, 0.023754024878144264, 0.02285660058259964, 0.02257206290960312, 0.022304974496364594, 0.02146025002002716, 0.021254781633615494, 0.02112632617354393, 0.021042600274086, 0.021020222455263138, 0.02075442485511303, 0.020731862634420395, 0.02027488872408867, 0.019735589623451233, 0.01954597793519497, 0.019535666331648827, 0.019372105598449707, 0.019345972687005997, 0.01909082569181919, 0.01908651366829872, 0.019044093787670135, 0.018867043778300285, 0.018830349668860435, 0.01837877929210663, 0.018339978531003, 0.018066756427288055, 0.017844893038272858, 0.017843907698988914, 0.01771840639412403, 0.017480453476309776, 0.017395490780472755, 0.01734633930027485, 0.017266200855374336, 0.017092742025852203, 0.01706762984395027, 0.016984688118100166, 0.016974931582808495, 0.01687532849609852, 0.01657174713909626, 0.016516314819455147, 0.016504544764757156, 0.01640404760837555, 0.01637062057852745, 0.016352539882063866, 0.01634827069938183, 0.016259482130408287, 0.01623254269361496, 0.016228849068284035, 0.016213273629546165, 0.016146689653396606, 0.016079222783446312, 0.01593368873000145, 0.015914499759674072, 0.01577192172408104, 0.015741579234600067, 0.015699220821261406, 0.015686441212892532, 0.01553297508507967, 0.015475818887352943, 0.015457622706890106, 0.015415082685649395, 0.015366798266768456, 0.015327498316764832, 0.015315670520067215, 0.015190118923783302, 0.015153568238019943, 0.015051576308906078, 0.014951067045331001, 0.01494421437382698, 0.014937940053641796, 0.014931296929717064, 0.01492741983383894, 0.014887673780322075, 0.014875748194754124, 0.01486795675009489, 0.014841189607977867, 0.014802915044128895, 0.014743395149707794, 0.014712506905198097, 0.014698288403451443, 0.014660341665148735, 0.01461512129753828, 0.014454726129770279, 0.01443845871835947, 0.014359365217387676, 0.01433517038822174, 0.014249969273805618, 0.014212307520210743, 0.014211292378604412, 0.01418382953852415, 0.01417014840990305, 0.01415958721190691, 0.014055919833481312, 0.01404906902462244, 0.014046050608158112, 0.014043442904949188, 0.013999137096107006, 0.013945470564067364, 0.013857664540410042, 0.01384701393544674, 0.013842151500284672, 0.01382593996822834, 0.013767095282673836, 0.013718660920858383, 0.013717668130993843, 0.01371284294873476, 0.013694184832274914, 0.013680686242878437, 0.013668516650795937, 0.013659873977303505, 0.013328696601092815, 0.013308519497513771, 0.013298160396516323, 0.013261234387755394, 0.01320155430585146, 0.013181672431528568, 0.013177269138395786, 0.01316966861486435, 0.01312495768070221, 0.013081276789307594, 0.01296392921358347, 0.01294396910816431, 0.012885776348412037, 0.012850106693804264, 0.012841563671827316, 0.012819735333323479, 0.012807297520339489, 0.012774067930877209, 0.012770647183060646, 0.012676081620156765, 0.012646449729800224, 0.012578953988850117, 0.012534587644040585, 0.012480233795940876, 0.0124376704916358, 0.012315800413489342, 0.012315167114138603, 0.012313543818891048, 0.01223827712237835, 0.012210341170430183, 0.0122060626745224, 0.012196728959679604, 0.012175737880170345, 0.012166932225227356, 0.012160870246589184, 0.012103965505957603, 0.012075689621269703, 0.011973475106060505, 0.011970614083111286, 0.01192250195890665, 0.011907379142940044, 0.0118935015052557, 0.011889724060893059, 0.011876863427460194, 0.011873562820255756, 0.011782833375036716, 0.011738757602870464, 0.011666006408631802, 0.011664439924061298, 0.01165840495377779, 0.011591842398047447, 0.011577673256397247, 0.011559310369193554, 0.01155806239694357, 0.011547575704753399, 0.011351702734827995, 0.011295623145997524, 0.011273995973169804, 0.011271029710769653, 0.011244040913879871, 0.011235498823225498, 0.011202681809663773, 0.011200458742678165, 0.011183930560946465, 0.011172598227858543, 0.011140030808746815, 0.011131388135254383, 0.011046371422708035, 0.011006982065737247, 0.011002160608768463, 0.01095724105834961, 0.010944231413304806, 0.0109273511916399, 0.010903730988502502, 0.01089872419834137, 0.010889634490013123, 0.010887534357607365, 0.010877031832933426, 0.010875524953007698, 0.01085327472537756, 0.010849093087017536, 0.010844939388334751, 0.01082597766071558, 0.010819321498274803, 0.010816652327775955, 0.01081053726375103, 0.01079635601490736, 0.010794003494083881, 0.01077242661267519, 0.010753748938441277, 0.010667326860129833, 0.010654250159859657, 0.010638725012540817, 0.01061668898910284, 0.010609949938952923, 0.010608058422803879, 0.010572238825261593, 0.010562019422650337, 0.010532195679843426, 0.010505971498787403, 0.010466162115335464, 0.010465579107403755, 0.010457350872457027, 0.010421283543109894, 0.010331520810723305, 0.010313447564840317, 0.010290350764989853, 0.010286718606948853, 0.010257293470203876, 0.01025091391056776, 0.010182236321270466, 0.01017908938229084, 0.010167195461690426, 0.01015013549476862, 0.010146011598408222, 0.01013949140906334, 0.010128399357199669, 0.010114572942256927, 0.010089101269841194, 0.010002009570598602, 0.009987270459532738, 0.009965484030544758, 0.009963937103748322, 0.009935208596289158, 0.009932718239724636, 0.00993165373802185, 0.009911512024700642, 0.009903041645884514, 0.009893312118947506, 0.009855452924966812, 0.009835687465965748, 0.009835487231612206, 0.00983471143990755, 0.009816549718379974, 0.009783386252820492, 0.009775406681001186, 0.009772656485438347, 0.009758975356817245, 0.009739544242620468, 0.009719682857394218, 0.009704305790364742, 0.00970227550715208, 0.009688271209597588, 0.009663857519626617, 0.009656731970608234, 0.009637393057346344, 0.00959728378802538, 0.00958657544106245, 0.009579329751431942, 0.009573730640113354, 0.009562154300510883, 0.009523286484181881, 0.00951092503964901, 0.009493744932115078, 0.0094833392649889, 0.009480266831815243, 0.009477428160607815, 0.00947713665664196, 0.009474792517721653, 0.009461550042033195, 0.009448300115764141]

Execution time: 0.4161 sec
