Label: tensor([ 0,  3,  1, 35, 67, 26,  3,  1,  3, 12, 67, 24,  0,  3,  0,  1,  3, 74,
         3, 10,  3,  3,  1, 67,  0, 26, 24, 26,  2, 14, 35, 24, 26,  3, 24,  0,
         3,  0, 74,  3,  1,  1,  3,  3, 26,  1, 41,  1, 32,  0, 39, 26,  1,  3,
         1, 32,  2,  3, 26,  9,  3, 24, 24,  3,  0, 26, 67, 67, 64, 24,  0,  3,
        24,  0, 26,  3, 24,  0,  0,  0,  3,  1, 35, 50, 50,  3,  0, 24, 24, 14,
         1, 24,  1,  0, 26,  3, 67, 24,  3, 67,  1,  1, 35, 78,  1, 52, 24,  3,
        56,  3, 15, 32,  3,  3, 39, 24,  3,  3,  2,  7, 39,  1,  3, 39,  3,  3,
         7, 26, 24, 52, 26,  0, 73,  3, 26, 26,  0, 26, 39, 74, 67, 56,  3,  1,
         0, 32, 74,  3, 48,  0, 39,  0, 26, 25,  0,  1,  3,  0,  1, 35, 35, 74,
         3, 25, 60, 35, 67, 14, 36,  3, 31,  3, 24, 18,  3, 54,  3,  2,  0,  2,
         1, 16,  0, 60, 45, 58,  3,  3, 77,  0, 74, 62, 58, 39,  3, 26,  0,  1,
        64, 66,  3,  3, 32,  3, 32,  3,  0, 32, 67, 65,  0,  3, 24,  0,  3,  2,
         3,  3, 24,  2,  7, 17,  0,  1, 44, 73, 74, 24, 35,  3,  3,  0,  1, 27,
        47, 45, 67, 24,  1,  0, 74, 12, 67,  2, 32,  0, 35,  1, 35,  0,  7,  0,
         9,  3,  0, 32,  3, 26,  0,  0, 24,  0,  3, 47,  3, 26, 36, 22,  8,  3,
        78, 26,  1,  3, 67, 25, 24,  3,  1, 11,  0,  3, 28, 35,  0,  0,  3, 20,
        39, 26,  0, 35, 39, 77,  3, 17,  0,  3,  0, 24]), Box: ([49.830360412597656, 25.110807418823242, 285.5596008300781, 381.8369140625], [102.0162124633789, 199.15948486328125, 449.28857421875, 434.9460144042969], [101.7130126953125, 200.21563720703125, 449.3646240234375, 433.99505615234375], [111.21621704101562, 170.77272033691406, 143.93441772460938, 223.6300811767578], [111.21621704101562, 170.77272033691406, 143.93441772460938, 223.6300811767578], [111.21621704101562, 170.77272033691406, 143.93441772460938, 223.6300811767578], [101.7130126953125, 200.21563720703125, 449.3646240234375, 433.99505615234375], [102.0162124633789, 199.15948486328125, 449.28857421875, 434.9460144042969], [103.51886749267578, 202.8664093017578, 266.995361328125, 434.6999816894531], [111.21621704101562, 170.77272033691406, 143.93441772460938, 223.6300811767578], [111.66971588134766, 186.5210418701172, 132.4893035888672, 223.52362060546875], [111.21621704101562, 170.77272033691406, 143.93441772460938, 223.6300811767578], [101.7130126953125, 200.21563720703125, 449.3646240234375, 433.99505615234375], [102.9491195678711, 202.5364532470703, 265.7094421386719, 434.6537170410156], [0.34778863191604614, 19.45648956298828, 449.9190368652344, 432.44488525390625], [103.51886749267578, 202.8664093017578, 266.995361328125, 434.6999816894531], [103.34114074707031, 266.7601318359375, 244.95579528808594, 434.1070251464844], [111.21621704101562, 170.77272033691406, 143.93441772460938, 223.6300811767578], [105.02871704101562, 268.3497619628906, 277.79437255859375, 434.44927978515625], [102.0162124633789, 199.15948486328125, 449.28857421875, 434.9460144042969], [0.5062401294708252, 200.26321411132812, 449.288818359375, 433.2724609375], [101.09329223632812, 202.40208435058594, 276.9501953125, 435.2847900390625], [102.9491195678711, 202.5364532470703, 265.7094421386719, 434.6537170410156], [111.82186889648438, 188.8858642578125, 132.75796508789062, 223.5320281982422], [53.60911178588867, 24.903423309326172, 285.3941650390625, 365.7111511230469], [111.46407318115234, 137.21743774414062, 231.76882934570312, 222.8037872314453], [111.588134765625, 156.06173706054688, 163.55032348632812, 223.20938110351562], [111.588134765625, 156.06173706054688, 163.55032348632812, 223.20938110351562], [111.21621704101562, 170.77272033691406, 143.93441772460938, 223.6300811767578], [327.5010681152344, 153.3077850341797, 334.6236267089844, 159.7948455810547], [111.588134765625, 156.06173706054688, 163.55032348632812, 223.20938110351562], [111.91889190673828, 136.21315002441406, 235.58396911621094, 223.28707885742188], [111.91889190673828, 136.21315002441406, 235.58396911621094, 223.28707885742188], [56.39109802246094, 197.90977478027344, 448.38397216796875, 434.1905212402344], [111.46407318115234, 137.21743774414062, 231.76882934570312, 222.8037872314453], [102.0162124633789, 199.15948486328125, 449.28857421875, 434.9460144042969], [111.21621704101562, 170.77272033691406, 143.93441772460938, 223.6300811767578], [120.54131317138672, 30.40169334411621, 282.8067626953125, 240.8128204345703], [121.18354797363281, 171.39671325683594, 141.71217346191406, 201.7637176513672], [105.00731658935547, 267.3915100097656, 298.3400573730469, 434.54437255859375], [200.54530334472656, 198.52171325683594, 329.6734924316406, 321.6578369140625], [103.34114074707031, 266.7601318359375, 244.95579528808594, 434.1070251464844], [105.08749389648438, 325.3507385253906, 254.4732666015625, 434.8106384277344], [205.88497924804688, 199.18145751953125, 444.405029296875, 433.8496398925781], [112.406005859375, 133.99244689941406, 236.83023071289062, 222.6085662841797], [56.39109802246094, 197.90977478027344, 448.38397216796875, 434.1905212402344], [111.21621704101562, 170.77272033691406, 143.93441772460938, 223.6300811767578], [0.5062401294708252, 200.26321411132812, 449.288818359375, 433.2724609375], [327.5010681152344, 153.3077850341797, 334.6236267089844, 159.7948455810547], [0.5707606673240662, 112.61892700195312, 450.1481018066406, 431.2391357421875], [111.21621704101562, 170.77272033691406, 143.93441772460938, 223.6300811767578], [111.66971588134766, 186.5210418701172, 132.4893035888672, 223.52362060546875], [101.09329223632812, 202.40208435058594, 276.9501953125, 435.2847900390625], [201.48782348632812, 198.4836883544922, 446.8703918457031, 435.7584533691406], [200.7854766845703, 199.212158203125, 312.980712890625, 305.59466552734375], [34.10219955444336, 12.08540153503418, 48.93197250366211, 23.90966033935547], [101.7130126953125, 200.21563720703125, 449.3646240234375, 433.99505615234375], [191.2996063232422, 272.47161865234375, 439.98394775390625, 434.4385681152344], [111.86803436279297, 134.84901428222656, 232.37705993652344, 223.73101806640625], [111.21621704101562, 170.77272033691406, 143.93441772460938, 223.6300811767578], [239.73756408691406, 214.83087158203125, 446.15167236328125, 433.17633056640625], [112.406005859375, 133.99244689941406, 236.83023071289062, 222.6085662841797], [111.86803436279297, 134.84901428222656, 232.37705993652344, 223.73101806640625], [273.2433776855469, 280.6606140136719, 446.8713073730469, 433.24078369140625], [102.16389465332031, 108.03701782226562, 446.9383544921875, 434.084228515625], [128.2309112548828, 273.08111572265625, 179.3165283203125, 334.4545593261719], [121.18354797363281, 171.39671325683594, 141.71217346191406, 201.7637176513672], [111.588134765625, 156.06173706054688, 163.55032348632812, 223.20938110351562], [111.21621704101562, 170.77272033691406, 143.93441772460938, 223.6300811767578], [102.0162124633789, 199.15948486328125, 449.28857421875, 434.9460144042969], [98.87330627441406, 83.18576049804688, 443.2477111816406, 430.18914794921875], [0.5707606673240662, 112.61892700195312, 450.1481018066406, 431.2391357421875], [111.66971588134766, 186.5210418701172, 132.4893035888672, 223.52362060546875], [95.72351837158203, 119.8893814086914, 446.3692626953125, 432.7510681152344], [111.82186889648438, 188.8858642578125, 132.75796508789062, 223.5320281982422], [102.16389465332031, 108.03701782226562, 446.9383544921875, 434.084228515625], [127.34857177734375, 271.9112243652344, 193.98875427246094, 363.0182800292969], [98.01431274414062, 94.71590423583984, 445.2421875, 431.1849365234375], [-0.03395676612854004, 108.21212005615234, 449.9609069824219, 432.5842590332031], [95.47805786132812, 35.32240295410156, 445.8671569824219, 430.6110534667969], [57.619441986083984, 172.28945922851562, 446.95263671875, 432.2044982910156], [202.84234619140625, 208.7454071044922, 317.3736572265625, 303.5520324707031], [111.66971588134766, 186.5210418701172, 132.4893035888672, 223.52362060546875], [111.21621704101562, 170.77272033691406, 143.93441772460938, 223.6300811767578], [102.0162124633789, 199.15948486328125, 449.28857421875, 434.9460144042969], [106.22187042236328, 273.47222900390625, 446.0203552246094, 434.7109069824219], [54.5999870300293, 108.639404296875, 268.822265625, 371.1246032714844], [111.9969482421875, 136.98233032226562, 173.96145629882812, 222.4625244140625], [111.82186889648438, 188.8858642578125, 132.75796508789062, 223.5320281982422], [111.21621704101562, 170.77272033691406, 143.93441772460938, 223.6300811767578], [205.88497924804688, 199.18145751953125, 444.405029296875, 433.8496398925781], [112.42212677001953, 130.82203674316406, 144.67333984375, 224.0865020751953], [201.48782348632812, 198.4836883544922, 446.8703918457031, 435.7584533691406], [111.21621704101562, 170.77272033691406, 143.93441772460938, 223.6300811767578], [112.42212677001953, 130.82203674316406, 144.67333984375, 224.0865020751953], [95.72351837158203, 119.8893814086914, 446.3692626953125, 432.7510681152344], [216.01820373535156, 245.59051513671875, 232.40737915039062, 265.79742431640625], [128.2309112548828, 273.08111572265625, 179.3165283203125, 334.4545593261719], [98.01431274414062, 94.71590423583984, 445.2421875, 431.1849365234375], [327.5010681152344, 153.3077850341797, 334.6236267089844, 159.7948455810547], [127.34857177734375, 271.9112243652344, 193.98875427246094, 363.0182800292969], [202.3678741455078, 200.0897979736328, 447.0873107910156, 365.2646179199219], [111.82186889648438, 188.8858642578125, 132.75796508789062, 223.5320281982422], [111.21621704101562, 170.77272033691406, 143.93441772460938, 223.6300811767578], [105.02871704101562, 268.3497619628906, 277.79437255859375, 434.44927978515625], [102.0162124633789, 199.15948486328125, 449.28857421875, 434.9460144042969], [111.70256805419922, 152.31817626953125, 168.2480926513672, 223.03228759765625], [103.76245880126953, 267.37841796875, 261.98394775390625, 435.01483154296875], [101.7130126953125, 200.21563720703125, 449.3646240234375, 433.99505615234375], [0.34778863191604614, 19.45648956298828, 449.9190368652344, 432.44488525390625], [111.21621704101562, 170.77272033691406, 143.93441772460938, 223.6300811767578], [263.10650634765625, 181.35009765625, 269.80767822265625, 194.0175018310547], [202.3678741455078, 200.0897979736328, 447.0873107910156, 365.2646179199219], [111.588134765625, 156.06173706054688, 163.55032348632812, 223.20938110351562], [128.2309112548828, 273.08111572265625, 179.3165283203125, 334.4545593261719], [111.0347671508789, 170.05836486816406, 145.122314453125, 223.66763305664062], [0.06203949451446533, 184.68853759765625, 450.045166015625, 433.5416564941406], [108.98847961425781, 323.79888916015625, 441.9146728515625, 434.6855773925781], [102.0162124633789, 199.15948486328125, 449.28857421875, 434.9460144042969], [102.0162124633789, 199.15948486328125, 449.28857421875, 434.9460144042969], [126.7713623046875, 188.4812469482422, 141.3487091064453, 220.8792266845703], [203.3958282470703, 202.3629913330078, 412.8121337890625, 355.40753173828125], [-0.03395676612854004, 108.21212005615234, 449.9609069824219, 432.5842590332031], [111.588134765625, 156.06173706054688, 163.55032348632812, 223.20938110351562], [126.43531036376953, 205.9609375, 261.9166564941406, 377.89886474609375], [258.9169616699219, 280.6640319824219, 399.5177001953125, 349.97589111328125], [101.7130126953125, 200.21563720703125, 449.3646240234375, 433.99505615234375], [127.34857177734375, 271.9112243652344, 193.98875427246094, 363.0182800292969], [111.39769744873047, 170.85415649414062, 141.67694091796875, 223.5283660888672], [101.7130126953125, 200.21563720703125, 449.3646240234375, 433.99505615234375], [111.9969482421875, 136.98233032226562, 173.96145629882812, 222.4625244140625], [122.2848892211914, 177.64244079589844, 266.8350524902344, 325.30230712890625], [111.21621704101562, 170.77272033691406, 143.93441772460938, 223.6300811767578], [98.87330627441406, 83.18576049804688, 443.2477111816406, 430.18914794921875], [111.62532806396484, 136.6814727783203, 225.87571716308594, 223.66830444335938], [112.16507720947266, 136.87525939941406, 225.57273864746094, 227.21292114257812], [50.02199172973633, 38.02629470825195, 448.8655090332031, 433.4909973144531], [111.70256805419922, 152.31817626953125, 168.2480926513672, 223.03228759765625], [130.28248596191406, 272.93499755859375, 174.3369903564453, 310.0971984863281], [132.10743713378906, 178.28439331054688, 145.617919921875, 202.16860961914062], [126.7713623046875, 188.4812469482422, 141.3487091064453, 220.8792266845703], [102.0162124633789, 199.15948486328125, 449.28857421875, 434.9460144042969], [111.70256805419922, 152.31817626953125, 168.2480926513672, 223.03228759765625], [239.73756408691406, 214.83087158203125, 446.15167236328125, 433.17633056640625], [56.39109802246094, 197.90977478027344, 448.38397216796875, 434.1905212402344], [47.397850036621094, 100.96414947509766, 56.43695068359375, 108.83574676513672], [126.7713623046875, 188.4812469482422, 141.3487091064453, 220.8792266845703], [95.47805786132812, 35.32240295410156, 445.8671569824219, 430.6110534667969], [102.0162124633789, 199.15948486328125, 449.28857421875, 434.9460144042969], [111.588134765625, 156.06173706054688, 163.55032348632812, 223.20938110351562], [111.9969482421875, 136.98233032226562, 173.96145629882812, 222.4625244140625], [126.87340545654297, 184.58843994140625, 265.5489807128906, 304.998291015625], [128.49317932128906, 271.61383056640625, 190.92588806152344, 337.91412353515625], [128.2309112548828, 273.08111572265625, 179.3165283203125, 334.4545593261719], [57.619441986083984, 172.28945922851562, 446.95263671875, 432.2044982910156], [200.16827392578125, 199.15858459472656, 267.56573486328125, 278.6122741699219], [264.917724609375, 212.8022003173828, 448.125, 433.1708679199219], [118.68917083740234, 98.14977264404297, 276.2315673828125, 223.53411865234375], [242.5537109375, 214.20211791992188, 443.7965393066406, 368.4237365722656], [111.59675598144531, 137.16212463378906, 173.6599578857422, 223.10507202148438], [111.9969482421875, 136.98233032226562, 173.96145629882812, 222.4625244140625], [111.66971588134766, 186.5210418701172, 132.4893035888672, 223.52362060546875], [242.5537109375, 214.20211791992188, 443.7965393066406, 368.4237365722656], [111.21621704101562, 170.77272033691406, 143.93441772460938, 223.6300811767578], [102.0162124633789, 199.15948486328125, 449.28857421875, 434.9460144042969], [128.2309112548828, 273.08111572265625, 179.3165283203125, 334.4545593261719], [200.31729125976562, 199.37454223632812, 224.9657440185547, 224.76904296875], [34.10219955444336, 12.08540153503418, 48.93197250366211, 23.90966033935547], [101.7130126953125, 200.21563720703125, 449.3646240234375, 433.99505615234375], [104.3831787109375, 364.248779296875, 202.6006622314453, 432.83892822265625], [102.0162124633789, 199.15948486328125, 449.28857421875, 434.9460144042969], [317.3595275878906, 309.4483337402344, 389.49652099609375, 348.12286376953125], [111.59675598144531, 137.16212463378906, 173.6599578857422, 223.10507202148438], [34.10219955444336, 12.08540153503418, 48.93197250366211, 23.90966033935547], [104.97695922851562, 362.0973815917969, 206.08302307128906, 435.0353088378906], [111.21621704101562, 170.77272033691406, 143.93441772460938, 223.6300811767578], [200.54530334472656, 198.52171325683594, 329.6734924316406, 321.6578369140625], [0.5062401294708252, 200.26321411132812, 449.288818359375, 433.2724609375], [47.20010757446289, 42.5270881652832, 448.229248046875, 434.0378723144531], [34.10219955444336, 12.08540153503418, 48.93197250366211, 23.90966033935547], [117.34629821777344, 268.265380859375, 213.92642211914062, 374.54766845703125], [49.830360412597656, 25.110807418823242, 285.5596008300781, 381.8369140625], [113.8383560180664, 131.45510864257812, 266.7906799316406, 228.11715698242188], [101.7130126953125, 200.21563720703125, 449.3646240234375, 433.99505615234375], [101.7130126953125, 200.21563720703125, 449.3646240234375, 433.99505615234375], [111.21621704101562, 170.77272033691406, 143.93441772460938, 223.6300811767578], [111.66971588134766, 186.5210418701172, 132.4893035888672, 223.52362060546875], [277.1731262207031, 282.9295349121094, 412.0086364746094, 353.3985900878906], [49.830360412597656, 25.110807418823242, 285.5596008300781, 381.8369140625], [49.89595413208008, 36.2480354309082, 284.75250244140625, 430.50860595703125], [155.91603088378906, 333.6802673339844, 192.60752868652344, 355.19110107421875], [111.21621704101562, 170.77272033691406, 143.93441772460938, 223.6300811767578], [93.56048583984375, 248.05545043945312, 108.75762939453125, 266.1505126953125], [200.16827392578125, 199.15858459472656, 267.56573486328125, 278.6122741699219], [114.46321868896484, 206.38784790039062, 261.9595642089844, 382.17230224609375], [111.59675598144531, 137.16212463378906, 173.6599578857422, 223.10507202148438], [0.5062401294708252, 200.26321411132812, 449.288818359375, 433.2724609375], [105.00731658935547, 267.3915100097656, 298.3400573730469, 434.54437255859375], [111.66971588134766, 186.5210418701172, 132.4893035888672, 223.52362060546875], [111.21621704101562, 170.77272033691406, 143.93441772460938, 223.6300811767578], [200.7854766845703, 199.212158203125, 312.980712890625, 305.59466552734375], [315.6707763671875, 287.9307861328125, 447.4725646972656, 369.37603759765625], [111.21621704101562, 170.77272033691406, 143.93441772460938, 223.6300811767578], [32.495540618896484, 120.08565521240234, 448.66876220703125, 433.57305908203125], [232.54800415039062, 209.42608642578125, 262.7687072753906, 231.39111328125], [344.73046875, 302.9425964355469, 449.0408630371094, 434.05609130859375], [114.69487762451172, 130.98858642578125, 263.6959228515625, 227.75112915039062], [111.66971588134766, 186.5210418701172, 132.4893035888672, 223.52362060546875], [162.8800506591797, 291.8186340332031, 178.11489868164062, 318.6881408691406], [34.10219955444336, 12.08540153503418, 48.93197250366211, 23.90966033935547], [0.06203949451446533, 184.68853759765625, 450.045166015625, 433.5416564941406], [119.15571594238281, 200.537109375, 262.5956726074219, 368.4775085449219], [49.830360412597656, 25.110807418823242, 285.5596008300781, 381.8369140625], [111.9969482421875, 136.98233032226562, 173.96145629882812, 222.4625244140625], [50.02199172973633, 38.02629470825195, 448.8655090332031, 433.4909973144531], [111.70256805419922, 152.31817626953125, 168.2480926513672, 223.03228759765625], [90.05924224853516, 202.4460906982422, 262.52239990234375, 361.1993713378906], [203.3958282470703, 202.3629913330078, 412.8121337890625, 355.40753173828125], [128.49317932128906, 271.61383056640625, 190.92588806152344, 337.91412353515625], [49.830360412597656, 25.110807418823242, 285.5596008300781, 381.8369140625], [111.21621704101562, 170.77272033691406, 143.93441772460938, 223.6300811767578], [49.830360412597656, 25.110807418823242, 285.5596008300781, 381.8369140625], [126.7713623046875, 188.4812469482422, 141.3487091064453, 220.8792266845703], [104.110595703125, 273.5657653808594, 196.85302734375, 380.9831237792969], [102.0162124633789, 199.15948486328125, 449.28857421875, 434.9460144042969], [111.588134765625, 156.06173706054688, 163.55032348632812, 223.20938110351562], [162.8800506591797, 291.8186340332031, 178.11489868164062, 318.6881408691406], [111.62532806396484, 136.6814727783203, 225.87571716308594, 223.66830444335938], [127.34857177734375, 271.9112243652344, 193.98875427246094, 363.0182800292969], [127.34857177734375, 271.9112243652344, 193.98875427246094, 363.0182800292969], [58.96501159667969, 195.6614227294922, 223.3009490966797, 371.6537780761719], [114.3902587890625, 123.27091979980469, 266.5262451171875, 226.91622924804688], [130.7371368408203, 264.3778076171875, 328.37384033203125, 344.02313232421875], [111.21621704101562, 170.77272033691406, 143.93441772460938, 223.6300811767578], [111.21621704101562, 170.77272033691406, 143.93441772460938, 223.6300811767578], [111.21621704101562, 170.77272033691406, 143.93441772460938, 223.6300811767578], [125.17251586914062, 171.38177490234375, 142.32958984375, 186.8184356689453], [111.97647857666016, 133.6923370361328, 165.6289520263672, 221.99464416503906], [200.02423095703125, 198.2406005859375, 313.3564147949219, 305.5719909667969], [327.5010681152344, 153.3077850341797, 334.6236267089844, 159.7948455810547], [125.17251586914062, 171.38177490234375, 142.32958984375, 186.8184356689453], [111.588134765625, 156.06173706054688, 163.55032348632812, 223.20938110351562], [164.21624755859375, 294.5158996582031, 178.23046875, 319.39471435546875], [111.588134765625, 156.06173706054688, 163.55032348632812, 223.20938110351562], [155.91603088378906, 333.6802673339844, 192.60752868652344, 355.19110107421875], [52.672752380371094, 72.5653076171875, 447.9885559082031, 426.2021484375], [128.49317932128906, 271.61383056640625, 190.92588806152344, 337.91412353515625], [239.35971069335938, 228.61029052734375, 274.5846252441406, 279.117919921875], [102.0162124633789, 199.15948486328125, 449.28857421875, 434.9460144042969], [58.96501159667969, 195.6614227294922, 223.3009490966797, 371.6537780761719], [0.34778863191604614, 19.45648956298828, 449.9190368652344, 432.44488525390625], [226.03192138671875, 412.9090270996094, 242.68780517578125, 434.58868408203125], [49.830360412597656, 25.110807418823242, 285.5596008300781, 381.8369140625], [47.20010757446289, 42.5270881652832, 448.229248046875, 434.0378723144531], [126.13304901123047, 154.3282470703125, 263.74017333984375, 322.5186462402344], [74.16212463378906, 417.1560363769531, 109.81494903564453, 434.78302001953125], [280.1799011230469, 302.4891357421875, 447.7490234375, 433.2608337402344], [111.97647857666016, 133.6923370361328, 165.6289520263672, 221.99464416503906], [111.70256805419922, 152.31817626953125, 168.2480926513672, 223.03228759765625], [53.81596374511719, 67.7569808959961, 387.8624572753906, 374.52679443359375], [112.16507720947266, 136.87525939941406, 225.57273864746094, 227.21292114257812], [52.37435531616211, 124.08453369140625, 334.4813232421875, 361.2530517578125], [0.016730278730392456, 339.97576904296875, 135.6259307861328, 434.31488037109375], [327.5010681152344, 153.3077850341797, 334.6236267089844, 159.7948455810547], [103.94117736816406, 346.890869140625, 408.17974853515625, 435.52239990234375], [117.61675262451172, 136.32791137695312, 225.6456298828125, 228.30316162109375], [102.0162124633789, 199.15948486328125, 449.28857421875, 434.9460144042969], [102.0162124633789, 199.15948486328125, 449.28857421875, 434.9460144042969], [102.0162124633789, 199.15948486328125, 449.28857421875, 434.9460144042969], [130.7371368408203, 264.3778076171875, 328.37384033203125, 344.02313232421875], [102.0162124633789, 199.15948486328125, 449.28857421875, 434.9460144042969], [130.28248596191406, 272.93499755859375, 174.3369903564453, 310.0971984863281], [106.22187042236328, 273.47222900390625, 446.0203552246094, 434.7109069824219], [52.90520477294922, 273.256591796875, 379.6988525390625, 435.7701721191406], [130.28248596191406, 272.93499755859375, 174.3369903564453, 310.0971984863281], [127.34857177734375, 271.9112243652344, 193.98875427246094, 363.0182800292969], [104.110595703125, 273.5657653808594, 196.85302734375, 380.9831237792969], [49.830360412597656, 25.110807418823242, 285.5596008300781, 381.8369140625], [128.49317932128906, 271.61383056640625, 190.92588806152344, 337.91412353515625], [111.21621704101562, 170.77272033691406, 143.93441772460938, 223.6300811767578], [55.633506774902344, 92.00948333740234, 453.2779235839844, 399.4589538574219], [111.82186889648438, 188.8858642578125, 132.75796508789062, 223.5320281982422], [102.0162124633789, 199.15948486328125, 449.28857421875, 434.9460144042969], [111.70256805419922, 152.31817626953125, 168.2480926513672, 223.03228759765625], [238.44947814941406, 229.3991241455078, 271.1012878417969, 279.0542907714844], [103.34114074707031, 266.7601318359375, 244.95579528808594, 434.1070251464844], [104.110595703125, 273.5657653808594, 196.85302734375, 380.9831237792969], [49.830360412597656, 25.110807418823242, 285.5596008300781, 381.8369140625], [111.59675598144531, 137.16212463378906, 173.6599578857422, 223.10507202148438], [147.46307373046875, 327.3632507324219, 200.65130615234375, 369.7061462402344], [119.15571594238281, 200.537109375, 262.5956726074219, 368.4775085449219], [111.97647857666016, 133.6923370361328, 165.6289520263672, 221.99464416503906], [317.3595275878906, 309.4483337402344, 389.49652099609375, 348.12286376953125], [111.21621704101562, 170.77272033691406, 143.93441772460938, 223.6300811767578], [54.5999870300293, 108.639404296875, 268.822265625, 371.1246032714844], [102.0162124633789, 199.15948486328125, 449.28857421875, 434.9460144042969], [243.3792266845703, 240.09170532226562, 270.7015380859375, 277.6713562011719], [116.40899658203125, 185.25732421875, 270.4495849609375, 376.7725524902344], [153.63565063476562, 49.9849853515625, 281.0303955078125, 257.4714050292969], [147.46307373046875, 327.3632507324219, 200.65130615234375, 369.7061462402344]), Score: [0.9640547037124634, 0.9433721899986267, 0.11433546990156174, 0.0789022445678711, 0.07593090087175369, 0.06830046325922012, 0.061564814299345016, 0.046597156673669815, 0.03953631594777107, 0.03938823193311691, 0.033665310591459274, 0.03301233425736427, 0.03158335015177727, 0.031517744064331055, 0.03047691285610199, 0.03032672591507435, 0.028603844344615936, 0.028112011030316353, 0.027848536148667336, 0.027516067028045654, 0.026893241330981255, 0.026701295748353004, 0.02505493350327015, 0.025039857253432274, 0.025003599002957344, 0.02499309740960598, 0.02452678233385086, 0.02406911738216877, 0.022915348410606384, 0.02288053184747696, 0.022631552070379257, 0.022427473217248917, 0.022082366049289703, 0.02196367084980011, 0.021743327379226685, 0.021506279706954956, 0.021455848589539528, 0.020672326907515526, 0.020089805126190186, 0.020052140578627586, 0.0197887159883976, 0.019731272011995316, 0.01917203515768051, 0.018862148746848106, 0.018766356632113457, 0.018715159967541695, 0.018538298085331917, 0.018536359071731567, 0.018468134105205536, 0.01828482747077942, 0.018272660672664642, 0.017964493483304977, 0.017719633877277374, 0.017580464482307434, 0.0173534844070673, 0.017258912324905396, 0.017045924440026283, 0.01700831763446331, 0.016929207369685173, 0.016918879002332687, 0.016886312514543533, 0.016834910959005356, 0.016606099903583527, 0.016578929498791695, 0.016568584367632866, 0.016521133482456207, 0.01632639206945896, 0.016256805509328842, 0.01615673117339611, 0.01611374132335186, 0.016006607562303543, 0.015996292233467102, 0.01593496836721897, 0.015914559364318848, 0.01588074304163456, 0.015868935734033585, 0.015864206477999687, 0.01583215966820717, 0.015691308304667473, 0.01565735600888729, 0.015570522285997868, 0.015390309505164623, 0.015313679352402687, 0.015256177634000778, 0.01523426454514265, 0.015114947222173214, 0.014959650114178658, 0.014917759224772453, 0.014719869010150433, 0.0147024467587471, 0.014697528444230556, 0.014673862606287003, 0.01466897502541542, 0.014311709441244602, 0.014279088005423546, 0.014231085777282715, 0.014161051250994205, 0.014143269509077072, 0.014109248295426369, 0.013954371213912964, 0.01390647143125534, 0.013905981555581093, 0.013903025537729263, 0.01375780813395977, 0.013699125498533249, 0.013666022568941116, 0.013577742502093315, 0.013430288061499596, 0.013395237736403942, 0.013365336693823338, 0.013365047983825207, 0.01332611870020628, 0.01328413374722004, 0.013242809101939201, 0.013212235644459724, 0.013163554482161999, 0.013100812211632729, 0.013092953711748123, 0.012993200682103634, 0.012898476794362068, 0.012801241129636765, 0.012772788293659687, 0.01267436146736145, 0.012641175650060177, 0.012538589537143707, 0.01252541970461607, 0.012502780184149742, 0.01249109860509634, 0.01246030442416668, 0.012437688186764717, 0.012437189929187298, 0.012407396920025349, 0.012219224125146866, 0.012170188128948212, 0.01215581875294447, 0.012137029320001602, 0.012064079754054546, 0.01204446516931057, 0.011980279348790646, 0.011961249634623528, 0.011955875903367996, 0.011945245787501335, 0.011936946772038937, 0.01193263940513134, 0.011929644271731377, 0.011876746080815792, 0.011851652525365353, 0.011783560737967491, 0.01176893338561058, 0.011709718033671379, 0.011706379242241383, 0.011663982644677162, 0.01165231317281723, 0.011640896089375019, 0.011620434001088142, 0.01161467470228672, 0.011591007001698017, 0.011567234061658382, 0.011354218237102032, 0.011312196962535381, 0.011218243278563023, 0.011212103068828583, 0.01118406280875206, 0.011172519996762276, 0.011169438250362873, 0.011139558628201485, 0.011126193217933178, 0.011098552495241165, 0.011091756634414196, 0.010992669500410557, 0.010957127436995506, 0.010949507355690002, 0.010916595347225666, 0.010907192714512348, 0.010893980041146278, 0.010884376242756844, 0.010841134004294872, 0.010828414000570774, 0.01076239999383688, 0.010760136879980564, 0.010733447037637234, 0.01071955170482397, 0.010692496784031391, 0.010675890371203423, 0.010641655884683132, 0.010624164715409279, 0.010604890063405037, 0.010551977902650833, 0.01054872665554285, 0.010538121685385704, 0.010532157495617867, 0.010530432686209679, 0.010424298234283924, 0.010422306135296822, 0.010330453515052795, 0.010318959131836891, 0.010303747840225697, 0.010261722840368748, 0.010257820598781109, 0.010256978683173656, 0.010235652327537537, 0.010219071991741657, 0.010204583406448364, 0.010190362110733986, 0.010188947431743145, 0.010176528245210648, 0.01015948224812746, 0.01015446800738573, 0.010112821124494076, 0.010102844797074795, 0.010062243789434433, 0.01005927100777626, 0.010048477910459042, 0.010043414309620857, 0.010042968206107616, 0.009979315102100372, 0.009968504309654236, 0.009963677264750004, 0.009955261833965778, 0.009944679215550423, 0.009940064512193203, 0.00992631446570158, 0.0099027706310153, 0.009891336783766747, 0.009878409095108509, 0.00983492098748684, 0.009830161929130554, 0.009827299043536186, 0.009775537066161633, 0.009768509306013584, 0.009747819975018501, 0.00974767841398716, 0.009741438552737236, 0.00972136203199625, 0.009709022007882595, 0.009695813059806824, 0.009682046249508858, 0.009672299027442932, 0.009654561057686806, 0.009652797132730484, 0.009638180024921894, 0.009624884463846684, 0.009624607861042023, 0.009617514908313751, 0.009613383561372757, 0.009609207510948181, 0.009601141326129436, 0.009591004811227322, 0.009588980115950108, 0.009563449770212173, 0.009542029350996017, 0.009526506997644901, 0.009523398242890835, 0.009495686739683151, 0.009494543075561523, 0.009492337703704834, 0.009456988424062729, 0.009446212090551853, 0.00943978875875473, 0.00941974576562643, 0.009359669871628284, 0.009347978048026562, 0.009340946562588215, 0.009334824047982693, 0.009322784841060638, 0.009308583103120327, 0.009304639883339405, 0.009289637207984924, 0.009280911646783352, 0.00926131196320057, 0.009257257916033268, 0.00925418734550476, 0.009244155138731003, 0.009215189144015312, 0.009208930656313896, 0.009200754575431347, 0.009180628694593906, 0.009147834964096546, 0.009147359058260918, 0.009107192978262901, 0.009100723080337048, 0.009095938876271248, 0.00908644124865532, 0.009081806056201458, 0.009035556577146053, 0.009027323685586452, 0.009011596441268921, 0.008996228687465191, 0.008983828127384186, 0.008963393047451973, 0.00896181259304285, 0.008960889652371407, 0.008940789848566055, 0.00885947234928608, 0.008839593268930912, 0.008834965527057648, 0.0088148582726717, 0.00879137497395277, 0.008764990605413914, 0.008731617592275143]

Execution time: 0.4018 sec
