Label: tensor([ 0,  0, 60, 44, 67, 42, 42, 44, 44, 43, 42, 43, 43, 44, 44, 60, 43, 60,
        73, 43, 60, 43, 42, 44, 43, 42, 43, 60, 43, 43, 44, 43, 43, 41, 43, 44,
        42, 40, 42, 42, 42, 42, 43, 60, 44, 58, 44, 43, 42, 44, 42, 67, 44, 44,
        42, 45, 42, 43, 42, 44, 42, 60, 43, 42, 44, 42, 42, 43, 42, 44, 44, 45,
        42, 56, 42, 44, 43, 56, 56, 44, 45, 58, 72, 44, 45, 43, 60, 45, 55, 43,
         0, 79, 44, 60, 44, 58, 42, 43, 73, 58, 44, 60, 57, 42, 42, 56, 43, 43,
        48, 43, 58, 58, 67, 44, 60, 60, 42, 44, 73, 76, 42, 58, 43, 55, 44, 67,
        44, 45, 43, 45, 44, 58, 42, 60, 67, 44, 42, 43,  0, 42, 42, 44, 42, 72,
        44, 43, 42, 67, 43, 42, 43, 45, 44, 44, 44, 57, 44,  0, 43, 41, 44, 64,
        60, 42, 57, 76, 57, 39, 43, 43, 58, 48, 44, 60, 56, 43, 57, 45, 25, 39,
        55, 67, 42, 43, 42, 48, 43, 43, 45, 42, 42, 44, 57, 76, 60, 60, 58, 43,
        43, 43, 43, 44, 44, 58, 43, 60, 67, 44, 41, 76, 60, 42, 76, 42, 43, 45,
        54, 44, 41, 43, 56, 43, 42, 42, 43, 55, 44, 60, 41, 56, 41, 44, 45, 57,
        42, 79, 56, 44,  0, 57, 55, 58, 43, 59, 57, 48, 42, 43, 44, 42, 57, 44,
        76, 57, 73, 60, 58, 45, 57, 44, 60, 56, 43, 60, 39, 44, 42, 43, 42, 60,
        44, 44,  0, 48, 42, 76, 60,  0, 44, 73, 42, 76, 44,  0, 42,  0, 58, 45,
        75, 42, 60, 44, 56, 44, 56, 44, 42, 42, 67, 45]), Box: ([0.46256184577941895, 55.808624267578125, 283.3004150390625, 334.2083740234375], [280.0557556152344, 16.268144607543945, 499.9305114746094, 324.8208312988281], [0.07559359073638916, 305.9163513183594, 499.32867431640625, 375.12225341796875], [272.6322326660156, 320.4339599609375, 314.46099853515625, 339.0151062011719], [348.1402587890625, 100.61815643310547, 360.12957763671875, 133.04306030273438], [76.27629089355469, 327.5596923828125, 165.76829528808594, 349.9809265136719], [57.51597595214844, 328.228759765625, 159.84576416015625, 350.4714660644531], [272.6386413574219, 320.6005859375, 380.0121765136719, 340.16241455078125], [272.9822082519531, 320.4252624511719, 406.83111572265625, 345.6866149902344], [317.1484680175781, 326.5019226074219, 458.9251708984375, 353.5814208984375], [1.5263185501098633, 327.37066650390625, 165.4062042236328, 356.4729919433594], [272.9822082519531, 320.4252624511719, 406.83111572265625, 345.6866149902344], [272.8556213378906, 320.64453125, 461.6296081542969, 355.0738830566406], [57.51597595214844, 328.228759765625, 159.84576416015625, 350.4714660644531], [272.8556213378906, 320.64453125, 461.6296081542969, 355.0738830566406], [-0.12718141078948975, 246.2430877685547, 499.8677978515625, 374.9705505371094], [350.63812255859375, 328.6831359863281, 458.78204345703125, 353.56439208984375], [-0.3184378147125244, 199.98849487304688, 499.6765441894531, 374.5227355957031], [0.04093348979949951, 309.75628662109375, 115.78130340576172, 333.8915100097656], [274.72479248046875, 319.8601379394531, 497.2164611816406, 365.9616394042969], [-0.163346529006958, 236.6472625732422, 499.8077392578125, 374.9951171875], [76.27629089355469, 327.5596923828125, 165.76829528808594, 349.9809265136719], [316.9624938964844, 326.6737976074219, 392.9754638671875, 342.92694091796875], [76.27629089355469, 327.5596923828125, 165.76829528808594, 349.9809265136719], [1.5263185501098633, 327.37066650390625, 165.4062042236328, 356.4729919433594], [272.9822082519531, 320.4252624511719, 406.83111572265625, 345.6866149902344], [272.6322326660156, 320.4339599609375, 314.46099853515625, 339.0151062011719], [-0.009313225746154785, 232.94815063476562, 499.6330871582031, 374.89691162109375], [57.51597595214844, 328.228759765625, 159.84576416015625, 350.4714660644531], [350.1467590332031, 328.8896484375, 393.1687927246094, 343.1745300292969], [350.63812255859375, 328.6831359863281, 458.78204345703125, 353.56439208984375], [272.6386413574219, 320.6005859375, 380.0121765136719, 340.16241455078125], [311.6614990234375, 325.2508544921875, 496.4042053222656, 364.0954895019531], [373.6285705566406, 295.83111572265625, 402.2630310058594, 321.13763427734375], [316.9624938964844, 326.6737976074219, 392.9754638671875, 342.92694091796875], [350.1467590332031, 328.8896484375, 393.1687927246094, 343.1745300292969], [317.1484680175781, 326.5019226074219, 458.9251708984375, 353.5814208984375], [373.6285705566406, 295.83111572265625, 402.2630310058594, 321.13763427734375], [114.09245300292969, 327.82366943359375, 166.64703369140625, 347.9564208984375], [350.63812255859375, 328.6831359863281, 458.78204345703125, 353.56439208984375], [272.6386413574219, 320.6005859375, 380.0121765136719, 340.16241455078125], [350.1467590332031, 328.8896484375, 393.1687927246094, 343.1745300292969], [114.09245300292969, 327.82366943359375, 166.64703369140625, 347.9564208984375], [-0.148087739944458, 252.83517456054688, 499.8468933105469, 375.220703125], [316.9624938964844, 326.6737976074219, 392.9754638671875, 342.92694091796875], [237.3954620361328, 0.2207234501838684, 443.70538330078125, 124.05770874023438], [317.1484680175781, 326.5019226074219, 458.9251708984375, 353.5814208984375], [0.3018379211425781, 331.71002197265625, 81.17073059082031, 354.8783264160156], [5.010098457336426, 327.3736267089844, 167.3950653076172, 357.2855224609375], [274.72479248046875, 319.8601379394531, 497.2164611816406, 365.9616394042969], [76.5746078491211, 334.8509216308594, 115.62605285644531, 350.007568359375], [190.55337524414062, 128.23292541503906, 201.8025360107422, 153.63548278808594], [77.12139129638672, 328.2170104980469, 163.26429748535156, 349.93994140625], [1.5263185501098633, 327.37066650390625, 165.4062042236328, 356.4729919433594], [1.2538284063339233, 328.1791076660156, 166.8319854736328, 356.9439392089844], [378.460205078125, 315.09033203125, 499.924560546875, 353.9073181152344], [57.67729187011719, 334.3143615722656, 96.48220825195312, 350.5655212402344], [76.63911437988281, 334.5423278808594, 98.51497650146484, 350.01739501953125], [306.5505676269531, 324.9165344238281, 403.67425537109375, 343.896240234375], [76.5746078491211, 334.8509216308594, 115.62605285644531, 350.007568359375], [0.47957152128219604, 327.4024658203125, 166.01083374023438, 364.0289306640625], [-0.21384656429290771, 241.4205780029297, 499.7811279296875, 375.2489929199219], [306.5505676269531, 324.9165344238281, 403.67425537109375, 343.896240234375], [272.8556213378906, 320.64453125, 461.6296081542969, 355.0738830566406], [114.09245300292969, 327.82366943359375, 166.64703369140625, 347.9564208984375], [190.55337524414062, 128.23292541503906, 201.8025360107422, 153.63548278808594], [311.6614990234375, 325.2508544921875, 496.4042053222656, 364.0954895019531], [1.2538284063339233, 328.1791076660156, 166.8319854736328, 356.9439392089844], [76.63911437988281, 334.5423278808594, 98.51497650146484, 350.01739501953125], [190.55337524414062, 128.23292541503906, 201.8025360107422, 153.63548278808594], [57.67729187011719, 334.3143615722656, 96.48220825195312, 350.5655212402344], [272.6322326660156, 320.4339599609375, 314.46099853515625, 339.0151062011719], [56.4293327331543, 334.39697265625, 143.2778778076172, 351.1756591796875], [166.42715454101562, 308.9539489746094, 211.5900115966797, 331.171142578125], [317.3878173828125, 326.8144226074219, 378.0331726074219, 336.1975402832031], [76.63911437988281, 334.5423278808594, 98.51497650146484, 350.01739501953125], [317.3878173828125, 326.8144226074219, 378.0331726074219, 336.1975402832031], [0.16350671648979187, 163.7108154296875, 43.83869171142578, 310.0494079589844], [0.10489858686923981, 163.7082061767578, 38.18690872192383, 306.281494140625], [317.3878173828125, 326.8144226074219, 378.0331726074219, 336.1975402832031], [76.27629089355469, 327.5596923828125, 165.76829528808594, 349.9809265136719], [162.56817626953125, -0.04768185317516327, 445.86572265625, 168.2700653076172], [440.4645080566406, 0.172516331076622, 499.9273986816406, 127.75564575195312], [273.3144226074219, 319.83026123046875, 390.9181823730469, 342.9959411621094], [0.04093348979949951, 309.75628662109375, 115.78130340576172, 333.8915100097656], [57.67729187011719, 334.3143615722656, 96.48220825195312, 350.5655212402344], [-0.030949711799621582, 278.26519775390625, 499.9381408691406, 374.9535827636719], [0.3018379211425781, 331.71002197265625, 81.17073059082031, 354.8783264160156], [76.27629089355469, 327.5596923828125, 165.76829528808594, 349.9809265136719], [0.47957152128219604, 327.4024658203125, 166.01083374023438, 364.0289306640625], [-0.12461841106414795, 22.8354549407959, 499.1259460449219, 331.0004577636719], [190.55337524414062, 128.23292541503906, 201.8025360107422, 153.63548278808594], [306.5505676269531, 324.9165344238281, 403.67425537109375, 343.896240234375], [-3.786787509918213, 327.60906982421875, 455.8741455078125, 375.05499267578125], [311.6614990234375, 325.2508544921875, 496.4042053222656, 364.0954895019531], [213.06752014160156, -0.17313100397586823, 442.8869934082031, 163.73562622070312], [56.91450500488281, 332.3673095703125, 96.12943267822266, 350.1876525878906], [77.12139129638672, 328.2170104980469, 163.26429748535156, 349.93994140625], [0.0095367431640625, 285.004150390625, 136.46151733398438, 334.64715576171875], [240.6245880126953, 0.2841185927391052, 355.9940185546875, 120.47211456298828], [1.2538284063339233, 328.1791076660156, 166.8319854736328, 356.9439392089844], [-0.4328042268753052, 3.421034574508667, 499.52716064453125, 375.0953674316406], [0.200517475605011, 48.706844329833984, 65.37822723388672, 167.94650268554688], [57.07645034790039, 338.5309143066406, 81.91344451904297, 350.1875915527344], [274.72479248046875, 319.8601379394531, 497.2164611816406, 365.9616394042969], [-0.22374093532562256, 164.15736389160156, 135.88821411132812, 333.8565368652344], [56.91450500488281, 332.3673095703125, 96.12943267822266, 350.1876525878906], [304.0511474609375, 323.24896240234375, 380.49554443359375, 334.9040222167969], [0.04093348979949951, 309.75628662109375, 115.78130340576172, 333.8915100097656], [5.010098457336426, 327.3736267089844, 167.3950653076172, 357.2855224609375], [124.24637603759766, -0.1465044915676117, 445.431640625, 191.28701782226562], [236.67123413085938, 0.44763273000717163, 376.65673828125, 148.13040161132812], [351.8232727050781, 121.27177429199219, 358.2898254394531, 133.1027374267578], [56.91450500488281, 332.3673095703125, 96.12943267822266, 350.1876525878906], [0.20107626914978027, 328.1246032714844, 500.15460205078125, 374.8311462402344], [141.7574005126953, 323.3625793457031, 499.00482177734375, 374.8863525390625], [77.12139129638672, 328.2170104980469, 163.26429748535156, 349.93994140625], [57.07645034790039, 338.5309143066406, 81.91344451904297, 350.1875915527344], [0.3018379211425781, 331.71002197265625, 81.17073059082031, 354.8783264160156], [350.1467590332031, 328.8896484375, 393.1687927246094, 343.1745300292969], [57.15675735473633, 337.668212890625, 83.3580322265625, 350.2888488769531], [214.98614501953125, 0.7430109977722168, 409.74664306640625, 134.4539794921875], [76.5746078491211, 334.8509216308594, 115.62605285644531, 350.007568359375], [190.55337524414062, 128.23292541503906, 201.8025360107422, 153.63548278808594], [0.3018379211425781, 331.71002197265625, 81.17073059082031, 354.8783264160156], [352.1666564941406, 122.78005981445312, 358.21588134765625, 132.94735717773438], [274.53411865234375, 320.6654357910156, 382.4779968261719, 334.92401123046875], [1.912146806716919, 310.1419982910156, 142.13702392578125, 355.3830871582031], [0.04093348979949951, 309.75628662109375, 115.78130340576172, 333.8915100097656], [-0.23246556520462036, 309.0706787109375, 165.85403442382812, 373.90069580078125], [5.010098457336426, 327.3736267089844, 167.3950653076172, 357.2855224609375], [147.2494354248047, 0.08197501301765442, 446.7767028808594, 279.7984924316406], [0.3018379211425781, 331.71002197265625, 81.17073059082031, 354.8783264160156], [-0.06751716136932373, 287.1087341308594, 319.89324951171875, 373.9927978515625], [181.14794921875, 116.37950897216797, 201.5697784423828, 153.86849975585938], [80.00829315185547, 330.3631286621094, 149.72409057617188, 349.0060729980469], [457.39837646484375, 321.293701171875, 499.7782287597656, 327.40484619140625], [77.24552154541016, 325.563232421875, 231.37281799316406, 350.41949462890625], [-0.4328042268753052, 3.421034574508667, 499.52716064453125, 375.0953674316406], [273.3144226074219, 319.83026123046875, 390.9181823730469, 342.9959411621094], [0.08922815322875977, 327.3262939453125, 166.4678955078125, 374.7641296386719], [366.15423583984375, 331.4278869628906, 445.1943359375, 351.92681884765625], [310.1951599121094, 325.2076416015625, 422.80108642578125, 347.08831787109375], [453.4801940917969, 5.8258137702941895, 500.11944580078125, 128.36680603027344], [269.8448791503906, 321.39984130859375, 393.9627990722656, 343.1401062011719], [272.68890380859375, 320.3525695800781, 314.6841125488281, 338.9306640625], [272.68890380859375, 320.3525695800781, 314.6841125488281, 338.9306640625], [272.6322326660156, 320.4339599609375, 314.46099853515625, 339.0151062011719], [318.4494323730469, 326.7437438964844, 496.3498840332031, 373.17437744140625], [77.24552154541016, 325.563232421875, 231.37281799316406, 350.41949462890625], [274.53411865234375, 320.6654357910156, 382.4779968261719, 334.92401123046875], [367.3870544433594, 317.7791748046875, 499.62591552734375, 362.0302429199219], [0.47957152128219604, 327.4024658203125, 166.01083374023438, 364.0289306640625], [57.15675735473633, 337.668212890625, 83.3580322265625, 350.2888488769531], [304.0511474609375, 323.24896240234375, 380.49554443359375, 334.9040222167969], [0.046290457248687744, 54.19759750366211, 195.37860107421875, 324.7531433105469], [301.66436767578125, 322.5026550292969, 391.0992126464844, 343.2674865722656], [0.08310377597808838, 4.165582180023193, 499.267333984375, 331.6625061035156], [303.6273193359375, 323.5096435546875, 379.0718994140625, 334.3866882324219], [190.55337524414062, 128.23292541503906, 201.8025360107422, 153.63548278808594], [457.39837646484375, 321.293701171875, 499.7782287597656, 327.40484619140625], [272.6322326660156, 320.4339599609375, 314.46099853515625, 339.0151062011719], [-4.755049705505371, 325.1790771484375, 494.1401062011719, 374.8647155761719], [366.15423583984375, 331.4278869628906, 445.1943359375, 351.92681884765625], [0.09977445006370544, 50.28133773803711, 80.1624526977539, 310.5797424316406], [317.1484680175781, 326.5019226074219, 458.9251708984375, 353.5814208984375], [1.0714457035064697, 51.92686080932617, 189.28936767578125, 324.026123046875], [373.6285705566406, 295.83111572265625, 402.2630310058594, 321.13763427734375], [57.07645034790039, 338.5309143066406, 81.91344451904297, 350.1875915527344], [273.3144226074219, 319.83026123046875, 390.9181823730469, 342.9959411621094], [173.076416015625, 0.36475247144699097, 443.98626708984375, 169.03639221191406], [76.27629089355469, 327.5596923828125, 165.76829528808594, 349.9809265136719], [272.68890380859375, 320.3525695800781, 314.6841125488281, 338.9306640625], [-0.12481212615966797, 266.25018310546875, 499.76446533203125, 375.20062255859375], [0.200517475605011, 48.706844329833984, 65.37822723388672, 167.94650268554688], [56.4293327331543, 334.39697265625, 143.2778778076172, 351.1756591796875], [-0.09520351886749268, 50.620479583740234, 200.40017700195312, 176.38861083984375], [0.08922815322875977, 327.3262939453125, 166.4678955078125, 374.7641296386719], [237.3954620361328, 0.2207234501838684, 443.70538330078125, 124.05770874023438], [203.12477111816406, 232.61289978027344, 222.8133544921875, 270.3534240722656], [272.6322326660156, 320.4339599609375, 314.46099853515625, 339.0151062011719], [76.27629089355469, 327.5596923828125, 165.76829528808594, 349.9809265136719], [272.6322326660156, 320.4339599609375, 314.46099853515625, 339.0151062011719], [457.39837646484375, 321.293701171875, 499.7782287597656, 327.40484619140625], [312.8198547363281, 326.9355163574219, 346.49542236328125, 332.5788269042969], [17.881851196289062, 285.1872253417969, 136.6783447265625, 334.1157531738281], [366.15423583984375, 331.4278869628906, 445.1943359375, 351.92681884765625], [0.24177506566047668, 337.37835693359375, 85.25548553466797, 374.815673828125], [455.3009033203125, 320.9618835449219, 500.08343505859375, 334.7967834472656], [304.0511474609375, 323.24896240234375, 380.49554443359375, 334.9040222167969], [301.66436767578125, 322.5026550292969, 391.0992126464844, 343.2674865722656], [56.4293327331543, 334.39697265625, 143.2778778076172, 351.1756591796875], [0.3909766674041748, 48.22361373901367, 112.46400451660156, 316.5848083496094], [272.9822082519531, 320.4252624511719, 406.83111572265625, 345.6866149902344], [127.2446517944336, 325.84906005859375, 485.8213806152344, 374.8231201171875], [0.5326792597770691, 327.9690856933594, 236.33212280273438, 374.6694030761719], [215.48828125, -0.28919801115989685, 442.808349609375, 223.5400848388672], [0.08922815322875977, 327.3262939453125, 166.4678955078125, 374.7641296386719], [57.15675735473633, 337.668212890625, 83.3580322265625, 350.2888488769531], [303.8237609863281, 323.6872253417969, 379.7286682128906, 334.2975158691406], [58.12989807128906, 341.3558044433594, 82.44835662841797, 350.97845458984375], [273.5279846191406, 320.33489990234375, 381.1383972167969, 339.4763488769531], [294.23602294921875, 325.4665222167969, 344.44793701171875, 337.0898742675781], [238.18899536132812, -0.31200796365737915, 444.2603454589844, 246.26364135742188], [301.66436767578125, 322.5026550292969, 391.0992126464844, 343.2674865722656], [-0.07300078868865967, 285.77783203125, 227.53170776367188, 356.2997131347656], [0.3018379211425781, 331.71002197265625, 81.17073059082031, 354.8783264160156], [312.8198547363281, 326.9355163574219, 346.49542236328125, 332.5788269042969], [272.6322326660156, 320.4339599609375, 314.46099853515625, 339.0151062011719], [350.63812255859375, 328.6831359863281, 458.78204345703125, 353.56439208984375], [0.1461505889892578, 310.9347229003906, 500.1411437988281, 374.84710693359375], [274.53411865234375, 320.6654357910156, 382.4779968261719, 334.92401123046875], [190.55337524414062, 128.23292541503906, 201.8025360107422, 153.63548278808594], [58.12989807128906, 341.3558044433594, 82.44835662841797, 350.97845458984375], [351.5393981933594, 327.3897705078125, 498.4694519042969, 362.6158142089844], [397.53839111328125, 318.06817626953125, 499.88714599609375, 337.533447265625], [190.55337524414062, 128.23292541503906, 201.8025360107422, 153.63548278808594], [303.6273193359375, 323.5096435546875, 379.0718994140625, 334.3866882324219], [129.82931518554688, 303.95452880859375, 167.74090576171875, 331.58551025390625], [190.55337524414062, 128.23292541503906, 201.8025360107422, 153.63548278808594], [0.9435340762138367, 164.3437957763672, 219.5329132080078, 302.724365234375], [310.1951599121094, 325.2076416015625, 422.80108642578125, 347.08831787109375], [319.98468017578125, 326.8877868652344, 428.3489074707031, 351.1374206542969], [80.00829315185547, 330.3631286621094, 149.72409057617188, 349.0060729980469], [111.36534881591797, 329.10003662109375, 156.20779418945312, 347.53857421875], [0.04093348979949951, 309.75628662109375, 115.78130340576172, 333.8915100097656], [365.64495849609375, 329.7978820800781, 427.6551818847656, 348.8605651855469], [-0.23246556520462036, 309.0706787109375, 165.85403442382812, 373.90069580078125], [456.0605773925781, 321.20721435546875, 500.0617980957031, 364.80267333984375], [-0.02635270357131958, 164.19683837890625, 105.63751220703125, 307.7477111816406], [462.6582946777344, 269.5848083496094, 499.8115234375, 315.14691162109375], [58.12989807128906, 341.3558044433594, 82.44835662841797, 350.97845458984375], [-0.15391409397125244, 284.9853210449219, 137.0814666748047, 356.399658203125], [-0.22374093532562256, 164.15736389160156, 135.88821411132812, 333.8565368652344], [365.64495849609375, 329.7978820800781, 427.6551818847656, 348.8605651855469], [181.14794921875, 116.37950897216797, 201.5697784423828, 153.86849975585938], [0.5582720041275024, 164.81900024414062, 277.8641052246094, 325.5848083496094], [350.5787048339844, 328.8081359863281, 391.54229736328125, 342.7318420410156], [462.6582946777344, 269.5848083496094, 499.8115234375, 315.14691162109375], [0.5582720041275024, 164.81900024414062, 277.8641052246094, 325.5848083496094], [177.83937072753906, 125.85476684570312, 201.8470458984375, 154.0568084716797], [228.1033477783203, 0.1194588840007782, 498.049560546875, 275.0517578125], [319.98468017578125, 326.8877868652344, 428.3489074707031, 351.1374206542969], [0.07559359073638916, 305.9163513183594, 499.32867431640625, 375.12225341796875], [0.6598681211471558, 52.598487854003906, 194.83670043945312, 311.6156311035156], [0.3018379211425781, 331.71002197265625, 81.17073059082031, 354.8783264160156], [303.6273193359375, 323.5096435546875, 379.0718994140625, 334.3866882324219], [80.00829315185547, 330.3631286621094, 149.72409057617188, 349.0060729980469], [310.1951599121094, 325.2076416015625, 422.80108642578125, 347.08831787109375], [111.36534881591797, 329.10003662109375, 156.20779418945312, 347.53857421875], [-0.12749433517456055, 53.713321685791016, 200.0908966064453, 216.95773315429688], [111.36534881591797, 329.10003662109375, 156.20779418945312, 347.53857421875], [316.9624938964844, 326.6737976074219, 392.9754638671875, 342.92694091796875], [-0.08777529001235962, 53.884742736816406, 199.56494140625, 223.52166748046875], [76.27629089355469, 327.5596923828125, 165.76829528808594, 349.9809265136719], [0.3973543643951416, 272.2294921875, 500.3712158203125, 331.2307434082031], [239.60792541503906, -1.047860860824585, 442.7694091796875, 234.4180908203125], [0.0095367431640625, 285.004150390625, 136.46151733398438, 334.64715576171875], [0.06546080112457275, 20.00550651550293, 77.8974380493164, 168.9227294921875], [303.8237609863281, 323.6872253417969, 379.7286682128906, 334.2975158691406], [-0.3265589475631714, 226.5718536376953, 499.6684265136719, 375.5086364746094], [123.21153259277344, 193.47622680664062, 215.2479248046875, 267.1053771972656], [269.8448791503906, 321.39984130859375, 393.9627990722656, 343.1401062011719], [0.08922815322875977, 327.3262939453125, 166.4678955078125, 374.7641296386719], [202.72848510742188, 232.33016967773438, 209.4542694091797, 265.1895446777344], [181.14794921875, 116.37950897216797, 201.5697784423828, 153.86849975585938], [269.8448791503906, 321.39984130859375, 393.9627990722656, 343.1401062011719], [400.2005615234375, 333.6025085449219, 460.2201232910156, 353.2806701660156], [181.14794921875, 116.37950897216797, 201.5697784423828, 153.86849975585938], [1.5263185501098633, 327.37066650390625, 165.4062042236328, 356.4729919433594], [351.5393981933594, 327.3897705078125, 498.4694519042969, 362.6158142089844], [77.24552154541016, 325.563232421875, 231.37281799316406, 350.41949462890625], [0.200517475605011, 48.706844329833984, 65.37822723388672, 167.94650268554688], [0.0095367431640625, 285.004150390625, 136.46151733398438, 334.64715576171875], [314.0548095703125, 325.7237854003906, 379.10821533203125, 336.8431091308594], [348.1402587890625, 100.61815643310547, 360.12957763671875, 133.04306030273438], [0.015392899513244629, 256.44158935546875, 235.53977966308594, 335.4320983886719], [-0.22374093532562256, 164.15736389160156, 135.88821411132812, 333.8565368652344], [319.98468017578125, 326.8877868652344, 428.3489074707031, 351.1374206542969], [1.5263185501098633, 327.37066650390625, 165.4062042236328, 356.4729919433594], [303.8237609863281, 323.6872253417969, 379.7286682128906, 334.2975158691406], [181.14794921875, 116.37950897216797, 201.5697784423828, 153.86849975585938], [306.4706726074219, 327.1815185546875, 345.2072448730469, 335.3406066894531], [1.0714457035064697, 51.92686080932617, 189.28936767578125, 324.026123046875], [351.5393981933594, 327.3897705078125, 498.4694519042969, 362.6158142089844], [0.046290457248687744, 54.19759750366211, 195.37860107421875, 324.7531433105469], [211.72262573242188, -0.016456469893455505, 439.1440734863281, 113.02117919921875], [457.39837646484375, 321.293701171875, 499.7782287597656, 327.40484619140625], [373.6285705566406, 295.83111572265625, 402.2630310058594, 321.13763427734375], [3.6703646183013916, 325.4429626464844, 162.4836883544922, 351.47662353515625], [0.0095367431640625, 285.004150390625, 136.46151733398438, 334.64715576171875], [314.0548095703125, 325.7237854003906, 379.10821533203125, 336.8431091308594], [0.046290457248687744, 54.19759750366211, 195.37860107421875, 324.7531433105469], [400.2005615234375, 333.6025085449219, 460.2201232910156, 353.2806701660156], [122.78173828125, 193.58248901367188, 212.8203125, 266.78302001953125], [365.8307189941406, 331.2459716796875, 413.4590148925781, 344.9527893066406], [350.5787048339844, 328.8081359863281, 391.54229736328125, 342.7318420410156], [273.5279846191406, 320.33489990234375, 381.1383972167969, 339.4763488769531], [350.1467590332031, 328.8896484375, 393.1687927246094, 343.1745300292969], [77.12139129638672, 328.2170104980469, 163.26429748535156, 349.93994140625]), Score: [0.9514621496200562, 0.9306994080543518, 0.5856204628944397, 0.4234723448753357, 0.38469836115837097, 0.3703177869319916, 0.31403523683547974, 0.26797425746917725, 0.2615537941455841, 0.2546974718570709, 0.22294408082962036, 0.2154538631439209, 0.21043197810649872, 0.20577490329742432, 0.20261859893798828, 0.19971199333667755, 0.18908439576625824, 0.18501849472522736, 0.18454846739768982, 0.18346858024597168, 0.18184934556484222, 0.18092353641986847, 0.17867381870746613, 0.17407383024692535, 0.16886231303215027, 0.16635258495807648, 0.1662733405828476, 0.16413582861423492, 0.16333626210689545, 0.16272394359111786, 0.16228008270263672, 0.16143888235092163, 0.15885430574417114, 0.15776585042476654, 0.15711155533790588, 0.1544615477323532, 0.15436579287052155, 0.15014907717704773, 0.14912687242031097, 0.1491241455078125, 0.14774391055107117, 0.14451240003108978, 0.1432333141565323, 0.14268238842487335, 0.14187905192375183, 0.14051766693592072, 0.13631799817085266, 0.12843818962574005, 0.12738081812858582, 0.1268332451581955, 0.12544654309749603, 0.12368719279766083, 0.1235162615776062, 0.1215270385146141, 0.12022639065980911, 0.11848023533821106, 0.11845319718122482, 0.11622678488492966, 0.11555254459381104, 0.1104511246085167, 0.11017713695764542, 0.10943231731653214, 0.10905352979898453, 0.10835057497024536, 0.1061151996254921, 0.10594673454761505, 0.10590481758117676, 0.10467749089002609, 0.10424010455608368, 0.10303787142038345, 0.10296986252069473, 0.10272486507892609, 0.10014340281486511, 0.09944853186607361, 0.0994381234049797, 0.09849360585212708, 0.09720800071954727, 0.09595510363578796, 0.0957796648144722, 0.09508921951055527, 0.09272558242082596, 0.09197231382131577, 0.09175164252519608, 0.09101308137178421, 0.0905236303806305, 0.08993101865053177, 0.08884013444185257, 0.08715754002332687, 0.08709639310836792, 0.08694540709257126, 0.0869145393371582, 0.08646678179502487, 0.08645026385784149, 0.08594650030136108, 0.08479411154985428, 0.08473348617553711, 0.08410374820232391, 0.0831490233540535, 0.08302474766969681, 0.08255625516176224, 0.0824771374464035, 0.08184787631034851, 0.08155910670757294, 0.0815286785364151, 0.08071287721395493, 0.07993602752685547, 0.07985255122184753, 0.07969892770051956, 0.07933471351861954, 0.07900915294885635, 0.07835075259208679, 0.07833544909954071, 0.07783839106559753, 0.077638640999794, 0.07743228226900101, 0.07680588960647583, 0.07648669928312302, 0.07608124613761902, 0.07525846362113953, 0.07468486577272415, 0.07449565827846527, 0.07442452758550644, 0.07403190433979034, 0.07329277694225311, 0.07185161113739014, 0.07171124964952469, 0.07157140970230103, 0.07091934233903885, 0.07091068476438522, 0.0708019882440567, 0.07045958936214447, 0.07027008384466171, 0.0699988454580307, 0.06989014893770218, 0.06982880085706711, 0.06972102075815201, 0.06963174045085907, 0.06837064772844315, 0.0679396465420723, 0.06767372041940689, 0.06756418943405151, 0.0675322413444519, 0.06745900213718414, 0.06707283109426498, 0.0667375922203064, 0.06647337228059769, 0.06638900190591812, 0.06616713851690292, 0.06616555899381638, 0.06614048779010773, 0.06588698923587799, 0.06585525721311569, 0.06528375297784805, 0.06524583697319031, 0.06520788371562958, 0.06513143330812454, 0.06485028564929962, 0.06469482183456421, 0.06427449733018875, 0.06420492380857468, 0.0638212114572525, 0.06329004466533661, 0.06284389644861221, 0.06271228194236755, 0.06218630447983742, 0.0621047280728817, 0.062067337334156036, 0.061849016696214676, 0.06131908670067787, 0.06121741607785225, 0.061086419969797134, 0.06093301251530647, 0.060678109526634216, 0.060461003333330154, 0.06043165549635887, 0.060221247375011444, 0.06015390157699585, 0.05942963436245918, 0.0590209886431694, 0.05897238850593567, 0.05818970873951912, 0.05807260423898697, 0.05794801935553551, 0.05785060673952103, 0.05781736224889755, 0.05768831446766853, 0.057562511414289474, 0.05739228054881096, 0.057353805750608444, 0.05729703605175018, 0.0572364367544651, 0.05696827545762062, 0.05692076310515404, 0.05691002681851387, 0.05682339519262314, 0.056670114398002625, 0.05646175518631935, 0.05638638138771057, 0.05638447403907776, 0.05636432766914368, 0.05632936209440231, 0.05609767138957977, 0.05608762055635452, 0.055499862879514694, 0.05538759380578995, 0.05499529838562012, 0.054953139275312424, 0.054855771362781525, 0.054566241800785065, 0.05448945611715317, 0.054345499724149704, 0.054078608751297, 0.05406329035758972, 0.05395250394940376, 0.053782179951667786, 0.053753312677145004, 0.05365992337465286, 0.05351080372929573, 0.05350625514984131, 0.053366437554359436, 0.053352419286966324, 0.053256530314683914, 0.05320034921169281, 0.05303584784269333, 0.052924636751413345, 0.05265521630644798, 0.052643872797489166, 0.052350498735904694, 0.05220302194356918, 0.052164118736982346, 0.05216369405388832, 0.05213703587651253, 0.052013885229825974, 0.05196816846728325, 0.051573462784290314, 0.05083421245217323, 0.05081567168235779, 0.050800472497940063, 0.05057955160737038, 0.05045672878623009, 0.05033380165696144, 0.05023840442299843, 0.05021791160106659, 0.04993867874145508, 0.04991046339273453, 0.04990542307496071, 0.04959713667631149, 0.049533113837242126, 0.04949544742703438, 0.0494508370757103, 0.049299292266368866, 0.049210332334041595, 0.04918894171714783, 0.049022749066352844, 0.04878660663962364, 0.04876256361603737, 0.048618532717227936, 0.048491623252630234, 0.048321835696697235, 0.04831762611865997, 0.048295363783836365, 0.04819168522953987, 0.048098113387823105, 0.04809297248721123, 0.047543156892061234, 0.04750833660364151, 0.047381751239299774, 0.04693343862891197, 0.046841658651828766, 0.046791184693574905, 0.0467638224363327, 0.046594277024269104, 0.046565085649490356, 0.04646073281764984, 0.046366311609745026, 0.04627571254968643, 0.04610242694616318, 0.04561605677008629, 0.04556221887469292, 0.04551143944263458, 0.04549936577677727, 0.04546140134334564, 0.045429691672325134, 0.045406728982925415, 0.04533873125910759, 0.04522287845611572, 0.04510189965367317, 0.045046351850032806, 0.045042846351861954, 0.04491940885782242, 0.04491006210446358, 0.04490821808576584, 0.04489099234342575, 0.04482784867286682, 0.04476916790008545, 0.04470519721508026, 0.044692981988191605, 0.04466872289776802, 0.044637538492679596, 0.04460003599524498]

Execution time: 0.3983 sec
