Label: tensor([45,  0, 43, 39, 45, 43, 43, 41, 43, 69, 69, 60,  0, 43,  0, 43, 45,  0,
        69, 60, 69, 45, 69, 45, 71, 43, 75,  0, 69, 44, 45,  0, 71, 71, 43, 60,
        43, 75, 41, 71, 43, 71, 71, 44, 43, 43, 39,  0, 43, 69, 41, 43, 41, 43,
        69, 76,  0, 43, 43, 60, 44,  0, 71, 44, 39, 43, 69,  0, 43, 43, 73, 43,
        39, 41,  0, 69, 43, 76,  0, 60, 44, 53, 60, 69, 69, 44, 44, 71, 26, 42,
        43, 44, 71, 43, 44, 46, 43, 69, 75, 43,  0, 43, 43, 43, 69,  0, 58, 44,
        69, 42, 71,  0, 43, 72, 50, 69, 71, 45, 43, 76, 71, 43, 43, 69, 69, 44,
        39, 71, 43, 44, 45, 69, 26, 69,  0, 76, 71, 41, 69, 69,  0, 69, 45, 43,
        71, 44, 44, 69, 71, 43, 44, 42, 47, 44, 43, 45, 71, 44, 44, 43, 76, 47,
        69, 71, 43, 45,  0, 43, 69, 42, 69, 56, 71, 43, 53, 45, 45, 26, 43, 26,
        69, 43, 76, 45, 39, 44, 60, 44, 71, 43, 58, 69, 45, 45, 44, 26, 26, 41,
         0, 72, 45, 43, 58, 68,  0, 71, 71, 43, 43, 55, 42, 44, 73, 71, 44,  0,
        45,  0,  0, 76, 43,  0, 43, 44, 44, 44, 41, 71, 60, 44, 71, 53, 26, 69,
        71, 69, 41, 70, 43,  0, 43, 69, 42, 43,  0, 43, 71, 69, 58, 69, 71, 51,
        71, 67, 71, 45, 41, 46,  0, 69, 44, 69, 68, 73, 44, 71, 55, 44, 60, 43,
        71, 44, 44, 45, 71, 71, 14, 39, 65, 46, 50, 61,  0, 43,  0, 43, 71, 44,
        69, 43, 69,  0, 60, 71,  0, 44, 72, 43, 39, 53]), Box: ([413.71429443359375, 92.84123992919922, 499.8946228027344, 166.1907196044922], [0.10813772678375244, -0.38734450936317444, 182.1147918701172, 374.5979309082031], [61.34510803222656, 117.58621978759766, 238.09033203125, 248.94677734375], [366.7388000488281, -0.06967596709728241, 424.9183654785156, 135.91334533691406], [131.60345458984375, 21.3839054107666, 304.6477966308594, 118.83497619628906], [310.34661865234375, 0.10282709449529648, 335.15924072265625, 22.061540603637695], [327.4764099121094, 0.0497717410326004, 350.1745910644531, 23.748292922973633], [366.5348815917969, 54.69898223876953, 422.8701477050781, 135.67031860351562], [372.0206298828125, 132.64547729492188, 460.0730895996094, 187.63145446777344], [86.32925415039062, 0.527691125869751, 499.5017395019531, 374.5635070800781], [101.14469909667969, 125.23600769042969, 500.88262939453125, 374.1664733886719], [86.32925415039062, 0.527691125869751, 499.5017395019531, 374.5635070800781], [-0.02022087574005127, -0.18700025975704193, 178.61471557617188, 160.44198608398438], [325.018310546875, -0.03212294727563858, 336.4615173339844, 21.831064224243164], [-0.0008121132850646973, -0.4968792200088501, 182.22508239746094, 247.60195922851562], [265.66094970703125, 227.2240447998047, 344.85589599609375, 233.7820587158203], [413.8607482910156, 125.66382598876953, 500.2452697753906, 166.2276153564453], [0.3439858555793762, 0.11305510997772217, 99.87837982177734, 375.10797119140625], [108.25701141357422, 125.9005126953125, 490.7240295410156, 373.8233947753906], [1.043170690536499, 0.07089972496032715, 500.98907470703125, 375.0665283203125], [98.18879699707031, 240.5634307861328, 198.76173400878906, 374.6951599121094], [63.0147590637207, -0.04489626735448837, 186.4866943359375, 66.46009063720703], [1.043170690536499, 0.07089972496032715, 500.98907470703125, 375.0665283203125], [182.4175262451172, -0.08040480315685272, 218.9962158203125, 27.28708267211914], [108.25701141357422, 125.9005126953125, 490.7240295410156, 373.8233947753906], [359.5181884765625, 129.84315490722656, 477.5838623046875, 220.5945281982422], [366.68756103515625, -0.13483688235282898, 424.714599609375, 135.58151245117188], [0.5180090665817261, -0.3176182508468628, 308.6533508300781, 374.6684875488281], [100.88379669189453, 82.46269226074219, 500.9442443847656, 374.28314208984375], [327.4764099121094, 0.0497717410326004, 350.1745910644531, 23.748292922973633], [359.5181884765625, 129.84315490722656, 477.5838623046875, 220.5945281982422], [0.31760334968566895, -0.2122633159160614, 313.2953796386719, 374.736328125], [100.88379669189453, 82.46269226074219, 500.9442443847656, 374.28314208984375], [86.32925415039062, 0.527691125869751, 499.5017395019531, 374.5635070800781], [2.2544713020324707, 54.4858283996582, 80.86109161376953, 162.03106689453125], [100.88379669189453, 82.46269226074219, 500.9442443847656, 374.28314208984375], [308.4082946777344, -0.1493319869041443, 353.72833251953125, 24.972702026367188], [366.7388000488281, -0.06967596709728241, 424.9183654785156, 135.91334533691406], [366.7388000488281, -0.06967596709728241, 424.9183654785156, 135.91334533691406], [126.36834716796875, 121.5947265625, 476.5358581542969, 347.13201904296875], [327.1413269042969, -0.011407770216464996, 368.4312438964844, 85.35440826416016], [101.14469909667969, 125.23600769042969, 500.88262939453125, 374.1664733886719], [359.5181884765625, 129.84315490722656, 477.5838623046875, 220.5945281982422], [359.5181884765625, 129.84315490722656, 477.5838623046875, 220.5945281982422], [60.32411575317383, 118.58817291259766, 468.2712097167969, 250.1395263671875], [356.3948669433594, 126.7568588256836, 459.8885498046875, 197.66513061523438], [369.2339172363281, -0.17587468028068542, 424.949462890625, 64.00574493408203], [0.022571533918380737, 0.32690539956092834, 98.27008819580078, 374.99334716796875], [309.20843505859375, 0.20161829888820648, 334.7286376953125, 82.23994445800781], [113.10746002197266, 188.28736877441406, 486.1849060058594, 373.41485595703125], [182.4175262451172, -0.08040480315685272, 218.9962158203125, 27.28708267211914], [275.96881103515625, 90.44735717773438, 476.7327575683594, 221.18463134765625], [369.2339172363281, -0.17587468028068542, 424.949462890625, 64.00574493408203], [309.03955078125, 0.3314288258552551, 369.7799072265625, 85.90382385253906], [60.179935455322266, 117.0249252319336, 200.54627990722656, 373.9253845214844], [317.3096923828125, 197.07083129882812, 396.8455810546875, 248.35409545898438], [1.4672726392745972, 0.4579871892929077, 302.3714904785156, 374.22613525390625], [286.1263427734375, 7.043430805206299, 303.2728271484375, 18.531784057617188], [316.7517395019531, 0.246794655919075, 335.1922912597656, 21.886999130249023], [101.14469909667969, 125.23600769042969, 500.88262939453125, 374.1664733886719], [325.018310546875, -0.03212294727563858, 336.4615173339844, 21.831064224243164], [-0.19436702132225037, 0.2271495759487152, 79.5800552368164, 230.66429138183594], [98.18879699707031, 240.5634307861328, 198.76173400878906, 374.6951599121094], [310.34661865234375, 0.10282709449529648, 335.15924072265625, 22.061540603637695], [366.68756103515625, -0.13483688235282898, 424.714599609375, 135.58151245117188], [339.1886901855469, 18.527551651000977, 354.2361755371094, 26.357894897460938], [108.52253723144531, 213.60911560058594, 500.0518493652344, 374.9050598144531], [0.17969682812690735, 0.6602033972740173, 82.4950180053711, 161.90830993652344], [266.10418701171875, 227.04791259765625, 375.3271484375, 241.0872802734375], [317.778564453125, 0.21194899082183838, 334.432861328125, 21.944026947021484], [276.64715576171875, 87.73440551757812, 368.43402099609375, 129.3502960205078], [61.65950012207031, 116.8258056640625, 476.498779296875, 250.3187713623047], [182.4175262451172, -0.08040480315685272, 218.9962158203125, 27.28708267211914], [366.68756103515625, -0.13483688235282898, 424.714599609375, 135.58151245117188], [0.1171603798866272, 129.32376098632812, 99.68045806884766, 373.8093566894531], [1.459658145904541, 54.47935485839844, 501.4447021484375, 373.5913391113281], [346.4953308105469, 195.47952270507812, 396.2293395996094, 208.8775634765625], [327.4764099121094, 0.0497717410326004, 350.1745910644531, 23.748292922973633], [0.1642666757106781, -0.03851205110549927, 92.12920379638672, 161.74127197265625], [1.459658145904541, 54.47935485839844, 501.4447021484375, 373.5913391113281], [286.1263427734375, 7.043430805206299, 303.2728271484375, 18.531784057617188], [126.36834716796875, 121.5947265625, 476.5358581542969, 347.13201904296875], [108.25701141357422, 125.9005126953125, 490.7240295410156, 373.8233947753906], [1.4672726392745972, 0.4579871892929077, 302.3714904785156, 374.22613525390625], [112.0412368774414, 208.2179412841797, 496.4024353027344, 374.51995849609375], [310.7513122558594, 131.2472381591797, 369.5688781738281, 181.1492462158203], [275.96881103515625, 90.44735717773438, 476.7327575683594, 221.18463134765625], [113.10746002197266, 188.28736877441406, 486.1849060058594, 373.41485595703125], [2.2544713020324707, 54.4858283996582, 80.86109161376953, 162.03106689453125], [325.018310546875, -0.03212294727563858, 336.4615173339844, 21.831064224243164], [306.7980041503906, -0.31290483474731445, 390.1526184082031, 47.896339416503906], [356.3948669433594, 126.7568588256836, 459.8885498046875, 197.66513061523438], [410.09271240234375, 0.2583693861961365, 500.1003723144531, 96.67635345458984], [329.9853820800781, -0.3088829219341278, 345.9527587890625, 8.994888305664062], [372.0206298828125, 132.64547729492188, 460.0730895996094, 187.63145446777344], [359.5181884765625, 129.84315490722656, 477.5838623046875, 220.5945281982422], [306.4912109375, -0.4142727851867676, 367.031005859375, 85.26527404785156], [108.67005920410156, 207.6733856201172, 498.6966857910156, 374.5135498046875], [369.2339172363281, -0.17587468028068542, 424.949462890625, 64.00574493408203], [308.4952697753906, 0.2136463224887848, 340.4197692871094, 82.4207534790039], [-0.23276358842849731, 51.05124282836914, 78.17803192138672, 245.7325897216797], [317.3096923828125, 197.07083129882812, 396.8455810546875, 248.35409545898438], [-0.06795674562454224, 101.1811752319336, 238.39923095703125, 250.57305908203125], [32.25238800048828, 84.0316162109375, 80.85784912109375, 161.5866241455078], [108.06307220458984, 297.3807067871094, 196.9345245361328, 374.75372314453125], [-0.29235705733299255, 50.66029357910156, 77.90299987792969, 231.05111694335938], [467.0954284667969, -0.1744832843542099, 500.1791076660156, 87.20668029785156], [369.2339172363281, -0.17587468028068542, 424.949462890625, 64.00574493408203], [106.71676635742188, 224.1363525390625, 500.47027587890625, 374.8251953125], [327.4764099121094, 0.0497717410326004, 350.1745910644531, 23.748292922973633], [275.96881103515625, 90.44735717773438, 476.7327575683594, 221.18463134765625], [1.043170690536499, 0.07089972496032715, 500.98907470703125, 375.0665283203125], [310.7513122558594, 131.2472381591797, 369.5688781738281, 181.1492462158203], [98.18879699707031, 240.5634307861328, 198.76173400878906, 374.6951599121094], [436.0419616699219, 105.21344757080078, 497.6788024902344, 151.27378845214844], [2.2544713020324707, 54.4858283996582, 80.86109161376953, 162.03106689453125], [234.8313446044922, 0.37017977237701416, 306.9455261230469, 31.141794204711914], [402.964599609375, 186.92665100097656, 477.3241882324219, 220.37940979003906], [276.64715576171875, 87.73440551757812, 368.43402099609375, 129.3502960205078], [314.73931884765625, 200.42767333984375, 396.3843994140625, 248.19334411621094], [113.56727600097656, 83.85650634765625, 160.3741455078125, 125.02836608886719], [382.6495666503906, 222.32220458984375, 405.9396667480469, 227.5522003173828], [0.06511807441711426, 0.7679834961891174, 238.4047088623047, 250.44821166992188], [126.36834716796875, 121.5947265625, 476.5358581542969, 347.13201904296875], [108.5112533569336, 123.24578094482422, 501.10601806640625, 374.09710693359375], [346.4953308105469, 195.47952270507812, 396.2293395996094, 208.8775634765625], [366.5348815917969, 54.69898223876953, 422.8701477050781, 135.67031860351562], [131.60345458984375, 21.3839054107666, 304.6477966308594, 118.83497619628906], [60.179935455322266, 117.0249252319336, 200.54627990722656, 373.9253845214844], [316.7517395019531, 0.246794655919075, 335.1922912597656, 21.886999130249023], [106.77920532226562, 54.7366943359375, 144.17625427246094, 94.46827697753906], [1.3767927885055542, 0.33535435795783997, 310.8506164550781, 250.8105010986328], [0.17969682812690735, 0.6602033972740173, 82.4950180053711, 161.90830993652344], [120.40576171875, 194.23851013183594, 483.8361511230469, 373.069091796875], [0.6034523248672485, -0.4442855715751648, 229.3783416748047, 374.537841796875], [265.66094970703125, 227.2240447998047, 344.85589599609375, 233.7820587158203], [120.40576171875, 194.23851013183594, 483.8361511230469, 373.069091796875], [366.6888732910156, 91.4526138305664, 419.70758056640625, 135.01942443847656], [59.37775802612305, 113.52336883544922, 227.18507385253906, 373.87066650390625], [54.62010192871094, 4.623402118682861, 306.570068359375, 249.17918395996094], [-0.17279013991355896, 46.372623443603516, 77.94998931884766, 226.51736450195312], [56.55330276489258, -0.0034086406230926514, 309.8348083496094, 374.2671813964844], [234.8313446044922, 0.37017977237701416, 306.9455261230469, 31.141794204711914], [270.2406311035156, 6.449859142303467, 303.6239318847656, 25.51169204711914], [132.2462615966797, 125.71983337402344, 475.0018615722656, 346.030029296875], [265.66094970703125, 227.2240447998047, 344.85589599609375, 233.7820587158203], [255.58248901367188, 35.20330810546875, 305.130859375, 73.64960479736328], [110.51517486572266, 231.4037628173828, 499.82489013671875, 374.8377990722656], [1.043170690536499, 0.07089972496032715, 500.98907470703125, 375.0665283203125], [359.91094970703125, 131.59877014160156, 435.2847595214844, 199.89865112304688], [329.9853820800781, -0.3088829219341278, 345.9527587890625, 8.994888305664062], [317.3096923828125, 197.07083129882812, 396.8455810546875, 248.35409545898438], [436.0419616699219, 105.21344757080078, 497.6788024902344, 151.27378845214844], [100.33302307128906, 41.73681640625, 136.13150024414062, 73.2078857421875], [167.41200256347656, 187.04782104492188, 239.11415100097656, 219.3304901123047], [97.12014770507812, -0.20442622900009155, 184.67251586914062, 31.56009864807129], [121.18641662597656, 204.59661865234375, 481.048828125, 373.04351806640625], [317.778564453125, 0.21194899082183838, 334.432861328125, 21.944026947021484], [317.3096923828125, 197.07083129882812, 396.8455810546875, 248.35409545898438], [326.4206237792969, -0.7163363099098206, 336.055908203125, 17.427614212036133], [310.34661865234375, 0.10282709449529648, 335.15924072265625, 22.061540603637695], [438.83624267578125, 126.32603454589844, 463.4673156738281, 140.34033203125], [45.91557312011719, -0.43930113315582275, 308.7724609375, 374.5517578125], [274.5227355957031, 0.6084367632865906, 500.4741516113281, 165.41976928710938], [314.73931884765625, 200.42767333984375, 396.3843994140625, 248.19334411621094], [131.2265625, -0.012857839465141296, 308.4656066894531, 118.43224334716797], [0.1877322793006897, 63.9178466796875, 235.44859313964844, 374.0572814941406], [0.17969682812690735, 0.6602033972740173, 82.4950180053711, 161.90830993652344], [121.18641662597656, 204.59661865234375, 481.048828125, 373.04351806640625], [310.34661865234375, 0.10282709449529648, 335.15924072265625, 22.061540603637695], [95.33831787109375, 48.795562744140625, 500.4989013671875, 375.0857849121094], [98.18879699707031, 240.5634307861328, 198.76173400878906, 374.6951599121094], [129.1010284423828, 204.5801239013672, 475.98760986328125, 371.2529602050781], [196.11492919921875, 210.04371643066406, 377.7817077636719, 247.14930725097656], [132.2462615966797, 125.71983337402344, 475.0018615722656, 346.030029296875], [276.64715576171875, 87.73440551757812, 368.43402099609375, 129.3502960205078], [63.88558578491211, 0.00045262277126312256, 187.55970764160156, 123.24763488769531], [-0.02022087574005127, -0.18700025975704193, 178.61471557617188, 160.44198608398438], [98.18879699707031, 240.5634307861328, 198.76173400878906, 374.6951599121094], [0.1642666757106781, -0.03851205110549927, 92.12920379638672, 161.74127197265625], [108.71705627441406, 231.53749084472656, 500.09857177734375, 374.7876281738281], [323.78985595703125, -0.4979088008403778, 361.16400146484375, 24.36372184753418], [288.0352783203125, 206.72117614746094, 344.3003234863281, 230.3537139892578], [184.12388610839844, 12.536145210266113, 217.7595672607422, 27.521135330200195], [327.4764099121094, 0.0497717410326004, 350.1745910644531, 23.748292922973633], [266.10418701171875, 227.04791259765625, 375.3271484375, 241.0872802734375], [113.10746002197266, 188.28736877441406, 486.1849060058594, 373.41485595703125], [270.2406311035156, 6.449859142303467, 303.6239318847656, 25.51169204711914], [276.64715576171875, 87.73440551757812, 368.43402099609375, 129.3502960205078], [337.4288024902344, 219.31370544433594, 406.17340087890625, 228.66156005859375], [410.09271240234375, 0.2583693861961365, 500.1003723144531, 96.67635345458984], [101.13812255859375, 229.70423889160156, 297.0458068847656, 374.1988830566406], [275.96881103515625, 90.44735717773438, 476.7327575683594, 221.18463134765625], [136.36044311523438, 34.999114990234375, 250.87738037109375, 118.24907684326172], [366.68756103515625, -0.13483688235282898, 424.714599609375, 135.58151245117188], [359.5181884765625, 129.84315490722656, 477.5838623046875, 220.5945281982422], [-0.23276358842849731, 51.05124282836914, 78.17803192138672, 245.7325897216797], [63.0147590637207, -0.04489626735448837, 186.4866943359375, 66.46009063720703], [0.2014748752117157, 81.79837036132812, 78.08880615234375, 244.82077026367188], [101.14469909667969, 125.23600769042969, 500.88262939453125, 374.1664733886719], [126.36834716796875, 121.5947265625, 476.5358581542969, 347.13201904296875], [235.37767028808594, 128.19190979003906, 475.9189453125, 224.6742706298828], [468.36224365234375, -0.46634113788604736, 500.0478515625, 72.25939178466797], [2.2544713020324707, 54.4858283996582, 80.86109161376953, 162.03106689453125], [-0.7336363196372986, 17.72771453857422, 175.04147338867188, 221.62074279785156], [182.98092651367188, 0.12970156967639923, 308.00372314453125, 35.3396110534668], [110.84104919433594, 3.7640669345855713, 498.3456726074219, 353.90582275390625], [273.5287780761719, 81.34530639648438, 477.7886047363281, 220.9554901123047], [369.2339172363281, -0.17587468028068542, 424.949462890625, 64.00574493408203], [126.36834716796875, 121.5947265625, 476.5358581542969, 347.13201904296875], [356.3948669433594, 126.7568588256836, 459.8885498046875, 197.66513061523438], [111.04764556884766, 55.50212860107422, 139.99900817871094, 79.68695068359375], [291.55169677734375, 108.78152465820312, 339.9309387207031, 129.7437286376953], [416.2326354980469, 50.056732177734375, 499.7653503417969, 115.85200500488281], [110.0927734375, 55.7215576171875, 139.0505828857422, 79.45532989501953], [-0.0029206275939941406, 33.935298919677734, 175.989013671875, 230.3996124267578], [139.71493530273438, 83.20348358154297, 295.1419982910156, 139.5286865234375], [0.9700506925582886, -0.2675838768482208, 309.75091552734375, 374.72637939453125], [0.3472082316875458, 216.7135467529297, 99.22361755371094, 374.7362976074219], [2.2544713020324707, 54.4858283996582, 80.86109161376953, 162.03106689453125], [313.0313415527344, 207.09075927734375, 347.13568115234375, 229.56753540039062], [2.2544713020324707, 54.4858283996582, 80.86109161376953, 162.03106689453125], [59.37775802612305, 113.52336883544922, 227.18507385253906, 373.87066650390625], [106.77920532226562, 54.7366943359375, 144.17625427246094, 94.46827697753906], [288.0352783203125, 206.72117614746094, 344.3003234863281, 230.3537139892578], [359.91094970703125, 131.59877014160156, 435.2847595214844, 199.89865112304688], [414.17315673828125, 92.76162719726562, 500.33380126953125, 165.60801696777344], [273.5287780761719, 81.34530639648438, 477.7886047363281, 220.9554901123047], [98.18879699707031, 240.5634307861328, 198.76173400878906, 374.6951599121094], [290.76824951171875, 207.39170837402344, 304.861083984375, 224.8665313720703], [233.93946838378906, 0.5737273097038269, 312.7952880859375, 43.704261779785156], [142.2119903564453, 129.81336975097656, 399.439208984375, 314.47467041015625], [-0.29235705733299255, 50.66029357910156, 77.90299987792969, 231.05111694335938], [-0.02022087574005127, -0.18700025975704193, 178.61471557617188, 160.44198608398438], [108.5112533569336, 123.24578094482422, 501.10601806640625, 374.09710693359375], [0.5180090665817261, -0.3176182508468628, 308.6533508300781, 374.6684875488281], [368.0115661621094, 85.893798828125, 402.8672180175781, 138.38624572753906], [61.34510803222656, 117.58621978759766, 238.09033203125, 248.94677734375], [290.76824951171875, 207.39170837402344, 304.861083984375, 224.8665313720703], [0.6315633654594421, 0.4212521016597748, 176.42127990722656, 374.7912292480469], [326.7044677734375, 0.131353497505188, 336.01446533203125, 21.353923797607422], [82.00082397460938, 275.15277099609375, 153.5022430419922, 375.1398010253906], [314.73931884765625, 200.42767333984375, 396.3843994140625, 248.19334411621094], [288.0352783203125, 206.72117614746094, 344.3003234863281, 230.3537139892578], [1.3767927885055542, 0.33535435795783997, 310.8506164550781, 250.8105010986328], [377.9824523925781, 135.3327178955078, 458.8284912109375, 188.23019409179688], [411.2979736328125, 0.2206508070230484, 500.2790832519531, 166.2906951904297], [104.21095275878906, 230.03697204589844, 330.4319763183594, 374.1894836425781], [411.2979736328125, 0.2206508070230484, 500.2790832519531, 166.2906951904297], [0.31760334968566895, -0.2122633159160614, 313.2953796386719, 374.736328125], [131.45130920410156, 214.24256896972656, 475.3984069824219, 371.15728759765625], [436.0419616699219, 105.21344757080078, 497.6788024902344, 151.27378845214844], [108.52253723144531, 213.60911560058594, 500.0518493652344, 374.9050598144531], [291.55169677734375, 108.78152465820312, 339.9309387207031, 129.7437286376953], [54.62010192871094, 4.623402118682861, 306.570068359375, 249.17918395996094], [414.17315673828125, 92.76162719726562, 500.33380126953125, 165.60801696777344], [106.77920532226562, 54.7366943359375, 144.17625427246094, 94.46827697753906], [256.3572998046875, 150.44627380371094, 302.7467041015625, 179.02976989746094], [3.2182188034057617, 0.26381200551986694, 498.34906005859375, 159.83596801757812], [81.4590072631836, 117.99486541748047, 237.70806884765625, 374.7248229980469], [382.6495666503906, 222.32220458984375, 405.9396667480469, 227.5522003173828], [0.1877322793006897, 63.9178466796875, 235.44859313964844, 374.0572814941406], [101.14469909667969, 125.23600769042969, 500.88262939453125, 374.1664733886719], [275.96881103515625, 90.44735717773438, 476.7327575683594, 221.18463134765625], [314.73931884765625, 200.42767333984375, 396.3843994140625, 248.19334411621094], [112.0412368774414, 208.2179412841797, 496.4024353027344, 374.51995849609375], [142.2119903564453, 129.81336975097656, 399.439208984375, 314.47467041015625], [327.1413269042969, -0.011407770216464996, 368.4312438964844, 85.35440826416016], [108.52253723144531, 213.60911560058594, 500.0518493652344, 374.9050598144531], [338.72491455078125, 18.346834182739258, 359.08990478515625, 85.6047134399414], [131.2265625, -0.012857839465141296, 308.4656066894531, 118.43224334716797], [313.0313415527344, 207.09075927734375, 347.13568115234375, 229.56753540039062], [337.4288024902344, 219.31370544433594, 406.17340087890625, 228.66156005859375], [100.33302307128906, 41.73681640625, 136.13150024414062, 73.2078857421875], [133.09844970703125, 21.724349975585938, 300.3591613769531, 117.95938110351562], [61.97383117675781, -0.16462895274162292, 305.3353271484375, 75.43870544433594], [330.75689697265625, 242.98004150390625, 388.8872375488281, 289.4533386230469], [327.1413269042969, -0.011407770216464996, 368.4312438964844, 85.35440826416016], [291.55169677734375, 108.78152465820312, 339.9309387207031, 129.7437286376953], [275.96881103515625, 90.44735717773438, 476.7327575683594, 221.18463134765625], [438.83624267578125, 126.32603454589844, 463.4673156738281, 140.34033203125], [98.18879699707031, 240.5634307861328, 198.76173400878906, 374.6951599121094], [1.8343031406402588, -0.24795904755592346, 311.59283447265625, 155.20223999023438], [278.0159912109375, 84.51103973388672, 368.6569519042969, 102.9352798461914], [1.1985749006271362, 0.9051226377487183, 497.12109375, 248.041748046875], [233.93946838378906, 0.5737273097038269, 312.7952880859375, 43.704261779785156], [356.3948669433594, 126.7568588256836, 459.8885498046875, 197.66513061523438], [308.4082946777344, -0.1493319869041443, 353.72833251953125, 24.972702026367188], [87.6491928100586, 228.19371032714844, 252.615478515625, 373.8125305175781], [304.317138671875, 0.18426495790481567, 322.0159606933594, 19.382482528686523], [129.1010284423828, 204.5801239013672, 475.98760986328125, 371.2529602050781], [0.3464445471763611, 45.58655548095703, 79.35778045654297, 240.55967712402344], [95.33831787109375, 48.795562744140625, 500.4989013671875, 375.0857849121094], [181.95867919921875, 0.4726192057132721, 307.9296569824219, 72.0835952758789], [0.06511807441711426, 0.7679834961891174, 238.4047088623047, 250.44821166992188], [377.9824523925781, 135.3327178955078, 458.8284912109375, 188.23019409179688], [0.17969682812690735, 0.6602033972740173, 82.4950180053711, 161.90830993652344], [291.55169677734375, 108.78152465820312, 339.9309387207031, 129.7437286376953], [310.34661865234375, 0.10282709449529648, 335.15924072265625, 22.061540603637695], [1.043170690536499, 0.07089972496032715, 500.98907470703125, 375.0665283203125]), Score: [0.9222859144210815, 0.8955680727958679, 0.8554840683937073, 0.7055404186248779, 0.5545521974563599, 0.5304989814758301, 0.4279041886329651, 0.3804250955581665, 0.26343050599098206, 0.2249375283718109, 0.2126750648021698, 0.20604208111763, 0.19426758587360382, 0.18021008372306824, 0.17868921160697937, 0.17793433368206024, 0.1773846447467804, 0.17645616829395294, 0.17621678113937378, 0.17204876244068146, 0.16623760759830475, 0.16550442576408386, 0.16037338972091675, 0.16014209389686584, 0.15828724205493927, 0.15199770033359528, 0.15132692456245422, 0.1484919637441635, 0.14529454708099365, 0.13236947357654572, 0.13110463321208954, 0.1300077885389328, 0.12305545806884766, 0.12046705931425095, 0.1202620342373848, 0.12013249844312668, 0.11863705515861511, 0.11796297878026962, 0.11758178472518921, 0.11661230772733688, 0.11477720737457275, 0.11213766783475876, 0.11161553114652634, 0.10806050151586533, 0.10767585039138794, 0.10701171308755875, 0.1023387536406517, 0.10221673548221588, 0.10046054422855377, 0.10017823427915573, 0.10001203417778015, 0.09964525699615479, 0.09921467304229736, 0.09899214655160904, 0.09841868281364441, 0.09834972023963928, 0.0975835770368576, 0.09712731838226318, 0.09594950079917908, 0.09549516439437866, 0.09496349841356277, 0.0930786281824112, 0.09223023056983948, 0.09198131412267685, 0.09140152484178543, 0.08966971933841705, 0.08639750629663467, 0.08475746959447861, 0.08421295881271362, 0.08380820602178574, 0.08348368853330612, 0.0831615999341011, 0.08218167722225189, 0.08127406984567642, 0.08034557849168777, 0.0788673385977745, 0.0785689726471901, 0.07820594310760498, 0.0776682123541832, 0.07754333317279816, 0.07721071690320969, 0.0771283507347107, 0.07539970427751541, 0.07414727658033371, 0.0741015300154686, 0.07246532291173935, 0.0718608871102333, 0.0713832676410675, 0.07111822813749313, 0.07090625911951065, 0.07046199589967728, 0.070045605301857, 0.06976743787527084, 0.06936032325029373, 0.06929940730333328, 0.06915077567100525, 0.06727258116006851, 0.06711266189813614, 0.06675221771001816, 0.06671714782714844, 0.06656020879745483, 0.06650637090206146, 0.06572778522968292, 0.06534799188375473, 0.0648687332868576, 0.06486138701438904, 0.06435606628656387, 0.06428555399179459, 0.06421279162168503, 0.06401602923870087, 0.0639820396900177, 0.06383123993873596, 0.06356800347566605, 0.06300026923418045, 0.06283740699291229, 0.0628013163805008, 0.06278689205646515, 0.06251084059476852, 0.06228328496217728, 0.061295416206121445, 0.060848116874694824, 0.060826901346445084, 0.0606313981115818, 0.06038367375731468, 0.060362327843904495, 0.06012339144945145, 0.06008756905794144, 0.0596909299492836, 0.059582121670246124, 0.059493422508239746, 0.05922819674015045, 0.05858094245195389, 0.0585191436111927, 0.058128517121076584, 0.058084435760974884, 0.05804424360394478, 0.057478707283735275, 0.05699199065566063, 0.05675739794969559, 0.05605032294988632, 0.05601797252893448, 0.055516887456178665, 0.0554039366543293, 0.05506162717938423, 0.054664552211761475, 0.05456625297665596, 0.05436411872506142, 0.05402592942118645, 0.05390312150120735, 0.053842831403017044, 0.05376331880688667, 0.053760841488838196, 0.05361858755350113, 0.053466301411390305, 0.053452979773283005, 0.05318346247076988, 0.05291010066866875, 0.05265176296234131, 0.052621759474277496, 0.05257711932063103, 0.05252337455749512, 0.052097782492637634, 0.051842860877513885, 0.05176274850964546, 0.05174585431814194, 0.051698341965675354, 0.0516120083630085, 0.05153441056609154, 0.05153433978557587, 0.051445335149765015, 0.051384635269641876, 0.05131751298904419, 0.051105186343193054, 0.05108007788658142, 0.05102468281984329, 0.05098537728190422, 0.05094815045595169, 0.050853610038757324, 0.05076923593878746, 0.050705596804618835, 0.0507001094520092, 0.0505707785487175, 0.05019789934158325, 0.050000376999378204, 0.04984530434012413, 0.04977644607424736, 0.04958299919962883, 0.0495426170527935, 0.049416735768318176, 0.049093712121248245, 0.04899587109684944, 0.048422519117593765, 0.04789402708411217, 0.047828882932662964, 0.04782385379076004, 0.04769400879740715, 0.04744327813386917, 0.047431107610464096, 0.047305792570114136, 0.04726998135447502, 0.047145817428827286, 0.047084614634513855, 0.047018442302942276, 0.04696277529001236, 0.04687716066837311, 0.04682200774550438, 0.04676300287246704, 0.04644911736249924, 0.046409912407398224, 0.04634100943803787, 0.046335939317941666, 0.04624422267079353, 0.04599952697753906, 0.04553602263331413, 0.04542286694049835, 0.04535064101219177, 0.04530254378914833, 0.045235924422740936, 0.04518122598528862, 0.04517386481165886, 0.045132167637348175, 0.04489273950457573, 0.04430725425481796, 0.0443066768348217, 0.04421002417802811, 0.04381639137864113, 0.04376673325896263, 0.0436318963766098, 0.043578989803791046, 0.04354644939303398, 0.043473150581121445, 0.04322534799575806, 0.04297357052564621, 0.04266756772994995, 0.0425666943192482, 0.04254850000143051, 0.042328283190727234, 0.04225189983844757, 0.042219460010528564, 0.04221049323678017, 0.04212908819317818, 0.04196285456418991, 0.04189228639006615, 0.04170975834131241, 0.04159139096736908, 0.04158893600106239, 0.04147874191403389, 0.04140808805823326, 0.041378479450941086, 0.04133746773004532, 0.041220471262931824, 0.04095060005784035, 0.040554456412792206, 0.04051416739821434, 0.040488723665475845, 0.04039223492145538, 0.04011215269565582, 0.04010939225554466, 0.04006551206111908, 0.04001910239458084, 0.04001203924417496, 0.039977043867111206, 0.03997623920440674, 0.039957668632268906, 0.039886582642793655, 0.03983717039227486, 0.039820849895477295, 0.03981189802289009, 0.03980284184217453, 0.039454393088817596, 0.03942342847585678, 0.03935092315077782, 0.03924673795700073, 0.03911958634853363, 0.039093032479286194, 0.03907768428325653, 0.03885502368211746, 0.038828205317258835, 0.03881732374429703, 0.038629334419965744, 0.03859976306557655, 0.03854338079690933, 0.03850714862346649, 0.03839051350951195, 0.038353968411684036, 0.03828097879886627, 0.03827701136469841, 0.03827571123838425, 0.038272518664598465, 0.03814114257693291, 0.0380931980907917, 0.03806930407881737, 0.03799496591091156, 0.037978239357471466, 0.03795722499489784, 0.03794281184673309, 0.03790063038468361, 0.03786054253578186, 0.03782729059457779, 0.037801943719387054]

Execution time: 0.4159 sec
