Label: tensor([ 0,  2, 59, 56, 56,  6, 79,  4, 13,  8, 57, 56, 56,  0,  6, 56,  5,  7,
        59, 56, 59, 59,  0, 13, 56, 59, 57,  7, 13, 56, 57, 13,  5, 56, 13, 56,
        56,  8, 56, 74,  2, 56, 44, 56, 32, 56, 56, 67, 59, 56, 67, 56, 35, 59,
        76, 59, 56, 59, 56,  0, 56,  8, 57, 59, 28, 13, 65, 28, 13, 59, 56, 13,
         4,  8, 79, 56, 62, 59, 13,  8, 13, 56, 56, 39, 56,  2,  0, 57, 29, 59,
         8,  0,  0,  7, 13, 59, 57,  4,  6, 57, 13,  2, 56,  8, 13,  4, 59, 43,
        56, 56, 67,  6, 59,  2, 13, 28, 57,  2, 56,  2, 59,  8, 69, 13,  4,  2,
        33, 56,  8,  6, 79,  0, 35, 57, 59, 13, 13, 28,  7, 56, 59, 56, 65, 13,
        56, 59,  6, 34, 59,  0, 56,  6, 56, 67,  4,  5, 39, 57, 57, 59, 59,  2,
        56,  0, 57, 56,  8, 56, 13,  8, 57, 59, 59, 59, 59,  8,  0, 56, 56, 13,
        59, 28, 13,  8, 25, 56,  2, 34, 57,  5, 29, 59,  7,  7,  2,  8,  7, 59,
         2, 26, 13,  2, 56, 42, 59, 62, 34, 59, 76, 26, 74, 56, 59, 26, 59, 13,
        57, 25, 56,  0, 13,  8, 13, 28, 76,  5, 59, 74, 67, 25, 69,  7, 67, 44,
        28,  7, 69, 13, 51,  0,  8,  0, 59, 13,  6, 13, 57, 13, 59,  2, 59, 67,
        25, 13,  2, 13, 28,  3, 13, 29, 13, 14, 56, 17, 60,  7, 13, 73, 27, 67,
         5, 32, 59,  7, 13, 59, 45, 57,  5, 67, 57, 59, 62, 57,  2,  2, 56, 73,
        25, 62,  0, 57, 59,  0, 13, 14, 25, 56, 76,  2]), Box: ([38.88694763183594, 58.18328094482422, 362.69586181640625, 374.4144287109375], [0.25078654289245605, -0.08765235543251038, 500.24365234375, 374.89154052734375], [-0.16920268535614014, 0.14868378639221191, 499.72052001953125, 70.12269592285156], [-0.2289414405822754, 178.73655700683594, 403.0846252441406, 374.6718444824219], [309.33514404296875, 227.7035369873047, 402.172607421875, 374.234619140625], [0.25078654289245605, -0.08765235543251038, 500.24365234375, 374.89154052734375], [242.35928344726562, 154.84857177734375, 306.26904296875, 164.6504669189453], [0.25078654289245605, -0.08765235543251038, 500.24365234375, 374.89154052734375], [-0.2289414405822754, 178.73655700683594, 403.0846252441406, 374.6718444824219], [0.25078654289245605, -0.08765235543251038, 500.24365234375, 374.89154052734375], [-0.2289414405822754, 178.73655700683594, 403.0846252441406, 374.6718444824219], [-0.7419809699058533, 179.23434448242188, 215.62091064453125, 373.8119812011719], [-0.3588944673538208, 141.83584594726562, 400.4622802734375, 374.5775146484375], [435.2585754394531, 99.25357818603516, 477.139892578125, 170.470947265625], [-0.3451108932495117, -0.2604536712169647, 499.6498718261719, 374.7353210449219], [98.15192413330078, 155.92706298828125, 407.6371765136719, 374.0985412597656], [0.25078654289245605, -0.08765235543251038, 500.24365234375, 374.89154052734375], [-0.3451108932495117, -0.2604536712169647, 499.6498718261719, 374.7353210449219], [-0.2289414405822754, 178.73655700683594, 403.0846252441406, 374.6718444824219], [290.89556884765625, 227.3403778076172, 402.4718322753906, 374.2211608886719], [0.32563507556915283, 0.0029727816581726074, 375.5118713378906, 69.52086639404297], [0.6815046072006226, 0.17316174507141113, 319.3563232421875, 68.7132797241211], [434.7806091308594, 99.35111236572266, 464.6079406738281, 141.41702270507812], [309.33514404296875, 227.7035369873047, 402.172607421875, 374.234619140625], [0.24984776973724365, 220.85568237304688, 399.9624328613281, 374.83331298828125], [-0.7419809699058533, 179.23434448242188, 215.62091064453125, 373.8119812011719], [-0.7419809699058533, 179.23434448242188, 215.62091064453125, 373.8119812011719], [0.25078654289245605, -0.08765235543251038, 500.24365234375, 374.89154052734375], [-0.3588944673538208, 141.83584594726562, 400.4622802734375, 374.5775146484375], [0.22774934768676758, 60.56169891357422, 404.0343322753906, 374.8750915527344], [-0.3588944673538208, 141.83584594726562, 400.4622802734375, 374.5775146484375], [-0.7419809699058533, 179.23434448242188, 215.62091064453125, 373.8119812011719], [-0.3451108932495117, -0.2604536712169647, 499.6498718261719, 374.7353210449219], [193.5050048828125, 226.31820678710938, 402.5921325683594, 374.33465576171875], [0.24984776973724365, 220.85568237304688, 399.9624328613281, 374.83331298828125], [192.79714965820312, 225.99551391601562, 402.6610107421875, 374.7765197753906], [0.15629827976226807, 294.3670654296875, 223.33555603027344, 374.1138000488281], [-0.3451108932495117, -0.2604536712169647, 499.6498718261719, 374.7353210449219], [21.507099151611328, 61.82590103149414, 404.67303466796875, 374.0801696777344], [188.99191284179688, 152.25790405273438, 262.9050598144531, 206.94996643066406], [-0.3451108932495117, -0.2604536712169647, 499.6498718261719, 374.7353210449219], [211.13404846191406, 228.61856079101562, 399.7860107421875, 374.7625427246094], [242.35928344726562, 154.84857177734375, 306.26904296875, 164.6504669189453], [39.050086975097656, 167.02542114257812, 401.66998291015625, 373.6128845214844], [188.99191284179688, 152.25790405273438, 262.9050598144531, 206.94996643066406], [309.2319641113281, 227.1322784423828, 336.39361572265625, 270.76849365234375], [72.13516235351562, 226.51657104492188, 403.53399658203125, 374.7600402832031], [1.2245625257492065, 163.47052001953125, 73.28742218017578, 184.7119903564453], [0.14495849609375, -0.12131966650485992, 499.3938903808594, 187.2978057861328], [31.653255462646484, 172.59359741210938, 399.8892517089844, 374.84808349609375], [40.62310028076172, 182.5790252685547, 55.51675033569336, 196.67538452148438], [40.14547348022461, 161.51148986816406, 402.6405944824219, 376.3852233886719], [188.99191284179688, 152.25790405273438, 262.9050598144531, 206.94996643066406], [-0.27771294116973877, 0.8624922633171082, 499.6706237792969, 79.73406982421875], [242.35928344726562, 154.84857177734375, 306.26904296875, 164.6504669189453], [-0.3588944673538208, 141.83584594726562, 400.4622802734375, 374.5775146484375], [-0.059291720390319824, 224.9630889892578, 400.3743591308594, 375.0216369628906], [0.15629827976226807, 294.3670654296875, 223.33555603027344, 374.1138000488281], [261.75970458984375, 144.1980438232422, 405.0046081542969, 373.6200866699219], [435.4117431640625, 99.76377868652344, 461.271240234375, 165.63641357421875], [0.06742775440216064, 227.09274291992188, 400.0318603515625, 374.7060546875], [247.37155151367188, 5.696620941162109, 500.67706298828125, 374.37164306640625], [0.24984776973724365, 220.85568237304688, 399.9624328613281, 374.83331298828125], [-0.3451108932495117, -0.2604536712169647, 499.6498718261719, 374.7353210449219], [-0.7419809699058533, 179.23434448242188, 215.62091064453125, 373.8119812011719], [276.0487060546875, 227.2244110107422, 405.9485778808594, 374.4758605957031], [1.2245625257492065, 163.47052001953125, 73.28742218017578, 184.7119903564453], [-0.2289414405822754, 178.73655700683594, 403.0846252441406, 374.6718444824219], [-0.059291720390319824, 224.9630889892578, 400.3743591308594, 375.0216369628906], [-0.19921362400054932, 0.1206323504447937, 499.7958068847656, 214.6052703857422], [-0.4034116864204407, 69.99942779541016, 228.4547119140625, 372.2731018066406], [0.06742775440216064, 227.09274291992188, 400.0318603515625, 374.7060546875], [-0.19921362400054932, 0.1206323504447937, 499.7958068847656, 214.6052703857422], [251.2099151611328, 34.80428695678711, 500.3655090332031, 373.4329528808594], [187.10302734375, 154.12437438964844, 307.7899169921875, 171.73623657226562], [309.7747497558594, 227.40447998046875, 396.673095703125, 322.9876708984375], [0.7070675492286682, 65.30248260498047, 188.06588745117188, 148.9923858642578], [0.24984776973724365, 220.85568237304688, 399.9624328613281, 374.83331298828125], [290.89556884765625, 227.3403778076172, 402.4718322753906, 374.2211608886719], [-0.19921362400054932, 0.1206323504447937, 499.7958068847656, 214.6052703857422], [0.22774934768676758, 60.56169891357422, 404.0343322753906, 374.8750915527344], [-0.3451108932495117, -0.2604536712169647, 499.6498718261719, 374.7353210449219], [1.3498514890670776, 291.37896728515625, 399.5349426269531, 374.0051574707031], [189.2513885498047, 327.4512939453125, 218.80906677246094, 371.1814880371094], [387.4429626464844, 321.1190185546875, 430.65325927734375, 374.9992980957031], [-0.2289414405822754, 178.73655700683594, 403.0846252441406, 374.6718444824219], [432.0853576660156, 79.15823364257812, 464.4726257324219, 142.46160888671875], [-0.3451108932495117, -0.2604536712169647, 499.6498718261719, 374.7353210449219], [242.35928344726562, 154.84857177734375, 306.26904296875, 164.6504669189453], [-0.1694411039352417, -0.08593127131462097, 499.8078308105469, 225.84271240234375], [0.14495849609375, -0.12131966650485992, 499.3938903808594, 187.2978057861328], [435.2825012207031, 99.9156265258789, 458.593505859375, 128.02523803710938], [328.69610595703125, 65.64366912841797, 393.6492004394531, 137.3073272705078], [-0.19921362400054932, 0.1206323504447937, 499.7958068847656, 214.6052703857422], [192.79714965820312, 225.99551391601562, 402.6610107421875, 374.7765197753906], [-0.6492286920547485, 174.1903533935547, 499.1705322265625, 375.35888671875], [-0.059291720390319824, 224.9630889892578, 400.3743591308594, 375.0216369628906], [-0.3451108932495117, -0.2604536712169647, 499.6498718261719, 374.7353210449219], [-0.19921362400054932, 0.1206323504447937, 499.7958068847656, 214.6052703857422], [0.15629827976226807, 294.3670654296875, 223.33555603027344, 374.1138000488281], [0.15629827976226807, 294.3670654296875, 223.33555603027344, 374.1138000488281], [251.2099151611328, 34.80428695678711, 500.3655090332031, 373.4329528808594], [-0.6492286920547485, 174.1903533935547, 499.1705322265625, 375.35888671875], [249.28378295898438, 37.487693786621094, 501.0750427246094, 373.4950256347656], [1.3498514890670776, 291.37896728515625, 399.5349426269531, 374.0051574707031], [-0.1694411039352417, -0.08593127131462097, 499.8078308105469, 225.84271240234375], [1.3498514890670776, 291.37896728515625, 399.5349426269531, 374.0051574707031], [242.35928344726562, 154.84857177734375, 306.26904296875, 164.6504669189453], [36.04127502441406, 80.10798645019531, 376.2518310546875, 370.8861999511719], [191.11105346679688, 268.34637451171875, 398.7073059082031, 374.44952392578125], [0.6451122760772705, 163.35910034179688, 113.50834655761719, 184.9742431640625], [0.14495849609375, -0.12131966650485992, 499.3938903808594, 187.2978057861328], [-0.059291720390319824, 224.9630889892578, 400.3743591308594, 375.0216369628906], [-0.3588944673538208, 141.83584594726562, 400.4622802734375, 374.5775146484375], [-0.3451108932495117, -0.2604536712169647, 499.6498718261719, 374.7353210449219], [0.15629827976226807, 294.3670654296875, 223.33555603027344, 374.1138000488281], [0.37744641304016113, 177.87237548828125, 231.409423828125, 374.21112060546875], [-0.19921362400054932, 0.1206323504447937, 499.7958068847656, 214.6052703857422], [1.582518219947815, 289.78680419921875, 399.69580078125, 374.3033447265625], [0.22774934768676758, 60.56169891357422, 404.0343322753906, 374.8750915527344], [0.25078654289245605, -0.08765235543251038, 500.24365234375, 374.89154052734375], [238.32275390625, 0.7358975410461426, 500.7056579589844, 375.46112060546875], [0.7070675492286682, 65.30248260498047, 188.06588745117188, 148.9923858642578], [211.13404846191406, 228.61856079101562, 399.7860107421875, 374.7625427246094], [0.14495849609375, -0.12131966650485992, 499.3938903808594, 187.2978057861328], [247.37155151367188, 5.696620941162109, 500.67706298828125, 374.37164306640625], [0.25078654289245605, -0.08765235543251038, 500.24365234375, 374.89154052734375], [0.37744641304016113, 177.87237548828125, 231.409423828125, 374.21112060546875], [-0.1694411039352417, -0.08593127131462097, 499.8078308105469, 225.84271240234375], [-0.055536627769470215, 1.4977455139160156, 499.939453125, 351.6934814453125], [188.4192657470703, 153.7025146484375, 306.90301513671875, 179.86581420898438], [-0.3451108932495117, -0.2604536712169647, 499.6498718261719, 374.7353210449219], [189.03819274902344, 145.08229064941406, 304.67083740234375, 207.326904296875], [0.06742775440216064, 227.09274291992188, 400.0318603515625, 374.7060546875], [0.06742775440216064, 227.09274291992188, 400.0318603515625, 374.7060546875], [72.13516235351562, 226.51657104492188, 403.53399658203125, 374.7600402832031], [193.5050048828125, 226.31820678710938, 402.5921325683594, 374.33465576171875], [-0.3588944673538208, 141.83584594726562, 400.4622802734375, 374.5775146484375], [0.14495849609375, -0.12131966650485992, 499.3938903808594, 187.2978057861328], [184.7797088623047, 153.81307983398438, 377.8169250488281, 373.8976745605469], [0.4632622003555298, -0.1682862639427185, 393.16241455078125, 179.5566864013672], [-4.622459411621094, 229.00753784179688, 439.54425048828125, 375.4461975097656], [0.6451122760772705, 163.35910034179688, 113.50834655761719, 184.9742431640625], [1.582518219947815, 289.78680419921875, 399.69580078125, 374.3033447265625], [-0.28623640537261963, 176.15760803222656, 479.78497314453125, 375.4830627441406], [1.582518219947815, 289.78680419921875, 399.69580078125, 374.3033447265625], [-0.2289414405822754, 178.73655700683594, 403.0846252441406, 374.6718444824219], [0.3988593816757202, 137.15289306640625, 303.0616760253906, 185.10350036621094], [0.4329383373260498, 0.03602541983127594, 330.7291564941406, 177.95980834960938], [21.507099151611328, 61.82590103149414, 404.67303466796875, 374.0801696777344], [0.2288520336151123, 293.5009460449219, 226.6134490966797, 371.4576110839844], [-0.1694411039352417, -0.08593127131462097, 499.8078308105469, 225.84271240234375], [325.71942138671875, 271.0758361816406, 404.1358947753906, 374.6312561035156], [50.79245376586914, 163.15847778320312, 113.18485260009766, 180.62973022460938], [-0.055536627769470215, 1.4977455139160156, 499.939453125, 351.6934814453125], [-0.19921362400054932, 0.1206323504447937, 499.7958068847656, 214.6052703857422], [1.2245625257492065, 163.47052001953125, 73.28742218017578, 184.7119903564453], [0.22774934768676758, 60.56169891357422, 404.0343322753906, 374.8750915527344], [-0.6492286920547485, 174.1903533935547, 499.1705322265625, 375.35888671875], [1.0170936584472656, 294.80963134765625, 401.6795654296875, 374.4708557128906], [-0.3877878189086914, -0.02883654087781906, 394.58770751953125, 70.32925415039062], [0.14495849609375, -0.12131966650485992, 499.3938903808594, 187.2978057861328], [1.0170936584472656, 294.80963134765625, 401.6795654296875, 374.4708557128906], [0.22774934768676758, 60.56169891357422, 404.0343322753906, 374.8750915527344], [-0.16920268535614014, 0.14868378639221191, 499.72052001953125, 70.12269592285156], [276.0487060546875, 227.2244110107422, 405.9485778808594, 374.4758605957031], [231.95950317382812, -0.13093650341033936, 500.72491455078125, 374.7772216796875], [83.37102508544922, 220.19134521484375, 399.4488220214844, 374.9100646972656], [98.15192413330078, 155.92706298828125, 407.6371765136719, 374.0985412597656], [206.72706604003906, -0.389590859413147, 500.3825988769531, 374.603759765625], [0.5006566643714905, 177.25238037109375, 231.77243041992188, 374.079345703125], [0.8531510829925537, -0.16014604270458221, 325.6898498535156, 38.698219299316406], [-0.2463608980178833, 176.41415405273438, 499.74298095703125, 375.330322265625], [0.22774934768676758, 60.56169891357422, 404.0343322753906, 374.8750915527344], [-0.1805722713470459, 0.35629794001579285, 401.26617431640625, 184.57257080078125], [206.44155883789062, -0.3919824957847595, 500.4465637207031, 374.59259033203125], [-0.7419809699058533, 179.23434448242188, 215.62091064453125, 373.8119812011719], [189.2513885498047, 327.4512939453125, 218.80906677246094, 371.1814880371094], [60.02783966064453, 225.03927612304688, 403.7901306152344, 375.313720703125], [1.0170936584472656, 294.80963134765625, 401.6795654296875, 374.4708557128906], [0.44639408588409424, 0.37802940607070923, 188.47666931152344, 67.82137298583984], [1.3498514890670776, 291.37896728515625, 399.5349426269531, 374.0051574707031], [-0.6492286920547485, 174.1903533935547, 499.1705322265625, 375.35888671875], [-0.055536627769470215, 1.4977455139160156, 499.939453125, 351.6934814453125], [0.14495849609375, -0.12131966650485992, 499.3938903808594, 187.2978057861328], [-0.2463608980178833, 176.41415405273438, 499.74298095703125, 375.330322265625], [-0.055536627769470215, 1.4977455139160156, 499.939453125, 351.6934814453125], [187.10302734375, 154.12437438964844, 307.7899169921875, 171.73623657226562], [1.3498514890670776, 291.37896728515625, 399.5349426269531, 374.0051574707031], [-0.055536627769470215, 1.4977455139160156, 499.939453125, 351.6934814453125], [188.99191284179688, 152.25790405273438, 262.9050598144531, 206.94996643066406], [1.35137140750885, 293.6120910644531, 385.5655212402344, 374.5144348144531], [251.2099151611328, 34.80428695678711, 500.3655090332031, 373.4329528808594], [-0.1694411039352417, -0.08593127131462097, 499.8078308105469, 225.84271240234375], [0.07631629705429077, 64.06393432617188, 187.80364990234375, 184.9971466064453], [231.82833862304688, 2.939075231552124, 500.66351318359375, 374.28363037109375], [247.37155151367188, 5.696620941162109, 500.67706298828125, 374.37164306640625], [-0.8661597967147827, 206.15728759765625, 497.088623046875, 375.705322265625], [-0.1694411039352417, -0.08593127131462097, 499.8078308105469, 225.84271240234375], [-0.7419809699058533, 179.23434448242188, 215.62091064453125, 373.8119812011719], [-0.4034116864204407, 69.99942779541016, 228.4547119140625, 372.2731018066406], [14.438714981079102, 96.91319274902344, 93.63888549804688, 139.8271026611328], [251.2099151611328, 34.80428695678711, 500.3655090332031, 373.4329528808594], [242.35928344726562, 154.84857177734375, 306.26904296875, 164.6504669189453], [-0.28623640537261963, 176.15760803222656, 479.78497314453125, 375.4830627441406], [0.07631629705429077, 64.06393432617188, 187.80364990234375, 184.9971466064453], [242.35928344726562, 154.84857177734375, 306.26904296875, 164.6504669189453], [0.37744641304016113, 177.87237548828125, 231.409423828125, 374.21112060546875], [187.10302734375, 154.12437438964844, 307.7899169921875, 171.73623657226562], [189.2513885498047, 327.4512939453125, 218.80906677246094, 371.1814880371094], [221.72027587890625, 158.37425231933594, 261.4147644042969, 201.766357421875], [-0.8661597967147827, 206.15728759765625, 497.088623046875, 375.705322265625], [0.2288520336151123, 293.5009460449219, 226.6134490966797, 371.4576110839844], [0.15629827976226807, 294.3670654296875, 223.33555603027344, 374.1138000488281], [-0.055536627769470215, 1.4977455139160156, 499.939453125, 351.6934814453125], [40.14547348022461, 161.51148986816406, 402.6405944824219, 376.3852233886719], [0.5517452955245972, 177.15000915527344, 234.6537322998047, 374.2936706542969], [-0.3451108932495117, -0.2604536712169647, 499.6498718261719, 374.7353210449219], [0.5006566643714905, 177.25238037109375, 231.77243041992188, 374.079345703125], [-0.2289414405822754, 178.73655700683594, 403.0846252441406, 374.6718444824219], [309.7747497558594, 227.40447998046875, 396.673095703125, 322.9876708984375], [115.09133911132812, 0.4148148000240326, 501.4834899902344, 375.3341064453125], [21.507099151611328, 61.82590103149414, 404.67303466796875, 374.0801696777344], [0.24984776973724365, 220.85568237304688, 399.9624328613281, 374.83331298828125], [188.4192657470703, 153.7025146484375, 306.90301513671875, 179.86581420898438], [0.14495849609375, -0.12131966650485992, 499.3938903808594, 187.2978057861328], [-0.5994290113449097, 132.9899444580078, 498.7911682128906, 375.22381591796875], [189.03819274902344, 145.08229064941406, 304.67083740234375, 207.326904296875], [38.919288635253906, 163.47525024414062, 71.1013412475586, 180.4943084716797], [-0.19921362400054932, 0.1206323504447937, 499.7958068847656, 214.6052703857422], [0.07631629705429077, 64.06393432617188, 187.80364990234375, 184.9971466064453], [-0.2289414405822754, 178.73655700683594, 403.0846252441406, 374.6718444824219], [40.702735900878906, 181.9556884765625, 53.6528205871582, 187.20315551757812], [187.10302734375, 154.12437438964844, 307.7899169921875, 171.73623657226562], [1.0170936584472656, 294.80963134765625, 401.6795654296875, 374.4708557128906], [0.07631629705429077, 64.06393432617188, 187.80364990234375, 184.9971466064453], [-0.3451108932495117, -0.2604536712169647, 499.6498718261719, 374.7353210449219], [-0.9856820106506348, 229.23361206054688, 396.5184631347656, 370.749267578125], [242.35928344726562, 154.84857177734375, 306.26904296875, 164.6504669189453], [-0.3588944673538208, 141.83584594726562, 400.4622802734375, 374.5775146484375], [189.04876708984375, 0.5125701427459717, 500.6739501953125, 374.3078918457031], [190.28485107421875, 145.3934783935547, 359.6876220703125, 374.0948486328125], [-0.34427642822265625, 169.14991760253906, 499.5764465332031, 375.34552001953125], [0.5226880311965942, 256.5172119140625, 401.443603515625, 375.28265380859375], [0.4632622003555298, -0.1682862639427185, 393.16241455078125, 179.5566864013672], [0.37744641304016113, 177.87237548828125, 231.409423828125, 374.21112060546875], [1.582518219947815, 289.78680419921875, 399.69580078125, 374.3033447265625], [251.2099151611328, 34.80428695678711, 500.3655090332031, 373.4329528808594], [0.4727393388748169, -0.09454087913036346, 361.8138427734375, 39.43451690673828], [17.16387939453125, 108.92220306396484, 67.6107177734375, 128.6038360595703], [-0.37238001823425293, 207.43743896484375, 499.2643127441406, 375.380859375], [272.26531982421875, 79.33712005615234, 308.2436828613281, 109.34444427490234], [387.4429626464844, 321.1190185546875, 430.65325927734375, 374.9992980957031], [247.37155151367188, 5.696620941162109, 500.67706298828125, 374.37164306640625], [0.7070675492286682, 65.30248260498047, 188.06588745117188, 148.9923858642578], [-0.4776269197463989, 236.24864196777344, 399.6105651855469, 375.2188720703125], [309.33514404296875, 227.7035369873047, 402.172607421875, 374.234619140625], [0.25078654289245605, -0.08765235543251038, 500.24365234375, 374.89154052734375], [39.050086975097656, 167.02542114257812, 401.66998291015625, 373.6128845214844], [189.03819274902344, 145.08229064941406, 304.67083740234375, 207.326904296875], [0.2288520336151123, 293.5009460449219, 226.6134490966797, 371.4576110839844], [189.03819274902344, 145.08229064941406, 304.67083740234375, 207.326904296875], [0.5517452955245972, 177.15000915527344, 234.6537322998047, 374.2936706542969], [-0.2289414405822754, 178.73655700683594, 403.0846252441406, 374.6718444824219], [-0.7419809699058533, 179.23434448242188, 215.62091064453125, 373.8119812011719], [-0.1805722713470459, 0.35629794001579285, 401.26617431640625, 184.57257080078125], [-0.28623640537261963, 176.15760803222656, 479.78497314453125, 375.4830627441406], [189.03819274902344, 145.08229064941406, 304.67083740234375, 207.326904296875], [189.2513885498047, 327.4512939453125, 218.80906677246094, 371.1814880371094], [35.22871780395508, 163.43316650390625, 72.01655578613281, 177.23162841796875], [-0.1694411039352417, -0.08593127131462097, 499.8078308105469, 225.84271240234375], [189.03819274902344, 145.08229064941406, 304.67083740234375, 207.326904296875], [-0.29772520065307617, 204.64285278320312, 499.697265625, 375.5853576660156], [0.22774934768676758, 60.56169891357422, 404.0343322753906, 374.8750915527344], [31.653255462646484, 172.59359741210938, 399.8892517089844, 374.84808349609375], [-4.622459411621094, 229.00753784179688, 439.54425048828125, 375.4461975097656], [188.99191284179688, 152.25790405273438, 262.9050598144531, 206.94996643066406], [31.653255462646484, 172.59359741210938, 399.8892517089844, 374.84808349609375], [251.2099151611328, 34.80428695678711, 500.3655090332031, 373.4329528808594], [242.35928344726562, 154.84857177734375, 306.26904296875, 164.6504669189453], [0.2288520336151123, 293.5009460449219, 226.6134490966797, 371.4576110839844], [-0.04095584154129028, 0.06778305768966675, 183.93960571289062, 37.67914581298828], [0.25078654289245605, -0.08765235543251038, 500.24365234375, 374.89154052734375], [-4.622459411621094, 229.00753784179688, 439.54425048828125, 375.4461975097656], [17.31998634338379, 109.49452209472656, 72.69218444824219, 129.2447509765625], [238.32275390625, 0.7358975410461426, 500.7056579589844, 375.46112060546875], [-0.34427642822265625, 169.14991760253906, 499.5764465332031, 375.34552001953125], [1.2245625257492065, 163.47052001953125, 73.28742218017578, 184.7119903564453], [-0.16920268535614014, 0.14868378639221191, 499.72052001953125, 70.12269592285156], [251.3411407470703, 40.37189865112305, 392.2510986328125, 147.5286102294922], [436.0016784667969, 100.18478393554688, 459.7647399902344, 144.6055450439453], [1.0170936584472656, 294.80963134765625, 401.6795654296875, 374.4708557128906], [-0.2377033233642578, 0.7053874731063843, 338.7200622558594, 183.9105987548828], [432.45196533203125, 78.95023345947266, 460.15399169921875, 136.7354736328125], [261.75970458984375, 144.1980438232422, 405.0046081542969, 373.6200866699219], [188.99191284179688, 152.25790405273438, 262.9050598144531, 206.94996643066406], [0.25078654289245605, -0.08765235543251038, 500.24365234375, 374.89154052734375], [1.35137140750885, 293.6120910644531, 385.5655212402344, 374.5144348144531], [128.86851501464844, 154.27101135253906, 315.45330810546875, 174.02940368652344], [249.28378295898438, 37.487693786621094, 501.0750427246094, 373.4950256347656]), Score: [0.9552456140518188, 0.45709481835365295, 0.35544732213020325, 0.33151423931121826, 0.3291065990924835, 0.3074282109737396, 0.30385836958885193, 0.2549132704734802, 0.24903558194637299, 0.2321249097585678, 0.21637612581253052, 0.2091362625360489, 0.20363962650299072, 0.1984076201915741, 0.1895689219236374, 0.18848395347595215, 0.1878010481595993, 0.1751391440629959, 0.17324134707450867, 0.16558019816875458, 0.16463762521743774, 0.15045325458049774, 0.1504436582326889, 0.14941950142383575, 0.1452830284833908, 0.14444327354431152, 0.1405678689479828, 0.1377015858888626, 0.1290121227502823, 0.12602020800113678, 0.1258663535118103, 0.11652543395757675, 0.11644892394542694, 0.11311283707618713, 0.11139151453971863, 0.11086546629667282, 0.10984735935926437, 0.10893956571817398, 0.10561000555753708, 0.10473223775625229, 0.10395260900259018, 0.10284528881311417, 0.10082761943340302, 0.10066868364810944, 0.09936399012804031, 0.09936104714870453, 0.09812233597040176, 0.09488493949174881, 0.09403668344020844, 0.09330183267593384, 0.0918758437037468, 0.08929266035556793, 0.08861399441957474, 0.08861040323972702, 0.08666189759969711, 0.08621526509523392, 0.08455760031938553, 0.0844675675034523, 0.08369682729244232, 0.08363424241542816, 0.08189165592193604, 0.0816669762134552, 0.08163048326969147, 0.08145863562822342, 0.0814153328537941, 0.08113295584917068, 0.08011933416128159, 0.07881897687911987, 0.07866300642490387, 0.07817152887582779, 0.0780586376786232, 0.077999547123909, 0.07723494619131088, 0.07654200494289398, 0.07625161111354828, 0.07596065104007721, 0.07591840624809265, 0.07385166734457016, 0.07362659275531769, 0.07120310515165329, 0.0702250674366951, 0.06960082054138184, 0.06954482942819595, 0.06932375580072403, 0.06831066310405731, 0.06825336813926697, 0.06741715222597122, 0.06612196564674377, 0.06592900305986404, 0.06425796449184418, 0.06349614262580872, 0.06348264217376709, 0.06346920877695084, 0.0633290559053421, 0.06303542107343674, 0.0627729594707489, 0.06270711123943329, 0.062286127358675, 0.06197315454483032, 0.061718057841062546, 0.06149616464972496, 0.06137612462043762, 0.06109321117401123, 0.06100751832127571, 0.060854099690914154, 0.06064556539058685, 0.06054473668336868, 0.06042932718992233, 0.059167686849832535, 0.059160761535167694, 0.05851415544748306, 0.058440543711185455, 0.05829276144504547, 0.058243121951818466, 0.05805106461048126, 0.0578623004257679, 0.05764620378613472, 0.05746329575777054, 0.05711624398827553, 0.05611095204949379, 0.0557677261531353, 0.05565299093723297, 0.055417001247406006, 0.05506271868944168, 0.05462724715471268, 0.05456447973847389, 0.0538162961602211, 0.05369756743311882, 0.05369466170668602, 0.053602978587150574, 0.053232818841934204, 0.05297940596938133, 0.05288226157426834, 0.052823327481746674, 0.05262725055217743, 0.05258580669760704, 0.052470795810222626, 0.05227743461728096, 0.0520726703107357, 0.052063047885894775, 0.05182158574461937, 0.0517202727496624, 0.05163537710905075, 0.05116532742977142, 0.050965167582035065, 0.050468768924474716, 0.050297174602746964, 0.05021452158689499, 0.05018826201558113, 0.05015597119927406, 0.049295805394649506, 0.04909633845090866, 0.04899630323052406, 0.04858357459306717, 0.04854799807071686, 0.048546887934207916, 0.04832867532968521, 0.048267681151628494, 0.04810922592878342, 0.04801636561751366, 0.04799990355968475, 0.04791877418756485, 0.047811683267354965, 0.04775582626461983, 0.04768994078040123, 0.047651343047618866, 0.04760747775435448, 0.0473402738571167, 0.047183867543935776, 0.04716280847787857, 0.04716185852885246, 0.04670573025941849, 0.046058326959609985, 0.045883309096097946, 0.04585013538599014, 0.04549948126077652, 0.045454736799001694, 0.04540475830435753, 0.04528087377548218, 0.045263394713401794, 0.045193012803792953, 0.04505234211683273, 0.04490386322140694, 0.04473193734884262, 0.04467206075787544, 0.044618040323257446, 0.044456034898757935, 0.04425301030278206, 0.04404344782233238, 0.04388858750462532, 0.043748095631599426, 0.04364902153611183, 0.043425481766462326, 0.04328671097755432, 0.04316571354866028, 0.043135374784469604, 0.043072182685136795, 0.04285625368356705, 0.04282444342970848, 0.042795855551958084, 0.04260540008544922, 0.042466722428798676, 0.04185938090085983, 0.04178609326481819, 0.04174583777785301, 0.04169294983148575, 0.041663575917482376, 0.041505806148052216, 0.041434794664382935, 0.041384872049093246, 0.041297126561403275, 0.04108956828713417, 0.040833938866853714, 0.04079084470868111, 0.04066001623868942, 0.0406104251742363, 0.04055732116103172, 0.04033873975276947, 0.04027358070015907, 0.04026341810822487, 0.04020099714398384, 0.040088217705488205, 0.04006403684616089, 0.039921749383211136, 0.039917077869176865, 0.03988918289542198, 0.03966262564063072, 0.039566222578287125, 0.03945903852581978, 0.03936440497636795, 0.03926803171634674, 0.039240483194589615, 0.03910064697265625, 0.03904483839869499, 0.03892309218645096, 0.03886798769235611, 0.03869752585887909, 0.03834070265293121, 0.03833162039518356, 0.03816598281264305, 0.03815535083413124, 0.038146838545799255, 0.03736530616879463, 0.037210360169410706, 0.037105459719896317, 0.03709041699767113, 0.03688512369990349, 0.036866720765829086, 0.036766864359378815, 0.0364314466714859, 0.036306194961071014, 0.03602807596325874, 0.03561367094516754, 0.03559432178735733, 0.03558679297566414, 0.03554509952664375, 0.03551826998591423, 0.03544365242123604, 0.03539138659834862, 0.03539084270596504, 0.03517773374915123, 0.035097960382699966, 0.03503814712166786, 0.03497761860489845, 0.03488597646355629, 0.03488389030098915, 0.034814298152923584, 0.03480888530611992, 0.03451427444815636, 0.03449311852455139, 0.03447951003909111, 0.03443707153201103, 0.03442034870386124, 0.03429896757006645, 0.0342852920293808, 0.03424999117851257, 0.03424431383609772, 0.03417960926890373, 0.034164801239967346, 0.034149304032325745, 0.03411805257201195, 0.0340743325650692, 0.034050993621349335, 0.034019216895103455, 0.034001726657152176, 0.03396828845143318, 0.03390798717737198, 0.033885471522808075, 0.03388305380940437, 0.03380928188562393, 0.03379173204302788, 0.0337490551173687, 0.0336308516561985, 0.03361675888299942, 0.033603549003601074, 0.03359222784638405, 0.03350270166993141, 0.033415380865335464, 0.033402323722839355, 0.03338193893432617]

Execution time: 0.4222 sec
