Label: tensor([ 0, 31, 30, 31, 30, 24, 24, 24, 31, 24, 24, 24, 30, 24, 24, 31, 24, 30,
        30, 24, 30, 24, 24, 27, 31, 31, 24, 31, 24, 30, 24, 24, 24, 30, 30, 24,
        24, 30, 31, 31, 24, 24, 24,  0, 24, 30, 24, 24, 30, 30, 24, 31, 31, 31,
        30, 36, 24, 30, 27, 31, 30, 24,  4, 24,  0, 36, 24, 31, 24, 31, 31,  0,
        24,  0, 24, 24, 31, 24, 24, 31, 24, 30, 24, 30, 24, 30,  0, 30, 24, 31,
        30,  0, 24, 31, 31, 24,  0, 30,  0, 24,  0, 30, 30, 30, 24, 36, 30, 54,
         0, 30, 30, 31,  0, 24, 24, 24, 24,  0, 24, 31, 12, 31, 24, 26, 24, 24,
        37, 31, 30, 30, 67, 30,  0, 30, 24, 30, 30, 24, 31, 30, 24, 26,  0, 24,
        30, 24, 37,  0, 30, 24, 31, 31,  0, 26, 24, 24, 30, 26,  0, 30, 26, 30,
        30, 26,  0, 31, 30,  0, 24, 24, 24, 30,  0, 26, 30, 31, 24, 24,  0, 24,
         0,  0,  0,  0,  0,  0,  0, 12,  0,  0, 24,  0,  0, 31, 24,  0,  0,  0,
        24, 28,  0, 30, 33,  0, 30, 30, 24, 24, 30,  0,  0, 30,  0, 26, 37, 31,
        30, 26, 26, 30,  0, 27,  0, 30, 30, 26,  0, 24, 24,  0,  3, 24, 26, 27,
         0,  0,  0,  0, 58, 27,  0, 31, 24, 11, 24, 31, 24, 26, 24, 24, 23,  0,
        26, 31, 26, 75, 26, 77,  0, 30, 24, 31, 24, 33, 30,  0, 24,  0,  0, 28,
        36, 24, 24,  0, 24,  3,  0, 36,  0, 30, 30,  0,  0, 24, 33, 24,  0, 24,
        26, 28, 24, 24, 28, 33,  1, 24, 37, 24, 37, 27]), Box: ([83.03858184814453, 111.15787506103516, 192.5611572265625, 374.89068603515625], [145.1902618408203, 170.21388244628906, 186.60455322265625, 306.0719299316406], [176.47142028808594, 84.32762145996094, 249.43772888183594, 314.697021484375], [137.58798217773438, 128.78273010253906, 189.58877563476562, 306.64306640625], [176.81561279296875, 84.46796417236328, 203.67245483398438, 156.77835083007812], [182.3928985595703, 154.39430236816406, 235.39292907714844, 289.67333984375], [87.26983642578125, 164.46194458007812, 145.35296630859375, 268.0393981933594], [85.26045227050781, 164.70960998535156, 145.7133026123047, 303.74627685546875], [182.3928985595703, 154.39430236816406, 235.39292907714844, 289.67333984375], [137.58798217773438, 128.78273010253906, 189.58877563476562, 306.64306640625], [87.37353515625, 183.30258178710938, 104.88573455810547, 266.6873779296875], [86.29804992675781, 133.5572967529297, 190.20375061035156, 308.10986328125], [181.04705810546875, 154.40725708007812, 249.72080993652344, 314.844970703125], [87.04878234863281, 161.3761749267578, 144.26048278808594, 269.48681640625], [82.53890991210938, 171.56954956054688, 142.31053161621094, 342.37115478515625], [181.04705810546875, 154.40725708007812, 249.72080993652344, 314.844970703125], [78.51660919189453, 183.7609405517578, 104.73922729492188, 296.5494384765625], [176.9901885986328, 84.09812927246094, 224.49534606933594, 288.08843994140625], [137.6103515625, 84.34172821044922, 205.745849609375, 307.37841796875], [135.81761169433594, 126.42483520507812, 191.75929260253906, 204.54136657714844], [177.26019287109375, 84.49172973632812, 204.7910919189453, 292.7219543457031], [135.45111083984375, 127.01425170898438, 191.28749084472656, 239.75912475585938], [82.80079650878906, 158.2083740234375, 143.45556640625, 306.1237487792969], [145.1902618408203, 170.21388244628906, 186.60455322265625, 306.0719299316406], [176.9901885986328, 84.09812927246094, 224.49534606933594, 288.08843994140625], [193.87142944335938, 156.07321166992188, 231.3730010986328, 287.2703857421875], [84.36579895019531, 163.17489624023438, 146.70761108398438, 306.1410217285156], [181.2150115966797, 154.0476837158203, 235.64601135253906, 291.80804443359375], [135.73870849609375, 126.87689971923828, 191.65953063964844, 209.2903594970703], [182.3928985595703, 154.39430236816406, 235.39292907714844, 289.67333984375], [135.79129028320312, 126.87386322021484, 191.45806884765625, 224.6831512451172], [181.04705810546875, 154.40725708007812, 249.72080993652344, 314.844970703125], [194.0869903564453, 177.7819366455078, 226.0171356201172, 287.74676513671875], [136.29190063476562, 125.496337890625, 235.88697814941406, 306.6194152832031], [145.29640197753906, 170.3325653076172, 186.72740173339844, 305.9468994140625], [135.4971160888672, 126.61627197265625, 190.893798828125, 236.0478973388672], [77.46490478515625, 156.63023376464844, 142.5893096923828, 298.99517822265625], [137.58798217773438, 128.78273010253906, 189.58877563476562, 306.64306640625], [145.29640197753906, 170.3325653076172, 186.72740173339844, 305.9468994140625], [176.47142028808594, 84.32762145996094, 249.43772888183594, 314.697021484375], [180.22039794921875, 155.9742431640625, 207.00502014160156, 293.1844787597656], [99.23664855957031, 170.7136688232422, 148.08787536621094, 263.91131591796875], [193.83261108398438, 240.633056640625, 223.7845001220703, 286.98651123046875], [137.58798217773438, 128.78273010253906, 189.58877563476562, 306.64306640625], [85.82544708251953, 117.60338592529297, 191.92420959472656, 307.6604309082031], [85.28681945800781, 110.71067810058594, 240.89700317382812, 311.6114501953125], [136.81707763671875, 126.42890930175781, 191.0106964111328, 166.06936645507812], [99.18933868408203, 166.32904052734375, 147.00816345214844, 241.83058166503906], [181.2150115966797, 154.0476837158203, 235.64601135253906, 291.80804443359375], [176.710693359375, 84.74880981445312, 203.2181854248047, 156.51341247558594], [77.51856994628906, 184.62242126464844, 104.26995086669922, 296.5367736816406], [194.0869903564453, 177.7819366455078, 226.0171356201172, 287.74676513671875], [180.22039794921875, 155.9742431640625, 207.00502014160156, 293.1844787597656], [202.78759765625, 154.97103881835938, 249.6886444091797, 314.378662109375], [85.22431945800781, 86.96260070800781, 202.99169921875, 305.12030029296875], [181.2150115966797, 154.0476837158203, 235.64601135253906, 291.80804443359375], [85.82276153564453, 153.2864532470703, 235.80908203125, 303.6738586425781], [136.50877380371094, 126.59326934814453, 190.72906494140625, 306.47174072265625], [137.58798217773438, 128.78273010253906, 189.58877563476562, 306.64306640625], [181.07354736328125, 172.73609924316406, 198.35719299316406, 292.9238586425781], [178.2044219970703, 83.06272888183594, 226.6461181640625, 293.2523498535156], [85.58548736572266, 112.29010772705078, 192.28424072265625, 267.06817626953125], [176.81561279296875, 84.46796417236328, 203.67245483398438, 156.77835083007812], [99.4004898071289, 162.95816040039062, 145.5890655517578, 218.01255798339844], [84.44882202148438, 111.18064880371094, 194.45547485351562, 374.73187255859375], [145.29640197753906, 170.3325653076172, 186.72740173339844, 305.9468994140625], [82.57627868652344, 183.26478576660156, 119.41213989257812, 342.291259765625], [136.50877380371094, 126.59326934814453, 190.72906494140625, 306.47174072265625], [85.42350769042969, 165.26715087890625, 145.7386016845703, 308.44171142578125], [177.26019287109375, 84.49172973632812, 204.7910919189453, 292.7219543457031], [178.2044219970703, 83.06272888183594, 226.6461181640625, 293.2523498535156], [247.1523895263672, 271.2235412597656, 253.39549255371094, 285.4459228515625], [78.1012954711914, 190.82302856445312, 101.62348937988281, 296.27752685546875], [182.3928985595703, 154.39430236816406, 235.39292907714844, 289.67333984375], [85.44549560546875, 111.97875213623047, 196.2133331298828, 303.4120788574219], [86.11466217041016, 111.1590805053711, 142.37088012695312, 182.6040496826172], [136.29190063476562, 125.496337890625, 235.88697814941406, 306.6194152832031], [181.07354736328125, 172.73609924316406, 198.35719299316406, 292.9238586425781], [176.9901885986328, 84.09812927246094, 224.49534606933594, 288.08843994140625], [176.81561279296875, 84.46796417236328, 203.67245483398438, 156.77835083007812], [193.87142944335938, 156.07321166992188, 231.3730010986328, 287.2703857421875], [85.82276153564453, 153.2864532470703, 235.80908203125, 303.6738586425781], [145.1902618408203, 170.21388244628906, 186.60455322265625, 306.0719299316406], [202.78759765625, 154.97103881835938, 249.6886444091797, 314.378662109375], [87.20913696289062, 175.96214294433594, 129.58494567871094, 271.7008361816406], [116.86666870117188, 95.8088607788086, 256.06463623046875, 311.0245666503906], [84.6352310180664, 115.58761596679688, 232.79896545410156, 369.0322570800781], [143.5978546142578, 87.99373626708984, 232.3668212890625, 234.8044891357422], [176.47142028808594, 84.32762145996094, 249.43772888183594, 314.697021484375], [176.710693359375, 84.74880981445312, 203.2181854248047, 156.51341247558594], [82.34803009033203, 78.83522033691406, 250.33804321289062, 312.8539733886719], [85.28681945800781, 110.71067810058594, 240.89700317382812, 311.6114501953125], [82.71241760253906, 111.53349304199219, 144.9422607421875, 341.8683776855469], [137.6103515625, 84.34172821044922, 205.745849609375, 307.37841796875], [85.82276153564453, 153.2864532470703, 235.80908203125, 303.6738586425781], [135.3728485107422, 127.12081146240234, 190.60260009765625, 216.80653381347656], [86.11466217041016, 111.1590805053711, 142.37088012695312, 182.6040496826172], [221.12937927246094, 270.33203125, 253.19021606445312, 314.0653381347656], [82.71241760253906, 111.53349304199219, 144.9422607421875, 341.8683776855469], [136.29190063476562, 125.496337890625, 235.88697814941406, 306.6194152832031], [85.58548736572266, 112.29010772705078, 192.28424072265625, 267.06817626953125], [145.1902618408203, 170.21388244628906, 186.60455322265625, 306.0719299316406], [207.27452087402344, 269.9771423339844, 252.67010498046875, 313.7735900878906], [201.335205078125, 175.7107696533203, 249.5062255859375, 313.6846618652344], [85.22431945800781, 86.96260070800781, 202.99169921875, 305.12030029296875], [136.50877380371094, 126.59326934814453, 190.72906494140625, 306.47174072265625], [193.87142944335938, 156.07321166992188, 231.3730010986328, 287.2703857421875], [145.1902618408203, 170.21388244628906, 186.60455322265625, 306.0719299316406], [181.2150115966797, 154.0476837158203, 235.64601135253906, 291.80804443359375], [180.22039794921875, 155.9742431640625, 207.00502014160156, 293.1844787597656], [175.1558837890625, 84.12684631347656, 216.36293029785156, 298.71173095703125], [201.335205078125, 175.7107696533203, 249.5062255859375, 313.6846618652344], [85.82544708251953, 117.60338592529297, 191.92420959472656, 307.6604309082031], [101.56800079345703, 170.17120361328125, 147.8692626953125, 263.68414306640625], [77.3622055053711, 228.01150512695312, 100.69722747802734, 296.2890625], [85.93425750732422, 111.25438690185547, 142.47872924804688, 211.81202697753906], [82.82461547851562, 299.11083984375, 106.70932006835938, 342.28204345703125], [86.29894256591797, 111.3503189086914, 191.63978576660156, 187.1498565673828], [115.96766662597656, 173.8046875, 149.2191619873047, 307.1641540527344], [175.41278076171875, 86.113037109375, 250.4509735107422, 318.4787902832031], [137.58798217773438, 128.78273010253906, 189.58877563476562, 306.64306640625], [196.4005889892578, 154.44735717773438, 235.86741638183594, 197.6047821044922], [181.11093139648438, 154.45884704589844, 235.6585693359375, 202.0587615966797], [181.2150115966797, 154.0476837158203, 235.64601135253906, 291.80804443359375], [135.90203857421875, 126.49640655517578, 191.10841369628906, 178.28334045410156], [85.28681945800781, 110.71067810058594, 240.89700317382812, 311.6114501953125], [136.50877380371094, 126.59326934814453, 190.72906494140625, 306.47174072265625], [176.44146728515625, 82.98411560058594, 229.44671630859375, 292.825927734375], [175.41278076171875, 86.113037109375, 250.4509735107422, 318.4787902832031], [194.34622192382812, 247.33779907226562, 250.80471801757812, 314.03668212890625], [145.1902618408203, 170.21388244628906, 186.60455322265625, 306.0719299316406], [176.44146728515625, 82.98411560058594, 229.44671630859375, 292.825927734375], [308.3644104003906, 233.15155029296875, 311.9223327636719, 239.5535430908203], [83.03762817382812, 89.99884033203125, 205.51766967773438, 289.94781494140625], [87.01897430419922, 182.26637268066406, 105.99092102050781, 266.8233642578125], [178.59730529785156, 87.95223999023438, 203.87452697753906, 113.5257568359375], [181.07354736328125, 172.73609924316406, 198.35719299316406, 292.9238586425781], [75.975341796875, 161.92593383789062, 137.9626922607422, 297.3678283691406], [85.28681945800781, 110.71067810058594, 240.89700317382812, 311.6114501953125], [221.33258056640625, 246.0675506591797, 252.1443634033203, 314.63482666015625], [139.6256103515625, 129.55035400390625, 162.30958557128906, 148.81771850585938], [182.3928985595703, 154.39430236816406, 235.39292907714844, 289.67333984375], [135.81761169433594, 126.42483520507812, 191.75929260253906, 204.54136657714844], [87.44983673095703, 182.21170043945312, 104.40605926513672, 226.42977905273438], [85.42707061767578, 151.58131408691406, 236.7610321044922, 308.93939208984375], [181.75106811523438, 219.24220275878906, 196.98715209960938, 293.4410095214844], [145.29640197753906, 170.3325653076172, 186.72740173339844, 305.9468994140625], [78.51660919189453, 183.7609405517578, 104.73922729492188, 296.5494384765625], [183.2138671875, 89.2279281616211, 220.47451782226562, 291.3163757324219], [90.52519989013672, 170.12049865722656, 144.93157958984375, 311.24267578125], [116.86666870117188, 95.8088607788086, 256.06463623046875, 311.0245666503906], [84.6352310180664, 115.58761596679688, 232.79896545410156, 369.0322570800781], [82.53890991210938, 171.56954956054688, 142.31053161621094, 342.37115478515625], [78.51660919189453, 183.7609405517578, 104.73922729492188, 296.5494384765625], [135.60153198242188, 126.83674621582031, 190.86851501464844, 241.6543426513672], [85.03803253173828, 111.28900146484375, 147.69801330566406, 206.68011474609375], [196.4005889892578, 154.44735717773438, 235.86741638183594, 197.6047821044922], [137.58798217773438, 128.78273010253906, 189.58877563476562, 306.64306640625], [86.29804992675781, 133.5572967529297, 190.20375061035156, 308.10986328125], [84.24079895019531, 104.58137512207031, 247.68495178222656, 313.9913330078125], [82.53890991210938, 171.56954956054688, 142.31053161621094, 342.37115478515625], [70.93205261230469, 333.47589111328125, 96.57899475097656, 352.65673828125], [77.16410827636719, 86.95999908447266, 254.55484008789062, 372.5871887207031], [82.82461547851562, 299.11083984375, 106.70932006835938, 342.28204345703125], [339.76458740234375, 218.57220458984375, 343.4190673828125, 227.1746368408203], [85.42707061767578, 151.58131408691406, 236.7610321044922, 308.93939208984375], [84.6352310180664, 115.58761596679688, 232.79896545410156, 369.0322570800781], [180.22039794921875, 155.9742431640625, 207.00502014160156, 293.1844787597656], [82.74458312988281, 170.4986114501953, 142.01437377929688, 342.7104797363281], [86.29894256591797, 111.3503189086914, 191.63978576660156, 187.1498565673828], [196.4005889892578, 154.44735717773438, 235.86741638183594, 197.6047821044922], [194.0869903564453, 177.7819366455078, 226.0171356201172, 287.74676513671875], [135.73870849609375, 126.87689971923828, 191.65953063964844, 209.2903594970703], [87.37353515625, 183.30258178710938, 104.88573455810547, 266.6873779296875], [221.4221954345703, 245.3304443359375, 251.8580322265625, 314.55029296875], [78.51660919189453, 183.7609405517578, 104.73922729492188, 296.5494384765625], [82.5184555053711, 168.3466339111328, 143.730224609375, 342.79205322265625], [85.1590805053711, 170.5686492919922, 145.6568603515625, 307.92388916015625], [85.82276153564453, 153.2864532470703, 235.80908203125, 303.6738586425781], [118.04816436767578, 248.95236206054688, 149.8091278076172, 307.45263671875], [85.22431945800781, 86.96260070800781, 202.99169921875, 305.12030029296875], [203.43014526367188, 282.76068115234375, 209.00369262695312, 295.83551025390625], [135.45111083984375, 127.01425170898438, 191.28749084472656, 239.75912475585938], [273.18328857421875, 221.6090087890625, 278.51055908203125, 232.80615234375], [136.29190063476562, 125.496337890625, 235.88697814941406, 306.6194152832031], [339.7071838378906, 218.50364685058594, 344.39837646484375, 232.59347534179688], [85.42707061767578, 151.58131408691406, 236.7610321044922, 308.93939208984375], [145.1902618408203, 170.21388244628906, 186.60455322265625, 306.0719299316406], [86.06454467773438, 121.0722427368164, 186.61790466308594, 355.842041015625], [181.07354736328125, 172.73609924316406, 198.35719299316406, 292.9238586425781], [86.34410095214844, 182.2102508544922, 112.41375732421875, 267.4198913574219], [77.16410827636719, 86.95999908447266, 254.55484008789062, 372.5871887207031], [203.86444091796875, 285.7087707519531, 208.48910522460938, 295.72137451171875], [193.83261108398438, 240.633056640625, 223.7845001220703, 286.98651123046875], [82.6425552368164, 218.9901580810547, 121.32025146484375, 342.3604736328125], [136.50877380371094, 126.59326934814453, 190.72906494140625, 306.47174072265625], [85.44549560546875, 111.97875213623047, 196.2133331298828, 303.4120788574219], [194.0869903564453, 177.7819366455078, 226.0171356201172, 287.74676513671875], [177.26019287109375, 84.49172973632812, 204.7910919189453, 292.7219543457031], [182.3928985595703, 154.39430236816406, 235.39292907714844, 289.67333984375], [87.37353515625, 183.30258178710938, 104.88573455810547, 266.6873779296875], [70.97510528564453, 332.6359558105469, 117.98365020751953, 373.98748779296875], [176.47142028808594, 84.32762145996094, 249.43772888183594, 314.697021484375], [0.18289685249328613, 94.64540100097656, 496.1311340332031, 372.37548828125], [86.08336639404297, 85.43460845947266, 202.68978881835938, 182.7572784423828], [181.11093139648438, 154.45884704589844, 235.6585693359375, 202.0587615966797], [82.5146713256836, 267.97796630859375, 122.40592956542969, 342.2587890625], [87.8789291381836, 184.52493286132812, 103.93634796142578, 300.2445068359375], [130.2097930908203, 121.40977478027344, 195.12759399414062, 306.7760925292969], [135.79129028320312, 126.87386322021484, 191.45806884765625, 224.6831512451172], [83.4076156616211, 313.98675537109375, 106.26945495605469, 342.13995361328125], [234.02752685546875, 270.3692932128906, 253.0957489013672, 313.2751159667969], [84.24079895019531, 104.58137512207031, 247.68495178222656, 313.9913330078125], [176.9901885986328, 84.09812927246094, 224.49534606933594, 288.08843994140625], [181.2150115966797, 154.0476837158203, 235.64601135253906, 291.80804443359375], [82.34803009033203, 78.83522033691406, 250.33804321289062, 312.8539733886719], [134.18038940429688, 126.34393310546875, 196.54837036132812, 307.5519104003906], [87.26983642578125, 164.46194458007812, 145.35296630859375, 268.0393981933594], [193.83261108398438, 240.633056640625, 223.7845001220703, 286.98651123046875], [114.21600341796875, 84.76085662841797, 456.8660583496094, 297.5599670410156], [272.8814697265625, 221.8477020263672, 276.4101257324219, 232.75633239746094], [182.3928985595703, 154.39430236816406, 235.39292907714844, 289.67333984375], [85.44425964355469, 301.7560729980469, 175.57052612304688, 374.72601318359375], [177.7982177734375, 72.38030242919922, 208.04220581054688, 297.78900146484375], [78.51660919189453, 183.7609405517578, 104.73922729492188, 296.5494384765625], [181.04705810546875, 154.40725708007812, 249.72080993652344, 314.844970703125], [181.04705810546875, 154.40725708007812, 249.72080993652344, 314.844970703125], [84.6352310180664, 115.58761596679688, 232.79896545410156, 369.0322570800781], [77.98583984375, 235.395751953125, 99.0618896484375, 296.532958984375], [193.87142944335938, 156.07321166992188, 231.3730010986328, 287.2703857421875], [137.58798217773438, 128.78273010253906, 189.58877563476562, 306.64306640625], [83.4076156616211, 313.98675537109375, 106.26945495605469, 342.13995361328125], [193.87142944335938, 156.07321166992188, 231.3730010986328, 287.2703857421875], [181.07354736328125, 172.73609924316406, 198.35719299316406, 292.9238586425781], [116.86666870117188, 95.8088607788086, 256.06463623046875, 311.0245666503906], [77.51856994628906, 184.62242126464844, 104.26995086669922, 296.5367736816406], [398.44671630859375, 241.1666259765625, 402.93475341796875, 253.4669647216797], [80.57904815673828, 103.4968490600586, 250.9095001220703, 355.39990234375], [182.3928985595703, 154.39430236816406, 235.39292907714844, 289.67333984375], [181.04705810546875, 154.40725708007812, 249.72080993652344, 314.844970703125], [82.34803009033203, 78.83522033691406, 250.33804321289062, 312.8539733886719], [70.97510528564453, 332.6359558105469, 117.98365020751953, 373.98748779296875], [82.73843383789062, 293.8208923339844, 118.17189025878906, 342.3076171875], [145.1902618408203, 170.21388244628906, 186.60455322265625, 306.0719299316406], [193.86102294921875, 227.9675750732422, 223.7968292236328, 286.615966796875], [181.11093139648438, 154.45884704589844, 235.6585693359375, 202.0587615966797], [83.16764068603516, 165.10397338867188, 143.10882568359375, 343.1876525878906], [83.4076156616211, 313.98675537109375, 106.26945495605469, 342.13995361328125], [114.75827026367188, 246.49034118652344, 148.85031127929688, 307.3246154785156], [89.04888153076172, 232.40469360351562, 101.0531997680664, 266.1642150878906], [176.81561279296875, 84.46796417236328, 203.67245483398438, 156.77835083007812], [85.26045227050781, 164.70960998535156, 145.7133026123047, 303.74627685546875], [176.47142028808594, 84.32762145996094, 249.43772888183594, 314.697021484375], [181.80355834960938, 174.6426544189453, 197.3618927001953, 293.4804382324219], [194.0869903564453, 177.7819366455078, 226.0171356201172, 287.74676513671875], [145.29640197753906, 170.3325653076172, 186.72740173339844, 305.9468994140625], [85.26045227050781, 164.70960998535156, 145.7133026123047, 303.74627685546875], [137.58798217773438, 128.78273010253906, 189.58877563476562, 306.64306640625], [87.04878234863281, 161.3761749267578, 144.26048278808594, 269.48681640625], [79.74056243896484, 45.83082580566406, 247.8695526123047, 324.38873291015625], [84.24079895019531, 104.58137512207031, 247.68495178222656, 313.9913330078125], [0.18289685249328613, 94.64540100097656, 496.1311340332031, 372.37548828125], [83.30113220214844, 264.5020751953125, 120.31602478027344, 342.3691711425781], [176.81561279296875, 84.46796417236328, 203.67245483398438, 156.77835083007812], [203.49620056152344, 279.0038146972656, 227.5454559326172, 295.6152038574219], [135.4971160888672, 126.61627197265625, 190.893798828125, 236.0478973388672], [83.12952423095703, 166.3566131591797, 142.65187072753906, 343.1235656738281], [82.80079650878906, 158.2083740234375, 143.45556640625, 306.1237487792969], [82.82461547851562, 299.11083984375, 106.70932006835938, 342.28204345703125], [181.04705810546875, 154.40725708007812, 249.72080993652344, 314.844970703125], [137.58798217773438, 128.78273010253906, 189.58877563476562, 306.64306640625], [135.7462158203125, 126.05403137207031, 189.95901489257812, 170.81649780273438], [88.48230743408203, 162.03822326660156, 143.17491149902344, 218.8899383544922], [87.26983642578125, 164.46194458007812, 145.35296630859375, 268.0393981933594], [135.56300354003906, 126.50955963134766, 190.91944885253906, 182.8335418701172], [181.04705810546875, 154.40725708007812, 249.72080993652344, 314.844970703125], [85.93425750732422, 111.25438690185547, 142.47872924804688, 211.81202697753906], [193.87142944335938, 156.07321166992188, 231.3730010986328, 287.2703857421875], [136.81707763671875, 126.42890930175781, 191.0106964111328, 166.06936645507812], [80.57904815673828, 103.4968490600586, 250.9095001220703, 355.39990234375], [187.47023010253906, 85.5669937133789, 202.8380584716797, 155.86692810058594], [193.83261108398438, 240.633056640625, 223.7845001220703, 286.98651123046875], [391.4522705078125, 242.19703674316406, 396.0537109375, 253.02207946777344], [87.25458526611328, 186.74034118652344, 103.2176284790039, 266.0313720703125], [182.3928985595703, 154.39430236816406, 235.39292907714844, 289.67333984375], [83.40740203857422, 166.42373657226562, 144.4861297607422, 342.9027099609375], [145.29640197753906, 170.3325653076172, 186.72740173339844, 305.9468994140625], [203.9083709716797, 173.32257080078125, 224.97462463378906, 239.8369598388672], [82.57627868652344, 183.26478576660156, 119.41213989257812, 342.291259765625], [176.47142028808594, 84.32762145996094, 249.43772888183594, 314.697021484375], [87.4496078491211, 197.1002960205078, 96.63642883300781, 230.10385131835938], [86.92868041992188, 260.3670654296875, 124.0120849609375, 308.6730041503906], [137.58798217773438, 128.78273010253906, 189.58877563476562, 306.64306640625], [181.04705810546875, 154.40725708007812, 249.72080993652344, 314.844970703125], [176.47142028808594, 84.32762145996094, 249.43772888183594, 314.697021484375], [85.42707061767578, 151.58131408691406, 236.7610321044922, 308.93939208984375], [137.6103515625, 84.34172821044922, 205.745849609375, 307.37841796875], [82.63206481933594, 253.5651092529297, 133.530029296875, 339.91046142578125], [137.58798217773438, 128.78273010253906, 189.58877563476562, 306.64306640625], [87.37353515625, 183.30258178710938, 104.88573455810547, 266.6873779296875]), Score: [0.8943305611610413, 0.691166877746582, 0.5499821901321411, 0.4537229537963867, 0.36073771119117737, 0.3290250599384308, 0.2970924377441406, 0.28375720977783203, 0.2796664535999298, 0.27881577610969543, 0.26990434527397156, 0.2541971802711487, 0.23159295320510864, 0.20907826721668243, 0.20180346071720123, 0.20176994800567627, 0.19106075167655945, 0.18895067274570465, 0.16905821859836578, 0.1682046353816986, 0.1665564775466919, 0.16553273797035217, 0.15216480195522308, 0.1469351351261139, 0.13477541506290436, 0.13392892479896545, 0.13290326297283173, 0.13207857310771942, 0.12741588056087494, 0.12133108824491501, 0.12086571753025055, 0.11461415141820908, 0.11299816519021988, 0.11149958521127701, 0.1091071367263794, 0.10858266800642014, 0.1048896461725235, 0.09948471933603287, 0.09902096539735794, 0.09677983075380325, 0.09595701098442078, 0.09098460525274277, 0.09054694324731827, 0.08893465250730515, 0.08700549602508545, 0.08672428876161575, 0.08589629828929901, 0.084662064909935, 0.08370450139045715, 0.08161129057407379, 0.08132254332304001, 0.08123138546943665, 0.08050142973661423, 0.07971043884754181, 0.07834255695343018, 0.07715778797864914, 0.07624823600053787, 0.07600978016853333, 0.07477252185344696, 0.07443802803754807, 0.07406572997570038, 0.07396607100963593, 0.07208815217018127, 0.07190520316362381, 0.07176844030618668, 0.06912989169359207, 0.06823943555355072, 0.06558504700660706, 0.06524011492729187, 0.06467907130718231, 0.06445451825857162, 0.06300767511129379, 0.06248396262526512, 0.06240330636501312, 0.061138492077589035, 0.05940442532300949, 0.05937885120511055, 0.05927180126309395, 0.05925709754228592, 0.0591905303299427, 0.058693964034318924, 0.05862082913517952, 0.057797692716121674, 0.05758510157465935, 0.05600419640541077, 0.05540560558438301, 0.0540231317281723, 0.0537346750497818, 0.05370742827653885, 0.05296753719449043, 0.052378442138433456, 0.051172468811273575, 0.051051147282123566, 0.04999978467822075, 0.049350250512361526, 0.049272794276475906, 0.049144644290208817, 0.04905751720070839, 0.048545513302087784, 0.04826316609978676, 0.04819069802761078, 0.04808866232633591, 0.04779328033328056, 0.04745664447546005, 0.04693127050995827, 0.046616144478321075, 0.04619413986802101, 0.046192437410354614, 0.04591740667819977, 0.045641057193279266, 0.045467525720596313, 0.04495997354388237, 0.04490124434232712, 0.0445621982216835, 0.0439852736890316, 0.043910812586545944, 0.04381031543016434, 0.04345623031258583, 0.04331870377063751, 0.04280414059758186, 0.04219291731715202, 0.04205390810966492, 0.04182412847876549, 0.04061770811676979, 0.040577054023742676, 0.039786677807569504, 0.03956293314695358, 0.039517488330602646, 0.03933263570070267, 0.039130475372076035, 0.039020683616399765, 0.03855086490511894, 0.03835112974047661, 0.0381077378988266, 0.03779204189777374, 0.0372801199555397, 0.03688342124223709, 0.03679995983839035, 0.036736488342285156, 0.036713842302560806, 0.03669416904449463, 0.03643234819173813, 0.0362076573073864, 0.03616738319396973, 0.036065030843019485, 0.0357133150100708, 0.03569683060050011, 0.03554098680615425, 0.03552021086215973, 0.03550293296575546, 0.03539206087589264, 0.03538230434060097, 0.03523135930299759, 0.03503825142979622, 0.03501971438527107, 0.034907545894384384, 0.034805215895175934, 0.034775640815496445, 0.034759316593408585, 0.03354062885046005, 0.033441703766584396, 0.03341606631875038, 0.03323529288172722, 0.03309604898095131, 0.03294583037495613, 0.03263067454099655, 0.032233793288469315, 0.032140932977199554, 0.032136742025613785, 0.031411003321409225, 0.031344808638095856, 0.031181270256638527, 0.031085224822163582, 0.031035391613841057, 0.031001729890704155, 0.03097054734826088, 0.030967602506279945, 0.030869342386722565, 0.03070506453514099, 0.030582783743739128, 0.030509358271956444, 0.030413327738642693, 0.029985735192894936, 0.029936781153082848, 0.029934842139482498, 0.029821796342730522, 0.02981647104024887, 0.02972031570971012, 0.02946721576154232, 0.02925381250679493, 0.02917535975575447, 0.0290329959243536, 0.02902028150856495, 0.02896697260439396, 0.02894640527665615, 0.02893662080168724, 0.028757166117429733, 0.02845264971256256, 0.02840937301516533, 0.028375785797834396, 0.028260009363293648, 0.028181612491607666, 0.028159134089946747, 0.02795656956732273, 0.027934959158301353, 0.02792377956211567, 0.027875328436493874, 0.02781236544251442, 0.027728838846087456, 0.027646027505397797, 0.027608444914221764, 0.027488479390740395, 0.027468262240290642, 0.027193637564778328, 0.02708476595580578, 0.026930904015898705, 0.02678753063082695, 0.026695087552070618, 0.026587625965476036, 0.02650248445570469, 0.026415804401040077, 0.02623451128602028, 0.02587723173201084, 0.025773031637072563, 0.025737974792718887, 0.025714978575706482, 0.025581350550055504, 0.025560859590768814, 0.02547784335911274, 0.025210143998265266, 0.025194412097334862, 0.02516668289899826, 0.02515711635351181, 0.025154942646622658, 0.025130433961749077, 0.02494685724377632, 0.024870682507753372, 0.024804595857858658, 0.024764982983469963, 0.024703262373805046, 0.024699971079826355, 0.02463664673268795, 0.024509821087121964, 0.024503197520971298, 0.024500621482729912, 0.024420350790023804, 0.02441396750509739, 0.024408239871263504, 0.024377968162298203, 0.024177677929401398, 0.02413826808333397, 0.023922309279441833, 0.023907138034701347, 0.023777537047863007, 0.023620499297976494, 0.023450501263141632, 0.023439262062311172, 0.023298677057027817, 0.023292629048228264, 0.023180745542049408, 0.02308596670627594, 0.022987762466073036, 0.02291068807244301, 0.02277328632771969, 0.02272680588066578, 0.02271837741136551, 0.02265477366745472, 0.02248191647231579, 0.022449005395174026, 0.02242429181933403, 0.022396471351385117, 0.022376159206032753, 0.022313721477985382, 0.02228955365717411, 0.022260194644331932, 0.02222374826669693, 0.02218623086810112, 0.0221401397138834, 0.022120323032140732, 0.02199811115860939, 0.021996475756168365, 0.02198575995862484, 0.021942900493741035, 0.0219289418309927, 0.02184915915131569, 0.02183556742966175, 0.021835235878825188, 0.02171328105032444, 0.021678509190678596, 0.021604415029287338, 0.02159188874065876, 0.02157720737159252, 0.021575652062892914, 0.02155737392604351, 0.0214985441416502, 0.021491950377821922, 0.021428130567073822, 0.021427346393465996, 0.021399013698101044, 0.021384110674262047]

Execution time: 0.4096 sec
