Label: tensor([17,  0, 27, 27, 27, 27, 27, 27, 27, 27, 27, 39, 11, 27, 24, 58, 26, 26,
        26, 27, 27, 27,  2, 17, 26, 67,  7, 39, 55, 27, 17,  5, 26, 55, 27,  0,
         0, 77, 27, 17,  0, 39,  2, 40, 17, 75,  0,  2, 67,  0, 32,  0, 47, 17,
         0, 41,  0,  7, 17, 24, 17,  0, 13, 58, 17, 24, 74,  9, 39, 36,  0, 13,
        50, 17, 17, 67,  0, 51, 11, 58,  0, 75,  0,  0,  2,  0, 47, 17,  0, 24,
        50, 50, 74, 74, 67, 67, 24, 36, 17,  2, 27, 39, 77, 74, 24, 56,  0, 32,
        39, 77,  0,  0, 77, 17, 74, 58,  2,  0,  0, 39,  0, 27, 25, 17, 39, 17,
        49, 75, 41,  6,  6,  2, 17, 17, 17,  0, 40, 13, 17, 26, 41, 48, 48, 11,
         0, 67, 54, 58, 67, 27,  0,  0, 79, 17, 17,  0,  0, 73,  0,  0, 15, 16,
        40,  7, 17, 17, 17,  0,  9, 67,  2, 50, 17, 41, 49,  9, 51, 27, 26, 17,
        27,  0, 24, 51, 75,  0, 65,  7, 17, 54,  0, 58,  0, 26,  5, 17,  0,  0,
        24, 67, 18, 27, 32, 43,  2, 17,  0,  0, 17,  2, 58, 26, 32,  0, 73, 46,
        77,  2, 39,  2, 26,  5, 28,  0, 40,  0, 56, 41, 56, 17,  0,  0,  0, 79,
        27, 20, 17, 17,  2,  0, 73, 17, 17, 17,  9,  0,  3,  0,  0, 33, 67,  0,
        17,  0,  0, 24, 50, 75, 17, 14, 26, 74, 28, 55, 40, 53,  2,  0, 65, 17,
         0, 53, 46, 26, 40, 26,  0, 26, 16, 17,  2,  0, 65, 15, 17, 55, 67, 17,
        32, 26,  2, 40,  0, 17,  2, 17, 17, 77,  9, 24]), Box: ([111.64974975585938, 96.35340118408203, 437.949951171875, 380.1987609863281], [200.13983154296875, 56.35557174682617, 324.2225646972656, 260.79730224609375], [216.61029052734375, 107.36354064941406, 225.53717041015625, 126.515625], [215.86354064941406, 106.67322540283203, 238.05206298828125, 146.13990783691406], [212.8437042236328, 101.27110290527344, 226.45753479003906, 126.76167297363281], [213.84774780273438, 101.31317138671875, 225.84478759765625, 124.6277084350586], [216.36077880859375, 107.49555206298828, 235.07630920410156, 146.51222229003906], [211.88180541992188, 101.39070129394531, 225.82655334472656, 131.9488983154297], [212.53042602539062, 101.33678436279297, 223.79342651367188, 129.2419891357422], [214.04090881347656, 105.96025848388672, 227.1571807861328, 138.91732788085938], [216.43577575683594, 106.76705932617188, 222.1241455078125, 116.32108306884766], [222.4092559814453, 119.81298828125, 240.113525390625, 147.16812133789062], [90.69863891601562, 230.99526977539062, 119.59548950195312, 292.1291198730469], [214.67608642578125, 98.64624786376953, 228.9326171875, 125.67884826660156], [261.71258544921875, 110.73116302490234, 292.69219970703125, 150.36322021484375], [222.4092559814453, 119.81298828125, 240.113525390625, 147.16812133789062], [250.43641662597656, 158.68374633789062, 279.8109436035156, 219.23692321777344], [250.2751007080078, 158.9371337890625, 284.6028747558594, 224.9157257080078], [291.0496826171875, 178.23602294921875, 334.4809265136719, 223.6413116455078], [213.71612548828125, 106.40682220458984, 226.36276245117188, 141.06585693359375], [214.94369506835938, 98.61897277832031, 227.41305541992188, 117.40247344970703], [213.51516723632812, 100.8676986694336, 220.50599670410156, 115.50731658935547], [460.2261047363281, 97.53762817382812, 480.1480712890625, 138.54193115234375], [133.68289184570312, 190.86878967285156, 203.9588623046875, 308.66107177734375], [261.71258544921875, 110.73116302490234, 292.69219970703125, 150.36322021484375], [216.61029052734375, 107.36354064941406, 225.53717041015625, 126.515625], [460.2261047363281, 97.53762817382812, 480.1480712890625, 138.54193115234375], [227.44122314453125, 120.05134582519531, 239.48077392578125, 131.3662872314453], [227.91201782226562, 120.25641632080078, 239.27197265625, 129.52450561523438], [227.91201782226562, 120.25641632080078, 239.27197265625, 129.52450561523438], [117.88294219970703, 192.96902465820312, 196.73680114746094, 309.5072021484375], [460.2261047363281, 97.53762817382812, 480.1480712890625, 138.54193115234375], [288.5692443847656, 161.46786499023438, 334.77642822265625, 223.67425537109375], [227.44122314453125, 120.05134582519531, 239.48077392578125, 131.3662872314453], [219.73593139648438, 108.8968734741211, 226.29994201660156, 125.10905456542969], [443.103515625, 304.4888610839844, 479.532958984375, 350.9552917480469], [473.1161804199219, 118.43013763427734, 480.2944030761719, 132.06239318847656], [222.4092559814453, 119.81298828125, 240.113525390625, 147.16812133789062], [227.44122314453125, 120.05134582519531, 239.48077392578125, 131.3662872314453], [112.3528823852539, 97.8541030883789, 214.60382080078125, 323.21368408203125], [442.7639465332031, 305.16412353515625, 451.530029296875, 350.14654541015625], [227.91201782226562, 120.25641632080078, 239.27197265625, 129.52450561523438], [443.103515625, 304.4888610839844, 479.532958984375, 350.9552917480469], [222.4092559814453, 119.81298828125, 240.113525390625, 147.16812133789062], [443.103515625, 304.4888610839844, 479.532958984375, 350.9552917480469], [221.15679931640625, 129.10903930664062, 238.4390106201172, 147.6313018798828], [460.2261047363281, 97.53762817382812, 480.1480712890625, 138.54193115234375], [443.70892333984375, 304.3840637207031, 479.5364990234375, 324.3740234375], [227.91201782226562, 120.25641632080078, 239.27197265625, 129.52450561523438], [161.49346923828125, 249.29342651367188, 196.83346557617188, 304.8997802734375], [474.864501953125, 353.703369140625, 480.3846435546875, 364.40185546875], [474.864501953125, 353.703369140625, 480.3846435546875, 364.40185546875], [227.91201782226562, 120.25641632080078, 239.27197265625, 129.52450561523438], [112.80123901367188, 96.70103454589844, 271.89801025390625, 314.0612487792969], [151.1798095703125, 265.3826904296875, 169.1884307861328, 297.8634948730469], [222.4092559814453, 119.81298828125, 240.113525390625, 147.16812133789062], [133.68289184570312, 190.86878967285156, 203.9588623046875, 308.66107177734375], [457.14697265625, 87.59679412841797, 480.2501220703125, 139.52908325195312], [127.75517272949219, 296.5382995605469, 436.1766662597656, 371.9119567871094], [291.0496826171875, 178.23602294921875, 334.4809265136719, 223.6413116455078], [112.9972152709961, 98.02806091308594, 267.8895263671875, 328.7012023925781], [159.27914428710938, 192.81280517578125, 198.57943725585938, 304.1938171386719], [443.70892333984375, 304.3840637207031, 479.5364990234375, 324.3740234375], [220.1475067138672, 129.89785766601562, 237.77406311035156, 147.66580200195312], [124.81743621826172, 182.91619873046875, 437.3778991699219, 340.3511657714844], [253.32958984375, 102.5282211303711, 292.40069580078125, 150.3898468017578], [227.91201782226562, 120.25641632080078, 239.27197265625, 129.52450561523438], [460.2261047363281, 97.53762817382812, 480.1480712890625, 138.54193115234375], [220.1475067138672, 129.89785766601562, 237.77406311035156, 147.66580200195312], [124.55435943603516, 294.9826965332031, 175.2611083984375, 332.7375183105469], [117.88294219970703, 192.96902465820312, 196.73680114746094, 309.5072021484375], [443.103515625, 304.4888610839844, 479.532958984375, 350.9552917480469], [222.4092559814453, 119.81298828125, 240.113525390625, 147.16812133789062], [124.13008880615234, 266.1459655761719, 435.23565673828125, 333.9278869628906], [124.55435943603516, 294.9826965332031, 175.2611083984375, 332.7375183105469], [216.43577575683594, 106.76705932617188, 222.1241455078125, 116.32108306884766], [443.18408203125, 284.0278625488281, 479.6974792480469, 352.12115478515625], [227.91201782226562, 120.25641632080078, 239.27197265625, 129.52450561523438], [454.818115234375, 85.27421569824219, 467.16314697265625, 122.298095703125], [221.15679931640625, 129.10903930664062, 238.4390106201172, 147.6313018798828], [130.36911010742188, 265.2506103515625, 142.39590454101562, 297.189453125], [220.1475067138672, 129.89785766601562, 237.77406311035156, 147.66580200195312], [474.1864318847656, 283.616455078125, 480.0746154785156, 306.01312255859375], [469.7430725097656, 112.70187377929688, 479.67132568359375, 134.07498168945312], [474.864501953125, 353.703369140625, 480.3846435546875, 364.40185546875], [470.8802490234375, 117.62532806396484, 480.1248474121094, 150.2686309814453], [227.44122314453125, 120.05134582519531, 239.48077392578125, 131.3662872314453], [137.47723388671875, 259.9229431152344, 437.01800537109375, 342.4490966796875], [442.8984680175781, 304.46820068359375, 479.7866516113281, 430.0049743652344], [288.5692443847656, 161.46786499023438, 334.77642822265625, 223.67425537109375], [227.91201782226562, 120.25641632080078, 239.27197265625, 129.52450561523438], [227.44122314453125, 120.05134582519531, 239.48077392578125, 131.3662872314453], [220.1475067138672, 129.89785766601562, 237.77406311035156, 147.66580200195312], [227.44122314453125, 120.05134582519531, 239.48077392578125, 131.3662872314453], [239.06497192382812, 130.6375274658203, 252.2692108154297, 145.72959899902344], [227.44122314453125, 120.05134582519531, 239.48077392578125, 131.3662872314453], [250.43641662597656, 158.68374633789062, 279.8109436035156, 219.23692321777344], [124.55746459960938, 295.11187744140625, 175.00357055664062, 332.4693298339844], [460.2261047363281, 97.53762817382812, 480.1480712890625, 138.54193115234375], [459.9111022949219, 97.21340942382812, 480.2742614746094, 167.0677490234375], [214.9898681640625, 104.54893493652344, 222.93507385253906, 123.5379867553711], [221.15679931640625, 129.10903930664062, 238.4390106201172, 147.6313018798828], [227.44122314453125, 120.05134582519531, 239.48077392578125, 131.3662872314453], [221.15679931640625, 129.10903930664062, 238.4390106201172, 147.6313018798828], [250.2751007080078, 158.9371337890625, 284.6028747558594, 224.9157257080078], [443.103515625, 304.4888610839844, 479.532958984375, 350.9552917480469], [443.3102722167969, 314.6285400390625, 479.63690185546875, 351.44390869140625], [227.91201782226562, 120.25641632080078, 239.27197265625, 129.52450561523438], [216.36077880859375, 107.49555206298828, 235.07630920410156, 146.51222229003906], [227.91201782226562, 120.25641632080078, 239.27197265625, 129.52450561523438], [442.54833984375, 191.7490234375, 479.8072204589844, 355.0025329589844], [461.6278991699219, 115.24063110351562, 480.07440185546875, 163.92428588867188], [215.86354064941406, 106.67322540283203, 238.05206298828125, 146.13990783691406], [124.55746459960938, 295.11187744140625, 175.00357055664062, 332.4693298339844], [226.86370849609375, 135.5224151611328, 237.32095336914062, 147.33616638183594], [462.5837707519531, 191.81216430664062, 480.1888732910156, 218.66183471679688], [457.14697265625, 87.59679412841797, 480.2501220703125, 139.52908325195312], [462.4129943847656, 191.98365783691406, 480.2353515625, 307.016357421875], [222.4092559814453, 119.81298828125, 240.113525390625, 147.16812133789062], [215.86354064941406, 106.67322540283203, 238.05206298828125, 146.13990783691406], [443.4052429199219, 331.50872802734375, 451.4172058105469, 350.0514221191406], [215.73043823242188, 100.41287994384766, 225.4540252685547, 110.8340072631836], [90.69863891601562, 230.99526977539062, 119.59548950195312, 292.1291198730469], [122.70124816894531, 183.6045684814453, 437.0401306152344, 332.45953369140625], [216.61029052734375, 107.36354064941406, 225.53717041015625, 126.515625], [443.70892333984375, 304.3840637207031, 479.5364990234375, 324.3740234375], [227.91201782226562, 120.25641632080078, 239.27197265625, 129.52450561523438], [222.4092559814453, 119.81298828125, 240.113525390625, 147.16812133789062], [227.44122314453125, 120.05134582519531, 239.48077392578125, 131.3662872314453], [111.64974975585938, 96.35340118408203, 437.949951171875, 380.1987609863281], [460.2261047363281, 97.53762817382812, 480.1480712890625, 138.54193115234375], [443.3351745605469, 304.37603759765625, 479.65631103515625, 329.5838928222656], [190.92999267578125, 216.09915161132812, 212.40594482421875, 228.8147735595703], [159.27914428710938, 192.81280517578125, 198.57943725585938, 304.1938171386719], [114.42198181152344, 98.11690521240234, 312.8624572753906, 327.87054443359375], [349.4418640136719, 348.15106201171875, 388.7373046875, 408.58056640625], [215.86354064941406, 106.67322540283203, 238.05206298828125, 146.13990783691406], [443.3351745605469, 304.37603759765625, 479.65631103515625, 329.5838928222656], [110.78816223144531, 98.62752532958984, 437.1942138671875, 367.86920166015625], [253.32958984375, 102.5282211303711, 292.40069580078125, 150.3898468017578], [227.91201782226562, 120.25641632080078, 239.27197265625, 129.52450561523438], [227.91201782226562, 120.25641632080078, 239.27197265625, 129.52450561523438], [227.44122314453125, 120.05134582519531, 239.48077392578125, 131.3662872314453], [460.2261047363281, 97.53762817382812, 480.1480712890625, 138.54193115234375], [349.51080322265625, 296.4621887207031, 431.69598388671875, 409.18304443359375], [212.53042602539062, 101.33678436279297, 223.79342651367188, 129.2419891357422], [227.91201782226562, 120.25641632080078, 239.27197265625, 129.52450561523438], [442.54833984375, 191.7490234375, 479.8072204589844, 355.0025329589844], [167.4113006591797, 266.1531066894531, 186.55645751953125, 300.3554992675781], [221.15679931640625, 129.10903930664062, 238.4390106201172, 147.6313018798828], [202.1719512939453, 63.02373504638672, 324.1986389160156, 261.12841796875], [442.9091796875, 305.3692321777344, 450.9085388183594, 331.11962890625], [213.51516723632812, 100.8676986694336, 220.50599670410156, 115.50731658935547], [288.5692443847656, 161.46786499023438, 334.77642822265625, 223.67425537109375], [135.74990844726562, 242.74038696289062, 196.53729248046875, 307.1736755371094], [213.36424255371094, 100.12777709960938, 270.2236328125, 162.30311584472656], [460.48101806640625, 106.01692962646484, 471.2579650878906, 138.203857421875], [222.4092559814453, 119.81298828125, 240.113525390625, 147.16812133789062], [288.5692443847656, 161.46786499023438, 334.77642822265625, 223.67425537109375], [459.9111022949219, 97.21340942382812, 480.2742614746094, 167.0677490234375], [222.4092559814453, 119.81298828125, 240.113525390625, 147.16812133789062], [222.4092559814453, 119.81298828125, 240.113525390625, 147.16812133789062], [216.61029052734375, 107.36354064941406, 225.53717041015625, 126.515625], [459.9111022949219, 97.21340942382812, 480.2742614746094, 167.0677490234375], [112.4713363647461, 106.46043395996094, 249.06019592285156, 303.998046875], [126.13214111328125, 263.1050109863281, 438.10614013671875, 353.08990478515625], [112.1439208984375, 98.13970947265625, 211.58592224121094, 221.01475524902344], [443.0397033691406, 327.5322570800781, 479.3268127441406, 351.2877197265625], [227.91201782226562, 120.25641632080078, 239.27197265625, 129.52450561523438], [213.51516723632812, 100.8676986694336, 220.50599670410156, 115.50731658935547], [466.7842102050781, 99.2932357788086, 480.07440185546875, 123.41081237792969], [221.15679931640625, 129.10903930664062, 238.4390106201172, 147.6313018798828], [459.9111022949219, 97.21340942382812, 480.2742614746094, 167.0677490234375], [220.1475067138672, 129.89785766601562, 237.77406311035156, 147.66580200195312], [227.44122314453125, 120.05134582519531, 239.48077392578125, 131.3662872314453], [227.44122314453125, 120.05134582519531, 239.48077392578125, 131.3662872314453], [227.44122314453125, 120.05134582519531, 239.48077392578125, 131.3662872314453], [212.47979736328125, 106.71089172363281, 240.024169921875, 146.85342407226562], [215.8558349609375, 143.51617431640625, 276.2106018066406, 206.6892547607422], [111.75018310546875, 98.19925689697266, 436.19366455078125, 322.9298400878906], [222.4092559814453, 119.81298828125, 240.113525390625, 147.16812133789062], [212.17095947265625, 98.2315444946289, 270.2355041503906, 160.89849853515625], [212.8437042236328, 101.27110290527344, 226.45753479003906, 126.76167297363281], [111.64974975585938, 96.35340118408203, 437.949951171875, 380.1987609863281], [215.86354064941406, 106.67322540283203, 238.05206298828125, 146.13990783691406], [215.5717010498047, 104.83780670166016, 270.95245361328125, 166.0586395263672], [227.91201782226562, 120.25641632080078, 239.27197265625, 129.52450561523438], [443.103515625, 304.4888610839844, 479.532958984375, 350.9552917480469], [442.8984680175781, 304.46820068359375, 479.7866516113281, 430.0049743652344], [227.44122314453125, 120.05134582519531, 239.48077392578125, 131.3662872314453], [431.2539978027344, 304.9852600097656, 450.3968811035156, 330.6487731933594], [462.4129943847656, 191.98365783691406, 480.2353515625, 307.016357421875], [201.87376403808594, 88.87213134765625, 287.8687438964844, 154.99310302734375], [220.1475067138672, 129.89785766601562, 237.77406311035156, 147.66580200195312], [459.9111022949219, 97.21340942382812, 480.2742614746094, 167.0677490234375], [443.0397033691406, 327.5322570800781, 479.3268127441406, 351.2877197265625], [205.03855895996094, 94.08811950683594, 269.0205383300781, 156.02084350585938], [462.5837707519531, 191.81216430664062, 480.1888732910156, 218.66183471679688], [211.88180541992188, 101.39070129394531, 225.82655334472656, 131.9488983154297], [219.73593139648438, 108.8968734741211, 226.29994201660156, 125.10905456542969], [474.864501953125, 353.703369140625, 480.3846435546875, 364.40185546875], [220.1475067138672, 129.89785766601562, 237.77406311035156, 147.66580200195312], [373.8565673828125, 349.954833984375, 387.9607849121094, 374.8447570800781], [111.64974975585938, 96.35340118408203, 437.949951171875, 380.1987609863281], [443.18408203125, 284.0278625488281, 479.6974792480469, 352.12115478515625], [161.49346923828125, 249.29342651367188, 196.83346557617188, 304.8997802734375], [359.2289123535156, 298.34832763671875, 389.4256591796875, 376.9588623046875], [135.74990844726562, 242.74038696289062, 196.53729248046875, 307.1736755371094], [157.9732666015625, 247.83506774902344, 318.1305236816406, 302.0980529785156], [442.7639465332031, 305.16412353515625, 451.530029296875, 350.14654541015625], [461.25823974609375, 128.6830291748047, 480.1248474121094, 164.02964782714844], [290.5433654785156, 177.7559356689453, 334.4508056640625, 223.55433654785156], [227.44122314453125, 120.05134582519531, 239.48077392578125, 131.3662872314453], [261.71258544921875, 110.73116302490234, 292.69219970703125, 150.36322021484375], [215.86354064941406, 106.67322540283203, 238.05206298828125, 146.13990783691406], [227.91201782226562, 120.25641632080078, 239.27197265625, 129.52450561523438], [213.36424255371094, 100.12777709960938, 270.2236328125, 162.30311584472656], [124.13008880615234, 266.1459655761719, 435.23565673828125, 333.9278869628906], [200.13983154296875, 56.35557174682617, 324.2225646972656, 260.79730224609375], [443.3102722167969, 314.6285400390625, 479.63690185546875, 351.44390869140625], [167.4113006591797, 266.1531066894531, 186.55645751953125, 300.3554992675781], [457.14697265625, 87.59679412841797, 480.2501220703125, 139.52908325195312], [288.5692443847656, 161.46786499023438, 334.77642822265625, 223.67425537109375], [473.93817138671875, 284.1297607421875, 480.09869384765625, 306.3737487792969], [216.36077880859375, 107.49555206298828, 235.07630920410156, 146.51222229003906], [152.51107788085938, 265.6957702636719, 166.05581665039062, 285.00152587890625], [474.864501953125, 353.703369140625, 480.3846435546875, 364.40185546875], [221.15679931640625, 129.10903930664062, 238.4390106201172, 147.6313018798828], [443.70892333984375, 304.3840637207031, 479.5364990234375, 324.3740234375], [349.51080322265625, 296.4621887207031, 431.69598388671875, 409.18304443359375], [211.88180541992188, 101.39070129394531, 225.82655334472656, 131.9488983154297], [130.29006958007812, 256.8374938964844, 141.8135223388672, 297.0086669921875], [216.61029052734375, 107.36354064941406, 225.53717041015625, 126.515625], [227.91201782226562, 120.25641632080078, 239.27197265625, 129.52450561523438], [226.39715576171875, 97.88391876220703, 232.70095825195312, 124.29035949707031], [111.64974975585938, 96.35340118408203, 437.949951171875, 380.1987609863281], [261.71258544921875, 110.73116302490234, 292.69219970703125, 150.36322021484375], [113.15489959716797, 98.32720947265625, 314.9918212890625, 322.0856628417969], [443.0397033691406, 327.5322570800781, 479.3268127441406, 351.2877197265625], [130.9151153564453, 269.29736328125, 142.33941650390625, 297.1705017089844], [220.1475067138672, 129.89785766601562, 237.77406311035156, 147.66580200195312], [443.3102722167969, 314.6285400390625, 479.63690185546875, 351.44390869140625], [153.81781005859375, 258.50384521484375, 339.8055725097656, 297.8003845214844], [124.31077575683594, 295.1731262207031, 152.2582244873047, 317.80926513671875], [459.9111022949219, 97.21340942382812, 480.2742614746094, 167.0677490234375], [215.86354064941406, 106.67322540283203, 238.05206298828125, 146.13990783691406], [111.64974975585938, 96.35340118408203, 437.949951171875, 380.1987609863281], [200.13079833984375, 79.77613067626953, 238.63873291015625, 135.95724487304688], [214.04090881347656, 105.96025848388672, 227.1571807861328, 138.91732788085938], [111.64974975585938, 96.35340118408203, 437.949951171875, 380.1987609863281], [213.84774780273438, 101.31317138671875, 225.84478759765625, 124.6277084350586], [457.14697265625, 87.59679412841797, 480.2501220703125, 139.52908325195312], [291.0496826171875, 178.23602294921875, 334.4809265136719, 223.6413116455078], [167.4113006591797, 266.1531066894531, 186.55645751953125, 300.3554992675781], [431.84686279296875, 321.9462585449219, 442.8681640625, 330.4035339355469], [216.61029052734375, 107.36354064941406, 225.53717041015625, 126.515625], [220.1475067138672, 129.89785766601562, 237.77406311035156, 147.66580200195312], [226.86370849609375, 135.5224151611328, 237.32095336914062, 147.33616638183594], [124.35269165039062, 261.7973327636719, 437.9092712402344, 346.7879943847656], [172.52459716796875, -0.23053304851055145, 190.51963806152344, 12.552094459533691], [216.61029052734375, 107.36354064941406, 225.53717041015625, 126.515625], [460.2261047363281, 97.53762817382812, 480.1480712890625, 138.54193115234375], [291.0496826171875, 178.23602294921875, 334.4809265136719, 223.6413116455078], [228.32200622558594, 120.7904052734375, 236.60006713867188, 126.55168914794922], [213.71612548828125, 106.40682220458984, 226.36276245117188, 141.06585693359375], [227.91201782226562, 120.25641632080078, 239.27197265625, 129.52450561523438], [433.4220886230469, 284.1366882324219, 479.7713928222656, 330.3070068359375], [213.71612548828125, 106.40682220458984, 226.36276245117188, 141.06585693359375], [216.61029052734375, 107.36354064941406, 225.53717041015625, 126.515625], [124.8739242553711, 178.9915313720703, 437.8912353515625, 337.51220703125], [431.4787902832031, 276.9595947265625, 450.0567932128906, 330.7187194824219], [227.44122314453125, 120.05134582519531, 239.48077392578125, 131.3662872314453], [227.44122314453125, 120.05134582519531, 239.48077392578125, 131.3662872314453], [218.70648193359375, 136.95187377929688, 252.88751220703125, 163.4403533935547], [221.15679931640625, 129.10903930664062, 238.4390106201172, 147.6313018798828], [212.8437042236328, 101.27110290527344, 226.45753479003906, 126.76167297363281], [291.0496826171875, 178.23602294921875, 334.4809265136719, 223.6413116455078], [221.15679931640625, 129.10903930664062, 238.4390106201172, 147.6313018798828], [443.103515625, 304.4888610839844, 479.532958984375, 350.9552917480469], [442.7639465332031, 305.16412353515625, 451.530029296875, 350.14654541015625], [442.8984680175781, 304.46820068359375, 479.7866516113281, 430.0049743652344], [433.4220886230469, 284.1366882324219, 479.7713928222656, 330.3070068359375], [227.44122314453125, 120.05134582519531, 239.48077392578125, 131.3662872314453], [215.86354064941406, 106.67322540283203, 238.05206298828125, 146.13990783691406], [303.5284729003906, 182.4361572265625, 438.1208190917969, 377.5204162597656], [222.4092559814453, 119.81298828125, 240.113525390625, 147.16812133789062], [212.8437042236328, 101.27110290527344, 226.45753479003906, 126.76167297363281], [443.4052429199219, 331.50872802734375, 451.4172058105469, 350.0514221191406], [90.69863891601562, 230.99526977539062, 119.59548950195312, 292.1291198730469], [215.86354064941406, 106.67322540283203, 238.05206298828125, 146.13990783691406], [437.6741943359375, 305.07080078125, 479.4009704589844, 322.45721435546875], [220.1475067138672, 129.89785766601562, 237.77406311035156, 147.66580200195312], [349.5953063964844, 376.5788269042969, 371.6138610839844, 408.5419921875], [112.94668579101562, 101.70165252685547, 329.0490417480469, 323.698974609375], [124.55435943603516, 294.9826965332031, 175.2611083984375, 332.7375183105469], [130.008056640625, 210.77386474609375, 437.530029296875, 329.6872253417969], [167.4113006591797, 266.1531066894531, 186.55645751953125, 300.3554992675781], [212.17095947265625, 98.2315444946289, 270.2355041503906, 160.89849853515625], [457.14697265625, 87.59679412841797, 480.2501220703125, 139.52908325195312], [212.53042602539062, 101.33678436279297, 223.79342651367188, 129.2419891357422]), Score: [0.9410598874092102, 0.9404457807540894, 0.2856529653072357, 0.12357137352228165, 0.12069389224052429, 0.11631228029727936, 0.10562819987535477, 0.10119526088237762, 0.10042693465948105, 0.07982320338487625, 0.07747995108366013, 0.07258787751197815, 0.07126124203205109, 0.0638011246919632, 0.057020433247089386, 0.05681747943162918, 0.05587722361087799, 0.053803637623786926, 0.05334331840276718, 0.05146714299917221, 0.048305828124284744, 0.04566727578639984, 0.04348612204194069, 0.04315263032913208, 0.04252023994922638, 0.042357463389635086, 0.04235308989882469, 0.04159097000956535, 0.041565317660570145, 0.03959730267524719, 0.03875695914030075, 0.038700781762599945, 0.03840014338493347, 0.03799981623888016, 0.03781096264719963, 0.03763812407851219, 0.037131551653146744, 0.03568366914987564, 0.035041071474552155, 0.03421572968363762, 0.03418274223804474, 0.03318703547120094, 0.03316282480955124, 0.033004030585289, 0.031154604628682137, 0.030906246975064278, 0.03083176538348198, 0.030053166672587395, 0.029942942783236504, 0.02982190251350403, 0.029768360778689384, 0.029492642730474472, 0.02878713235259056, 0.028665626421570778, 0.02853100374341011, 0.028299963101744652, 0.028290705755352974, 0.028067464008927345, 0.027914585545659065, 0.027791468426585197, 0.027772683650255203, 0.027415229007601738, 0.02704717218875885, 0.026894541457295418, 0.026060719043016434, 0.025867287069559097, 0.024903371930122375, 0.02480269782245159, 0.024567624554038048, 0.024515368044376373, 0.02442140318453312, 0.024419641122221947, 0.024331407621502876, 0.024323083460330963, 0.024258079007267952, 0.02407170459628105, 0.023962944746017456, 0.023460909724235535, 0.023302122950553894, 0.02326696552336216, 0.023252876475453377, 0.023239722475409508, 0.023145603016018867, 0.02300465665757656, 0.022999227046966553, 0.0229269340634346, 0.02290882170200348, 0.022598551586270332, 0.022541679441928864, 0.02235276997089386, 0.022230029106140137, 0.02217842824757099, 0.02213880978524685, 0.022136883810162544, 0.02183636836707592, 0.021740954369306564, 0.021700739860534668, 0.02165021002292633, 0.021585911512374878, 0.02155017852783203, 0.021515317261219025, 0.0212996955960989, 0.02124944142997265, 0.02111726626753807, 0.02106291428208351, 0.0209363866597414, 0.02092919312417507, 0.02081640250980854, 0.020810721442103386, 0.02059447392821312, 0.020373502746224403, 0.020322544500231743, 0.0202082060277462, 0.020199211314320564, 0.020062018185853958, 0.01992044970393181, 0.019910305738449097, 0.019875966012477875, 0.019776413217186928, 0.01973559707403183, 0.019684767350554466, 0.01949421875178814, 0.019422395154833794, 0.01941405050456524, 0.01940237171947956, 0.019388632848858833, 0.01932087168097496, 0.0192825086414814, 0.019166570156812668, 0.019143683835864067, 0.01883424073457718, 0.01882537640631199, 0.018783969804644585, 0.018731165677309036, 0.018678708001971245, 0.018561385571956635, 0.01853281259536743, 0.018347471952438354, 0.018245644867420197, 0.018206080421805382, 0.018121402710676193, 0.0179851483553648, 0.017934409901499748, 0.017911547794938087, 0.01789713464677334, 0.01786612533032894, 0.01782689243555069, 0.01773098297417164, 0.01770356483757496, 0.017691105604171753, 0.017674053087830544, 0.017668811604380608, 0.017493756487965584, 0.017486266791820526, 0.017481377348303795, 0.017446652054786682, 0.017389224842190742, 0.017330488190054893, 0.017304392531514168, 0.017135879024863243, 0.017033161595463753, 0.017032386735081673, 0.01698986440896988, 0.01698121801018715, 0.016941560432314873, 0.01684831827878952, 0.016784073784947395, 0.016737034544348717, 0.016730546951293945, 0.016683505848050117, 0.016648193821310997, 0.01661248691380024, 0.016608403995633125, 0.016535812988877296, 0.016469085589051247, 0.016448963433504105, 0.01644723489880562, 0.016407372429966927, 0.016402170062065125, 0.01631682924926281, 0.0162898488342762, 0.016283608973026276, 0.016243252903223038, 0.01619560644030571, 0.016174180433154106, 0.01610875315964222, 0.01608593761920929, 0.016074704006314278, 0.016019057482481003, 0.01595456153154373, 0.01581651344895363, 0.01572658121585846, 0.01572042517364025, 0.015710601583123207, 0.01569298841059208, 0.015676623210310936, 0.01564718782901764, 0.015638267621397972, 0.015627561137080193, 0.015613982453942299, 0.015569637529551983, 0.015565034002065659, 0.015526700764894485, 0.01552430260926485, 0.01549555640667677, 0.015455271117389202, 0.015441158786416054, 0.015427447855472565, 0.015346776694059372, 0.01526241097599268, 0.015210740268230438, 0.015134971588850021, 0.015091809444129467, 0.015089187771081924, 0.01503791008144617, 0.014994360506534576, 0.014963966794312, 0.014954457990825176, 0.014932181686162949, 0.014878801070153713, 0.014872106723487377, 0.014821215532720089, 0.014809634536504745, 0.014802908524870872, 0.01479264721274376, 0.014785852283239365, 0.014765679836273193, 0.01473905984312296, 0.01470370963215828, 0.01463109627366066, 0.014620793983340263, 0.014604823663830757, 0.01460062526166439, 0.014540135860443115, 0.014539835043251514, 0.014527276158332825, 0.014493673108518124, 0.01444358192384243, 0.014422920532524586, 0.014331412501633167, 0.014299290254712105, 0.01426012720912695, 0.014259162358939648, 0.01425118837505579, 0.014157990925014019, 0.014113625511527061, 0.014075837098062038, 0.013996780849993229, 0.013964465819299221, 0.013964256271719933, 0.013947929255664349, 0.01391332596540451, 0.013901234604418278, 0.013901038095355034, 0.013891981914639473, 0.013879452832043171, 0.013869176618754864, 0.01386217400431633, 0.013793794438242912, 0.01377865020185709, 0.013766622170805931, 0.013764744624495506, 0.013745157979428768, 0.013681741431355476, 0.013643578626215458, 0.013628794811666012, 0.013612912967801094, 0.013612509705126286, 0.01360905822366476, 0.01360041368752718, 0.01358117163181305, 0.01356040220707655, 0.013415796682238579, 0.013397637754678726, 0.01336435042321682, 0.013346768915653229, 0.01328000333160162, 0.013271626085042953, 0.013183750212192535, 0.013091283850371838, 0.01307019405066967, 0.013061794452369213, 0.01303823571652174, 0.013036290183663368, 0.013022775761783123, 0.012965362519025803, 0.012908333912491798, 0.01286485604941845, 0.01285091694444418, 0.0128438426181674, 0.012821612879633904, 0.01278703287243843, 0.012785336002707481, 0.012780281715095043, 0.012774638831615448, 0.012766150757670403, 0.01273809839040041, 0.012699585407972336, 0.012678641825914383, 0.012669559568166733]

Execution time: 0.4087 sec
