Label: tensor([ 0, 15, 58, 13, 57, 57, 57, 58, 57, 58, 58, 58, 56, 58, 58, 58, 57, 58,
        58, 58, 57, 58, 58, 57, 57, 57, 56, 56, 13, 58,  0, 58,  0, 13, 13, 56,
        13,  0, 58, 56,  0, 58,  0,  0,  0, 57, 57, 56, 56,  0, 57,  0, 13, 13,
        59,  0, 13, 56,  0, 57, 58, 56, 58, 57, 57, 59, 57, 56, 57, 56, 58, 58,
        58, 57, 56, 58, 56, 57, 56, 56, 58, 58, 56, 56, 57, 59, 56, 13, 58, 56,
        56, 58, 57, 56, 56, 58, 57, 13, 13, 57, 58, 57, 13, 57, 59, 13,  0, 13,
        13, 13,  0, 57, 13, 57, 13, 13, 56, 24, 56, 16,  0, 58, 57, 13, 13, 57,
        57,  0,  0, 57, 56, 58, 57, 57, 57, 13, 57, 58,  0, 13,  0, 56, 57, 56,
        13, 58,  0, 13, 13, 58, 57, 13, 13, 58, 56, 56, 13, 13, 58,  0, 13, 57,
        56,  0, 57, 58, 56,  0, 13, 58, 58, 13, 57, 57, 58, 58, 57, 56, 56,  0,
        58, 58, 58,  0, 58, 57, 57, 56, 58, 58, 57, 57, 56, 56,  2, 58, 13, 24,
        13, 56, 58, 58, 56, 57, 57, 13, 56, 27, 56, 57,  0, 59, 13, 56, 13, 13,
        67, 58, 56, 13, 58, 59, 58, 56, 56, 56, 56, 57, 13, 56, 56, 56, 15, 56,
         0, 57, 56, 56,  0, 58, 57,  0, 56, 56, 57, 58, 57, 56, 13, 57, 59, 57,
        15, 58, 13, 58, 60, 57, 58, 56, 13, 58,  0, 58, 58, 57, 56, 56, 56, 16,
        60, 58,  0, 13, 58, 59, 60,  0, 13, 13, 57, 50, 57, 57, 13, 58, 56, 50,
        56, 58, 13, 56,  0, 13, 27, 50, 13, 56,  0, 13]), Box: ([234.18690490722656, -0.056477487087249756, 500.12225341796875, 348.9400329589844], [0.11201202869415283, 216.17742919921875, 267.7440185546875, 349.0595397949219], [0.0015795230865478516, -0.0756465494632721, 295.18475341796875, 348.9208679199219], [-0.37689507007598877, -0.1759330928325653, 499.61810302734375, 348.820556640625], [-0.37689507007598877, -0.1759330928325653, 499.61810302734375, 348.820556640625], [426.25531005859375, -0.005730956792831421, 499.517822265625, 348.9007873535156], [429.03607177734375, 0.3933714032173157, 499.9330749511719, 107.16851806640625], [-0.33240020275115967, -0.1411937177181244, 293.3081359863281, 286.6429748535156], [426.6316833496094, 0.49040764570236206, 499.9227600097656, 177.34854125976562], [111.65785217285156, 0.18887194991111755, 291.7435302734375, 213.4776153564453], [0.04756450653076172, 0.10788968205451965, 291.4571533203125, 210.1661834716797], [-0.029027462005615234, 0.17360326647758484, 292.18438720703125, 253.73751831054688], [248.47796630859375, -0.8293037414550781, 499.8013000488281, 348.1620178222656], [0.20614266395568848, -0.3813530504703522, 171.05628967285156, 348.6150817871094], [0.07510930299758911, -0.24344605207443237, 157.2349090576172, 348.631103515625], [0.28727948665618896, 1.8549785614013672, 308.5721130371094, 334.7439270019531], [421.6397399902344, -0.23828715085983276, 499.92877197265625, 181.76535034179688], [112.84259796142578, -0.21012641489505768, 290.88409423828125, 150.20944213867188], [-0.30900537967681885, 0.09115445613861084, 330.9333190917969, 349.087646484375], [-0.37689507007598877, -0.1759330928325653, 499.61810302734375, 348.820556640625], [357.68548583984375, 0.16202694177627563, 499.63787841796875, 349.1019287109375], [-0.7304847240447998, 35.35293960571289, 273.1644592285156, 352.190185546875], [-0.03014504909515381, 0.3555065393447876, 151.66177368164062, 175.23748779296875], [386.9884948730469, -0.26323917508125305, 499.9561462402344, 107.33959197998047], [384.8138427734375, -0.09513804316520691, 500.0624694824219, 180.1180419921875], [419.355712890625, 0.4250997006893158, 500.2201843261719, 265.9634094238281], [429.03607177734375, 0.3933714032173157, 499.9330749511719, 107.16851806640625], [357.68548583984375, 0.16202694177627563, 499.63787841796875, 349.1019287109375], [0.20483136177062988, -0.4343357980251312, 500.1997985839844, 252.6568145751953], [0.10063499212265015, 0.4021134674549103, 157.66629028320312, 210.7547607421875], [429.03607177734375, 0.3933714032173157, 499.9330749511719, 107.16851806640625], [-0.690653920173645, 69.53143310546875, 267.8943176269531, 351.2882995605469], [426.25531005859375, -0.005730956792831421, 499.517822265625, 348.9007873535156], [248.47796630859375, -0.8293037414550781, 499.8013000488281, 348.1620178222656], [0.0015795230865478516, -0.0756465494632721, 295.18475341796875, 348.9208679199219], [426.25531005859375, -0.005730956792831421, 499.517822265625, 348.9007873535156], [426.25531005859375, -0.005730956792831421, 499.517822265625, 348.9007873535156], [426.6316833496094, 0.49040764570236206, 499.9227600097656, 177.34854125976562], [0.519581139087677, 67.01069641113281, 190.15159606933594, 348.8656921386719], [426.6316833496094, 0.49040764570236206, 499.9227600097656, 177.34854125976562], [357.68548583984375, 0.16202694177627563, 499.63787841796875, 349.1019287109375], [-0.48533082008361816, 0.046653732657432556, 290.535888671875, 158.72491455078125], [327.7122802734375, 0.10892978310585022, 499.63037109375, 251.46560668945312], [339.2552795410156, 0.03606030344963074, 499.67510986328125, 261.7795715332031], [386.9884948730469, -0.26323917508125305, 499.9561462402344, 107.33959197998047], [357.0445251464844, 0.03646594285964966, 499.4046630859375, 349.032958984375], [339.2552795410156, 0.03606030344963074, 499.67510986328125, 261.7795715332031], [421.6397399902344, -0.23828715085983276, 499.92877197265625, 181.76535034179688], [-0.37689507007598877, -0.1759330928325653, 499.61810302734375, 348.820556640625], [384.8138427734375, -0.09513804316520691, 500.0624694824219, 180.1180419921875], [268.32794189453125, -0.358990877866745, 500.2056884765625, 96.40898132324219], [419.355712890625, 0.4250997006893158, 500.2201843261719, 265.9634094238281], [357.68548583984375, 0.16202694177627563, 499.63787841796875, 349.1019287109375], [0.09563565254211426, -0.2615126073360443, 500.0906066894531, 243.4047393798828], [429.03607177734375, 0.3933714032173157, 499.9330749511719, 107.16851806640625], [248.47796630859375, -0.8293037414550781, 499.8013000488281, 348.1620178222656], [0.009387731552124023, 121.35157775878906, 500.0044250488281, 350.0181884765625], [339.2552795410156, 0.03606030344963074, 499.67510986328125, 261.7795715332031], [421.6397399902344, -0.23828715085983276, 499.92877197265625, 181.76535034179688], [0.20483136177062988, -0.4343357980251312, 500.1997985839844, 252.6568145751953], [-0.3326833248138428, -0.01314687728881836, 292.3271789550781, 278.9761047363281], [384.8138427734375, -0.09513804316520691, 500.0624694824219, 180.1180419921875], [-0.5236417055130005, 0.1807851642370224, 291.27520751953125, 159.90992736816406], [310.4880676269531, -0.2754811644554138, 499.8041076660156, 348.7080993652344], [215.12649536132812, -0.23458439111709595, 500.6196594238281, 110.90738677978516], [426.25531005859375, -0.005730956792831421, 499.517822265625, 348.9007873535156], [253.6172637939453, -0.39377185702323914, 500.5364990234375, 112.09410095214844], [303.2362060546875, 58.393611907958984, 501.00408935546875, 349.1509704589844], [0.09563565254211426, -0.2615126073360443, 500.0906066894531, 243.4047393798828], [310.4880676269531, -0.2754811644554138, 499.8041076660156, 348.7080993652344], [-0.4369765520095825, 0.06852185726165771, 292.4925231933594, 281.37554931640625], [0.14987587928771973, 0.19788962602615356, 377.9425354003906, 349.1943664550781], [-0.2528280019760132, 0.12286713719367981, 291.2461242675781, 290.1259460449219], [327.7122802734375, 0.10892978310585022, 499.63037109375, 251.46560668945312], [251.11233520507812, 0.0752929151058197, 500.38092041015625, 247.5966339111328], [-0.30515342950820923, 0.18192407488822937, 195.2620086669922, 160.02703857421875], [415.7431640625, 198.05313110351562, 499.8404846191406, 349.144775390625], [248.47796630859375, -0.8293037414550781, 499.8013000488281, 348.1620178222656], [241.16683959960938, -0.6448314189910889, 500.67352294921875, 250.6568603515625], [386.9884948730469, -0.26323917508125305, 499.9561462402344, 107.33959197998047], [-0.622674822807312, 25.57465934753418, 299.1474914550781, 346.3172607421875], [-0.18566101789474487, 148.32957458496094, 136.9583282470703, 348.3787536621094], [419.355712890625, 0.4250997006893158, 500.2201843261719, 265.9634094238281], [327.7122802734375, 0.10892978310585022, 499.63037109375, 251.46560668945312], [251.11233520507812, 0.0752929151058197, 500.38092041015625, 247.5966339111328], [426.6316833496094, 0.49040764570236206, 499.9227600097656, 177.34854125976562], [357.0445251464844, 0.03646594285964966, 499.4046630859375, 349.032958984375], [225.73275756835938, 0.13967517018318176, 500.69378662109375, 270.440673828125], [-0.29137730598449707, 195.15794372558594, 130.98829650878906, 348.6601257324219], [310.1667175292969, 187.90211486816406, 499.7372131347656, 349.34771728515625], [225.73275756835938, 0.13967517018318176, 500.69378662109375, 270.440673828125], [-0.10149180889129639, 24.332841873168945, 298.5399475097656, 351.02239990234375], [430.8732604980469, 0.13773538172245026, 499.8013916015625, 42.40057373046875], [263.75091552734375, -0.229924738407135, 500.2270202636719, 177.333984375], [288.8870544433594, -0.34643685817718506, 499.9542541503906, 215.8853759765625], [-0.1402348279953003, 139.860595703125, 269.3849182128906, 349.0348205566406], [241.16683959960938, -0.6448314189910889, 500.67352294921875, 250.6568603515625], [0.19168853759765625, -0.11923198401927948, 500.1866760253906, 172.2332305908203], [0.10135769844055176, -1.0431277751922607, 500.0352783203125, 228.10772705078125], [362.32965087890625, -0.48520714044570923, 500.0909118652344, 121.84749603271484], [0.3808736801147461, 0.31425613164901733, 366.82904052734375, 349.310791015625], [225.6920928955078, -1.0094128847122192, 500.24169921875, 96.82122039794922], [215.12649536132812, -0.23458439111709595, 500.6196594238281, 110.90738677978516], [361.95367431640625, -0.172043114900589, 500.0397644042969, 348.824462890625], [421.6397399902344, -0.23828715085983276, 499.92877197265625, 181.76535034179688], [251.11233520507812, 0.0752929151058197, 500.38092041015625, 247.5966339111328], [251.11233520507812, 0.0752929151058197, 500.38092041015625, 247.5966339111328], [339.2552795410156, 0.03606030344963074, 499.67510986328125, 261.7795715332031], [241.16683959960938, -0.6448314189910889, 500.67352294921875, 250.6568603515625], [426.6316833496094, 0.49040764570236206, 499.9227600097656, 177.34854125976562], [263.75091552734375, -0.229924738407135, 500.2270202636719, 177.333984375], [225.73275756835938, 0.13967517018318176, 500.69378662109375, 270.440673828125], [253.6172637939453, -0.39377185702323914, 500.5364990234375, 112.09410095214844], [288.8870544433594, -0.34643685817718506, 499.9542541503906, 215.8853759765625], [263.75091552734375, -0.229924738407135, 500.2270202636719, 177.333984375], [220.16195678710938, -1.1275734901428223, 500.6644592285156, 185.98155212402344], [256.48260498046875, -0.27348417043685913, 500.3416442871094, 178.92002868652344], [429.03607177734375, 0.3933714032173157, 499.9330749511719, 107.16851806640625], [310.9947814941406, 188.4749298095703, 499.85882568359375, 349.4689636230469], [-0.2371668815612793, 216.1387176513672, 268.67083740234375, 348.8973388671875], [362.32965087890625, -0.48520714044570923, 500.0909118652344, 121.84749603271484], [-0.2241283655166626, 0.08286485075950623, 291.0932922363281, 281.7483215332031], [256.48260498046875, -0.27348417043685913, 500.3416442871094, 178.92002868652344], [256.48260498046875, -0.27348417043685913, 500.3416442871094, 178.92002868652344], [384.8138427734375, -0.09513804316520691, 500.0624694824219, 180.1180419921875], [359.6869812011719, -0.16793471574783325, 500.15264892578125, 348.8278503417969], [278.109375, -0.309695303440094, 500.1789245605469, 127.7936782836914], [288.8870544433594, -0.34643685817718506, 499.9542541503906, 215.8853759765625], [310.4880676269531, -0.2754811644554138, 499.8041076660156, 348.7080993652344], [251.3084716796875, -0.24144385755062103, 500.1813659667969, 107.64032745361328], [407.93328857421875, 197.9933624267578, 499.8125915527344, 349.4135437011719], [242.8065185546875, -0.07987716048955917, 293.0651550292969, 61.7695426940918], [251.81263732910156, -0.059103742241859436, 499.99993896484375, 121.47327423095703], [343.6742858886719, -0.3096276819705963, 498.37164306640625, 348.58843994140625], [338.806396484375, -0.37784790992736816, 499.5406799316406, 348.60491943359375], [0.7070004940032959, 0.06231245398521423, 500.70166015625, 100.93365478515625], [263.75091552734375, -0.229924738407135, 500.2270202636719, 177.333984375], [-0.008240342140197754, -0.10600709915161133, 150.43704223632812, 93.72796630859375], [268.32794189453125, -0.358990877866745, 500.2056884765625, 96.40898132324219], [421.6397399902344, -0.23828715085983276, 499.92877197265625, 181.76535034179688], [357.0445251464844, 0.03646594285964966, 499.4046630859375, 349.032958984375], [-0.43116509914398193, -40.79074478149414, 499.56317138671875, 308.1861572265625], [220.16195678710938, -1.1275734901428223, 500.6644592285156, 185.98155212402344], [-0.3073662519454956, -30.045503616333008, 499.6510009765625, 317.0555725097656], [429.03607177734375, 0.3933714032173157, 499.9330749511719, 107.16851806640625], [0.20483136177062988, -0.4343357980251312, 500.1997985839844, 252.6568145751953], [256.48260498046875, -0.27348417043685913, 500.3416442871094, 178.92002868652344], [0.39058923721313477, -0.48105713725090027, 500.3855895996094, 187.9124755859375], [256.1672668457031, -0.2906458377838135, 500.2912902832031, 176.33509826660156], [-0.6713047623634338, -0.9247538447380066, 146.9297637939453, 213.8236846923828], [347.63531494140625, -0.31004372239112854, 500.3825378417969, 348.5016784667969], [251.3084716796875, -0.24144385755062103, 500.1813659667969, 107.64032745361328], [278.109375, -0.309695303440094, 500.1789245605469, 127.7936782836914], [-0.57201087474823, 138.40065002441406, 268.5260314941406, 348.86273193359375], [429.42327880859375, -2.832538366317749, 499.00762939453125, 346.1488342285156], [362.32965087890625, -0.48520714044570923, 500.0909118652344, 121.84749603271484], [0.12275576591491699, -0.029148831963539124, 500.1177673339844, 144.97567749023438], [225.6920928955078, -1.0094128847122192, 500.24169921875, 96.82122039794922], [-0.1295246183872223, -0.43877702951431274, 110.6553955078125, 215.3664093017578], [415.7431640625, 198.05313110351562, 499.8404846191406, 349.144775390625], [268.32794189453125, -0.358990877866745, 500.2056884765625, 96.40898132324219], [429.42327880859375, -2.832538366317749, 499.00762939453125, 346.1488342285156], [256.1672668457031, -0.2906458377838135, 500.2912902832031, 176.33509826660156], [466.7496643066406, 0.1291649490594864, 499.9915466308594, 103.86904907226562], [348.07135009765625, -0.23942086100578308, 499.6201477050781, 348.633056640625], [133.84649658203125, 0.3374243974685669, 291.39520263671875, 96.6568832397461], [278.109375, -0.309695303440094, 500.1789245605469, 127.7936782836914], [430.8732604980469, 0.13773538172245026, 499.8013916015625, 42.40057373046875], [419.355712890625, 0.4250997006893158, 500.2201843261719, 265.9634094238281], [-0.23030489683151245, 0.053117960691452026, 93.17999267578125, 164.8537139892578], [0.01208484172821045, 140.5537872314453, 190.04122924804688, 348.8306884765625], [251.81263732910156, -0.059103742241859436, 499.99993896484375, 121.47327423095703], [244.7982635498047, -0.5283453464508057, 499.62652587890625, 167.44322204589844], [0.19168853759765625, -0.11923198401927948, 500.1866760253906, 172.2332305908203], [-0.4031658172607422, -0.10994908213615417, 290.0446472167969, 211.62319946289062], [1.209855079650879, -2.592576742172241, 160.32012939453125, 204.62887573242188], [0.7070004940032959, 0.06231245398521423, 500.70166015625, 100.93365478515625], [308.2007141113281, 89.44841003417969, 500.2646484375, 347.68255615234375], [291.51690673828125, 97.7699966430664, 500.17559814453125, 349.368408203125], [241.16683959960938, -0.6448314189910889, 500.67352294921875, 250.6568603515625], [-0.2265777438879013, 1.026517391204834, 61.624908447265625, 214.87686157226562], [109.79375457763672, -0.07561534643173218, 500.92303466796875, 348.91510009765625], [0.46074390411376953, -0.15027379989624023, 295.0010986328125, 220.17938232421875], [341.916748046875, -6.071319580078125, 503.9863586425781, 324.9682312011719], [104.17225646972656, 0.5563708543777466, 293.2496643066406, 348.9177551269531], [0.10135769844055176, -1.0431277751922607, 500.0352783203125, 228.10772705078125], [256.1672668457031, -0.2906458377838135, 500.2912902832031, 176.33509826660156], [304.3273620605469, 151.20994567871094, 499.72979736328125, 348.7987060546875], [202.0966033935547, 0.03052956610918045, 292.1399841308594, 62.736907958984375], [159.78900146484375, -0.0367259681224823, 291.1592712402344, 62.731842041015625], [429.3931579589844, -1.781214714050293, 499.3633728027344, 346.2640075683594], [415.7431640625, 198.05313110351562, 499.8404846191406, 349.144775390625], [429.3931579589844, -1.781214714050293, 499.3633728027344, 346.2640075683594], [268.32794189453125, -0.358990877866745, 500.2056884765625, 96.40898132324219], [-0.37689507007598877, -0.1759330928325653, 499.61810302734375, 348.820556640625], [0.10135769844055176, -1.0431277751922607, 500.0352783203125, 228.10772705078125], [386.9884948730469, -0.26323917508125305, 499.9561462402344, 107.33959197998047], [426.6316833496094, 0.49040764570236206, 499.9227600097656, 177.34854125976562], [310.4880676269531, -0.2754811644554138, 499.8041076660156, 348.7080993652344], [230.26683044433594, 80.31875610351562, 500.0101318359375, 348.0804748535156], [-0.7784515619277954, 109.39273071289062, 269.0152587890625, 347.9812927246094], [0.08115917444229126, -0.08402456343173981, 150.1982879638672, 83.72089385986328], [199.54432678222656, -0.7066238522529602, 502.0180358886719, 348.0384521484375], [242.58810424804688, -0.24456416070461273, 500.394775390625, 149.7450408935547], [266.7298889160156, -0.22594115138053894, 499.76348876953125, 125.0770263671875], [288.8870544433594, -0.34643685817718506, 499.9542541503906, 215.8853759765625], [324.48541259765625, -0.32933759689331055, 499.9804382324219, 347.45867919921875], [342.1181335449219, 63.24093246459961, 367.7937927246094, 86.49323272705078], [253.6172637939453, -0.39377185702323914, 500.5364990234375, 112.09410095214844], [324.48541259765625, -0.32933759689331055, 499.9804382324219, 347.45867919921875], [253.6172637939453, -0.39377185702323914, 500.5364990234375, 112.09410095214844], [386.9884948730469, -0.26323917508125305, 499.9561462402344, 107.33959197998047], [109.79375457763672, -0.07561534643173218, 500.92303466796875, 348.91510009765625], [341.916748046875, -6.071319580078125, 503.9863586425781, 324.9682312011719], [244.7982635498047, -0.5283453464508057, 499.62652587890625, 167.44322204589844], [357.0445251464844, 0.03646594285964966, 499.4046630859375, 349.032958984375], [258.1495666503906, 326.84893798828125, 285.19207763671875, 347.7537536621094], [0.19168853759765625, -0.11923198401927948, 500.1866760253906, 172.2332305908203], [348.07135009765625, -0.23942086100578308, 499.6201477050781, 348.633056640625], [266.7298889160156, -0.22594115138053894, 499.76348876953125, 125.0770263671875], [241.55477905273438, -0.06387000530958176, 292.8605651855469, 79.5177230834961], [419.355712890625, 0.4250997006893158, 500.2201843261719, 265.9634094238281], [0.05093216896057129, -0.6645413637161255, 192.12518310546875, 348.3260498046875], [361.95367431640625, -0.172043114900589, 500.0397644042969, 348.824462890625], [244.7982635498047, -0.5283453464508057, 499.62652587890625, 167.44322204589844], [0.18712878227233887, -29.67668342590332, 500.18084716796875, 319.27996826171875], [215.12649536132812, -0.23458439111709595, 500.6196594238281, 110.90738677978516], [109.79375457763672, -0.07561534643173218, 500.92303466796875, 348.91510009765625], [242.58810424804688, -0.24456416070461273, 500.394775390625, 149.7450408935547], [251.3084716796875, -0.24144385755062103, 500.1813659667969, 107.64032745361328], [266.7298889160156, -0.22594115138053894, 499.76348876953125, 125.0770263671875], [347.63531494140625, -0.31004372239112854, 500.3825378417969, 348.5016784667969], [37.48933792114258, 216.89552307128906, 269.1134948730469, 349.3620910644531], [251.81263732910156, -0.059103742241859436, 499.99993896484375, 121.47327423095703], [-0.37689507007598877, -0.1759330928325653, 499.61810302734375, 348.820556640625], [466.7496643066406, 0.1291649490594864, 499.9915466308594, 103.86904907226562], [242.58810424804688, -0.24456416070461273, 500.394775390625, 149.7450408935547], [384.3499755859375, -0.00033283233642578125, 500.59197998046875, 348.61163330078125], [109.79375457763672, -0.07561534643173218, 500.92303466796875, 348.91510009765625], [0.07490813732147217, -0.4430622458457947, 195.4008331298828, 348.357666015625], [384.3499755859375, -0.00033283233642578125, 500.59197998046875, 348.61163330078125], [466.6016845703125, -0.36755871772766113, 500.1924743652344, 41.73723220825195], [220.16195678710938, -1.1275734901428223, 500.6644592285156, 185.98155212402344], [343.6742858886719, -0.3096276819705963, 498.37164306640625, 348.58843994140625], [0.39058923721313477, -0.48105713725090027, 500.3855895996094, 187.9124755859375], [-0.29505789279937744, 0.26522576808929443, 291.4496154785156, 211.78793334960938], [0.12275576591491699, -0.029148831963539124, 500.1177673339844, 144.97567749023438], [338.806396484375, -0.37784790992736816, 499.5406799316406, 348.60491943359375], [303.2362060546875, 58.393611907958984, 501.00408935546875, 349.1509704589844], [255.61048889160156, -0.6562855839729309, 500.0268249511719, 68.22727966308594], [384.8138427734375, -0.09513804316520691, 500.0624694824219, 180.1180419921875], [0.009387731552124023, 121.35157775878906, 500.0044250488281, 350.0181884765625], [92.79119873046875, 218.51329040527344, 268.5316162109375, 348.37310791015625], [0.16192719340324402, -0.1569928526878357, 52.97565841674805, 347.165283203125], [362.32965087890625, -0.48520714044570923, 500.0909118652344, 121.84749603271484], [194.2439422607422, 0.06936953961849213, 292.3354797363281, 111.80524444580078], [0.06350874900817871, 207.33807373046875, 499.9059753417969, 348.872314453125], [341.916748046875, -6.071319580078125, 503.9863586425781, 324.9682312011719], [0.16957521438598633, -0.19120436906814575, 288.5797119140625, 78.7306137084961], [326.1115417480469, -0.31981027126312256, 499.23480224609375, 348.59112548828125], [327.7122802734375, 0.10892978310585022, 499.63037109375, 251.46560668945312], [-0.08208304643630981, 67.39434814453125, 69.59927368164062, 213.5619659423828], [36.049591064453125, -0.849419355392456, 493.7522888183594, 348.1470642089844], [0.09563565254211426, -0.2615126073360443, 500.0906066894531, 243.4047393798828], [-0.701412558555603, 196.97067260742188, 363.706298828125, 348.5610656738281], [326.1115417480469, -0.31981027126312256, 499.23480224609375, 348.59112548828125], [14.221488952636719, -46.744503021240234, 514.1918334960938, 302.107666015625], [0.6535351276397705, -34.72526168823242, 500.6455078125, 314.2142333984375], [359.6869812011719, -0.16793471574783325, 500.15264892578125, 348.8278503417969], [0.11201202869415283, 216.17742919921875, 267.7440185546875, 349.0595397949219], [0.5471706390380859, 204.94895935058594, 499.7743835449219, 348.84954833984375], [-0.2371668815612793, 216.1387176513672, 268.67083740234375, 348.8973388671875], [407.93328857421875, 197.9933624267578, 499.8125915527344, 349.4135437011719], [0.06350874900817871, 207.33807373046875, 499.9059753417969, 348.872314453125], [-3.0048489570617676, 153.85403442382812, 272.8089904785156, 348.4458312988281], [357.68548583984375, 0.16202694177627563, 499.63787841796875, 349.1019287109375], [429.03607177734375, 0.3933714032173157, 499.9330749511719, 107.16851806640625], [278.109375, -0.309695303440094, 500.1789245605469, 127.7936782836914], [0.24010241031646729, 157.00271606445312, 500.0906677246094, 349.3237609863281], [230.26683044433594, 80.31875610351562, 500.0101318359375, 348.0804748535156], [407.93328857421875, 197.9933624267578, 499.8125915527344, 349.4135437011719], [0.04756450653076172, 0.10788968205451965, 291.4571533203125, 210.1661834716797], [105.3895492553711, 1.6240137815475464, 498.4898681640625, 347.7316589355469], [199.54432678222656, -0.7066238522529602, 502.0180358886719, 348.0384521484375], [0.28727948665618896, 1.8549785614013672, 308.5721130371094, 334.7439270019531], [-0.12443959712982178, 79.18319702148438, 267.7110290527344, 350.0571594238281], [0.4628896713256836, -29.847593307495117, 500.4559631347656, 319.1018981933594], [112.84259796142578, -0.21012641489505768, 290.88409423828125, 150.20944213867188], [315.5552673339844, 33.30790328979492, 503.10284423828125, 256.825927734375], [0.39058923721313477, -0.48105713725090027, 500.3855895996094, 187.9124755859375], [304.3273620605469, 151.20994567871094, 499.72979736328125, 348.7987060546875], [340.566650390625, -0.49647143483161926, 498.4158020019531, 348.0903625488281], [256.1672668457031, -0.2906458377838135, 500.2912902832031, 176.33509826660156], [-0.41162967681884766, 94.69255828857422, 499.5331726074219, 349.5470886230469], [342.6134948730469, 63.33773422241211, 359.5937805175781, 75.20951843261719], [-0.03014504909515381, 0.3555065393447876, 151.66177368164062, 175.23748779296875], [199.54432678222656, -0.7066238522529602, 502.0180358886719, 348.0384521484375], [430.8732604980469, 0.13773538172245026, 499.8013916015625, 42.40057373046875], [244.7982635498047, -0.5283453464508057, 499.62652587890625, 167.44322204589844], [0.1710653305053711, 165.1446990966797, 500.1334533691406, 349.3169250488281]), Score: [0.9679886698722839, 0.9028953909873962, 0.3648415207862854, 0.30295422673225403, 0.17794692516326904, 0.16020630300045013, 0.15485960245132446, 0.1502169966697693, 0.13542884588241577, 0.1281333565711975, 0.12541991472244263, 0.1212332546710968, 0.11971726268529892, 0.11401750147342682, 0.10975290834903717, 0.10857412219047546, 0.10526300221681595, 0.10421141982078552, 0.09926892071962357, 0.09888245165348053, 0.09841488301753998, 0.0981084555387497, 0.09363191574811935, 0.08915949612855911, 0.08195816725492477, 0.08169949054718018, 0.08155050128698349, 0.08141246438026428, 0.08130187541246414, 0.08107680082321167, 0.08093763142824173, 0.08083279430866241, 0.07985993474721909, 0.07922837883234024, 0.0787544846534729, 0.07873877882957458, 0.07851717621088028, 0.07692015171051025, 0.07690072804689407, 0.07596869766712189, 0.07522835582494736, 0.07505039125680923, 0.0740252211689949, 0.07251248508691788, 0.07165198028087616, 0.07146573066711426, 0.07072455435991287, 0.07021983712911606, 0.06951098889112473, 0.0680021196603775, 0.06784878671169281, 0.06760861724615097, 0.06640832871198654, 0.06631465256214142, 0.06378059089183807, 0.06307989358901978, 0.062436338514089584, 0.06234916299581528, 0.06213584914803505, 0.06177699193358421, 0.061719149351119995, 0.061054009944200516, 0.0609738752245903, 0.060725465416908264, 0.06039368361234665, 0.06018798053264618, 0.06017153337597847, 0.05908145383000374, 0.05850163847208023, 0.05830277502536774, 0.057896677404642105, 0.05785524472594261, 0.057387977838516235, 0.05731092393398285, 0.057241905480623245, 0.057072076946496964, 0.05675653740763664, 0.056696567684412, 0.05659511685371399, 0.05653785914182663, 0.056208156049251556, 0.056160345673561096, 0.05519538000226021, 0.05404821038246155, 0.05400856211781502, 0.05348486453294754, 0.05265088751912117, 0.05223366618156433, 0.05214672163128853, 0.05206499993801117, 0.051544807851314545, 0.050939761102199554, 0.050730619579553604, 0.05072065070271492, 0.050506703555583954, 0.0501752644777298, 0.050052210688591, 0.050022441893815994, 0.049898356199264526, 0.0498589463531971, 0.0497158020734787, 0.04918394237756729, 0.04910772666335106, 0.04907134175300598, 0.04894712194800377, 0.04868799075484276, 0.04844466224312782, 0.048226647078990936, 0.04818318784236908, 0.04816770553588867, 0.047500960528850555, 0.04714445024728775, 0.04685191065073013, 0.04674539342522621, 0.04623765870928764, 0.04618656635284424, 0.04604722186923027, 0.04602274298667908, 0.046013738960027695, 0.045989491045475006, 0.04587385058403015, 0.0457100011408329, 0.04555823653936386, 0.045528385788202286, 0.045489393174648285, 0.045469481498003006, 0.045459143817424774, 0.04528297483921051, 0.04510624334216118, 0.04489075765013695, 0.044829707592725754, 0.0448237843811512, 0.04461810365319252, 0.044575516134500504, 0.04455334693193436, 0.04452363774180412, 0.04430093988776207, 0.044272467494010925, 0.044262126088142395, 0.04415775090456009, 0.043967727571725845, 0.04386988282203674, 0.04376332834362984, 0.04373117536306381, 0.04372428357601166, 0.043646056205034256, 0.043620627373456955, 0.043483491986989975, 0.043211694806814194, 0.04305977374315262, 0.04305412620306015, 0.0429735891520977, 0.04249189794063568, 0.04246388375759125, 0.04245280474424362, 0.04236413165926933, 0.042255375534296036, 0.04222419857978821, 0.04214830696582794, 0.04214443638920784, 0.04184418171644211, 0.04143582656979561, 0.04136417806148529, 0.04130033776164055, 0.04129567742347717, 0.0410606786608696, 0.04103429615497589, 0.04101207107305527, 0.040961604565382004, 0.04089727997779846, 0.04089667275547981, 0.04075971990823746, 0.04048005864024162, 0.04041279852390289, 0.04041178897023201, 0.040387433022260666, 0.04036632552742958, 0.040234822779893875, 0.04015320912003517, 0.040108777582645416, 0.04008917510509491, 0.03989090025424957, 0.03986644372344017, 0.03954515606164932, 0.03954397514462471, 0.03950776159763336, 0.039476118981838226, 0.03942858427762985, 0.039426833391189575, 0.03928397223353386, 0.039211612194776535, 0.039178166538476944, 0.03890214115381241, 0.03877022862434387, 0.03862376511096954, 0.03857675939798355, 0.03854254260659218, 0.038364965468645096, 0.03832203522324562, 0.03795357793569565, 0.0379360057413578, 0.037848956882953644, 0.03774185851216316, 0.03772873431444168, 0.03763529285788536, 0.037432923913002014, 0.037213221192359924, 0.036928582936525345, 0.03688898682594299, 0.03682706505060196, 0.03664057329297066, 0.036538366228342056, 0.03646290302276611, 0.03645256161689758, 0.036444153636693954, 0.0363655611872673, 0.036325518041849136, 0.036188509315252304, 0.035981435328722, 0.035954054445028305, 0.035950228571891785, 0.03576365485787392, 0.03553776815533638, 0.035216499119997025, 0.03515654057264328, 0.03514361009001732, 0.03493082895874977, 0.034724172204732895, 0.034327615052461624, 0.034270692616701126, 0.034203678369522095, 0.034164123237133026, 0.03415043652057648, 0.034140702337026596, 0.033857401460409164, 0.033849429339170456, 0.033845312893390656, 0.03379480168223381, 0.03367017209529877, 0.03366123139858246, 0.03346363455057144, 0.03345653414726257, 0.033301882445812225, 0.033279262483119965, 0.03321201726794243, 0.03281383961439133, 0.032806266099214554, 0.03252348303794861, 0.032493989914655685, 0.032398663461208344, 0.03236653283238411, 0.03231528773903847, 0.032260712236166, 0.03224874660372734, 0.03218263387680054, 0.03203967958688736, 0.032011717557907104, 0.03188684210181236, 0.03177524730563164, 0.031745392829179764, 0.031710218638181686, 0.03130699321627617, 0.03122316300868988, 0.03119153343141079, 0.031132737174630165, 0.030727682635188103, 0.030558675527572632, 0.03051343560218811, 0.03044852986931801, 0.03029557131230831, 0.030233006924390793, 0.03022262081503868, 0.03015553578734398, 0.030115563422441483, 0.02998337335884571, 0.029876714572310448, 0.029800895601511, 0.02975885570049286, 0.029614660888910294, 0.029439222067594528, 0.029425309970974922, 0.02936461940407753, 0.02931656502187252, 0.029313066974282265, 0.029306355863809586, 0.02929825149476528, 0.029235467314720154, 0.028924833983182907, 0.028899282217025757, 0.028871508315205574, 0.02884877473115921, 0.028824323788285255, 0.028782419860363007, 0.028742492198944092, 0.02872394770383835, 0.02870260551571846, 0.028559666126966476, 0.02840191312134266, 0.028237227350473404, 0.028165195137262344]

Execution time: 0.4085 sec
