Label: tensor([ 0, 17,  2, 17,  0, 17, 17,  0,  0,  0,  0,  2,  0,  2, 17,  0,  2,  0,
        17,  0,  0, 17,  0,  0,  0,  0,  9,  7, 17, 17, 17,  2,  0,  0,  9, 17,
         0,  9, 17,  0, 17,  0,  9,  0, 17,  0,  0,  0,  0,  9,  9,  9,  0, 17,
         0,  2,  9,  9,  0,  2,  9, 17, 17,  0, 17,  0,  0,  0,  7, 62,  0, 17,
         2,  2, 74,  0,  9,  0,  0,  0,  0,  0,  0,  9,  9,  2,  0,  0, 17,  2,
         0,  0,  0,  0, 17,  0,  9,  2, 17,  0,  0,  0,  5,  9,  0,  9,  0, 11,
         0,  7,  0,  5,  9,  2,  0,  0, 17,  0, 17,  2,  2,  0,  0,  2,  0,  0,
         2, 26,  0, 17,  0, 16,  9, 17,  9,  2,  2,  0, 17, 17, 17, 16, 16,  7,
         0,  9,  2, 19, 17,  9, 17,  0, 17,  0,  0,  0,  2, 17,  0,  7,  2,  0,
         0,  0,  2,  0,  2,  0,  0,  0, 19,  0, 19, 16,  9, 17,  2,  9, 19,  0,
         0,  9, 16,  2,  6,  2,  0,  0,  0,  2,  5,  0,  0,  0,  6, 56,  9, 17,
         0, 17, 26,  0,  0,  0,  2,  2,  0,  0, 16,  0,  0,  0,  0,  0,  0,  5,
        19, 17,  0, 17, 19,  2, 17,  0,  0,  0,  2,  2, 17, 19, 17, 26, 13,  7,
         0, 26, 17,  0,  6,  0,  7,  2,  7, 16,  0,  2, 39,  0, 13,  2,  0, 17,
        74,  0,  0, 17,  0, 56, 19,  0,  0, 17, 56,  2, 16,  0, 12, 17,  9, 16,
        62,  0,  2, 19,  0, 62,  0,  0,  0,  0,  0,  0, 17,  2,  1, 16,  0,  0,
        17, 16, 41, 17,  5,  2, 56, 19,  0,  0,  0,  9]), Box: ([92.8846664428711, 174.04306030273438, 150.7471160888672, 281.40155029296875], [135.79693603515625, 251.8505401611328, 275.92510986328125, 424.08697509765625], [0.032611191272735596, 188.23947143554688, 30.14242172241211, 224.825927734375], [135.75051879882812, 244.15037536621094, 317.7074279785156, 422.31146240234375], [59.377044677734375, 197.63059997558594, 113.25672149658203, 272.1700744628906], [233.9307403564453, 244.12242126464844, 317.6719055175781, 381.8467102050781], [235.02085876464844, 243.83688354492188, 317.79229736328125, 344.0519104003906], [55.32886505126953, 216.65411376953125, 83.91144561767578, 249.4110870361328], [189.7550506591797, 192.35836791992188, 200.5742645263672, 223.83779907226562], [77.42626953125, 197.57537841796875, 103.00303649902344, 241.33114624023438], [68.90428161621094, 197.9722900390625, 103.2773208618164, 242.85577392578125], [26.867708206176758, 198.8257598876953, 56.68804168701172, 223.6495819091797], [52.006980895996094, 216.2092742919922, 85.30789184570312, 278.739013671875], [-0.07663294672966003, 188.04336547851562, 53.49020004272461, 225.66065979003906], [255.20046997070312, 243.7376251220703, 317.8822326660156, 333.031494140625], [62.777069091796875, 198.37156677246094, 130.6739501953125, 280.4344787597656], [28.801084518432617, 199.32850646972656, 55.03166580200195, 219.15733337402344], [286.5553283691406, 171.4025421142578, 300.63665771484375, 210.53636169433594], [257.860107421875, 244.2130126953125, 317.59326171875, 383.1259460449219], [170.01266479492188, 185.5395965576172, 186.22901916503906, 223.10885620117188], [54.642452239990234, 215.06240844726562, 113.84217071533203, 278.1024475097656], [138.7624969482422, 244.20033264160156, 317.8218994140625, 346.3251647949219], [54.02023696899414, 207.10023498535156, 84.60192108154297, 251.50277709960938], [206.74957275390625, 201.05087280273438, 225.7960662841797, 227.71998596191406], [296.2615966796875, 177.88526916503906, 311.08428955078125, 211.9364776611328], [97.23157501220703, 174.15431213378906, 151.21044921875, 238.3671417236328], [73.05126953125, 142.4710235595703, 85.71490478515625, 152.88497924804688], [-0.09839795529842377, 188.04835510253906, 29.354385375976562, 224.95596313476562], [193.2008819580078, 243.416748046875, 317.8443908691406, 345.29388427734375], [177.34434509277344, 245.06231689453125, 317.5084228515625, 390.56072998046875], [143.89405822753906, 243.50331115722656, 318.5987548828125, 352.62823486328125], [28.740520477294922, 200.46282958984375, 43.73759078979492, 217.78233337402344], [141.7085723876953, 205.1121368408203, 158.57901000976562, 236.2809600830078], [70.84683227539062, 198.0384063720703, 113.95718383789062, 268.8955383300781], [262.8104248046875, 172.4461212158203, 281.3043518066406, 203.51348876953125], [53.362548828125, 201.85333251953125, 146.64193725585938, 280.8964538574219], [226.79510498046875, 206.27874755859375, 236.388427734375, 224.7440185546875], [334.8966979980469, 173.3677520751953, 347.69927978515625, 194.09744262695312], [136.58612060546875, 266.23455810546875, 182.9608917236328, 387.98895263671875], [141.5355987548828, 204.07688903808594, 166.7388153076172, 259.8251647949219], [121.07685089111328, 226.11761474609375, 317.2898254394531, 328.6372375488281], [332.5998229980469, 173.5791778564453, 347.8419189453125, 210.4032440185547], [214.0142822265625, 180.6157989501953, 223.66268920898438, 190.3597869873047], [285.94342041015625, 170.793212890625, 311.38543701171875, 212.95310974121094], [53.63691711425781, 216.93038940429688, 144.75660705566406, 281.0040588378906], [139.98861694335938, 202.90455627441406, 163.36434936523438, 237.4628448486328], [106.06292724609375, 174.1562042236328, 134.71316528320312, 200.41970825195312], [196.50418090820312, 202.26673889160156, 208.36459350585938, 225.2781219482422], [257.860107421875, 244.2130126953125, 317.59326171875, 383.1259460449219], [-0.12639909982681274, 76.48115539550781, 13.21951961517334, 108.21826171875], [-0.203243687748909, 97.79109191894531, 13.81960391998291, 116.10706329345703], [-0.18491525948047638, 75.33914184570312, 14.848639488220215, 113.8866958618164], [90.70711517333984, 197.65504455566406, 126.44154357910156, 279.6773986816406], [121.6810073852539, 226.36929321289062, 164.55960083007812, 271.5506286621094], [96.9639663696289, 173.46351623535156, 143.92196655273438, 228.16995239257812], [0.14741218090057373, 207.80145263671875, 11.206722259521484, 224.38626098632812], [71.66352081298828, 140.5399627685547, 88.55964660644531, 160.6609344482422], [266.1768493652344, 173.94859313964844, 277.37884521484375, 182.79869079589844], [106.9782943725586, 174.2976837158203, 154.56211853027344, 259.77825927734375], [0.08460833132266998, 203.5002899169922, 29.73968505859375, 225.47958374023438], [-0.16035069525241852, 98.36297607421875, 11.522287368774414, 108.24024200439453], [137.05580139160156, 244.87986755371094, 318.5083312988281, 422.0587463378906], [121.59461212158203, 219.2499237060547, 172.54347229003906, 279.3567199707031], [217.098876953125, 202.40524291992188, 227.600341796875, 225.13026428222656], [121.34463500976562, 204.64114379882812, 158.5789031982422, 262.31768798828125], [227.2113494873047, 202.02276611328125, 241.0319366455078, 224.8276824951172], [241.55947875976562, 204.0299835205078, 256.2670593261719, 226.4104766845703], [329.0962829589844, 173.31582641601562, 351.18121337890625, 236.24375915527344], [-0.07663294672966003, 188.04336547851562, 53.49020004272461, 225.66065979003906], [264.12451171875, 182.9077911376953, 280.6263427734375, 200.29458618164062], [121.34463500976562, 204.64114379882812, 158.5789031982422, 262.31768798828125], [122.70179748535156, 257.049560546875, 145.7086181640625, 281.08770751953125], [0.3708265721797943, 187.8734130859375, 66.70943450927734, 254.3898162841797], [-0.02755969762802124, 190.3512725830078, 60.63636016845703, 245.69227600097656], [262.63299560546875, 122.87385559082031, 276.8360595703125, 136.9481201171875], [79.55691528320312, 197.41146850585938, 98.79205322265625, 219.19302368164062], [71.43244934082031, 141.20913696289062, 91.26591491699219, 162.25128173828125], [334.8966979980469, 173.3677520751953, 347.69927978515625, 194.09744262695312], [140.97573852539062, 201.97132873535156, 173.91075134277344, 237.8317108154297], [144.58839416503906, 190.4737548828125, 164.4055633544922, 221.01341247558594], [206.2515411376953, 202.5242156982422, 218.91403198242188, 227.5282745361328], [69.1626205444336, 206.4744873046875, 82.66423797607422, 231.82386779785156], [233.9307403564453, 244.12242126464844, 317.6719055175781, 381.8467102050781], [332.5998229980469, 173.5791778564453, 347.8419189453125, 210.4032440185547], [264.12451171875, 182.9077911376953, 280.6263427734375, 200.29458618164062], [29.0214900970459, 205.60479736328125, 43.29581069946289, 224.9434051513672], [53.362548828125, 201.85333251953125, 146.64193725585938, 280.8964538574219], [196.72628784179688, 187.88351440429688, 208.45870971679688, 223.5819854736328], [87.62813568115234, 224.83665466308594, 148.4193572998047, 280.02618408203125], [302.4927673339844, 209.2654571533203, 375.0489501953125, 255.63330078125], [142.28065490722656, 204.9930877685547, 157.6168670654297, 223.13694763183594], [70.1895751953125, 206.57015991210938, 79.92906951904297, 217.4969482421875], [306.1240539550781, 168.27001953125, 324.9735107421875, 214.15797424316406], [347.09912109375, 167.52108764648438, 369.4911804199219, 225.8275146484375], [138.25421142578125, 265.6667785644531, 179.21392822265625, 329.22314453125], [70.42870330810547, 206.76718139648438, 80.37507629394531, 217.60894775390625], [211.4606475830078, 180.1044921875, 224.38629150390625, 200.2341766357422], [13.642648696899414, 199.69129943847656, 30.221250534057617, 225.22366333007812], [122.37653350830078, 230.97142028808594, 295.8009033203125, 379.5296936035156], [122.70179748535156, 257.049560546875, 145.7086181640625, 281.08770751953125], [332.69866943359375, 166.74009704589844, 369.1926574707031, 226.869140625], [141.75039672851562, 205.49082946777344, 160.25146484375, 256.73028564453125], [0.032611191272735596, 188.23947143554688, 30.14242172241211, 224.825927734375], [266.1825256347656, 173.91514587402344, 277.2534484863281, 182.7246856689453], [70.62580871582031, 216.28855895996094, 82.68317413330078, 232.62713623046875], [41.21391296386719, 168.27413940429688, 49.600868225097656, 175.24769592285156], [256.9561462402344, 213.88258361816406, 273.0838928222656, 235.31051635742188], [262.63299560546875, 122.87385559082031, 276.8360595703125, 136.9481201171875], [0.032611191272735596, 188.23947143554688, 30.14242172241211, 224.825927734375], [0.032611191272735596, 188.23947143554688, 30.14242172241211, 224.825927734375], [198.11767578125, 186.49061584472656, 207.9355010986328, 218.35987854003906], [251.2247772216797, 164.76925659179688, 373.8901062011719, 253.45957946777344], [321.0885925292969, 211.48837280273438, 333.4622497558594, 223.5516357421875], [92.9437484741211, 257.59344482421875, 145.4073944091797, 302.8326721191406], [70.58990478515625, 198.45571899414062, 100.07805633544922, 240.0899200439453], [233.65618896484375, 209.0450897216797, 241.92088317871094, 224.4361114501953], [137.64772033691406, 251.281494140625, 275.486083984375, 409.3872985839844], [176.65052795410156, 207.1746063232422, 190.2635498046875, 224.8690185546875], [87.8938980102539, 240.19906616210938, 141.74163818359375, 280.8559875488281], [-0.047211069613695145, 187.57080078125, 20.870229721069336, 204.65158081054688], [259.33074951171875, 208.61961364746094, 279.54364013671875, 222.65576171875], [237.03208923339844, 196.73233032226562, 256.0660705566406, 225.51243591308594], [247.9431610107422, 202.48056030273438, 261.1478576660156, 232.65701293945312], [25.811296463012695, 201.09017944335938, 65.53759765625, 238.19151306152344], [86.64906311035156, 228.996337890625, 115.2727279663086, 268.44122314453125], [53.63691711425781, 216.93038940429688, 144.75660705566406, 281.0040588378906], [70.1895751953125, 206.57015991210938, 79.92906951904297, 217.4969482421875], [87.02584075927734, 242.38221740722656, 114.06651306152344, 267.8788757324219], [116.63911437988281, 204.1174774169922, 153.89076232910156, 280.3870849609375], [206.74957275390625, 201.05087280273438, 225.7960662841797, 227.71998596191406], [261.33636474609375, 321.1495361328125, 289.34796142578125, 382.64483642578125], [55.32886505126953, 216.65411376953125, 83.91144561767578, 249.4110870361328], [-0.04966277629137039, 0.47887861728668213, 51.277320861816406, 92.2089614868164], [136.10401916503906, 250.53646850585938, 274.3885803222656, 419.5536804199219], [-0.06417743861675262, 2.7079918384552, 34.61872482299805, 74.61957550048828], [70.42870330810547, 206.76718139648438, 80.37507629394531, 217.60894775390625], [61.818233489990234, 206.28114318847656, 82.67115783691406, 228.4703369140625], [256.31402587890625, 206.8291473388672, 274.053955078125, 235.0155029296875], [120.14212036132812, 207.2991180419922, 318.0845642089844, 375.4204406738281], [121.65228271484375, 226.1420440673828, 162.7662353515625, 280.0257873535156], [222.44097900390625, 244.66737365722656, 318.06427001953125, 319.428955078125], [233.9307403564453, 244.12242126464844, 317.6719055175781, 381.8467102050781], [257.860107421875, 244.2130126953125, 317.59326171875, 383.1259460449219], [-0.9218081831932068, 188.1233367919922, 56.07381057739258, 225.9456329345703], [217.9999542236328, 201.6547393798828, 226.24810791015625, 216.91641235351562], [0.2826545238494873, 9.367315292358398, 31.52092933654785, 50.330562591552734], [60.868995666503906, 206.03988647460938, 79.93458557128906, 219.57264709472656], [233.9307403564453, 244.12242126464844, 317.6719055175781, 381.8467102050781], [137.22052001953125, 256.4835205078125, 236.5634765625, 385.9666748046875], [258.6466979980469, 170.69468688964844, 285.89678955078125, 221.0656280517578], [116.63911437988281, 204.1174774169922, 153.89076232910156, 280.3870849609375], [103.41732788085938, 268.335205078125, 144.27197265625, 303.6271057128906], [219.16268920898438, 248.58087158203125, 281.4700012207031, 288.2479553222656], [172.21517944335938, 184.29843139648438, 184.23155212402344, 203.04730224609375], [86.90185546875, 242.3496551513672, 120.68831634521484, 279.90594482421875], [172.7867431640625, 184.36752319335938, 183.80133056640625, 197.1875], [42.24418258666992, 206.4167022705078, 67.33322143554688, 221.7106475830078], [205.01748657226562, 252.38758850097656, 284.5106201171875, 344.78802490234375], [248.12791442871094, 202.69105529785156, 268.665771484375, 234.5854949951172], [251.2247772216797, 164.76925659179688, 373.8901062011719, 253.45957946777344], [239.38290405273438, 210.85250854492188, 255.10923767089844, 226.2652587890625], [347.8018493652344, 170.4092559814453, 368.05767822265625, 209.20587158203125], [60.868995666503906, 206.03988647460938, 79.93458557128906, 219.57264709472656], [317.49945068359375, 210.34072875976562, 337.745361328125, 236.9732666015625], [1.4201067686080933, 197.80430603027344, 158.57562255859375, 235.14077758789062], [87.8938980102539, 240.19906616210938, 141.74163818359375, 280.8559875488281], [317.49945068359375, 210.34072875976562, 337.745361328125, 236.9732666015625], [103.31566619873047, 258.3912353515625, 145.4207763671875, 302.819091796875], [270.9579772949219, 199.6091766357422, 283.789306640625, 223.14329528808594], [70.21617889404297, 242.8955078125, 99.66217041015625, 265.3354797363281], [235.02085876464844, 243.83688354492188, 317.79229736328125, 344.0519104003906], [235.02085876464844, 243.83688354492188, 317.79229736328125, 344.0519104003906], [135.75051879882812, 244.15037536621094, 317.7074279785156, 422.31146240234375], [70.21617889404297, 242.8955078125, 99.66217041015625, 265.3354797363281], [-0.21644239127635956, 75.2953872680664, 14.454957962036133, 117.12471771240234], [118.89481353759766, 220.64816284179688, 277.9994201660156, 344.6810302734375], [258.9873046875, 207.88284301757812, 373.6624755859375, 255.3500518798828], [262.63299560546875, 122.87385559082031, 276.8360595703125, 136.9481201171875], [136.10401916503906, 250.53646850585938, 274.3885803222656, 419.5536804199219], [61.818233489990234, 206.28114318847656, 82.67115783691406, 228.4703369140625], [121.59461212158203, 219.2499237060547, 172.54347229003906, 279.3567199707031], [253.7895050048828, 177.65138244628906, 260.92926025390625, 192.5017852783203], [235.02085876464844, 243.83688354492188, 317.79229736328125, 344.0519104003906], [29.11659049987793, 209.6200408935547, 43.40127182006836, 225.7538299560547], [145.3565673828125, 165.0028839111328, 369.59710693359375, 254.23208618164062], [274.9110107421875, 208.53480529785156, 335.00799560546875, 237.77040100097656], [96.76123809814453, 193.32545471191406, 114.62946319580078, 229.39100646972656], [221.10061645507812, 205.69992065429688, 231.8768310546875, 224.92837524414062], [272.683837890625, 180.80474853515625, 292.1846618652344, 222.69178771972656], [37.74949645996094, 203.24697875976562, 63.5502815246582, 220.76931762695312], [158.2848358154297, 167.56771850585938, 371.2610778808594, 254.9061737060547], [321.0885925292969, 211.48837280273438, 333.4622497558594, 223.5516357421875], [197.32960510253906, 201.7931365966797, 206.61196899414062, 221.24183654785156], [141.76686096191406, 203.19656372070312, 166.5540313720703, 223.3251495361328], [158.2848358154297, 167.56771850585938, 371.2610778808594, 254.9061737060547], [66.91559600830078, 243.6343994140625, 87.4926528930664, 277.2151184082031], [333.96112060546875, 183.08445739746094, 344.624755859375, 194.32461547851562], [55.32886505126953, 216.65411376953125, 83.91144561767578, 249.4110870361328], [66.91559600830078, 243.6343994140625, 87.4926528930664, 277.2151184082031], [92.9437484741211, 257.59344482421875, 145.4073944091797, 302.8326721191406], [261.4411315917969, 343.7944030761719, 288.33563232421875, 382.7624816894531], [278.2375793457031, 188.91004943847656, 292.06378173828125, 222.62452697753906], [148.40618896484375, 189.77980041503906, 160.61231994628906, 203.8894500732422], [121.85448455810547, 270.21319580078125, 135.8761444091797, 281.7037658691406], [54.335174560546875, 239.9354705810547, 144.22213745117188, 295.4903564453125], [256.44122314453125, 207.52133178710938, 281.28387451171875, 235.14820861816406], [105.53888702392578, 193.12437438964844, 114.58863830566406, 200.42918395996094], [87.62813568115234, 224.83665466308594, 148.4193572998047, 280.02618408203125], [261.4411315917969, 343.7944030761719, 288.33563232421875, 382.7624816894531], [-0.047211069613695145, 187.57080078125, 20.870229721069336, 204.65158081054688], [142.00222778320312, 200.68275451660156, 163.005859375, 222.89556884765625], [155.39495849609375, 195.62612915039062, 169.48194885253906, 220.01283264160156], [105.72647857666016, 174.2775115966797, 124.92293548583984, 200.00279235839844], [246.11318969726562, 202.16053771972656, 263.9989318847656, 233.83987426757812], [92.9437484741211, 257.59344482421875, 145.4073944091797, 302.8326721191406], [145.3565673828125, 165.0028839111328, 369.59710693359375, 254.23208618164062], [257.860107421875, 244.2130126953125, 317.59326171875, 383.1259460449219], [52.12697219848633, 224.789794921875, 144.47108459472656, 282.24468994140625], [-0.12226821482181549, 187.87937927246094, 13.107709884643555, 204.23829650878906], [54.642452239990234, 215.06240844726562, 113.84217071533203, 278.1024475097656], [137.64772033691406, 251.281494140625, 275.486083984375, 409.3872985839844], [38.00643539428711, 191.2056121826172, 71.89936065673828, 220.68472290039062], [141.7085723876953, 205.1121368408203, 158.57901000976562, 236.2809600830078], [232.4981689453125, 199.4618377685547, 246.26585388183594, 224.47506713867188], [258.6466979980469, 170.69468688964844, 285.89678955078125, 221.0656280517578], [317.2159118652344, 166.72598266601562, 373.9017639160156, 252.96771240234375], [122.70179748535156, 257.049560546875, 145.7086181640625, 281.08770751953125], [29.705820083618164, 207.20901489257812, 72.1641616821289, 225.21084594726562], [122.78350067138672, 220.11753845214844, 282.2559814453125, 272.5162658691406], [255.20046997070312, 243.7376251220703, 317.8822326660156, 333.031494140625], [140.97573852539062, 201.97132873535156, 173.91075134277344, 237.8317108154297], [86.64906311035156, 228.996337890625, 115.2727279663086, 268.44122314453125], [54.335174560546875, 239.9354705810547, 144.22213745117188, 295.4903564453125], [158.2848358154297, 167.56771850585938, 371.2610778808594, 254.9061737060547], [261.4411315917969, 343.7944030761719, 288.33563232421875, 382.7624816894531], [121.85448455810547, 270.21319580078125, 135.8761444091797, 281.7037658691406], [52.006980895996094, 216.2092742919922, 85.30789184570312, 278.739013671875], [200.72842407226562, 204.17344665527344, 211.25587463378906, 226.94381713867188], [251.2247772216797, 164.76925659179688, 373.8901062011719, 253.45957946777344], [248.4878692626953, 201.85964965820312, 259.055908203125, 222.4750518798828], [145.3565673828125, 165.0028839111328, 369.59710693359375, 254.23208618164062], [16.472373962402344, 188.7279510498047, 53.29029083251953, 218.73760986328125], [0.3708265721797943, 187.8734130859375, 66.70943450927734, 254.3898162841797], [255.20046997070312, 243.7376251220703, 317.8822326660156, 333.031494140625], [255.20046997070312, 243.7376251220703, 317.8822326660156, 333.031494140625], [256.9561462402344, 213.88258361816406, 273.0838928222656, 235.31051635742188], [189.7550506591797, 192.35836791992188, 200.5742645263672, 223.83779907226562], [139.93136596679688, 190.86322021484375, 161.0607147216797, 222.2985382080078], [92.9437484741211, 257.59344482421875, 145.4073944091797, 302.8326721191406], [206.74957275390625, 201.05087280273438, 225.7960662841797, 227.71998596191406], [121.6810073852539, 226.36929321289062, 164.55960083007812, 271.5506286621094], [261.4411315917969, 343.7944030761719, 288.33563232421875, 382.7624816894531], [266.1768493652344, 173.94859313964844, 277.37884521484375, 182.79869079589844], [26.703201293945312, 187.1746826171875, 46.3044548034668, 206.98497009277344], [13.642648696899414, 199.69129943847656, 30.221250534057617, 225.22366333007812], [139.98861694335938, 202.90455627441406, 163.36434936523438, 237.4628448486328], [333.96112060546875, 183.08445739746094, 344.624755859375, 194.32461547851562], [92.9437484741211, 257.59344482421875, 145.4073944091797, 302.8326721191406], [135.79693603515625, 251.8505401611328, 275.92510986328125, 424.08697509765625], [258.24407958984375, 173.75718688964844, 299.3856201171875, 223.3327178955078], [151.20675659179688, 197.06182861328125, 172.7095489501953, 221.20480346679688], [87.02584075927734, 242.38221740722656, 114.06651306152344, 267.8788757324219], [86.90185546875, 242.3496551513672, 120.68831634521484, 279.90594482421875], [29.453601837158203, 211.71841430664062, 58.57854080200195, 227.9997100830078], [135.75051879882812, 244.15037536621094, 317.7074279785156, 422.31146240234375], [0.3993983864784241, 190.61610412597656, 15.054996490478516, 212.222900390625], [262.8104248046875, 172.4461212158203, 281.3043518066406, 203.51348876953125], [86.90185546875, 242.3496551513672, 120.68831634521484, 279.90594482421875], [262.56805419921875, 174.56051635742188, 282.9202575683594, 222.63055419921875], [103.41732788085938, 268.335205078125, 144.27197265625, 303.6271057128906], [266.1768493652344, 173.94859313964844, 277.37884521484375, 182.79869079589844], [87.02584075927734, 242.38221740722656, 114.06651306152344, 267.8788757324219], [317.2159118652344, 166.72598266601562, 373.9017639160156, 252.96771240234375], [138.7624969482422, 244.20033264160156, 317.8218994140625, 346.3251647949219], [217.31051635742188, 198.28660583496094, 225.5469970703125, 214.37965393066406], [262.8104248046875, 172.4461212158203, 281.3043518066406, 203.51348876953125], [178.50851440429688, 204.03892517089844, 190.4063262939453, 224.41998291015625], [198.43824768066406, 190.21278381347656, 213.160400390625, 226.21426391601562], [69.89618682861328, 241.5335235595703, 102.6336898803711, 262.6507263183594], [159.5329132080078, 190.81637573242188, 178.4822540283203, 220.78085327148438], [216.58111572265625, 204.7981414794922, 226.29254150390625, 225.3686065673828], [12.671299934387207, 188.66566467285156, 25.858522415161133, 204.36033630371094], [62.777069091796875, 198.37156677246094, 130.6739501953125, 280.4344787597656], [53.362548828125, 201.85333251953125, 146.64193725585938, 280.8964538574219], [54.335174560546875, 239.9354705810547, 144.22213745117188, 295.4903564453125], [54.642452239990234, 215.06240844726562, 113.84217071533203, 278.1024475097656], [225.55145263671875, 206.1582794189453, 233.5529327392578, 222.53955078125], [104.49617004394531, 276.2351379394531, 121.02403259277344, 301.2352294921875], [87.09471130371094, 236.1932373046875, 128.26719665527344, 268.02508544921875], [122.70179748535156, 257.049560546875, 145.7086181640625, 281.08770751953125], [69.56645965576172, 244.2728729248047, 87.33480834960938, 266.0715026855469], [141.76686096191406, 203.19656372070312, 166.5540313720703, 223.3251495361328], [-0.07663294672966003, 188.04336547851562, 53.49020004272461, 225.66065979003906], [241.55947875976562, 204.0299835205078, 256.2670593261719, 226.4104766845703], [233.9307403564453, 244.12242126464844, 317.6719055175781, 381.8467102050781], [177.34434509277344, 245.06231689453125, 317.5084228515625, 390.56072998046875], [256.44122314453125, 207.52133178710938, 281.28387451171875, 235.14820861816406], [332.8056945800781, 189.9794158935547, 346.34588623046875, 209.19444274902344], [239.38290405273438, 210.85250854492188, 255.10923767089844, 226.2652587890625], [332.8056945800781, 189.9794158935547, 346.34588623046875, 209.19444274902344]), Score: [0.7755904793739319, 0.7693767547607422, 0.5550140142440796, 0.4945856034755707, 0.4364798665046692, 0.4112878441810608, 0.36452290415763855, 0.3343304693698883, 0.30584678053855896, 0.3048686683177948, 0.2666800320148468, 0.25133639574050903, 0.24787284433841705, 0.22154372930526733, 0.2146797925233841, 0.21115140616893768, 0.19859366118907928, 0.19417960941791534, 0.18587173521518707, 0.17426812648773193, 0.17048679292201996, 0.16862142086029053, 0.16739711165428162, 0.1603589802980423, 0.15586568415164948, 0.155809223651886, 0.15259221196174622, 0.14488965272903442, 0.14355044066905975, 0.14194756746292114, 0.14062558114528656, 0.1391177773475647, 0.13573062419891357, 0.13382594287395477, 0.13245245814323425, 0.13240770995616913, 0.1286826729774475, 0.12711726129055023, 0.12711705267429352, 0.12419277429580688, 0.12311108410358429, 0.12229662388563156, 0.11911802738904953, 0.11909586936235428, 0.11740098148584366, 0.11264097690582275, 0.11067915707826614, 0.11043276637792587, 0.10911715030670166, 0.10904446989297867, 0.10834690183401108, 0.10761664062738419, 0.1074184775352478, 0.10593975335359573, 0.1053847223520279, 0.10460804402828217, 0.10268136113882065, 0.10268015414476395, 0.10139667987823486, 0.09845573455095291, 0.09806230664253235, 0.09767576307058334, 0.09568648785352707, 0.09532129764556885, 0.09489338099956512, 0.09393975883722305, 0.09226536750793457, 0.09199462085962296, 0.09185027331113815, 0.08989494293928146, 0.0893038660287857, 0.08877619355916977, 0.08815360069274902, 0.08658717572689056, 0.0855482891201973, 0.08531294018030167, 0.08447163552045822, 0.08442186564207077, 0.08302666991949081, 0.08301111310720444, 0.08300025016069412, 0.07958871871232986, 0.07935787737369537, 0.07857653498649597, 0.07828913629055023, 0.0782630443572998, 0.07786589860916138, 0.07748278230428696, 0.07718382775783539, 0.0767710730433464, 0.07675579935312271, 0.07656152546405792, 0.07635406404733658, 0.07633807510137558, 0.07563469558954239, 0.07515318691730499, 0.07457663863897324, 0.07416795194149017, 0.07365487515926361, 0.07336405664682388, 0.07206878066062927, 0.07134735584259033, 0.07124781608581543, 0.07095576822757721, 0.07058130204677582, 0.06860483437776566, 0.06856168061494827, 0.06854434311389923, 0.06802336871623993, 0.06791398674249649, 0.06760477274656296, 0.06731989979743958, 0.06683988869190216, 0.06585074216127396, 0.06564135104417801, 0.06542567908763885, 0.06478441506624222, 0.06450971215963364, 0.06449341773986816, 0.06444994360208511, 0.06400498747825623, 0.06390521675348282, 0.06338441371917725, 0.06242390349507332, 0.06209201365709305, 0.061773981899023056, 0.06172613799571991, 0.061547085642814636, 0.06147758662700653, 0.06097748875617981, 0.06096895411610603, 0.06066896766424179, 0.060139887034893036, 0.05914873629808426, 0.05914251506328583, 0.058818090707063675, 0.05879713594913483, 0.058681316673755646, 0.05866580829024315, 0.058488842099905014, 0.05835667625069618, 0.05830616131424904, 0.058173954486846924, 0.05799248814582825, 0.05757661536335945, 0.057526927441358566, 0.05728151276707649, 0.056948915123939514, 0.05690786615014076, 0.05675799399614334, 0.05628063529729843, 0.056083809584379196, 0.055894885212183, 0.055156514048576355, 0.05498278886079788, 0.05472229793667793, 0.05425985902547836, 0.05377969145774841, 0.05376894772052765, 0.05366377532482147, 0.053606536239385605, 0.05329965054988861, 0.05321577191352844, 0.05318240448832512, 0.053155284374952316, 0.053114429116249084, 0.052752021700143814, 0.052612606436014175, 0.052532877773046494, 0.052358828485012054, 0.052291519939899445, 0.05142016336321831, 0.05111924931406975, 0.051081374287605286, 0.051074158400297165, 0.050337426364421844, 0.04964820668101311, 0.049566756933927536, 0.049551621079444885, 0.04941359534859657, 0.049406085163354874, 0.04907888546586037, 0.04886545613408089, 0.048700228333473206, 0.04856373742222786, 0.04855372756719589, 0.04840262979269028, 0.04818982630968094, 0.048105306923389435, 0.048022374510765076, 0.04753447324037552, 0.04718464985489845, 0.04715590924024582, 0.046999651938676834, 0.046849701553583145, 0.046564165502786636, 0.04654274508357048, 0.0465005487203598, 0.0464259535074234, 0.04623124748468399, 0.046225666999816895, 0.04615963250398636, 0.046159036457538605, 0.04577086865901947, 0.045730579644441605, 0.0457291416823864, 0.04568459093570709, 0.045630622655153275, 0.045107416808605194, 0.04505252465605736, 0.044998109340667725, 0.044987089931964874, 0.044923704117536545, 0.044862549751996994, 0.044654518365859985, 0.04464321210980415, 0.04450306296348572, 0.0442810095846653, 0.04390611872076988, 0.04387122392654419, 0.043282732367515564, 0.04310743883252144, 0.042899806052446365, 0.04276203736662865, 0.042537011206150055, 0.042526327073574066, 0.04242585971951485, 0.04237901419401169, 0.041843853890895844, 0.04167559742927551, 0.041639141738414764, 0.04152204468846321, 0.041519712656736374, 0.04150199517607689, 0.04134368896484375, 0.04129929095506668, 0.04122866317629814, 0.041207581758499146, 0.04103056713938713, 0.04099826142191887, 0.04085114970803261, 0.040829505771398544, 0.04065274819731712, 0.040201202034950256, 0.039913810789585114, 0.039733100682497025, 0.03970971331000328, 0.039551056921482086, 0.03938945755362511, 0.0392950102686882, 0.039294738322496414, 0.03927737846970558, 0.039271432906389236, 0.03911563381552696, 0.03895069658756256, 0.038608234375715256, 0.03860752284526825, 0.03835558518767357, 0.038324274122714996, 0.03814033046364784, 0.03807881101965904, 0.03792133927345276, 0.03767584636807442, 0.037649109959602356, 0.037371668964624405, 0.037281814962625504, 0.03719082102179527, 0.037190258502960205, 0.03694988787174225, 0.03688839077949524, 0.036704618483781815, 0.03667735680937767, 0.036628033965826035, 0.03658634424209595, 0.03644482418894768, 0.03623070940375328, 0.035949189215898514, 0.03590663522481918, 0.03584175184369087, 0.03579738736152649, 0.03571723774075508, 0.03567390888929367, 0.035606928169727325, 0.035391271114349365, 0.035114023834466934, 0.035104114562273026, 0.035021599382162094, 0.034952517598867416, 0.03486953303217888, 0.034770309925079346, 0.03474007546901703, 0.03471902385354042, 0.034499309957027435, 0.034460607916116714, 0.034223079681396484, 0.034121036529541016, 0.03395308181643486, 0.03394269198179245, 0.03388480842113495, 0.03371687978506088]

Execution time: 0.4164 sec
