Label: tensor([ 0,  0, 63,  0, 27,  0,  0, 63,  0,  0,  0, 63,  0,  0, 27, 67, 56, 56,
        74,  0, 56, 74,  0,  0,  0, 56, 27, 56, 27, 66, 56, 27, 56, 56, 66, 56,
        66, 67,  0, 56, 56, 56, 56,  0, 56,  0,  0,  0,  0,  0, 56,  0,  0, 56,
        66,  0,  0, 63, 66,  0,  0, 74,  0, 56,  0, 56,  0, 56, 27, 43,  0, 66,
        73,  0, 56, 56, 66,  0,  0,  0,  0, 63,  0,  0, 56, 56, 63,  0, 63,  0,
         0, 56, 63,  0, 74,  0, 27,  0, 56,  0,  0, 56, 56,  0,  0, 56, 56,  0,
        66,  0,  0,  0, 27,  0, 63,  0, 27,  0, 63, 60, 74,  0, 66,  0,  0, 66,
        56, 27,  0, 27, 56, 67, 73, 67,  0, 56,  0, 56, 56, 27,  0,  0, 56, 60,
        67,  0,  0,  0, 56,  0,  0,  0,  0, 26, 63, 56,  0, 56, 66, 56, 66,  0,
         0,  0,  0, 60,  0, 60, 60,  0, 60, 56, 60, 43,  0,  0, 56,  0, 56, 60,
        56, 56, 66, 73, 74,  0,  0,  0, 44,  0, 63, 63, 56, 60, 66, 67,  0, 56,
         0, 56,  0, 56, 63, 67, 63, 73, 60, 56, 60, 57,  0, 63, 63, 60, 60, 60,
        60, 42,  0,  0, 60,  0,  0,  0, 73, 57, 73, 60, 60,  0,  0, 67,  0, 57,
        24,  0, 56,  0, 60, 56,  0, 56, 60, 63, 56, 60,  0, 13, 39, 56, 56, 56,
        60, 60, 56, 13,  0, 56, 60, 56, 57, 56, 56, 56,  0, 56, 56, 60, 57,  0,
        56, 63, 56,  0, 57, 76, 67, 67,  0, 13, 56,  0, 60,  0, 60, 56,  0, 56,
        63,  0, 73, 60,  0, 57,  0,  0, 67, 60, 56,  0]), Box: ([0.14016425609588623, -0.31335651874542236, 336.2800598144531, 499.47088623046875], [60.559024810791016, 0.11196732521057129, 468.7425842285156, 500.10693359375], [58.61149978637695, 359.1040954589844, 318.8828430175781, 468.3612060546875], [-0.11582280695438385, -0.45621395111083984, 157.83311462402344, 268.7756042480469], [387.845458984375, 182.74212646484375, 411.0845947265625, 238.4864044189453], [0.09621267020702362, -0.41184574365615845, 157.87437438964844, 171.75665283203125], [0.2904970049858093, -0.013306736946105957, 156.219970703125, 158.3076171875], [58.6377067565918, 229.7842254638672, 337.7496643066406, 469.0882263183594], [426.199951171875, -0.08654221892356873, 469.0387878417969, 68.5777359008789], [0.09987122565507889, -0.07623061537742615, 93.66178894042969, 68.3108901977539], [-0.05102758854627609, -0.2498328685760498, 96.47708129882812, 269.72161865234375], [60.051353454589844, 229.11050415039062, 338.40850830078125, 468.6588439941406], [0.09232348948717117, -0.27383118867874146, 98.89415740966797, 160.39764404296875], [0.06374692171812057, -0.07184594869613647, 98.92041015625, 198.009521484375], [452.8311462402344, 31.637083053588867, 469.1188049316406, 62.21902084350586], [228.28858947753906, 312.4827880859375, 238.858642578125, 358.58624267578125], [274.3681335449219, -0.1389533281326294, 371.11529541015625, 74.34553527832031], [44.07855224609375, 134.17047119140625, 106.7425308227539, 225.5181427001953], [289.69976806640625, 437.8841247558594, 305.516845703125, 471.0589294433594], [385.3597717285156, -0.21061673760414124, 469.1647644042969, 69.90164184570312], [1.505444884300232, 133.8710479736328, 107.26240539550781, 234.94410705566406], [291.7032470703125, 438.6382751464844, 304.6050109863281, 457.8424072265625], [389.0101013183594, -0.1187734305858612, 468.9454345703125, 68.15849304199219], [421.02557373046875, -0.3154054284095764, 469.1329650878906, 134.20718383789062], [420.47021484375, -0.26044249534606934, 469.1173400878906, 197.14752197265625], [0.5660138130187988, 139.01763916015625, 67.81410217285156, 238.0989227294922], [451.367431640625, 24.6795654296875, 469.0989074707031, 67.08939361572266], [0.1345558762550354, 138.09225463867188, 70.65843963623047, 269.6226501464844], [452.11566162109375, 21.679737091064453, 469.0255432128906, 65.88145446777344], [59.749027252197266, 362.9945983886719, 318.1762390136719, 467.62799072265625], [43.943450927734375, 138.62559509277344, 67.39107513427734, 225.69334411621094], [450.6236877441406, 23.386524200439453, 469.0829162597656, 66.85482788085938], [0.15004271268844604, 141.86500549316406, 60.52287673950195, 233.65817260742188], [275.1033020019531, -0.17765164375305176, 370.724609375, 38.927555084228516], [59.27275085449219, 371.4766845703125, 241.83164978027344, 464.30859375], [-0.06448335200548172, 175.33316040039062, 23.07263946533203, 199.85397338867188], [61.14247131347656, 355.0574035644531, 214.582275390625, 418.6584167480469], [227.9994354248047, 302.4503173828125, 282.0387878417969, 358.8604736328125], [395.4141540527344, 0.1222565770149231, 468.8193664550781, 207.58631896972656], [270.70880126953125, -0.33967941999435425, 372.9825439453125, 103.36822509765625], [274.7010192871094, -0.22850185632705688, 468.60443115234375, 73.73397064208984], [0.08244853466749191, 144.14120483398438, 35.25273513793945, 237.3475799560547], [0.19807304441928864, 174.77381896972656, 23.87101173400879, 271.4172058105469], [380.59381103515625, -0.9009912610054016, 469.1141662597656, 173.8343505859375], [1.0396727323532104, 70.7022476196289, 124.00425720214844, 244.83255004882812], [0.07336679100990295, -0.2822093665599823, 154.6486358642578, 81.60838317871094], [1.1585216522216797, -0.25244057178497314, 469.7539978027344, 499.7425537109375], [299.6437683105469, -0.5396828055381775, 468.9579162597656, 241.30117797851562], [0.24131789803504944, -0.44289231300354004, 274.60882568359375, 270.5466003417969], [222.28216552734375, -0.04287064075469971, 468.3990783691406, 388.54925537109375], [4.044821262359619, 134.29248046875, 108.43019104003906, 248.4657440185547], [-0.03395083546638489, -0.18338114023208618, 281.4541931152344, 156.18487548828125], [58.09626388549805, 0.15857070684432983, 156.77027893066406, 139.1266632080078], [59.64841079711914, 133.6734619140625, 109.408203125, 179.1241455078125], [63.040000915527344, 355.1806640625, 215.54226684570312, 415.3419494628906], [0.17474058270454407, -0.40965527296066284, 66.6762924194336, 180.57986450195312], [382.389892578125, -1.005195140838623, 469.1982421875, 179.56051635742188], [57.69416809082031, 292.4617919921875, 319.8708801269531, 468.80218505859375], [92.22146606445312, 376.91827392578125, 238.32681274414062, 442.6782531738281], [213.0907745361328, 122.77598571777344, 468.7440490722656, 500.1923522949219], [406.3824462890625, -0.13464689254760742, 469.04852294921875, 293.3486328125], [290.0074768066406, 456.5845947265625, 304.8854675292969, 471.9630126953125], [249.3349609375, -0.18075108528137207, 468.7554931640625, 387.2112121582031], [2.040534019470215, 127.49024963378906, 114.69546508789062, 271.7960510253906], [111.70375061035156, -0.4966035485267639, 158.81495666503906, 114.97984313964844], [274.98699951171875, -1.2506712675094604, 468.1529846191406, 57.154090881347656], [370.5973205566406, -0.26117265224456787, 469.143798828125, 264.0856628417969], [275.01446533203125, -0.515766441822052, 469.01580810546875, 235.12112426757812], [386.94085693359375, 117.27162170410156, 458.87591552734375, 239.8405303955078], [227.9957733154297, 312.2318115234375, 242.0513458251953, 392.2656555175781], [211.95950317382812, -0.7338225841522217, 468.2029113769531, 499.2608642578125], [58.51626968383789, 355.1902770996094, 241.3440704345703, 464.5700988769531], [59.749027252197266, 362.9945983886719, 318.1762390136719, 467.62799072265625], [-0.030673161149024963, -0.03886222839355469, 214.47842407226562, 272.4166564941406], [276.91156005859375, -0.39001739025115967, 431.42132568359375, 39.642608642578125], [275.3128662109375, -0.7020440101623535, 468.12359619140625, 47.230064392089844], [108.38224792480469, 355.1455383300781, 214.61666870117188, 397.5140686035156], [293.6412658691406, -0.5198419094085693, 469.2398376464844, 125.14203643798828], [0.12447474896907806, 0.0068247318267822266, 65.3081283569336, 272.0469665527344], [0.23627908527851105, -0.8273571729660034, 168.63150024414062, 369.4251708984375], [0.26465997099876404, 0.0580325722694397, 284.6321716308594, 199.98397827148438], [56.65164566040039, 160.46810913085938, 372.9978942871094, 469.02410888671875], [0.7154834270477295, -1.3307034969329834, 335.198974609375, 397.28668212890625], [274.7010192871094, -0.22850185632705688, 468.60443115234375, 73.73397064208984], [273.870849609375, -0.26627257466316223, 468.3797912597656, 115.46111297607422], [-0.11582280695438385, -0.45621395111083984, 157.83311462402344, 268.7756042480469], [63.040000915527344, 355.1806640625, 215.54226684570312, 415.3419494628906], [276.4324035644531, 0.056684017181396484, 469.11834716796875, 174.71322631835938], [61.14247131347656, 355.0574035644531, 214.582275390625, 418.6584167480469], [163.61341857910156, -0.570937991142273, 468.8709411621094, 499.3381042480469], [73.37356567382812, -0.07627904415130615, 157.79518127441406, 137.932861328125], [-0.05102758854627609, -0.2498328685760498, 96.47708129882812, 269.72161865234375], [59.932926177978516, 154.9881134033203, 338.4396057128906, 469.7379455566406], [63.11906051635742, 119.00759887695312, 468.5666198730469, 499.6862487792969], [289.7111511230469, 419.81195068359375, 306.4679870605469, 458.7122802734375], [52.28506851196289, -0.46828389167785645, 474.1396179199219, 466.47784423828125], [319.03619384765625, 155.94921875, 399.0740966796875, 286.1285095214844], [295.3976745605469, -0.8636265993118286, 468.8362731933594, 498.5191345214844], [276.86871337890625, 0.02833455801010132, 468.80914306640625, 160.3147430419922], [449.57501220703125, -0.1247301697731018, 469.1361389160156, 65.42120361328125], [434.7988586425781, 0.13014301657676697, 468.6854553222656, 38.81203079223633], [44.981388092041016, 134.7764129638672, 110.07534790039062, 222.3112030029297], [92.123046875, 137.12281799316406, 114.53195190429688, 174.55758666992188], [275.01446533203125, -0.515766441822052, 469.01580810546875, 235.12112426757812], [0.6771018505096436, -0.7187724113464355, 289.7802429199219, 363.7671813964844], [272.8190612792969, 0.0029318034648895264, 297.7386779785156, 34.55539321899414], [278.94329833984375, -0.5558021068572998, 468.8017883300781, 63.52309799194336], [64.62324523925781, 0.02059340476989746, 469.32562255859375, 405.206298828125], [238.37380981445312, 378.8158874511719, 319.3540344238281, 425.5384216308594], [0.44737109541893005, -0.55812668800354, 155.7708740234375, 95.38595581054688], [232.41632080078125, -0.9017139673233032, 468.5930480957031, 387.5055236816406], [0.6025469303131104, -0.8750706911087036, 270.7707214355469, 321.6031188964844], [453.3343505859375, 32.66048812866211, 468.5327453613281, 55.92892074584961], [210.49383544921875, -2.804785966873169, 468.5263366699219, 442.29583740234375], [58.48408126831055, 368.0697021484375, 318.5705871582031, 498.8904113769531], [393.6928405761719, 0.8606165647506714, 468.87445068359375, 472.3374938964844], [387.0662841796875, 140.91860961914062, 446.2100524902344, 236.5157012939453], [187.0614471435547, 117.4559326171875, 470.3982849121094, 499.6005554199219], [227.9994354248047, 302.4503173828125, 282.0387878417969, 358.8604736328125], [58.48408126831055, 368.0697021484375, 318.5705871582031, 498.8904113769531], [341.1402893066406, 443.4284362792969, 359.2829895019531, 462.5295104980469], [276.86871337890625, 0.02833455801010132, 468.80914306640625, 160.3147430419922], [62.61140823364258, 353.5400085449219, 226.59072875976562, 420.0179443359375], [278.94329833984375, -0.5558021068572998, 468.8017883300781, 63.52309799194336], [0.13302622735500336, 91.06536102294922, 28.837709426879883, 271.9368896484375], [131.54185485839844, 355.943603515625, 213.94737243652344, 389.3325500488281], [271.25775146484375, -0.03318488597869873, 295.4314880371094, 33.87990188598633], [400.8575439453125, 185.27346801757812, 411.0014953613281, 215.08688354492188], [293.06634521484375, 0.11299550533294678, 468.6907653808594, 321.182861328125], [445.43182373046875, 19.720375061035156, 456.02081298828125, 39.867942810058594], [276.4324035644531, 0.056684017181396484, 469.11834716796875, 174.71322631835938], [227.9957733154297, 312.2318115234375, 242.0513458251953, 392.2656555175781], [227.9994354248047, 302.4503173828125, 282.0387878417969, 358.8604736328125], [238.37380981445312, 378.8158874511719, 319.3540344238281, 425.5384216308594], [0.13938851654529572, -0.10642409324645996, 156.36683654785156, 232.80181884765625], [275.82666015625, -0.8037984371185303, 468.8133850097656, 124.98754119873047], [205.93411254882812, -0.35669374465942383, 287.04644775390625, 31.061485290527344], [273.7133483886719, -0.46403706073760986, 468.62921142578125, 74.29904174804688], [-0.8117066025733948, 72.55186462402344, 95.51072692871094, 231.38137817382812], [0.24733686447143555, -0.18873438239097595, 16.52968978881836, 35.00395202636719], [80.81452941894531, -0.04350394010543823, 159.27655029296875, 76.01309204101562], [452.11566162109375, 21.679737091064453, 469.0255432128906, 65.88145446777344], [64.49890899658203, 240.9662322998047, 128.02719116210938, 315.2579345703125], [275.1033020019531, -0.17765164375305176, 370.724609375, 38.927555084228516], [221.77572631835938, 305.6581115722656, 281.840087890625, 386.8106689453125], [273.870849609375, -0.26627257466316223, 468.3797912597656, 115.46111297607422], [298.4228210449219, 0.009402632713317871, 468.9839172363281, 491.34344482421875], [0.19807304441928864, 174.77381896972656, 23.87101173400879, 271.4172058105469], [210.31146240234375, 463.6855163574219, 320.88690185546875, 499.9556579589844], [1.360772967338562, 0.4160553216934204, 340.8216857910156, 273.2366943359375], [2.0602104663848877, 0.4245489835739136, 335.8823547363281, 499.20709228515625], [407.239013671875, -0.836789608001709, 469.33343505859375, 499.05780029296875], [274.3681335449219, -0.1389533281326294, 371.11529541015625, 74.34553527832031], [210.31146240234375, 463.6855163574219, 320.88690185546875, 499.9556579589844], [59.27275085449219, 371.4766845703125, 241.83164978027344, 464.30859375], [1.360772967338562, 0.4160553216934204, 340.8216857910156, 273.2366943359375], [377.2848815917969, -0.5299746990203857, 469.30279541015625, 498.9935607910156], [59.98170471191406, 132.96017456054688, 106.08204650878906, 155.22381591796875], [62.77654266357422, 354.9822998046875, 216.88238525390625, 417.7023620605469], [288.3434753417969, -1.0415539741516113, 469.53729248046875, 164.08782958984375], [238.73550415039062, 379.7498779296875, 287.8133544921875, 413.03643798828125], [0.255420982837677, 0.31720101833343506, 469.2359313964844, 269.0881042480469], [160.4119415283203, 121.47200012207031, 469.89263916015625, 498.52740478515625], [275.82666015625, -0.8037984371185303, 468.8133850097656, 124.98754119873047], [225.97854614257812, -0.268593430519104, 292.0116882324219, 33.01946258544922], [274.3681335449219, -0.1389533281326294, 371.11529541015625, 74.34553527832031], [0.0026172474026679993, 343.4951171875, 99.37767028808594, 499.93182373046875], [0.7761169672012329, 319.361328125, 316.0123596191406, 500.6772766113281], [275.3128662109375, -0.7020440101623535, 468.12359619140625, 47.230064392089844], [274.98699951171875, -1.2506712675094604, 468.1529846191406, 57.154090881347656], [1.0396727323532104, 70.7022476196289, 124.00425720214844, 244.83255004882812], [0.09987122565507889, -0.07623061537742615, 93.66178894042969, 68.3108901977539], [210.31146240234375, 463.6855163574219, 320.88690185546875, 499.9556579589844], [228.28858947753906, 312.4827880859375, 238.858642578125, 358.58624267578125], [0.7431445121765137, -0.1359805464744568, 367.1490173339844, 153.91400146484375], [275.3128662109375, -0.7020440101623535, 468.12359619140625, 47.230064392089844], [0.9045717120170593, 132.4697723388672, 31.7235164642334, 272.4222717285156], [0.24733686447143555, -0.18873438239097595, 16.52968978881836, 35.00395202636719], [225.97854614257812, -0.268593430519104, 292.0116882324219, 33.01946258544922], [274.7010192871094, -0.22850185632705688, 468.60443115234375, 73.73397064208984], [45.7680549621582, 138.05172729492188, 72.95301055908203, 186.27781677246094], [0.06374692171812057, -0.07184594869613647, 98.92041015625, 198.009521484375], [59.41478729248047, 368.5285339355469, 319.3283386230469, 467.6383056640625], [221.77572631835938, 305.6581115722656, 281.840087890625, 386.8106689453125], [301.45953369140625, 431.1343688964844, 311.9410095214844, 460.4184265136719], [0.1682026982307434, 2.8204469680786133, 329.06170654296875, 470.2003479003906], [281.5917663574219, 0.4882514476776123, 468.2996826171875, 329.12506103515625], [300.9919128417969, -0.5892962217330933, 468.6601867675781, 258.65484619140625], [227.9957733154297, 312.2318115234375, 242.0513458251953, 392.2656555175781], [0.6409565210342407, -0.06171315908432007, 370.7870178222656, 243.5092315673828], [58.51626968383789, 355.1902770996094, 241.3440704345703, 464.5700988769531], [46.924835205078125, 215.20962524414062, 343.3028869628906, 469.0824890136719], [228.28858947753906, 312.4827880859375, 238.858642578125, 358.58624267578125], [274.98699951171875, -1.2506712675094604, 468.1529846191406, 57.154090881347656], [154.13858032226562, 411.0115051269531, 241.27650451660156, 451.95550537109375], [228.2086181640625, 312.5160217285156, 238.28172302246094, 338.6193542480469], [68.03621673583984, 446.8720703125, 302.0638732910156, 500.21417236328125], [0.24733686447143555, -0.18873438239097595, 16.52968978881836, 35.00395202636719], [0.10980208963155746, 47.03203582763672, 25.482297897338867, 270.2693176269531], [-0.030673161149024963, -0.03886222839355469, 214.47842407226562, 272.4166564941406], [288.3434753417969, -1.0415539741516113, 469.53729248046875, 164.08782958984375], [-0.06470786035060883, -0.5900859832763672, 151.30267333984375, 273.59918212890625], [238.37380981445312, 378.8158874511719, 319.3540344238281, 425.5384216308594], [58.61149978637695, 359.1040954589844, 318.8828430175781, 468.3612060546875], [1.25298011302948, 347.7878112792969, 241.54405212402344, 499.95465087890625], [58.61149978637695, 359.1040954589844, 318.8828430175781, 468.3612060546875], [2.040534019470215, 127.49024963378906, 114.69546508789062, 271.7960510253906], [0.24131789803504944, -0.44289231300354004, 274.60882568359375, 270.5466003417969], [276.91156005859375, -0.39001739025115967, 431.42132568359375, 39.642608642578125], [1.3949055671691895, 319.33905029296875, 468.7952880859375, 500.2584533691406], [3.16377329826355, 137.598388671875, 469.30035400390625, 499.33367919921875], [-0.06448335200548172, 175.33316040039062, 23.07263946533203, 199.85397338867188], [59.749027252197266, 362.9945983886719, 318.1762390136719, 467.62799072265625], [44.07855224609375, 134.17047119140625, 106.7425308227539, 225.5181427001953], [1.1745116710662842, 293.83392333984375, 316.61163330078125, 500.45281982421875], [0.30684342980384827, 269.45458984375, 314.7453918457031, 499.6285400390625], [-0.11582280695438385, -0.45621395111083984, 157.83311462402344, 268.7756042480469], [227.9957733154297, 312.2318115234375, 242.0513458251953, 392.2656555175781], [61.177001953125, 407.31256103515625, 314.7149963378906, 500.2064208984375], [432.15447998046875, 0.5860775709152222, 468.8420715332031, 57.557437896728516], [58.573814392089844, 310.4140625, 315.47540283203125, 499.6767578125], [214.4668426513672, 286.67364501953125, 468.8910827636719, 499.1408386230469], [54.71806716918945, -0.21329522132873535, 471.16619873046875, 467.58782958984375], [270.70880126953125, -0.33967941999435425, 372.9825439453125, 103.36822509765625], [63.040000915527344, 355.1806640625, 215.54226684570312, 415.3419494628906], [1.0504491329193115, 315.0095520019531, 469.519287109375, 500.20562744140625], [61.14247131347656, 355.0574035644531, 214.582275390625, 418.6584167480469], [0.18180260062217712, 264.8673095703125, 316.0550231933594, 489.0734558105469], [210.5269012451172, 414.5885314941406, 469.0523376464844, 500.01776123046875], [226.97731018066406, 229.55557250976562, 340.1235656738281, 383.6188049316406], [452.8311462402344, 31.637083053588867, 469.1188049316406, 62.21902084350586], [59.749027252197266, 362.9945983886719, 318.1762390136719, 467.62799072265625], [7.311072826385498, 0.275343656539917, 436.8320617675781, 500.2330627441406], [3.16377329826355, 137.598388671875, 469.30035400390625, 499.33367919921875], [0.09987122565507889, -0.07623061537742615, 93.66178894042969, 68.3108901977539], [273.7133483886719, -0.46403706073760986, 468.62921142578125, 74.29904174804688], [210.5269012451172, 414.5885314941406, 469.0523376464844, 500.01776123046875], [276.91156005859375, -0.39001739025115967, 431.42132568359375, 39.642608642578125], [1.505444884300232, 133.8710479736328, 107.26240539550781, 234.94410705566406], [0.09621267020702362, -0.41184574365615845, 157.87437438964844, 171.75665283203125], [61.58737564086914, -3.1980276107788086, 154.8714141845703, 84.31578063964844], [293.6412658691406, -0.5198419094085693, 469.2398376464844, 125.14203643798828], [1.0504491329193115, 315.0095520019531, 469.519287109375, 500.20562744140625], [108.38224792480469, 355.1455383300781, 214.61666870117188, 397.5140686035156], [205.93411254882812, -0.35669374465942383, 287.04644775390625, 31.061485290527344], [278.94329833984375, -0.5558021068572998, 468.8017883300781, 63.52309799194336], [51.211334228515625, 0.5604028701782227, 469.8918762207031, 500.5553894042969], [1.505444884300232, 133.8710479736328, 107.26240539550781, 234.94410705566406], [289.69976806640625, 437.8841247558594, 305.516845703125, 471.0589294433594], [0.2904970049858093, -0.013306736946105957, 156.219970703125, 158.3076171875], [0.10980208963155746, 47.03203582763672, 25.482297897338867, 270.2693176269531], [273.7859191894531, -0.7135235071182251, 469.2917785644531, 74.34066772460938], [1.25298011302948, 347.7878112792969, 241.54405212402344, 499.95465087890625], [202.59107971191406, 379.0138244628906, 319.69818115234375, 499.52447509765625], [0.6409565210342407, -0.06171315908432007, 370.7870178222656, 243.5092315673828], [44.07855224609375, 134.17047119140625, 106.7425308227539, 225.5181427001953], [0.9045717120170593, 132.4697723388672, 31.7235164642334, 272.4222717285156], [3.16377329826355, 137.598388671875, 469.30035400390625, 499.33367919921875], [1.360772967338562, 0.4160553216934204, 340.8216857910156, 273.2366943359375], [227.69378662109375, 220.4364776611328, 337.594482421875, 356.2870788574219], [51.211334228515625, 0.5604028701782227, 469.8918762207031, 500.5553894042969], [-0.17347213625907898, 3.328859806060791, 156.04318237304688, 234.88693237304688], [272.7026672363281, -0.23816339671611786, 316.5974426269531, 34.06570816040039], [0.5338590741157532, 221.7234649658203, 66.0218505859375, 270.82305908203125], [1.25298011302948, 347.7878112792969, 241.54405212402344, 499.95465087890625], [0.13302622735500336, 91.06536102294922, 28.837709426879883, 271.9368896484375], [227.9994354248047, 302.4503173828125, 282.0387878417969, 358.8604736328125], [1.3949055671691895, 319.33905029296875, 468.7952880859375, 500.2584533691406], [278.94329833984375, -0.5558021068572998, 468.8017883300781, 63.52309799194336], [-0.0218534916639328, 0.1401156187057495, 39.59132385253906, 105.8531494140625], [0.09232348948717117, -0.27383118867874146, 98.89415740966797, 160.39764404296875], [71.70958709716797, 223.45057678222656, 335.054443359375, 410.5956726074219], [187.0614471435547, 117.4559326171875, 470.3982849121094, 499.6005554199219], [377.6654357910156, 3.2367706298828125, 468.4517822265625, 449.2365417480469], [274.7010192871094, -0.22850185632705688, 468.60443115234375, 73.73397064208984], [227.9957733154297, 312.2318115234375, 242.0513458251953, 392.2656555175781], [61.14247131347656, 355.0574035644531, 214.582275390625, 418.6584167480469], [289.69976806640625, 437.8841247558594, 305.516845703125, 471.0589294433594], [-0.026069391518831253, 2.4583115577697754, 32.89717102050781, 234.15940856933594], [210.31146240234375, 463.6855163574219, 320.88690185546875, 499.9556579589844], [63.11906051635742, 119.00759887695312, 468.5666198730469, 499.6862487792969], [0.7761169672012329, 319.361328125, 316.0123596191406, 500.6772766113281], [0.3989817202091217, 363.2960510253906, 469.3005676269531, 500.4559631347656], [0.44530946016311646, 136.34854125976562, 146.83612060546875, 499.37664794921875], [4.044821262359619, 134.29248046875, 108.43019104003906, 248.4657440185547], [58.512245178222656, 138.6139373779297, 94.60238647460938, 185.8694305419922], [0.4345259666442871, 268.6974792480469, 112.63506317138672, 499.19970703125], [3.6469297409057617, 143.6798553466797, 57.662254333496094, 229.777099609375], [4.2793288230896, 336.3444519042969, 223.24069213867188, 470.5321044921875], [48.517311096191406, 34.877418518066406, 337.79327392578125, 466.9841003417969], [57.69416809082031, 292.4617919921875, 319.8708801269531, 468.80218505859375], [-0.04834744334220886, 308.77752685546875, 468.9334716796875, 500.8326721191406], [0.1345558762550354, 138.09225463867188, 70.65843963623047, 269.6226501464844], [-0.03395083546638489, -0.18338114023208618, 281.4541931152344, 156.18487548828125], [0.613529622554779, 188.10484313964844, 106.87193298339844, 498.4822082519531], [1.3949055671691895, 319.33905029296875, 468.7952880859375, 500.2584533691406], [63.040000915527344, 355.1806640625, 215.54226684570312, 415.3419494628906], [0.6409565210342407, -0.06171315908432007, 370.7870178222656, 243.5092315673828], [426.199951171875, -0.08654221892356873, 469.0387878417969, 68.5777359008789], [0.30684342980384827, 269.45458984375, 314.7453918457031, 499.6285400390625]), Score: [0.966509222984314, 0.9329280257225037, 0.8096295595169067, 0.5009899139404297, 0.44790831208229065, 0.4381599724292755, 0.4175240397453308, 0.40385109186172485, 0.38166171312332153, 0.37257465720176697, 0.3541768193244934, 0.3277888000011444, 0.315885066986084, 0.277435302734375, 0.2616705298423767, 0.23658819496631622, 0.2347562164068222, 0.2147054523229599, 0.21283966302871704, 0.19364255666732788, 0.18900255858898163, 0.184963196516037, 0.18355809152126312, 0.18130584061145782, 0.1746424436569214, 0.1738361418247223, 0.17107833921909332, 0.17050935328006744, 0.1603492796421051, 0.15938398241996765, 0.15891723334789276, 0.15837566554546356, 0.15266646444797516, 0.15051370859146118, 0.15037529170513153, 0.1456780880689621, 0.14272071421146393, 0.14260031282901764, 0.1417035609483719, 0.14157181978225708, 0.1409715861082077, 0.13915450870990753, 0.13692454993724823, 0.13342304527759552, 0.1318492740392685, 0.13110695779323578, 0.13096389174461365, 0.12699106335639954, 0.12625181674957275, 0.12577475607395172, 0.12494485825300217, 0.12214688211679459, 0.1216014102101326, 0.11905653029680252, 0.11819606274366379, 0.11663758754730225, 0.11472269892692566, 0.11465370655059814, 0.1137029156088829, 0.11102050542831421, 0.11070933938026428, 0.10940411686897278, 0.10758741199970245, 0.10738246142864227, 0.10698072612285614, 0.10655707865953445, 0.10652533173561096, 0.1064797043800354, 0.105503149330616, 0.10484061390161514, 0.10475080460309982, 0.1035476103425026, 0.10270550847053528, 0.10168806463479996, 0.1005290150642395, 0.10028132796287537, 0.09974392503499985, 0.09833928197622299, 0.09827661514282227, 0.09792997688055038, 0.09755472838878632, 0.09734714776277542, 0.09717568755149841, 0.09695222228765488, 0.09662449359893799, 0.09363605082035065, 0.09260118007659912, 0.09167209267616272, 0.09140713512897491, 0.09063674509525299, 0.08977891504764557, 0.08940362185239792, 0.08900448679924011, 0.08868535608053207, 0.08810155093669891, 0.0879160612821579, 0.08771507441997528, 0.08713573217391968, 0.08698862046003342, 0.08641726523637772, 0.08608885854482651, 0.08518272638320923, 0.08299286663532257, 0.08285859227180481, 0.08271711319684982, 0.08269665390253067, 0.08228916674852371, 0.08223452419042587, 0.08175957202911377, 0.08122793585062027, 0.08053924143314362, 0.08011315017938614, 0.07966679334640503, 0.07939845323562622, 0.07847581803798676, 0.07806301862001419, 0.07797960937023163, 0.0779464915394783, 0.0778954029083252, 0.07784498482942581, 0.0776313990354538, 0.07742679864168167, 0.07713712751865387, 0.0770147293806076, 0.07698195427656174, 0.07581354677677155, 0.07501805573701859, 0.07433383911848068, 0.07429683953523636, 0.07409907132387161, 0.07408268749713898, 0.07367708534002304, 0.07345935702323914, 0.07307291030883789, 0.0730043575167656, 0.07221649587154388, 0.07216483354568481, 0.07156232744455338, 0.07088498026132584, 0.07015325874090195, 0.07012808322906494, 0.07008971273899078, 0.06999143958091736, 0.06934130191802979, 0.06925484538078308, 0.06918841600418091, 0.06902138143777847, 0.06889311224222183, 0.06837620586156845, 0.06810712069272995, 0.06794952601194382, 0.0672265812754631, 0.0668831616640091, 0.06645678728818893, 0.065766841173172, 0.06514439731836319, 0.06335785239934921, 0.06311699002981186, 0.06305225193500519, 0.06274496763944626, 0.06270115822553635, 0.06237996369600296, 0.06190861016511917, 0.06188596412539482, 0.06143715977668762, 0.06118268519639969, 0.060855213552713394, 0.060719992965459824, 0.06066714972257614, 0.0601225309073925, 0.05999130383133888, 0.059988833963871, 0.05964886397123337, 0.05950385704636574, 0.05940498411655426, 0.05932651460170746, 0.05888005346059799, 0.05874134972691536, 0.05835261195898056, 0.0580027811229229, 0.05782144144177437, 0.057467907667160034, 0.057020146399736404, 0.05692711099982262, 0.05692495033144951, 0.05689605697989464, 0.05672457441687584, 0.05669083818793297, 0.05666468292474747, 0.05653742700815201, 0.05592098832130432, 0.05568903684616089, 0.0546882227063179, 0.054490119218826294, 0.054179396480321884, 0.05411359295248985, 0.05411282926797867, 0.0540522076189518, 0.0539005883038044, 0.05363894999027252, 0.05348508059978485, 0.05336224287748337, 0.053170956671237946, 0.05309678986668587, 0.052637211978435516, 0.05233979597687721, 0.05222516879439354, 0.05213192477822304, 0.05197829753160477, 0.05196644365787506, 0.05191421136260033, 0.0517013818025589, 0.05164726451039314, 0.05130244046449661, 0.05130123347043991, 0.05070379003882408, 0.05062016844749451, 0.05047542229294777, 0.050411589443683624, 0.05039771646261215, 0.05036003142595291, 0.05022772401571274, 0.05010183900594711, 0.04996815323829651, 0.04993603378534317, 0.049795158207416534, 0.0497831255197525, 0.049578066915273666, 0.049531251192092896, 0.049301695078611374, 0.04915627837181091, 0.048580389469861984, 0.04857373610138893, 0.04855090752243996, 0.048270516097545624, 0.047858260571956635, 0.047765206545591354, 0.04761306568980217, 0.04753868654370308, 0.047230105847120285, 0.04717523977160454, 0.04677962511777878, 0.04674076288938522, 0.04671269282698631, 0.046661995351314545, 0.04645520821213722, 0.046435482800006866, 0.046290986239910126, 0.04601195082068443, 0.04600214958190918, 0.04589161276817322, 0.04585185647010803, 0.045791514217853546, 0.045686833560466766, 0.045646972954273224, 0.04563770070672035, 0.04556814581155777, 0.04537193104624748, 0.044850416481494904, 0.044808171689510345, 0.044573381543159485, 0.044489163905382156, 0.044413790106773376, 0.04425793141126633, 0.04423054680228233, 0.04421428218483925, 0.04391404613852501, 0.04371684789657593, 0.043665509670972824, 0.04365726187825203, 0.04361933469772339, 0.04348912835121155, 0.043450940400362015, 0.04335694760084152, 0.04320034012198448, 0.04317174106836319, 0.04316991940140724, 0.04276908561587334, 0.04276656731963158, 0.042728498578071594, 0.04258696734905243, 0.04245121404528618, 0.04230409115552902, 0.042251911014318466, 0.042197875678539276, 0.04217524081468582, 0.04211551696062088, 0.04174203798174858, 0.041626282036304474, 0.04152517765760422, 0.04142489656805992, 0.04121701419353485, 0.04116128012537956, 0.041161131113767624, 0.04109325632452965, 0.041068658232688904, 0.041017573326826096, 0.0409146286547184, 0.04086875542998314, 0.040844615548849106]

Execution time: 0.4180 sec
