Label: tensor([ 3,  0, 67, 73,  2, 73, 73, 67, 41,  0,  2, 13, 39, 16,  2, 26,  2, 77,
        67, 26, 16,  2,  7,  2, 77,  0, 67, 24, 13, 13,  7,  0, 73, 73, 13, 39,
         2, 26,  2, 26,  7, 26,  0, 26,  7, 26, 13, 67,  2,  0,  7, 24, 77, 67,
        26,  0, 77, 67,  0, 26,  3, 31,  2,  0, 26, 67, 67,  0, 24,  0, 73, 24,
        58,  0,  7, 41, 26, 39, 24, 24,  0, 26,  4,  0,  7, 26, 67, 67,  3, 16,
        67, 27, 74,  0, 26, 13, 67, 13, 32, 16,  0,  0,  0,  7, 13,  1,  0, 67,
        67, 27, 24, 67, 13, 24, 74, 63, 16,  0, 67,  0, 73, 77,  0, 73,  0, 24,
        13, 32, 24, 67, 67,  7,  0,  3, 15, 39, 77,  7,  0,  0,  0, 51,  0, 28,
        15, 24,  2, 54,  3,  0, 28, 41, 77, 24, 13, 26,  3, 13, 26, 27, 10,  3,
         2, 13, 77, 50,  0,  0,  7, 63, 24,  0,  0, 58, 13, 10, 41, 13, 17, 39,
         0, 67,  0, 13,  0,  0, 27, 63, 13, 24, 39, 67, 52, 28,  3,  0,  2,  0,
        24,  3,  3, 77,  0, 24,  3, 39, 27, 39, 67, 24, 16, 48, 11, 26, 27,  3,
        67, 27, 26,  3,  3, 24, 16, 17,  0, 58,  0, 26,  7, 58, 24, 27,  0, 28,
         0,  0, 27, 26, 77, 47,  3,  0, 74, 27,  0, 24,  0, 61, 60, 26,  3, 67,
        77, 67,  2,  3,  0, 39,  7,  0,  3, 56, 26, 24, 24,  7,  2,  7,  2, 58,
         3,  3,  0,  2,  3, 12,  3,  0, 67,  0, 26,  0, 26, 24,  2, 38, 67, 26,
         0, 28, 24,  0, 24,  0, 27, 19, 39,  0, 47,  0]), Box: ([184.82472229003906, 61.019954681396484, 499.6097106933594, 300.029052734375], [327.4726257324219, 36.293216705322266, 467.28497314453125, 282.0972900390625], [401.9599304199219, 130.902587890625, 427.60076904296875, 155.7374267578125], [381.8711242675781, 130.9745635986328, 427.5064697265625, 156.2054901123047], [85.46908569335938, -0.23389770090579987, 110.95728302001953, 7.977216720581055], [382.07550048828125, 130.6348114013672, 427.5103759765625, 162.39833068847656], [401.9599304199219, 130.902587890625, 427.60076904296875, 155.7374267578125], [382.2691345214844, 135.0460968017578, 417.025390625, 153.2332305908203], [401.9599304199219, 130.902587890625, 427.60076904296875, 155.7374267578125], [184.4080352783203, 60.47308349609375, 498.23089599609375, 298.006591796875], [108.52019500732422, -0.01859385520219803, 131.05810546875, 6.667546272277832], [0.0995788723230362, -0.024739187210798264, 48.61410140991211, 13.73201847076416], [401.9599304199219, 130.902587890625, 427.60076904296875, 155.7374267578125], [350.679931640625, 134.20384216308594, 417.5113525390625, 180.64659118652344], [65.56610870361328, -0.23617269098758698, 111.26555633544922, 9.168343544006348], [401.9599304199219, 130.902587890625, 427.60076904296875, 155.7374267578125], [45.51512145996094, -0.0019578728824853897, 68.23848724365234, 11.293519973754883], [350.679931640625, 134.20384216308594, 417.5113525390625, 180.64659118652344], [381.8711242675781, 130.9745635986328, 427.5064697265625, 156.2054901123047], [381.8711242675781, 130.9745635986328, 427.5064697265625, 156.2054901123047], [349.2679443359375, 134.4821319580078, 398.9132385253906, 180.1663055419922], [44.87772750854492, -0.12008088827133179, 85.99357604980469, 11.156233787536621], [85.46908569335938, -0.23389770090579987, 110.95728302001953, 7.977216720581055], [0.0995788723230362, -0.024739187210798264, 48.61410140991211, 13.73201847076416], [349.2679443359375, 134.4821319580078, 398.9132385253906, 180.1663055419922], [340.4736633300781, 42.29033279418945, 468.0818786621094, 281.59283447265625], [412.4406433105469, 71.36766815185547, 423.1473083496094, 80.07081604003906], [349.2679443359375, 134.4821319580078, 398.9132385253906, 180.1663055419922], [22.16956329345703, 0.06036367267370224, 48.28416061401367, 13.697354316711426], [0.316765159368515, -0.10569789260625839, 25.284095764160156, 13.693445205688477], [65.56610870361328, -0.23617269098758698, 111.26555633544922, 9.168343544006348], [349.5679931640625, 36.11835861206055, 467.28070068359375, 182.10549926757812], [382.2691345214844, 135.0460968017578, 417.025390625, 153.2332305908203], [379.6360168457031, 131.02989196777344, 427.3773193359375, 179.3485870361328], [44.87772750854492, -0.12008088827133179, 85.99357604980469, 11.156233787536621], [381.8711242675781, 130.9745635986328, 427.5064697265625, 156.2054901123047], [22.16956329345703, 0.06036367267370224, 48.28416061401367, 13.697354316711426], [381.5894775390625, 91.30305480957031, 442.5093994140625, 162.7727508544922], [65.30078887939453, -0.08636748045682907, 85.60702514648438, 10.131783485412598], [380.0348205566406, 91.07809448242188, 441.722900390625, 168.09326171875], [44.87772750854492, -0.12008088827133179, 85.99357604980469, 11.156233787536621], [349.2679443359375, 134.4821319580078, 398.9132385253906, 180.1663055419922], [346.7286071777344, 36.21319580078125, 466.8739013671875, 146.00917053222656], [350.679931640625, 134.20384216308594, 417.5113525390625, 180.64659118652344], [0.0995788723230362, -0.024739187210798264, 48.61410140991211, 13.73201847076416], [382.07550048828125, 130.6348114013672, 427.5103759765625, 162.39833068847656], [45.51512145996094, -0.0019578728824853897, 68.23848724365234, 11.293519973754883], [412.59881591796875, 69.60041809082031, 422.93682861328125, 79.21790313720703], [107.01045227050781, -0.4164450764656067, 153.0402069091797, 6.425323963165283], [311.8940734863281, 127.79507446289062, 402.1701354980469, 280.8114318847656], [45.51512145996094, -0.0019578728824853897, 68.23848724365234, 11.293519973754883], [350.679931640625, 134.20384216308594, 417.5113525390625, 180.64659118652344], [379.6360168457031, 131.02989196777344, 427.3773193359375, 179.3485870361328], [412.3216552734375, 70.3769760131836, 422.81494140625, 79.42859649658203], [380.4459228515625, 135.8812713623047, 420.4537048339844, 177.73509216308594], [350.679931640625, 134.20384216308594, 417.5113525390625, 180.64659118652344], [380.4459228515625, 135.8812713623047, 420.4537048339844, 177.73509216308594], [382.07550048828125, 130.6348114013672, 427.5103759765625, 162.39833068847656], [349.2679443359375, 134.4821319580078, 398.9132385253906, 180.1663055419922], [353.1689758300781, 89.38406372070312, 440.8155822753906, 174.572998046875], [184.4080352783203, 60.47308349609375, 498.23089599609375, 298.006591796875], [184.82472229003906, 61.019954681396484, 499.6097106933594, 300.029052734375], [0.316765159368515, -0.10569789260625839, 25.284095764160156, 13.693445205688477], [343.9139404296875, 35.80492401123047, 467.6792907714844, 213.75717163085938], [463.7821960449219, 118.17864227294922, 496.0986328125, 161.03131103515625], [338.24920654296875, 122.6615982055664, 349.866455078125, 134.5793914794922], [321.5622253417969, 60.63835144042969, 332.910888671875, 76.75668334960938], [332.3692626953125, 133.65574645996094, 410.4348449707031, 281.24737548828125], [463.7821960449219, 118.17864227294922, 496.0986328125, 161.03131103515625], [303.0927734375, 63.66961669921875, 463.9305419921875, 279.6307373046875], [400.8182373046875, 130.90184020996094, 427.4046936035156, 171.66827392578125], [396.7361755371094, 83.6839599609375, 444.7398376464844, 136.12298583984375], [45.51512145996094, -0.0019578728824853897, 68.23848724365234, 11.293519973754883], [295.7267761230469, 128.4680633544922, 454.8274230957031, 209.0561065673828], [108.52019500732422, -0.01859385520219803, 131.05810546875, 6.667546272277832], [381.8711242675781, 130.9745635986328, 427.5064697265625, 156.2054901123047], [396.7361755371094, 83.6839599609375, 444.7398376464844, 136.12298583984375], [382.07550048828125, 130.6348114013672, 427.5103759765625, 162.39833068847656], [353.1689758300781, 89.38406372070312, 440.8155822753906, 174.572998046875], [364.7201232910156, 79.54798126220703, 448.683837890625, 138.29852294921875], [292.20465087890625, 70.49567413330078, 397.6599426269531, 280.8885192871094], [379.6360168457031, 131.02989196777344, 427.3773193359375, 179.3485870361328], [184.82472229003906, 61.019954681396484, 499.6097106933594, 300.029052734375], [301.1695861816406, 71.71810913085938, 409.84881591796875, 281.0879211425781], [22.16956329345703, 0.06036367267370224, 48.28416061401367, 13.697354316711426], [382.2691345214844, 135.0460968017578, 417.025390625, 153.2332305908203], [412.9486083984375, 78.18273162841797, 428.23486328125, 92.78609466552734], [378.3428039550781, 143.48402404785156, 390.3462219238281, 154.10891723632812], [450.2483215332031, 118.25704956054688, 499.5736083984375, 224.9090576171875], [380.4459228515625, 135.8812713623047, 420.4537048339844, 177.73509216308594], [383.06854248046875, 134.59130859375, 410.5680236816406, 144.79782104492188], [401.9599304199219, 130.902587890625, 427.60076904296875, 155.7374267578125], [401.9599304199219, 130.902587890625, 427.60076904296875, 155.7374267578125], [184.82472229003906, 61.019954681396484, 499.6097106933594, 300.029052734375], [382.17962646484375, 102.40562438964844, 442.4703063964844, 152.6171112060547], [65.30078887939453, -0.08636748045682907, 85.60702514648438, 10.131783485412598], [338.84375, 123.02992248535156, 348.73944091796875, 133.9415740966797], [65.56610870361328, -0.23617269098758698, 111.26555633544922, 9.168343544006348], [316.6644592285156, 189.83128356933594, 331.23779296875, 204.91329956054688], [379.6360168457031, 131.02989196777344, 427.3773193359375, 179.3485870361328], [478.61395263671875, 158.84457397460938, 489.44415283203125, 173.07083129882812], [301.77728271484375, 71.76513671875, 449.5762939453125, 279.4830322265625], [291.1059875488281, 68.76432037353516, 398.9178466796875, 281.258544921875], [65.30078887939453, -0.08636748045682907, 85.60702514648438, 10.131783485412598], [108.52019500732422, -0.01859385520219803, 131.05810546875, 6.667546272277832], [184.4080352783203, 60.47308349609375, 498.23089599609375, 298.006591796875], [295.7299499511719, 64.47437286376953, 465.79547119140625, 278.52276611328125], [413.5194091796875, 78.14946746826172, 428.2855224609375, 93.14493560791016], [411.49951171875, 67.05171966552734, 422.3012390136719, 78.27509307861328], [396.7361755371094, 83.6839599609375, 444.7398376464844, 136.12298583984375], [381.5894775390625, 91.30305480957031, 442.5093994140625, 162.7727508544922], [392.90777587890625, 212.2089080810547, 413.0709533691406, 219.45530700683594], [85.46908569335938, -0.23389770090579987, 110.95728302001953, 7.977216720581055], [394.8104248046875, 80.49230194091797, 448.3269348144531, 136.9002685546875], [307.5470275878906, 94.20487213134766, 327.4080810546875, 115.07442474365234], [381.8711242675781, 130.9745635986328, 427.5064697265625, 156.2054901123047], [296.0953674316406, 66.18449401855469, 361.0157470703125, 139.4351348876953], [395.79266357421875, 42.141746520996094, 466.218994140625, 137.5082244873047], [386.92669677734375, 152.70068359375, 408.3335266113281, 169.64328002929688], [45.51512145996094, -0.0019578728824853897, 68.23848724365234, 11.293519973754883], [380.4459228515625, 135.8812713623047, 420.4537048339844, 177.73509216308594], [382.07550048828125, 130.6348114013672, 427.5103759765625, 162.39833068847656], [65.30078887939453, -0.08636748045682907, 85.60702514648438, 10.131783485412598], [350.679931640625, 134.20384216308594, 417.5113525390625, 180.64659118652344], [306.447265625, 36.47887420654297, 467.193603515625, 145.03555297851562], [380.0348205566406, 91.07809448242188, 441.722900390625, 168.09326171875], [0.6912350654602051, 0.7365458011627197, 499.84722900390625, 137.96778869628906], [478.61395263671875, 158.84457397460938, 489.44415283203125, 173.07083129882812], [395.0191650390625, 80.50675201416016, 446.47674560546875, 135.258056640625], [408.426513671875, 76.08525848388672, 428.76483154296875, 93.58824920654297], [413.9299621582031, 76.5378646850586, 453.33935546875, 88.77400207519531], [0.316765159368515, -0.10569789260625839, 25.284095764160156, 13.693445205688477], [380.4459228515625, 135.8812713623047, 420.4537048339844, 177.73509216308594], [324.45733642578125, 131.2382354736328, 447.5598449707031, 281.32220458984375], [350.679931640625, 134.20384216308594, 417.5113525390625, 180.64659118652344], [321.5622253417969, 60.63835144042969, 332.910888671875, 76.75668334960938], [349.92657470703125, 134.0279541015625, 420.1381530761719, 209.14285278320312], [107.01045227050781, -0.4164450764656067, 153.0402069091797, 6.425323963165283], [334.502685546875, 43.64680480957031, 459.2301330566406, 280.7740783691406], [85.46908569335938, -0.23389770090579987, 110.95728302001953, 7.977216720581055], [379.6360168457031, 131.02989196777344, 427.3773193359375, 179.3485870361328], [316.6644592285156, 189.83128356933594, 331.23779296875, 204.91329956054688], [296.6911315917969, 97.43035888671875, 320.3163757324219, 136.98594665527344], [0.0995788723230362, -0.024739187210798264, 48.61410140991211, 13.73201847076416], [349.2679443359375, 134.4821319580078, 398.9132385253906, 180.1663055419922], [380.4459228515625, 135.8812713623047, 420.4537048339844, 177.73509216308594], [184.82472229003906, 61.019954681396484, 499.6097106933594, 300.029052734375], [184.82472229003906, 61.019954681396484, 499.6097106933594, 300.029052734375], [185.77232360839844, 64.41900634765625, 365.73687744140625, 299.580810546875], [317.43609619140625, 132.68289184570312, 449.64410400390625, 235.5876922607422], [45.51512145996094, -0.0019578728824853897, 68.23848724365234, 11.293519973754883], [382.07550048828125, 130.6348114013672, 427.5103759765625, 162.39833068847656], [381.8711242675781, 130.9745635986328, 427.5064697265625, 156.2054901123047], [381.8711242675781, 130.9745635986328, 427.5064697265625, 156.2054901123047], [0.6590187549591064, 0.279458224773407, 500.63787841796875, 51.35194778442383], [381.6036682128906, 94.5774154663086, 440.9317932128906, 155.9400634765625], [184.81097412109375, 136.4191436767578, 496.2713623046875, 300.2134094238281], [0.3574937582015991, 0.9370688199996948, 500.26666259765625, 177.47998046875], [394.8104248046875, 80.49230194091797, 448.3269348144531, 136.9002685546875], [381.8711242675781, 130.9745635986328, 427.5064697265625, 156.2054901123047], [45.51512145996094, -0.0019578728824853897, 68.23848724365234, 11.293519973754883], [378.912109375, 118.00003814697266, 499.2060852050781, 279.6066589355469], [381.8711242675781, 130.9745635986328, 427.5064697265625, 156.2054901123047], [107.01045227050781, -0.4164450764656067, 153.0402069091797, 6.425323963165283], [384.6947326660156, 150.7273712158203, 416.2779235839844, 175.2595977783203], [184.82472229003906, 61.019954681396484, 499.6097106933594, 300.029052734375], [344.7196044921875, 82.04621124267578, 465.9778747558594, 178.0320281982422], [301.070068359375, 116.38236999511719, 383.7205505371094, 281.01019287109375], [0.5196034908294678, 0.6366782188415527, 500.4886474609375, 198.658935546875], [382.07550048828125, 130.6348114013672, 427.5103759765625, 162.39833068847656], [379.6360168457031, 131.02989196777344, 427.3773193359375, 179.3485870361328], [0.316765159368515, -0.10569789260625839, 25.284095764160156, 13.693445205688477], [218.64910888671875, 40.514095306396484, 470.44903564453125, 295.3142395019531], [22.16956329345703, 0.06036367267370224, 48.28416061401367, 13.697354316711426], [0.3177225589752197, 1.0713189840316772, 500.2383117675781, 176.6198272705078], [184.82472229003906, 61.019954681396484, 499.6097106933594, 300.029052734375], [382.2691345214844, 135.0460968017578, 417.025390625, 153.2332305908203], [0.2875328063964844, -0.032597221434116364, 500.2070617675781, 44.53334045410156], [349.2679443359375, 134.4821319580078, 398.9132385253906, 180.1663055419922], [478.61395263671875, 158.84457397460938, 489.44415283203125, 173.07083129882812], [186.57229614257812, 37.86426544189453, 492.87158203125, 297.030517578125], [413.0171813964844, 71.3047866821289, 454.01611328125, 86.63365936279297], [0.0995788723230362, -0.024739187210798264, 48.61410140991211, 13.73201847076416], [0.13050436973571777, -0.09551598131656647, 500.0452880859375, 38.603515625], [185.68563842773438, 44.443824768066406, 485.81976318359375, 299.2607727050781], [296.0953674316406, 66.18449401855469, 361.0157470703125, 139.4351348876953], [382.07550048828125, 130.6348114013672, 427.5103759765625, 162.39833068847656], [401.9599304199219, 130.902587890625, 427.60076904296875, 155.7374267578125], [0.5196034908294678, 0.6366782188415527, 500.4886474609375, 198.658935546875], [393.4997253417969, 80.9096908569336, 445.70111083984375, 137.1739959716797], [318.9520263671875, 60.74599838256836, 333.2957763671875, 87.21491241455078], [380.96746826171875, 241.6153564453125, 407.7302551269531, 257.6610107421875], [184.82472229003906, 61.019954681396484, 499.6097106933594, 300.029052734375], [463.7821960449219, 118.17864227294922, 496.0986328125, 161.03131103515625], [85.46908569335938, -0.23389770090579987, 110.95728302001953, 7.977216720581055], [22.16956329345703, 0.06036367267370224, 48.28416061401367, 13.697354316711426], [0.5196034908294678, 0.6366782188415527, 500.4886474609375, 198.658935546875], [331.17333984375, 79.26809692382812, 460.11175537109375, 241.09523010253906], [382.07550048828125, 130.6348114013672, 427.5103759765625, 162.39833068847656], [378.2535400390625, 118.47923278808594, 499.28448486328125, 278.7600402832031], [300.4429016113281, 129.98123168945312, 491.7403869628906, 283.2032165527344], [184.82472229003906, 61.019954681396484, 499.6097106933594, 300.029052734375], [294.232666015625, 68.6456069946289, 377.3551025390625, 279.75640869140625], [349.92657470703125, 134.0279541015625, 420.1381530761719, 209.14285278320312], [0.0995788723230362, -0.024739187210798264, 48.61410140991211, 13.73201847076416], [382.2691345214844, 135.0460968017578, 417.025390625, 153.2332305908203], [362.83551025390625, 134.46585083007812, 398.26861572265625, 176.26235961914062], [380.4459228515625, 135.8812713623047, 420.4537048339844, 177.73509216308594], [400.8182373046875, 130.90184020996094, 427.4046936035156, 171.66827392578125], [366.71502685546875, 80.47685241699219, 443.5006408691406, 137.80799865722656], [349.92657470703125, 134.0279541015625, 420.1381530761719, 209.14285278320312], [184.82472229003906, 61.019954681396484, 499.6097106933594, 300.029052734375], [478.61395263671875, 158.84457397460938, 489.44415283203125, 173.07083129882812], [380.8731994628906, 132.03639221191406, 427.05230712890625, 197.35745239257812], [350.679931640625, 134.20384216308594, 417.5113525390625, 180.64659118652344], [442.994873046875, 118.45245361328125, 499.3918151855469, 279.9778137207031], [414.5464172363281, 72.3104019165039, 453.9017028808594, 83.53643035888672], [378.3428039550781, 143.48402404785156, 390.3462219238281, 154.10891723632812], [402.5710754394531, 119.55258178710938, 497.0247802734375, 175.21299743652344], [332.3692626953125, 133.65574645996094, 410.4348449707031, 281.24737548828125], [317.43609619140625, 132.68289184570312, 449.64410400390625, 235.5876922607422], [393.4259338378906, 80.2852554321289, 447.0807189941406, 137.784423828125], [382.07550048828125, 130.6348114013672, 427.5103759765625, 162.39833068847656], [350.679931640625, 134.20384216308594, 417.5113525390625, 180.64659118652344], [314.6156311035156, 131.32513427734375, 395.4597473144531, 246.6142578125], [0.0995788723230362, -0.024739187210798264, 48.61410140991211, 13.73201847076416], [217.46141052246094, 35.65285110473633, 473.8097839355469, 300.2628479003906], [384.6947326660156, 150.7273712158203, 416.2779235839844, 175.2595977783203], [0.6912350654602051, 0.7365458011627197, 499.84722900390625, 137.96778869628906], [0.316765159368515, -0.10569789260625839, 25.284095764160156, 13.693445205688477], [401.9599304199219, 130.902587890625, 427.60076904296875, 155.7374267578125], [382.2691345214844, 135.0460968017578, 417.025390625, 153.2332305908203], [83.10921478271484, 58.27247619628906, 499.1040954589844, 301.3188781738281], [22.16956329345703, 0.06036367267370224, 48.28416061401367, 13.697354316711426], [318.8055725097656, 74.18794250488281, 412.1995544433594, 278.0071105957031], [20.954927444458008, -0.22536353766918182, 33.41218948364258, 14.015922546386719], [349.2679443359375, 134.4821319580078, 398.9132385253906, 180.1663055419922], [400.8182373046875, 130.90184020996094, 427.4046936035156, 171.66827392578125], [381.5894775390625, 91.30305480957031, 442.5093994140625, 162.7727508544922], [478.61395263671875, 158.84457397460938, 489.44415283203125, 173.07083129882812], [303.0927734375, 63.66961669921875, 463.9305419921875, 279.6307373046875], [201.26573181152344, 37.40631103515625, 479.082275390625, 284.78521728515625], [378.3428039550781, 143.48402404785156, 390.3462219238281, 154.10891723632812], [400.8182373046875, 130.90184020996094, 427.4046936035156, 171.66827392578125], [30.882631301879883, 0.031273581087589264, 48.042198181152344, 13.324471473693848], [397.46337890625, 80.5478515625, 447.2745056152344, 134.81259155273438], [108.52019500732422, -0.01859385520219803, 131.05810546875, 6.667546272277832], [184.82472229003906, 61.019954681396484, 499.6097106933594, 300.029052734375], [184.82472229003906, 61.019954681396484, 499.6097106933594, 300.029052734375], [349.92657470703125, 134.0279541015625, 420.1381530761719, 209.14285278320312], [185.96075439453125, 143.4819793701172, 328.971435546875, 299.0635070800781], [401.832763671875, 130.8638153076172, 427.1571044921875, 154.25987243652344], [380.0348205566406, 91.07809448242188, 441.722900390625, 168.09326171875], [307.5470275878906, 94.20487213134766, 327.4080810546875, 115.07442474365234], [382.07550048828125, 130.6348114013672, 427.5103759765625, 162.39833068847656], [310.2523193359375, 117.63508605957031, 439.5760803222656, 282.621826171875], [349.92657470703125, 134.0279541015625, 420.1381530761719, 209.14285278320312], [379.6360168457031, 131.02989196777344, 427.3773193359375, 179.3485870361328], [0.3574937582015991, 0.9370688199996948, 500.26666259765625, 177.47998046875], [44.87772750854492, -0.12008088827133179, 85.99357604980469, 11.156233787536621], [394.11090087890625, 117.765380859375, 499.5452575683594, 235.62625122070312], [22.16956329345703, 0.06036367267370224, 48.28416061401367, 13.697354316711426], [364.7201232910156, 79.54798126220703, 448.683837890625, 138.29852294921875], [395.79266357421875, 42.141746520996094, 466.218994140625, 137.5082244873047], [412.96246337890625, 80.19844055175781, 466.0485534667969, 132.41268920898438], [184.82472229003906, 61.019954681396484, 499.6097106933594, 300.029052734375], [0.6912350654602051, 0.7365458011627197, 499.84722900390625, 137.96778869628906], [0.3177225589752197, 1.0713189840316772, 500.2383117675781, 176.6198272705078], [463.7821960449219, 118.17864227294922, 496.0986328125, 161.03131103515625], [65.30078887939453, -0.08636748045682907, 85.60702514648438, 10.131783485412598], [327.4726257324219, 36.293216705322266, 467.28497314453125, 282.0972900390625], [44.87772750854492, -0.12008088827133179, 85.99357604980469, 11.156233787536621], [316.6599426269531, 130.2068328857422, 442.31500244140625, 282.4459228515625], [-0.01039355993270874, 313.072509765625, 174.910400390625, 374.9784240722656], [316.6599426269531, 130.2068328857422, 442.31500244140625, 282.4459228515625], [381.8711242675781, 130.9745635986328, 427.5064697265625, 156.2054901123047], [191.096435546875, 187.8494415283203, 480.34661865234375, 295.7225341796875], [311.4507141113281, 132.322265625, 435.8994445800781, 271.27490234375], [478.61395263671875, 158.84457397460938, 489.44415283203125, 173.07083129882812], [353.1689758300781, 89.38406372070312, 440.8155822753906, 174.572998046875], [351.2830810546875, 105.11581420898438, 429.7491760253906, 171.28269958496094], [309.6513366699219, 76.32235717773438, 408.4350280761719, 280.96026611328125], [395.0191650390625, 80.50675201416016, 446.47674560546875, 135.258056640625], [382.17962646484375, 102.40562438964844, 442.4703063964844, 152.6171112060547], [401.9599304199219, 130.902587890625, 427.60076904296875, 155.7374267578125], [401.9599304199219, 130.902587890625, 427.60076904296875, 155.7374267578125], [184.82472229003906, 61.019954681396484, 499.6097106933594, 300.029052734375], [382.0995788574219, 106.40118408203125, 435.7544860839844, 170.347412109375], [310.2523193359375, 117.63508605957031, 439.5760803222656, 282.621826171875], [0.316765159368515, -0.10569789260625839, 25.284095764160156, 13.693445205688477], [366.4988708496094, 86.54998779296875, 444.118896484375, 140.40834045410156], [65.56610870361328, -0.23617269098758698, 111.26555633544922, 9.168343544006348], [402.5710754394531, 119.55258178710938, 497.0247802734375, 175.21299743652344], [300.65301513671875, 183.81265258789062, 354.020751953125, 280.47052001953125], [379.6360168457031, 131.02989196777344, 427.3773193359375, 179.3485870361328], [184.82472229003906, 61.019954681396484, 499.6097106933594, 300.029052734375], [400.8182373046875, 130.90184020996094, 427.4046936035156, 171.66827392578125], [323.36328125, 135.2943572998047, 395.74755859375, 281.4602966308594], [316.6644592285156, 189.83128356933594, 331.23779296875, 204.91329956054688], [185.9346466064453, 32.240230560302734, 495.49859619140625, 299.9445495605469]), Score: [0.9595856070518494, 0.8944394588470459, 0.12483697384595871, 0.11128479987382889, 0.0983097180724144, 0.09027617424726486, 0.087375208735466, 0.06639385968446732, 0.06078360974788666, 0.0603732131421566, 0.05871232971549034, 0.058045051991939545, 0.05721830204129219, 0.05471392720937729, 0.0526389442384243, 0.04987207427620888, 0.046555858105421066, 0.04574064910411835, 0.04450680688023567, 0.044473934918642044, 0.04417136311531067, 0.04373554885387421, 0.04275764524936676, 0.04228203371167183, 0.041705165058374405, 0.04087406396865845, 0.0407448448240757, 0.039528459310531616, 0.0386466309428215, 0.03861258551478386, 0.03759345784783363, 0.03750811144709587, 0.036598969250917435, 0.03620842099189758, 0.03618750348687172, 0.035298753529787064, 0.03476477414369583, 0.0346556231379509, 0.03449724614620209, 0.03412517160177231, 0.03401021659374237, 0.0339883528649807, 0.03389604017138481, 0.03297687694430351, 0.032404836267232895, 0.032385218888521194, 0.032231904566287994, 0.03176380693912506, 0.030871901661157608, 0.030679801478981972, 0.030600162222981453, 0.030356431379914284, 0.030333872884511948, 0.03005184605717659, 0.029843134805560112, 0.02937617525458336, 0.02882225438952446, 0.028575517237186432, 0.028473207727074623, 0.02842176891863346, 0.02837907336652279, 0.028359737247228622, 0.028264254331588745, 0.02789022959768772, 0.02787109650671482, 0.027684492990374565, 0.027529070153832436, 0.027500465512275696, 0.02720225229859352, 0.026741450652480125, 0.026623670011758804, 0.026559961959719658, 0.026262007653713226, 0.02619793638586998, 0.02618439495563507, 0.026123233139514923, 0.025933586061000824, 0.02574022300541401, 0.025093508884310722, 0.02476484514772892, 0.024591797962784767, 0.024524148553609848, 0.024458670988678932, 0.02436063438653946, 0.023990947753190994, 0.023928428068757057, 0.023820532485842705, 0.02377600036561489, 0.023710859939455986, 0.023691099137067795, 0.02358834631741047, 0.023538297042250633, 0.02310311794281006, 0.022571278735995293, 0.022480832412838936, 0.02226436696946621, 0.022237544879317284, 0.022070979699492455, 0.02175312675535679, 0.021569637581706047, 0.02128656767308712, 0.021203655749559402, 0.021181685850024223, 0.021171625703573227, 0.021000856533646584, 0.02094179578125477, 0.02055870182812214, 0.020542548969388008, 0.020504962652921677, 0.020489463582634926, 0.020385630428791046, 0.020233027637004852, 0.020157890394330025, 0.02003609947860241, 0.019881291314959526, 0.019778618589043617, 0.019728241488337517, 0.0194172952324152, 0.019301947206258774, 0.01919134519994259, 0.019173510372638702, 0.018884310498833656, 0.018837016075849533, 0.018818121403455734, 0.018715890124440193, 0.018663685768842697, 0.018596621230244637, 0.018491506576538086, 0.018403252586722374, 0.01834063231945038, 0.018336834385991096, 0.01833481341600418, 0.01833384297788143, 0.018308522179722786, 0.01825428567826748, 0.018191250041127205, 0.01818569004535675, 0.01816718652844429, 0.018124517053365707, 0.018102098256349564, 0.01776404120028019, 0.017734987661242485, 0.017715658992528915, 0.017564602196216583, 0.017551647499203682, 0.017531637102365494, 0.01738978736102581, 0.017217513173818588, 0.017194192856550217, 0.016891948878765106, 0.016838960349559784, 0.016729870811104774, 0.01642167568206787, 0.016418248414993286, 0.016287611797451973, 0.016287190839648247, 0.016203761100769043, 0.01620260626077652, 0.01593862473964691, 0.01592445746064186, 0.015875408425927162, 0.015865257009863853, 0.01583850011229515, 0.015816587954759598, 0.015781035646796227, 0.015722891315817833, 0.01568804681301117, 0.015674136579036713, 0.015673812478780746, 0.015629880130290985, 0.015614877454936504, 0.015479931607842445, 0.015405228361487389, 0.015374303795397282, 0.01533586997538805, 0.015308036468923092, 0.015286969020962715, 0.01527670118957758, 0.015266647562384605, 0.015168862417340279, 0.015113847330212593, 0.015086658298969269, 0.014942972920835018, 0.014924278482794762, 0.014896136708557606, 0.014893729239702225, 0.014834707602858543, 0.014793146401643753, 0.014716736972332, 0.0146724758669734, 0.014603019692003727, 0.014591249637305737, 0.014552083797752857, 0.014539862051606178, 0.014527678489685059, 0.014483753591775894, 0.014467229135334492, 0.014433126896619797, 0.014385221526026726, 0.014373335987329483, 0.01437090989202261, 0.01436943095177412, 0.014347020536661148, 0.014331013895571232, 0.014279684983193874, 0.01426156796514988, 0.014257077127695084, 0.014247437007725239, 0.01423987839370966, 0.014215707778930664, 0.014189191162586212, 0.014172299765050411, 0.014157517813146114, 0.01414286345243454, 0.014121034182608128, 0.014000729657709599, 0.01400022953748703, 0.013990734703838825, 0.013881196267902851, 0.01385644543915987, 0.01381281390786171, 0.013812514021992683, 0.013798289932310581, 0.013758920133113861, 0.013749695383012295, 0.013725378550589085, 0.01372054498642683, 0.013712274841964245, 0.013681181706488132, 0.013663260266184807, 0.013631551526486874, 0.013566194102168083, 0.013550084084272385, 0.01354038156569004, 0.013472255319356918, 0.013465804979205132, 0.013455534353852272, 0.013430863618850708, 0.01343064196407795, 0.013419495895504951, 0.013361048884689808, 0.013352521695196629, 0.0133427819237113, 0.013340001925826073, 0.013291211798787117, 0.013283665291965008, 0.013280483894050121, 0.013218442909419537, 0.013212628662586212, 0.013204238377511501, 0.013203710317611694, 0.013104560784995556, 0.01307255681604147, 0.01304555218666792, 0.01302933506667614, 0.013024749234318733, 0.01302368938922882, 0.013001525774598122, 0.012997915968298912, 0.012922711670398712, 0.012919038534164429, 0.012905369512736797, 0.012903322465717793, 0.012890446931123734, 0.012889968231320381, 0.012879070825874805, 0.012853996828198433, 0.012841532938182354, 0.012826169840991497, 0.012799053452908993, 0.012688296847045422, 0.012624230235815048, 0.012606880627572536, 0.012564156204462051, 0.012559495866298676, 0.012497306801378727, 0.012456849217414856, 0.012450486421585083, 0.012447015382349491, 0.012433267198503017, 0.01241883635520935, 0.012319507077336311, 0.012303203344345093, 0.012249828316271305, 0.012247520498931408, 0.01223839819431305, 0.012197493575513363, 0.012188167311251163, 0.01216895505785942, 0.012158424593508244, 0.01214477326720953, 0.01214126031845808, 0.012123510241508484, 0.012093308381736279, 0.012047931551933289, 0.012047125957906246, 0.012045701034367085, 0.012023698538541794, 0.011996675282716751, 0.011977902613580227]

Execution time: 0.3965 sec
