Label: tensor([ 0, 26, 26, 26, 26, 26, 27, 27, 67, 24, 25, 27, 24, 26, 24, 27, 24, 13,
        26, 26, 27, 27, 26, 24, 24, 26, 24, 27, 27, 27, 67, 67, 67, 24, 27, 27,
        25, 67, 67, 13, 26, 24, 27, 14, 67, 24, 27, 25, 39, 24, 24, 73, 25, 25,
        67, 27, 16, 67, 25, 24, 24, 67, 26, 73, 24, 24, 26, 25, 39, 25, 13, 13,
        67, 67, 24, 24, 27, 67, 67, 26, 27, 25, 67, 39, 27, 39, 27, 13, 24, 27,
        24, 27, 27, 26, 27, 67, 27, 25, 67, 26, 73, 27, 27, 15, 26, 67, 28, 27,
         0, 67, 26, 24, 73, 13, 26, 24, 39,  0, 26, 26, 13, 27, 26, 67, 24, 24,
        26, 24, 73, 27, 26, 25, 27, 25, 26, 26, 24, 27, 67, 25, 27, 27, 35, 26,
        27, 39, 39, 13, 26, 73, 73, 67, 24, 34, 26, 27, 24, 13, 26, 39, 24, 39,
        25, 26, 26, 67, 24, 27, 12, 24, 73, 24, 26, 27,  0, 25, 67, 77, 67, 73,
        73, 39, 25, 73, 27, 25, 26, 24, 27, 27, 73, 13, 67, 41, 73, 27, 26, 67,
        26, 24, 35, 26, 39, 25, 13, 27, 34, 26, 30, 73, 26, 27, 25, 26, 27, 24,
        67, 27, 27, 24,  0, 39, 67, 24, 73, 26, 24, 39, 67, 67, 34, 25, 26, 73,
        73, 38, 26, 67, 73, 27, 41, 78, 63, 73, 24, 25, 73, 13, 26, 73, 73, 39,
        27, 24, 77,  2, 35, 67, 24, 41, 25, 26, 67, 67, 27, 24, 25, 39, 73,  0,
        24, 25, 63, 41, 25, 24, 63, 24, 40, 24, 26, 24, 26, 73, 26, 30, 40, 33,
        38, 73, 25, 24, 21, 27, 16, 34, 24, 41, 41, 26]), Box: ([109.03311157226562, 167.69561767578125, 207.11643981933594, 499.40167236328125], [123.83882141113281, 282.2081298828125, 162.486083984375, 328.28155517578125], [111.46192169189453, 219.0480499267578, 162.5343780517578, 328.04534912109375], [115.17725372314453, 217.26173400878906, 162.986572265625, 328.3629455566406], [123.94934844970703, 268.5595703125, 186.03976440429688, 328.5581359863281], [117.3543701171875, 215.91627502441406, 169.19549560546875, 329.28460693359375], [168.72515869140625, 268.25799560546875, 189.28182983398438, 330.7144470214844], [183.50091552734375, 251.41241455078125, 198.42727661132812, 329.9346923828125], [186.0325164794922, 224.52346801757812, 206.89048767089844, 244.41180419921875], [124.05992126464844, 285.83734130859375, 162.0177001953125, 327.97784423828125], [183.50091552734375, 251.41241455078125, 198.42727661132812, 329.9346923828125], [183.31858825683594, 251.29293823242188, 192.94589233398438, 292.7770690917969], [117.61951446533203, 218.0837860107422, 192.7078857421875, 329.9289855957031], [117.61951446533203, 218.0837860107422, 192.7078857421875, 329.9289855957031], [111.46192169189453, 219.0480499267578, 162.5343780517578, 328.04534912109375], [155.24546813964844, 221.36346435546875, 164.48561096191406, 246.76634216308594], [116.15945434570312, 215.13316345214844, 192.2947235107422, 330.0771484375], [-0.16435515880584717, 281.0121154785156, 75.09939575195312, 370.3020324707031], [177.99461364746094, 330.54296875, 193.06654357910156, 369.27294921875], [116.15945434570312, 215.13316345214844, 192.2947235107422, 330.0771484375], [157.7047576904297, 221.025146484375, 194.0330810546875, 330.9949951171875], [175.49131774902344, 250.40126037597656, 200.89498901367188, 330.9114074707031], [122.85536193847656, 258.0623779296875, 201.32334899902344, 331.1361999511719], [117.3543701171875, 215.91627502441406, 169.19549560546875, 329.28460693359375], [123.83882141113281, 282.2081298828125, 162.486083984375, 328.28155517578125], [121.98861694335938, 226.7613525390625, 194.95484924316406, 328.29833984375], [115.17725372314453, 217.26173400878906, 162.986572265625, 328.3629455566406], [155.96636962890625, 221.2265625, 161.66973876953125, 234.38101196289062], [154.4630889892578, 220.99380493164062, 159.4775848388672, 231.71832275390625], [156.95950317382812, 221.22268676757812, 169.21722412109375, 244.05838012695312], [175.35255432128906, 226.106201171875, 185.2563018798828, 234.24818420410156], [177.0582733154297, 225.11227416992188, 206.5626983642578, 237.74732971191406], [175.56173706054688, 226.52239990234375, 190.93798828125, 237.4956817626953], [123.94934844970703, 268.5595703125, 186.03976440429688, 328.5581359863281], [186.30340576171875, 253.3719482421875, 201.76370239257812, 325.79296875], [174.9059295654297, 251.47149658203125, 182.59304809570312, 279.2287902832031], [169.8720245361328, 224.9165496826172, 206.20999145507812, 330.2453918457031], [187.180419921875, 224.79815673828125, 205.9048309326172, 238.10238647460938], [183.31858825683594, 251.29293823242188, 192.94589233398438, 292.7770690917969], [0.0965707004070282, 281.0718688964844, 73.60910034179688, 316.5100402832031], [119.84425354003906, 244.26600646972656, 191.8010711669922, 338.4882507324219], [117.70710754394531, 212.2675018310547, 163.0865936279297, 248.11326599121094], [168.83258056640625, 269.5299377441406, 193.1516876220703, 369.1400146484375], [10.15280532836914, 352.2496643066406, 39.35348892211914, 380.8497619628906], [184.61807250976562, 224.95252990722656, 206.1239013671875, 251.28396606445312], [110.25817108154297, 213.2706756591797, 161.75506591796875, 276.8412170410156], [175.9418182373047, 250.89657592773438, 185.31704711914062, 290.46826171875], [175.49131774902344, 250.40126037597656, 200.89498901367188, 330.9114074707031], [186.0325164794922, 224.52346801757812, 206.89048767089844, 244.41180419921875], [121.98861694335938, 226.7613525390625, 194.95484924316406, 328.29833984375], [118.80489349365234, 214.7122344970703, 192.1300506591797, 290.635009765625], [183.31858825683594, 251.29293823242188, 192.94589233398438, 292.7770690917969], [174.0615234375, 250.8168182373047, 198.17684936523438, 368.9918518066406], [181.8993682861328, 225.69818115234375, 196.876953125, 292.18365478515625], [156.95950317382812, 221.22268676757812, 169.21722412109375, 244.05838012695312], [189.66217041015625, 285.3277282714844, 201.1514129638672, 326.3062744140625], [10.15280532836914, 352.2496643066406, 39.35348892211914, 380.8497619628906], [186.30870056152344, 226.36019897460938, 195.70205688476562, 239.19761657714844], [175.70938110351562, 224.44515991210938, 206.81642150878906, 281.0273742675781], [121.05567169189453, 208.89273071289062, 168.3609161376953, 247.73406982421875], [109.00752258300781, 225.28880310058594, 124.84833526611328, 276.0917053222656], [185.70872497558594, 226.1588592529297, 193.3974151611328, 233.4603729248047], [191.13162231445312, 251.46803283691406, 205.42404174804688, 277.4917297363281], [175.70938110351562, 224.44515991210938, 206.81642150878906, 281.0273742675781], [111.2347412109375, 216.44451904296875, 204.87185668945312, 277.2793273925781], [122.85536193847656, 258.0623779296875, 201.32334899902344, 331.1361999511719], [183.50091552734375, 251.41241455078125, 198.42727661132812, 329.9346923828125], [183.31858825683594, 251.29293823242188, 192.94589233398438, 292.7770690917969], [187.18731689453125, 224.65501403808594, 206.20469665527344, 277.4701232910156], [181.5161895751953, 225.4501190185547, 199.9309844970703, 292.3934020996094], [0.04011020064353943, 278.9068298339844, 205.51202392578125, 373.60369873046875], [0.005646608769893646, 284.2044677734375, 43.23005676269531, 318.6930236816406], [186.22161865234375, 225.10076904296875, 202.00534057617188, 234.4867706298828], [186.14971923828125, 225.05422973632812, 203.39573669433594, 235.3508758544922], [114.4547119140625, 215.2508087158203, 196.317138671875, 368.63690185546875], [109.84818267822266, 224.89410400390625, 131.23895263671875, 276.4681701660156], [187.0570831298828, 254.91273498535156, 198.48008728027344, 320.0591735839844], [174.53826904296875, 224.50123596191406, 206.84234619140625, 254.0088348388672], [182.71507263183594, 230.1855010986328, 190.62521362304688, 237.59658813476562], [175.49131774902344, 250.40126037597656, 200.89498901367188, 330.9114074707031], [188.42884826660156, 260.0934143066406, 202.28106689453125, 324.42633056640625], [122.85536193847656, 258.0623779296875, 201.32334899902344, 331.1361999511719], [190.07510375976562, 240.87725830078125, 199.5990447998047, 247.3450469970703], [174.53826904296875, 224.50123596191406, 206.84234619140625, 254.0088348388672], [157.59544372558594, 221.9385223388672, 163.74720764160156, 235.06158447265625], [183.31858825683594, 251.29293823242188, 192.94589233398438, 292.7770690917969], [182.19033813476562, 228.09266662597656, 193.12442016601562, 293.1963806152344], [-0.027070753276348114, 286.95513916015625, 51.85646438598633, 369.8379211425781], [115.79053497314453, 216.07876586914062, 193.08828735351562, 365.24505615234375], [121.98861694335938, 226.7613525390625, 194.95484924316406, 328.29833984375], [119.84425354003906, 244.26600646972656, 191.8010711669922, 338.4882507324219], [189.60276794433594, 285.8177185058594, 201.54261779785156, 327.8176574707031], [181.8993682861328, 225.69818115234375, 196.876953125, 292.18365478515625], [183.31858825683594, 251.29293823242188, 192.94589233398438, 292.7770690917969], [157.9419403076172, 222.3660125732422, 165.90716552734375, 243.1107940673828], [157.59544372558594, 221.9385223388672, 163.74720764160156, 235.06158447265625], [123.94934844970703, 268.5595703125, 186.03976440429688, 328.5581359863281], [186.30340576171875, 253.3719482421875, 201.76370239257812, 325.79296875], [197.78579711914062, 225.09982299804688, 207.22708129882812, 237.98622131347656], [114.4547119140625, 215.2508087158203, 196.317138671875, 368.63690185546875], [174.6820068359375, 226.34413146972656, 192.95851135253906, 280.9334716796875], [155.67550659179688, 224.93080139160156, 173.00381469726562, 318.6963195800781], [168.70706176757812, 267.4044494628906, 203.67140197753906, 332.9201354980469], [10.15280532836914, 352.2496643066406, 39.35348892211914, 380.8497619628906], [121.05567169189453, 208.89273071289062, 168.3609161376953, 247.73406982421875], [158.7910614013672, 221.8905029296875, 168.04444885253906, 238.84857177734375], [124.05992126464844, 285.83734130859375, 162.0177001953125, 327.97784423828125], [174.0615234375, 250.8168182373047, 198.17684936523438, 368.9918518066406], [187.18731689453125, 224.65501403808594, 206.20469665527344, 277.4701232910156], [174.59957885742188, 226.169677734375, 181.91139221191406, 232.9448699951172], [117.70710754394531, 212.2675018310547, 163.0865936279297, 248.11326599121094], [110.1032485961914, 214.24703979492188, 160.99058532714844, 277.5376281738281], [174.53826904296875, 224.50123596191406, 206.84234619140625, 254.0088348388672], [46.65237045288086, 280.9667053222656, 74.09187316894531, 307.48992919921875], [189.66217041015625, 285.3277282714844, 201.1514129638672, 326.3062744140625], [187.18731689453125, 224.65501403808594, 206.20469665527344, 277.4701232910156], [175.70938110351562, 224.44515991210938, 206.81642150878906, 281.0273742675781], [175.70938110351562, 224.44515991210938, 206.81642150878906, 281.0273742675781], [174.0615234375, 250.8168182373047, 198.17684936523438, 368.9918518066406], [118.80489349365234, 214.7122344970703, 192.1300506591797, 290.635009765625], [43.986427307128906, 281.0562744140625, 78.72010803222656, 347.96331787109375], [116.15945434570312, 215.13316345214844, 192.2947235107422, 330.0771484375], [123.75205993652344, 268.6790466308594, 185.717529296875, 331.34063720703125], [172.14120483398438, 225.75436401367188, 201.98687744140625, 254.28306579589844], [113.94258880615234, 214.04234313964844, 206.72459411621094, 264.6036071777344], [107.1488037109375, 213.39004516601562, 128.9114532470703, 260.6894226074219], [168.83258056640625, 269.5299377441406, 193.1516876220703, 369.1400146484375], [177.99461364746094, 330.54296875, 193.06654357910156, 369.27294921875], [123.83882141113281, 282.2081298828125, 162.486083984375, 328.28155517578125], [168.82701110839844, 266.97137451171875, 182.73268127441406, 322.3439636230469], [168.72515869140625, 268.25799560546875, 189.28182983398438, 330.7144470214844], [123.94934844970703, 268.5595703125, 186.03976440429688, 328.5581359863281], [157.96820068359375, 221.86355590820312, 187.4855499267578, 292.0370178222656], [186.0325164794922, 224.52346801757812, 206.89048767089844, 244.41180419921875], [186.0325164794922, 224.52346801757812, 206.89048767089844, 244.41180419921875], [115.79053497314453, 216.07876586914062, 193.08828735351562, 365.24505615234375], [116.50980377197266, 220.57931518554688, 164.12643432617188, 331.19757080078125], [117.61951446533203, 218.0837860107422, 192.7078857421875, 329.9289855957031], [125.60169219970703, 262.56011962890625, 136.62222290039062, 273.8905029296875], [121.98861694335938, 226.7613525390625, 194.95484924316406, 328.29833984375], [169.8720245361328, 224.9165496826172, 206.20999145507812, 330.2453918457031], [122.85536193847656, 258.0623779296875, 201.32334899902344, 331.1361999511719], [186.0325164794922, 224.52346801757812, 206.89048767089844, 244.41180419921875], [187.18731689453125, 224.65501403808594, 206.20469665527344, 277.4701232910156], [183.9591827392578, 252.28965759277344, 189.5098419189453, 286.2747802734375], [172.84925842285156, 226.17874145507812, 192.5658721923828, 254.97579956054688], [123.83882141113281, 282.2081298828125, 162.486083984375, 328.28155517578125], [47.53164291381836, 280.8953552246094, 73.26806640625, 300.25537109375], [189.60276794433594, 285.8177185058594, 201.54261779785156, 327.8176574707031], [181.5161895751953, 225.4501190185547, 199.9309844970703, 292.3934020996094], [175.49131774902344, 250.40126037597656, 200.89498901367188, 330.9114074707031], [172.84925842285156, 226.17874145507812, 192.5658721923828, 254.97579956054688], [107.79356384277344, 225.34786987304688, 119.94139862060547, 258.67645263671875], [183.50091552734375, 251.41241455078125, 198.42727661132812, 329.9346923828125], [168.70706176757812, 267.4044494628906, 203.67140197753906, 332.9201354980469], [182.90773010253906, 283.1172790527344, 197.24417114257812, 329.1017150878906], [175.70938110351562, 224.44515991210938, 206.81642150878906, 281.0273742675781], [0.5041882395744324, 277.6552429199219, 204.51722717285156, 397.7133483886719], [175.70938110351562, 224.44515991210938, 206.81642150878906, 281.0273742675781], [191.13162231445312, 251.46803283691406, 205.42404174804688, 277.4917297363281], [186.0325164794922, 224.52346801757812, 206.89048767089844, 244.41180419921875], [177.99461364746094, 330.54296875, 193.06654357910156, 369.27294921875], [174.53826904296875, 224.50123596191406, 206.84234619140625, 254.0088348388672], [109.84818267822266, 224.89410400390625, 131.23895263671875, 276.4681701660156], [110.25817108154297, 213.2706756591797, 161.75506591796875, 276.8412170410156], [174.9059295654297, 251.47149658203125, 182.59304809570312, 279.2287902832031], [113.27507019042969, 220.70901489257812, 204.49937438964844, 356.29229736328125], [183.8339080810547, 253.0987548828125, 187.56680297851562, 281.147216796875], [187.18731689453125, 224.65501403808594, 206.20469665527344, 277.4701232910156], [123.24532318115234, 272.40869140625, 195.48486328125, 330.53204345703125], [157.9734344482422, 223.7222442626953, 207.11740112304688, 258.21209716796875], [113.47647094726562, 215.98458862304688, 205.82806396484375, 277.2453308105469], [184.76675415039062, 288.41326904296875, 200.88380432128906, 330.48138427734375], [118.80489349365234, 214.7122344970703, 192.1300506591797, 290.635009765625], [191.13162231445312, 251.46803283691406, 205.42404174804688, 277.4917297363281], [177.99461364746094, 330.54296875, 193.06654357910156, 369.27294921875], [155.96636962890625, 221.2265625, 161.66973876953125, 234.38101196289062], [121.98861694335938, 226.7613525390625, 194.95484924316406, 328.29833984375], [123.83882141113281, 282.2081298828125, 162.486083984375, 328.28155517578125], [181.8993682861328, 225.69818115234375, 196.876953125, 292.18365478515625], [186.0325164794922, 224.52346801757812, 206.89048767089844, 244.41180419921875], [183.50091552734375, 251.41241455078125, 198.42727661132812, 329.9346923828125], [188.42884826660156, 260.0934143066406, 202.28106689453125, 324.42633056640625], [175.9418182373047, 250.89657592773438, 185.31704711914062, 290.46826171875], [184.76675415039062, 288.41326904296875, 200.88380432128906, 330.48138427734375], [182.19033813476562, 228.09266662597656, 193.12442016601562, 293.1963806152344], [169.8720245361328, 224.9165496826172, 206.20999145507812, 330.2453918457031], [117.03717041015625, 213.5558624267578, 127.15330505371094, 226.0372772216797], [189.50929260253906, 251.15626525878906, 205.53436279296875, 330.47491455078125], [158.7910614013672, 221.8905029296875, 168.04444885253906, 238.84857177734375], [183.50091552734375, 251.41241455078125, 198.42727661132812, 329.9346923828125], [-0.7297676205635071, 280.98968505859375, 92.13980102539062, 405.8983154296875], [172.3595733642578, 224.95506286621094, 205.116943359375, 255.65907287597656], [123.83882141113281, 282.2081298828125, 162.486083984375, 328.28155517578125], [168.72515869140625, 268.25799560546875, 189.28182983398438, 330.7144470214844], [173.55650329589844, 225.8681182861328, 186.9119415283203, 280.7405700683594], [181.8993682861328, 225.69818115234375, 196.876953125, 292.18365478515625], [175.9418182373047, 250.89657592773438, 185.31704711914062, 290.46826171875], [186.30340576171875, 253.3719482421875, 201.76370239257812, 325.79296875], [191.13162231445312, 251.46803283691406, 205.42404174804688, 277.4917297363281], [174.53826904296875, 224.50123596191406, 206.84234619140625, 254.0088348388672], [181.5161895751953, 225.4501190185547, 199.9309844970703, 292.3934020996094], [184.61807250976562, 224.95252990722656, 206.1239013671875, 251.28396606445312], [189.50929260253906, 251.15626525878906, 205.53436279296875, 330.47491455078125], [0.49852487444877625, 352.57464599609375, 93.29456329345703, 417.849609375], [178.75807189941406, 251.41358947753906, 185.47984313964844, 291.2531433105469], [181.8993682861328, 225.69818115234375, 196.876953125, 292.18365478515625], [122.84487915039062, 270.82769775390625, 162.67523193359375, 328.19085693359375], [183.50091552734375, 251.41241455078125, 198.42727661132812, 329.9346923828125], [172.14120483398438, 225.75436401367188, 201.98687744140625, 254.28306579589844], [109.00752258300781, 225.28880310058594, 124.84833526611328, 276.0917053222656], [183.55650329589844, 251.62274169921875, 188.04949951171875, 280.754150390625], [168.72515869140625, 268.25799560546875, 189.28182983398438, 330.7144470214844], [112.73686218261719, 216.10284423828125, 182.50726318359375, 366.3268127441406], [184.33860778808594, 252.43661499023438, 189.42237854003906, 278.2087097167969], [116.0203628540039, 213.0635528564453, 206.48806762695312, 250.81434631347656], [186.11276245117188, 225.4802703857422, 206.6340789794922, 253.58993530273438], [184.49850463867188, 253.48744201660156, 194.72804260253906, 310.1463623046875], [186.65158081054688, 253.8511199951172, 197.7186737060547, 313.9250793457031], [175.49131774902344, 250.40126037597656, 200.89498901367188, 330.9114074707031], [174.53826904296875, 224.50123596191406, 206.84234619140625, 254.0088348388672], [181.8993682861328, 225.69818115234375, 196.876953125, 292.18365478515625], [158.19371032714844, 222.0109405517578, 207.75238037109375, 244.55535888671875], [184.61807250976562, 224.95252990722656, 206.1239013671875, 251.28396606445312], [123.94934844970703, 268.5595703125, 186.03976440429688, 328.5581359863281], [120.0696792602539, 250.29835510253906, 202.55340576171875, 367.3714599609375], [108.51893615722656, 222.3885498046875, 128.4391632080078, 325.99896240234375], [172.14120483398438, 225.75436401367188, 201.98687744140625, 254.28306579589844], [183.9591827392578, 252.28965759277344, 189.5098419189453, 286.2747802734375], [184.33860778808594, 252.43661499023438, 189.42237854003906, 278.2087097167969], [186.30340576171875, 253.3719482421875, 201.76370239257812, 325.79296875], [187.0570831298828, 254.91273498535156, 198.48008728027344, 320.0591735839844], [124.05992126464844, 285.83734130859375, 162.0177001953125, 327.97784423828125], [184.33860778808594, 252.43661499023438, 189.42237854003906, 278.2087097167969], [174.9059295654297, 251.47149658203125, 182.59304809570312, 279.2287902832031], [183.50091552734375, 251.41241455078125, 198.42727661132812, 329.9346923828125], [184.61807250976562, 224.95252990722656, 206.1239013671875, 251.28396606445312], [173.8995361328125, 225.9712677001953, 189.48329162597656, 237.94720458984375], [172.3595733642578, 224.95506286621094, 205.116943359375, 255.65907287597656], [181.5161895751953, 225.4501190185547, 199.9309844970703, 292.3934020996094], [174.53826904296875, 224.50123596191406, 206.84234619140625, 254.0088348388672], [175.70938110351562, 224.44515991210938, 206.81642150878906, 281.0273742675781], [183.31858825683594, 251.29293823242188, 192.94589233398438, 292.7770690917969], [173.55650329589844, 225.8681182861328, 186.9119415283203, 280.7405700683594], [169.8720245361328, 224.9165496826172, 206.20999145507812, 330.2453918457031], [187.18731689453125, 224.65501403808594, 206.20469665527344, 277.4701232910156], [182.19033813476562, 228.09266662597656, 193.12442016601562, 293.1963806152344], [0.08171238005161285, 302.7798767089844, 31.919248580932617, 372.1691589355469], [157.7047576904297, 221.025146484375, 194.0330810546875, 330.9949951171875], [168.70706176757812, 267.4044494628906, 203.67140197753906, 332.9201354980469], [183.9591827392578, 252.28965759277344, 189.5098419189453, 286.2747802734375], [182.19033813476562, 228.09266662597656, 193.12442016601562, 293.1963806152344], [177.99461364746094, 330.54296875, 193.06654357910156, 369.27294921875], [156.95950317382812, 221.22268676757812, 169.21722412109375, 244.05838012695312], [10.15280532836914, 352.2496643066406, 39.35348892211914, 380.8497619628906], [9.992419242858887, 111.3041000366211, 53.10253143310547, 174.2789764404297], [123.83882141113281, 282.2081298828125, 162.486083984375, 328.28155517578125], [157.9419403076172, 222.3660125732422, 165.90716552734375, 243.1107940673828], [183.31858825683594, 251.29293823242188, 192.94589233398438, 292.7770690917969], [186.0325164794922, 224.52346801757812, 206.89048767089844, 244.41180419921875], [184.61807250976562, 224.95252990722656, 206.1239013671875, 251.28396606445312], [119.67998504638672, 245.83847045898438, 195.70713806152344, 379.1839599609375], [182.19033813476562, 228.09266662597656, 193.12442016601562, 293.1963806152344], [181.8993682861328, 225.69818115234375, 196.876953125, 292.18365478515625], [117.3543701171875, 215.91627502441406, 169.19549560546875, 329.28460693359375], [183.50091552734375, 251.41241455078125, 198.42727661132812, 329.9346923828125], [157.7047576904297, 221.025146484375, 194.0330810546875, 330.9949951171875], [174.6820068359375, 226.34413146972656, 192.95851135253906, 280.9334716796875], [189.66217041015625, 285.3277282714844, 201.1514129638672, 326.3062744140625], [186.0325164794922, 224.52346801757812, 206.89048767089844, 244.41180419921875], [122.84487915039062, 270.82769775390625, 162.67523193359375, 328.19085693359375], [117.61951446533203, 218.0837860107422, 192.7078857421875, 329.9289855957031], [175.49131774902344, 250.40126037597656, 200.89498901367188, 330.9114074707031], [175.70938110351562, 224.44515991210938, 206.81642150878906, 281.0273742675781], [168.70706176757812, 267.4044494628906, 203.67140197753906, 332.9201354980469], [112.73686218261719, 216.10284423828125, 182.50726318359375, 366.3268127441406], [124.05992126464844, 285.83734130859375, 162.0177001953125, 327.97784423828125], [120.52232360839844, 208.2855987548828, 151.12200927734375, 227.32681274414062], [174.53826904296875, 224.50123596191406, 206.84234619140625, 254.0088348388672], [112.77828216552734, 219.90396118164062, 204.376953125, 335.2061767578125], [182.90773010253906, 283.1172790527344, 197.24417114257812, 329.1017150878906], [123.75205993652344, 268.6790466308594, 185.717529296875, 331.34063720703125], [188.42884826660156, 260.0934143066406, 202.28106689453125, 324.42633056640625], [183.55650329589844, 251.62274169921875, 188.04949951171875, 280.754150390625], [113.17459869384766, 251.7501983642578, 135.4840087890625, 276.3296203613281], [169.8720245361328, 224.9165496826172, 206.20999145507812, 330.2453918457031], [123.83882141113281, 282.2081298828125, 162.486083984375, 328.28155517578125], [169.8720245361328, 224.9165496826172, 206.20999145507812, 330.2453918457031], [123.83882141113281, 282.2081298828125, 162.486083984375, 328.28155517578125], [183.8339080810547, 253.0987548828125, 187.56680297851562, 281.147216796875], [174.6820068359375, 226.34413146972656, 192.95851135253906, 280.9334716796875], [121.14494323730469, 216.224853515625, 160.72427368164062, 328.0274963378906], [10.15280532836914, 352.2496643066406, 39.35348892211914, 380.8497619628906], [144.27084350585938, 0.2511441707611084, 162.16319274902344, 72.00729370117188], [175.70938110351562, 224.44515991210938, 206.81642150878906, 281.0273742675781], [157.7047576904297, 221.025146484375, 194.0330810546875, 330.9949951171875], [113.17459869384766, 251.7501983642578, 135.4840087890625, 276.3296203613281], [187.18731689453125, 224.65501403808594, 206.20469665527344, 277.4701232910156], [172.84925842285156, 226.17874145507812, 192.5658721923828, 254.97579956054688], [174.53826904296875, 224.50123596191406, 206.84234619140625, 254.0088348388672]), Score: [0.9448630809783936, 0.532010018825531, 0.29302978515625, 0.2683435380458832, 0.20299769937992096, 0.18618406355381012, 0.1591547131538391, 0.15676487982273102, 0.1517225205898285, 0.15029968321323395, 0.1386995017528534, 0.13295479118824005, 0.13116197288036346, 0.12425274401903152, 0.115840382874012, 0.11277416348457336, 0.10747615247964859, 0.10679197311401367, 0.10545914620161057, 0.1016780287027359, 0.10118138790130615, 0.10080572217702866, 0.1003948450088501, 0.09933385252952576, 0.09593452513217926, 0.09553428739309311, 0.0935143455862999, 0.08982311189174652, 0.088050976395607, 0.08513353765010834, 0.0847032368183136, 0.08407484740018845, 0.08326376974582672, 0.0821530893445015, 0.07944496721029282, 0.07871109247207642, 0.07631709426641464, 0.07445097714662552, 0.073792465031147, 0.07319825887680054, 0.07171498239040375, 0.07005759328603745, 0.06956491619348526, 0.06777668744325638, 0.06758192926645279, 0.06750285625457764, 0.06746926158666611, 0.06699316203594208, 0.06610026955604553, 0.06564190983772278, 0.06173102185130119, 0.06009694188833237, 0.059449728578329086, 0.05939086526632309, 0.05915449559688568, 0.058978091925382614, 0.058859918266534805, 0.0584830604493618, 0.056599948555231094, 0.05598219111561775, 0.05586651340126991, 0.05528676137328148, 0.055160705000162125, 0.05510968342423439, 0.05508587136864662, 0.054750967770814896, 0.0546109676361084, 0.054573964327573776, 0.05393574759364128, 0.053698912262916565, 0.05363766476511955, 0.053589943796396255, 0.053365401923656464, 0.05320512503385544, 0.05315578356385231, 0.05314117297530174, 0.05302584916353226, 0.05198113992810249, 0.051854208111763, 0.05168798565864563, 0.05091758817434311, 0.050645072013139725, 0.05052363872528076, 0.05050845444202423, 0.049808111041784286, 0.04967397078871727, 0.04889998584985733, 0.04875041916966438, 0.048457905650138855, 0.04819181561470032, 0.047668568789958954, 0.04748409241437912, 0.04689224809408188, 0.04676443710923195, 0.04531605541706085, 0.045197684317827225, 0.04484613612294197, 0.04442950710654259, 0.04396132752299309, 0.04378948733210564, 0.043362297117710114, 0.04317552596330643, 0.04289713501930237, 0.042851921170949936, 0.04239914193749428, 0.042208507657051086, 0.04198182374238968, 0.041591424494981766, 0.041369155049324036, 0.04122963175177574, 0.041021231561899185, 0.040745411068201065, 0.040619008243083954, 0.0403904989361763, 0.0403677374124527, 0.04028339684009552, 0.04007963463664055, 0.039581429213285446, 0.039574142545461655, 0.039480939507484436, 0.039395954459905624, 0.03936760500073433, 0.03902716562151909, 0.03879833593964577, 0.038734883069992065, 0.03856112062931061, 0.03855769708752632, 0.03841647133231163, 0.038090646266937256, 0.03736317902803421, 0.03731215372681618, 0.037308212369680405, 0.03701182082295418, 0.03701013699173927, 0.03700196370482445, 0.03667332977056503, 0.03617464751005173, 0.03614938631653786, 0.035864319652318954, 0.03567150607705116, 0.035562481731176376, 0.035355523228645325, 0.03533565625548363, 0.035237621515989304, 0.03508411720395088, 0.03484140336513519, 0.03476783633232117, 0.03454126790165901, 0.03450080379843712, 0.03443578630685806, 0.03442367538809776, 0.03440890088677406, 0.03371267020702362, 0.03353793919086456, 0.03351337090134621, 0.03350938856601715, 0.03335823491215706, 0.03324845805764198, 0.03312123566865921, 0.032945845276117325, 0.03289339691400528, 0.032796092331409454, 0.03276972472667694, 0.03251640126109123, 0.0325063057243824, 0.032475411891937256, 0.03242151811718941, 0.03240698203444481, 0.03240044042468071, 0.03236550837755203, 0.03233225271105766, 0.03213531896471977, 0.032090842723846436, 0.03181273490190506, 0.031811099499464035, 0.031783610582351685, 0.03176015615463257, 0.03166259825229645, 0.03165968134999275, 0.03158893808722496, 0.031405672430992126, 0.031339164823293686, 0.03133148327469826, 0.031259212642908096, 0.031031081452965736, 0.03103061206638813, 0.031017929315567017, 0.030703306198120117, 0.03053189069032669, 0.030482690781354904, 0.02995617501437664, 0.029902473092079163, 0.029890231788158417, 0.029690256342291832, 0.029649237170815468, 0.029549941420555115, 0.02940012700855732, 0.029364878311753273, 0.029263319447636604, 0.02910532057285309, 0.02896745502948761, 0.028929369524121284, 0.028773071244359016, 0.028711678460240364, 0.028656598180532455, 0.028632842004299164, 0.02838730253279209, 0.028337134048342705, 0.028119035065174103, 0.02811710722744465, 0.02806094102561474, 0.02786654233932495, 0.02784537896513939, 0.02779175154864788, 0.027764325961470604, 0.027714289724826813, 0.027696287259459496, 0.027640797197818756, 0.02761470340192318, 0.027562780305743217, 0.02754257433116436, 0.02753607928752899, 0.027499768882989883, 0.026920609176158905, 0.02689211815595627, 0.02678879164159298, 0.026759792119264603, 0.026723522692918777, 0.026624755933880806, 0.026549644768238068, 0.026409635320305824, 0.026407210156321526, 0.02629193477332592, 0.026143614202737808, 0.026056014001369476, 0.025988340377807617, 0.02594650723040104, 0.02580370008945465, 0.025769008323550224, 0.025754109025001526, 0.025743110105395317, 0.025722147896885872, 0.02567155472934246, 0.025648687034845352, 0.025548642501235008, 0.025538956746459007, 0.025406450033187866, 0.025356458500027657, 0.025336267426609993, 0.025330381467938423, 0.02528841234743595, 0.02517556957900524, 0.025115063413977623, 0.025096962228417397, 0.025052964687347412, 0.025031115859746933, 0.02500922605395317, 0.02497302182018757, 0.02495628409087658, 0.02485698089003563, 0.024691402912139893, 0.02465483918786049, 0.02458007074892521, 0.024530800059437752, 0.02437545172870159, 0.0243566632270813, 0.024273427203297615, 0.02412591315805912, 0.024086909368634224, 0.02403881959617138, 0.023988958448171616, 0.02397698350250721, 0.02391659840941429, 0.023886000737547874, 0.023806605488061905, 0.023800622671842575, 0.023772308602929115, 0.023701556026935577, 0.023491112515330315, 0.023461170494556427, 0.023438269272446632, 0.023436767980456352, 0.02340715564787388, 0.02330062724649906, 0.023292575031518936, 0.023165136575698853, 0.02313992939889431, 0.023130133748054504, 0.02308008447289467, 0.02306375466287136, 0.022980762645602226, 0.02292805165052414, 0.022918308153748512, 0.022841744124889374, 0.02282732166349888, 0.022802799940109253, 0.022796081379055977, 0.022794362157583237, 0.022784369066357613, 0.022750355303287506]

Execution time: 0.4072 sec
