Label: tensor([15,  0, 63, 57, 59, 71,  0, 59,  0, 71,  0, 71, 62, 57,  0, 56,  0, 59,
        57, 59, 63, 57, 63, 59,  0, 28,  0,  0, 62,  0, 57, 73, 73,  0, 62, 57,
         0, 59, 57, 59, 56, 71, 71, 15,  0,  0,  0, 15, 73, 15, 57, 56, 57, 71,
        28,  0, 56, 59, 15,  0, 13, 15, 63, 62, 57, 56, 72,  0, 59,  0,  0, 59,
        57, 63, 59, 61, 62, 73, 58, 56,  0, 63,  0, 59, 15, 73,  0, 59, 56,  0,
        57, 73, 60, 59, 71, 58, 15,  0, 15, 62, 57, 63, 15, 63,  0, 13, 56, 56,
        61, 71,  0, 15, 15, 57, 56, 56,  0,  0,  0, 59, 57, 63, 63, 28, 28, 59,
         0, 59,  0,  0, 73, 57, 56, 15, 41, 62, 56, 73, 71,  0,  0, 62, 73, 59,
        71,  2, 62, 56,  0,  0, 71, 24, 61, 62,  0,  0,  0, 15, 15,  0, 57,  0,
        71, 28,  0, 56, 60, 71, 56,  0, 57, 59, 57,  0,  0, 57, 28,  0,  0, 57,
         0, 60, 71, 15, 15, 61,  2, 71, 56, 26, 63, 59, 39,  0,  0,  0, 71, 63,
        59, 59, 15, 71,  0, 66, 71,  0,  0, 15, 71, 25,  0, 15, 15, 15, 58, 28,
        63, 13, 57, 56,  0, 73,  0, 58,  0, 57, 41, 63, 60, 15, 71, 57, 57, 66,
        56, 56, 62, 60, 59, 68, 15,  2, 73, 13, 45, 15, 57, 58, 61, 66, 56, 57,
        73,  0, 15, 61, 15, 60, 73,  0,  0, 15,  0, 62, 58, 58, 63, 59, 15, 67,
        66,  0,  0, 71, 15, 68, 63, 62, 73, 59, 15, 15,  0, 15,  2, 59, 63, 57,
        15, 66, 71, 59,  0, 72, 66, 70, 60, 15, 15, 45]), Box: ([0.6645731925964355, 45.607120513916016, 349.0350036621094, 498.9270935058594], [0.11288747191429138, -0.25118887424468994, 204.9553680419922, 250.47708129882812], [0.18793344497680664, 0.17687678337097168, 375.1841735839844, 500.1714172363281], [0.11288747191429138, -0.25118887424468994, 204.9553680419922, 250.47708129882812], [-0.24068355560302734, 244.7867431640625, 374.75555419921875, 499.2585754394531], [-0.24068355560302734, 244.7867431640625, 374.75555419921875, 499.2585754394531], [-0.02607295662164688, 186.01141357421875, 10.466495513916016, 249.6985321044922], [-0.2247244119644165, 225.74440002441406, 374.7388916015625, 499.3061218261719], [0.28771162033081055, -0.39651989936828613, 200.24468994140625, 210.4049835205078], [-0.2247244119644165, 225.74440002441406, 374.7388916015625, 499.3061218261719], [0.14099478721618652, -0.45564770698547363, 200.17811584472656, 194.2106475830078], [0.18793344497680664, 0.17687678337097168, 375.1841735839844, 500.1714172363281], [0.019200146198272705, 0.3957599401473999, 375.015380859375, 263.2689514160156], [0.28771162033081055, -0.39651989936828613, 200.24468994140625, 210.4049835205078], [-0.09671598672866821, 0.1520588994026184, 275.8420715332031, 245.56954956054688], [0.11288747191429138, -0.25118887424468994, 204.9553680419922, 250.47708129882812], [34.38850784301758, -0.6400793790817261, 191.24655151367188, 104.78400421142578], [310.8753356933594, 247.728271484375, 374.9876403808594, 498.7667236328125], [0.14099478721618652, -0.45564770698547363, 200.17811584472656, 194.2106475830078], [0.11288747191429138, -0.25118887424468994, 204.9553680419922, 250.47708129882812], [0.11288747191429138, -0.25118887424468994, 204.9553680419922, 250.47708129882812], [-0.20642951130867004, 0.08897483348846436, 201.29983520507812, 397.7342834472656], [0.019200146198272705, 0.3957599401473999, 375.015380859375, 263.2689514160156], [0.18793344497680664, 0.17687678337097168, 375.1841735839844, 500.1714172363281], [147.01425170898438, 0.0921785831451416, 269.6063537597656, 92.9654312133789], [0.18793344497680664, 0.17687678337097168, 375.1841735839844, 500.1714172363281], [0.18793344497680664, 0.17687678337097168, 375.1841735839844, 500.1714172363281], [23.908607482910156, -0.7361806631088257, 194.8292236328125, 123.12279510498047], [0.18793344497680664, 0.17687678337097168, 375.1841735839844, 500.1714172363281], [-0.20642951130867004, 0.08897483348846436, 201.29983520507812, 397.7342834472656], [0.18793344497680664, 0.17687678337097168, 375.1841735839844, 500.1714172363281], [191.34608459472656, 0.47744065523147583, 260.8445739746094, 93.70435333251953], [147.01425170898438, 0.0921785831451416, 269.6063537597656, 92.9654312133789], [0.019200146198272705, 0.3957599401473999, 375.015380859375, 263.2689514160156], [0.11288747191429138, -0.25118887424468994, 204.9553680419922, 250.47708129882812], [-0.24068355560302734, 244.7867431640625, 374.75555419921875, 499.2585754394531], [50.91638946533203, -0.7367655634880066, 189.1145782470703, 100.03271484375], [293.3763122558594, 246.63436889648438, 375.09222412109375, 499.1944885253906], [0.004090368747711182, -0.9082555770874023, 199.53758239746094, 498.99481201171875], [-0.1936778426170349, 245.1298065185547, 374.8025817871094, 499.0757751464844], [0.18793344497680664, 0.17687678337097168, 375.1841735839844, 500.1714172363281], [0.3977157175540924, 191.5820770263672, 339.7003479003906, 499.25701904296875], [310.8753356933594, 247.728271484375, 374.9876403808594, 498.7667236328125], [0.11288747191429138, -0.25118887424468994, 204.9553680419922, 250.47708129882812], [310.8753356933594, 247.728271484375, 374.9876403808594, 498.7667236328125], [144.66912841796875, 0.14882534742355347, 215.3963623046875, 90.46240997314453], [0.38779154419898987, -0.4685744643211365, 199.5814666748047, 190.37115478515625], [-0.2247244119644165, 225.74440002441406, 374.7388916015625, 499.3061218261719], [194.66746520996094, 0.6283409595489502, 260.15203857421875, 94.23583984375], [0.18793344497680664, 0.17687678337097168, 375.1841735839844, 500.1714172363281], [-0.09671598672866821, 0.1520588994026184, 275.8420715332031, 245.56954956054688], [0.28771162033081055, -0.39651989936828613, 200.24468994140625, 210.4049835205078], [-0.2247244119644165, 225.74440002441406, 374.7388916015625, 499.3061218261719], [0.04089251160621643, 139.2728271484375, 374.9610290527344, 500.2427673339844], [0.11288747191429138, -0.25118887424468994, 204.9553680419922, 250.47708129882812], [-0.40120258927345276, 119.10798645019531, 11.729962348937988, 252.254638671875], [0.14099478721618652, -0.45564770698547363, 200.17811584472656, 194.2106475830078], [0.28771162033081055, -0.39651989936828613, 200.24468994140625, 210.4049835205078], [-0.24068355560302734, 244.7867431640625, 374.75555419921875, 499.2585754394531], [0.6242841482162476, 0.2076178789138794, 275.8966369628906, 238.05972290039062], [0.18793344497680664, 0.17687678337097168, 375.1841735839844, 500.1714172363281], [310.8753356933594, 247.728271484375, 374.9876403808594, 498.7667236328125], [-0.09671598672866821, 0.1520588994026184, 275.8420715332031, 245.56954956054688], [0.28771162033081055, -0.39651989936828613, 200.24468994140625, 210.4049835205078], [310.8753356933594, 247.728271484375, 374.9876403808594, 498.7667236328125], [-0.20642951130867004, 0.08897483348846436, 201.29983520507812, 397.7342834472656], [0.18793344497680664, 0.17687678337097168, 375.1841735839844, 500.1714172363281], [117.61962890625, 0.07152557373046875, 262.9696044921875, 96.6137466430664], [0.004090368747711182, -0.9082555770874023, 199.53758239746094, 498.99481201171875], [89.44624328613281, -0.63968825340271, 252.92269897460938, 97.76446533203125], [3.162860870361328, -0.18600374460220337, 257.0146484375, 179.09994506835938], [0.14099478721618652, -0.45564770698547363, 200.17811584472656, 194.2106475830078], [0.019200146198272705, 0.3957599401473999, 375.015380859375, 263.2689514160156], [0.28771162033081055, -0.39651989936828613, 200.24468994140625, 210.4049835205078], [-0.3579184412956238, 266.75885009765625, 374.5560607910156, 499.1030578613281], [310.8753356933594, 247.728271484375, 374.9876403808594, 498.7667236328125], [0.14099478721618652, -0.45564770698547363, 200.17811584472656, 194.2106475830078], [0.14099478721618652, -0.45564770698547363, 200.17811584472656, 194.2106475830078], [0.11288747191429138, -0.25118887424468994, 204.9553680419922, 250.47708129882812], [0.004090368747711182, -0.9082555770874023, 199.53758239746094, 498.99481201171875], [0.04721805453300476, -0.42800605297088623, 87.99779510498047, 252.89576721191406], [-0.20642951130867004, 0.08897483348846436, 201.29983520507812, 397.7342834472656], [0.34933537244796753, 1.0880082845687866, 327.5091552734375, 371.1964416503906], [279.1753234863281, 239.48199462890625, 375.27679443359375, 498.8467102050781], [174.63507080078125, 218.6131591796875, 374.7940673828125, 497.876953125], [0.28771162033081055, -0.39651989936828613, 200.24468994140625, 210.4049835205078], [0.8576363325119019, -0.469304621219635, 199.87184143066406, 185.84361267089844], [-0.20642951130867004, 0.08897483348846436, 201.29983520507812, 397.7342834472656], [310.8753356933594, 247.728271484375, 374.9876403808594, 498.7667236328125], [0.004090368747711182, -0.9082555770874023, 199.53758239746094, 498.99481201171875], [0.38779154419898987, -0.4685744643211365, 199.5814666748047, 190.37115478515625], [144.66912841796875, 0.14882534742355347, 215.3963623046875, 90.46240997314453], [0.11288747191429138, -0.25118887424468994, 204.9553680419922, 250.47708129882812], [0.04089251160621643, 139.2728271484375, 374.9610290527344, 500.2427673339844], [293.3763122558594, 246.63436889648438, 375.09222412109375, 499.1944885253906], [0.18793344497680664, 0.17687678337097168, 375.1841735839844, 500.1714172363281], [190.00048828125, 243.84423828125, 375.14984130859375, 498.2684020996094], [191.34608459472656, 0.47744065523147583, 260.8445739746094, 93.70435333251953], [0.49816444516181946, 62.273441314697266, 247.8056640625, 496.7695617675781], [-0.09968876838684082, 0.055983662605285645, 374.8830261230469, 258.55999755859375], [0.17167255282402039, -0.6304457783699036, 205.43280029296875, 250.1446075439453], [0.14099478721618652, -0.45564770698547363, 200.17811584472656, 194.2106475830078], [293.3763122558594, 246.63436889648438, 375.09222412109375, 499.1944885253906], [0.34933537244796753, 1.0880082845687866, 327.5091552734375, 371.1964416503906], [-0.09968876838684082, 0.055983662605285645, 374.8830261230469, 258.55999755859375], [0.11288747191429138, -0.25118887424468994, 204.9553680419922, 250.47708129882812], [-0.02607295662164688, 186.01141357421875, 10.466495513916016, 249.6985321044922], [-0.24068355560302734, 244.7867431640625, 374.75555419921875, 499.2585754394531], [0.18793344497680664, 0.17687678337097168, 375.1841735839844, 500.1714172363281], [190.00048828125, 243.84423828125, 375.14984130859375, 498.2684020996094], [-0.4360000491142273, 61.7181510925293, 11.525175094604492, 250.17404174804688], [0.3977157175540924, 191.5820770263672, 339.7003479003906, 499.25701904296875], [0.004090368747711182, -0.9082555770874023, 199.53758239746094, 498.99481201171875], [34.38850784301758, -0.6400793790817261, 191.24655151367188, 104.78400421142578], [147.01425170898438, 0.0921785831451416, 269.6063537597656, 92.9654312133789], [0.38779154419898987, -0.4685744643211365, 199.5814666748047, 190.37115478515625], [194.66746520996094, 0.6283409595489502, 260.15203857421875, 94.23583984375], [64.96664428710938, -1.1022239923477173, 188.14385986328125, 91.71702575683594], [293.3763122558594, 246.63436889648438, 375.09222412109375, 499.1944885253906], [0.30125677585601807, 351.4951477050781, 374.8533630371094, 499.20648193359375], [293.3763122558594, 246.63436889648438, 375.09222412109375, 499.1944885253906], [0.6645731925964355, 45.607120513916016, 349.0350036621094, 498.9270935058594], [-0.09968876838684082, 0.055983662605285645, 374.8830261230469, 258.55999755859375], [-0.24068355560302734, 244.7867431640625, 374.75555419921875, 499.2585754394531], [-0.2247244119644165, 225.74440002441406, 374.7388916015625, 499.3061218261719], [-0.09671598672866821, 0.1520588994026184, 275.8420715332031, 245.56954956054688], [146.50376892089844, -0.22795051336288452, 293.2894592285156, 93.17474365234375], [0.019200146198272705, 0.3957599401473999, 375.015380859375, 263.2689514160156], [0.17167255282402039, -0.6304457783699036, 205.43280029296875, 250.1446075439453], [144.78611755371094, 0.16620010137557983, 269.0702819824219, 93.53865051269531], [0.11288747191429138, -0.25118887424468994, 204.9553680419922, 250.47708129882812], [0.6242841482162476, 0.2076178789138794, 275.8966369628906, 238.05972290039062], [-0.09671598672866821, 0.1520588994026184, 275.8420715332031, 245.56954956054688], [0.6300396919250488, 71.65047454833984, 200.6664276123047, 496.98565673828125], [-0.02607295662164688, 186.01141357421875, 10.466495513916016, 249.6985321044922], [-0.09671598672866821, 0.1520588994026184, 275.8420715332031, 245.56954956054688], [-0.2247244119644165, 225.74440002441406, 374.7388916015625, 499.3061218261719], [158.4558868408203, -0.09813904762268066, 212.73609924316406, 89.84074401855469], [279.1753234863281, 239.48199462890625, 375.27679443359375, 498.8467102050781], [72.06299591064453, -1.1149383783340454, 220.49215698242188, 99.02651977539062], [56.270912170410156, -0.6063319444656372, 261.2900085449219, 124.69671630859375], [0.044994056224823, -0.05611777305603027, 375.04058837890625, 372.744140625], [159.04473876953125, -0.10416656732559204, 212.62464904785156, 89.80598449707031], [174.63507080078125, 218.6131591796875, 374.7940673828125, 497.876953125], [0.6645731925964355, 45.607120513916016, 349.0350036621094, 498.9270935058594], [0.11288747191429138, -0.25118887424468994, 204.9553680419922, 250.47708129882812], [-0.20642951130867004, 0.08897483348846436, 201.29983520507812, 397.7342834472656], [34.38850784301758, -0.6400793790817261, 191.24655151367188, 104.78400421142578], [300.3854064941406, 125.3477783203125, 374.9290466308594, 497.8594055175781], [158.4558868408203, -0.09813904762268066, 212.73609924316406, 89.84074401855469], [-0.1936778426170349, 245.1298065185547, 374.8025817871094, 499.0757751464844], [0.11288747191429138, -0.25118887424468994, 204.9553680419922, 250.47708129882812], [293.3763122558594, 246.63436889648438, 375.09222412109375, 499.1944885253906], [0.15506520867347717, -0.864669680595398, 375.0872497558594, 383.7475891113281], [159.04473876953125, -0.10416656732559204, 212.62464904785156, 89.80598449707031], [-0.20676478743553162, -6.401002407073975, 255.84814453125, 491.8572998046875], [57.833736419677734, -1.2127197980880737, 219.45355224609375, 99.719970703125], [300.3854064941406, 125.3477783203125, 374.9290466308594, 497.8594055175781], [279.1753234863281, 239.48199462890625, 375.27679443359375, 498.8467102050781], [0.24428218603134155, -0.1672208309173584, 264.525390625, 251.06141662597656], [-0.20676478743553162, -6.401002407073975, 255.84814453125, 491.8572998046875], [1.1658556461334229, 2.10125732421875, 328.7418518066406, 260.1212158203125], [12.667536735534668, 349.9635009765625, 330.1890869140625, 499.2452697753906], [-0.20642951130867004, 0.08897483348846436, 201.29983520507812, 397.7342834472656], [57.16230010986328, -0.9866095781326294, 217.98641967773438, 103.3399429321289], [0.019200146198272705, 0.3957599401473999, 375.015380859375, 263.2689514160156], [0.18793344497680664, 0.17687678337097168, 375.1841735839844, 500.1714172363281], [0.11288747191429138, -0.25118887424468994, 204.9553680419922, 250.47708129882812], [23.908607482910156, -0.7361806631088257, 194.8292236328125, 123.12279510498047], [29.753616333007812, -0.6520636081695557, 188.0765380859375, 97.64859008789062], [23.908607482910156, -0.7361806631088257, 194.8292236328125, 123.12279510498047], [190.00048828125, 243.84423828125, 375.14984130859375, 498.2684020996094], [3.162860870361328, -0.18600374460220337, 257.0146484375, 179.09994506835938], [91.20756530761719, -0.1693442463874817, 256.90228271484375, 98.66767883300781], [0.13918359577655792, 37.97175598144531, 16.647720336914062, 249.36891174316406], [0.8576363325119019, -0.469304621219635, 199.87184143066406, 185.84361267089844], [0.004090368747711182, -0.9082555770874023, 199.53758239746094, 498.99481201171875], [0.7191575169563293, 31.286121368408203, 45.06352996826172, 253.32144165039062], [0.17099082469940186, 62.51225662231445, 15.149883270263672, 249.14535522460938], [147.01425170898438, 0.0921785831451416, 269.6063537597656, 92.9654312133789], [0.35896897315979004, -0.40061771869659424, 203.99462890625, 250.3983917236328], [0.28771162033081055, -0.39651989936828613, 200.24468994140625, 210.4049835205078], [-0.3579184412956238, 266.75885009765625, 374.5560607910156, 499.1030578613281], [147.01425170898438, 0.0921785831451416, 269.6063537597656, 92.9654312133789], [-0.02310052514076233, 65.00354766845703, 162.11715698242188, 496.0578308105469], [0.11288747191429138, -0.25118887424468994, 204.9553680419922, 250.47708129882812], [0.18793344497680664, 0.17687678337097168, 375.1841735839844, 500.1714172363281], [0.30125677585601807, 351.4951477050781, 374.8533630371094, 499.20648193359375], [0.8576363325119019, -0.469304621219635, 199.87184143066406, 185.84361267089844], [0.11288747191429138, -0.25118887424468994, 204.9553680419922, 250.47708129882812], [-1.0641441345214844, -0.12780725955963135, 344.60504150390625, 499.8594665527344], [0.41964277625083923, 216.2925567626953, 374.9643859863281, 497.543212890625], [-0.02607295662164688, 186.01141357421875, 10.466495513916016, 249.6985321044922], [74.22702026367188, -1.2087597846984863, 232.72987365722656, 98.07341003417969], [58.631168365478516, -0.7786825299263, 260.9417419433594, 126.376953125], [76.90021514892578, -0.860083818435669, 258.16204833984375, 122.1006088256836], [0.28771162033081055, -0.39651989936828613, 200.24468994140625, 210.4049835205078], [0.004090368747711182, -0.9082555770874023, 199.53758239746094, 498.99481201171875], [-0.20676478743553162, -6.401002407073975, 255.84814453125, 491.8572998046875], [0.6645731925964355, 45.607120513916016, 349.0350036621094, 498.9270935058594], [112.47647857666016, 195.97821044921875, 337.7965087890625, 494.9522705078125], [174.63507080078125, 218.6131591796875, 374.7940673828125, 497.876953125], [-1.0641441345214844, -0.12780725955963135, 344.60504150390625, 499.8594665527344], [0.11288747191429138, -0.25118887424468994, 204.9553680419922, 250.47708129882812], [0.14099478721618652, -0.45564770698547363, 200.17811584472656, 194.2106475830078], [91.24878692626953, -0.9490475058555603, 249.57150268554688, 96.64690399169922], [1.5190131664276123, 2.9535069465637207, 328.33868408203125, 248.0376434326172], [12.667536735534668, 349.9635009765625, 330.1890869140625, 499.2452697753906], [0.019200146198272705, 0.3957599401473999, 375.015380859375, 263.2689514160156], [0.11288747191429138, -0.25118887424468994, 204.9553680419922, 250.47708129882812], [59.64219284057617, -1.4900975227355957, 213.93017578125, 100.19208526611328], [226.97335815429688, 46.164527893066406, 375.3272399902344, 495.3040466308594], [181.43003845214844, 0.5311667919158936, 374.883056640625, 497.7679138183594], [3.175053834915161, 324.7642517089844, 331.3045349121094, 499.4193420410156], [0.019200146198272705, 0.3957599401473999, 375.015380859375, 263.2689514160156], [0.019200146198272705, 0.3957599401473999, 375.015380859375, 263.2689514160156], [0.15506520867347717, -0.864669680595398, 375.0872497558594, 383.7475891113281], [-0.24068355560302734, 244.7867431640625, 374.75555419921875, 499.2585754394531], [279.1753234863281, 239.48199462890625, 375.27679443359375, 498.8467102050781], [293.3763122558594, 246.63436889648438, 375.09222412109375, 499.1944885253906], [0.060830265283584595, -2.9954612255096436, 198.73265075683594, 341.15234375], [310.8753356933594, 247.728271484375, 374.9876403808594, 498.7667236328125], [0.014841556549072266, -0.21963566541671753, 375.008056640625, 229.57455444335938], [0.6645731925964355, 45.607120513916016, 349.0350036621094, 498.9270935058594], [59.446754455566406, -1.085326075553894, 184.42816162109375, 96.49146270751953], [-0.09968876838684082, 0.055983662605285645, 374.8830261230469, 258.55999755859375], [0.6645731925964355, 45.607120513916016, 349.0350036621094, 498.9270935058594], [0.044994056224823, -0.05611777305603027, 375.04058837890625, 372.744140625], [0.14099478721618652, -0.45564770698547363, 200.17811584472656, 194.2106475830078], [67.44746398925781, 250.17913818359375, 339.8465576171875, 497.5604248046875], [3.175053834915161, 324.7642517089844, 331.3045349121094, 499.4193420410156], [0.35896897315979004, -0.40061771869659424, 203.99462890625, 250.3983917236328], [0.060830265283584595, -2.9954612255096436, 198.73265075683594, 341.15234375], [0.6645731925964355, 45.607120513916016, 349.0350036621094, 498.9270935058594], [144.66912841796875, 0.14882534742355347, 215.3963623046875, 90.46240997314453], [0.6645731925964355, 45.607120513916016, 349.0350036621094, 498.9270935058594], [-0.04823505878448486, -0.4752650856971741, 374.9188232421875, 210.84872436523438], [0.019200146198272705, 0.3957599401473999, 375.015380859375, 263.2689514160156], [0.3977157175540924, 191.5820770263672, 339.7003479003906, 499.25701904296875], [0.18793344497680664, 0.17687678337097168, 375.1841735839844, 500.1714172363281], [0.04089251160621643, 139.2728271484375, 374.9610290527344, 500.2427673339844], [0.019200146198272705, 0.3957599401473999, 375.015380859375, 263.2689514160156], [34.38850784301758, -0.6400793790817261, 191.24655151367188, 104.78400421142578], [-0.2247244119644165, 225.74440002441406, 374.7388916015625, 499.3061218261719], [0.11288747191429138, -0.25118887424468994, 204.9553680419922, 250.47708129882812], [182.7000732421875, 1.712515950202942, 374.7413635253906, 496.2960510253906], [0.30125677585601807, 351.4951477050781, 374.8533630371094, 499.20648193359375], [147.01425170898438, 0.0921785831451416, 269.6063537597656, 92.9654312133789], [279.1753234863281, 239.48199462890625, 375.27679443359375, 498.8467102050781], [0.28771162033081055, -0.39651989936828613, 200.24468994140625, 210.4049835205078], [0.35896897315979004, -0.40061771869659424, 203.99462890625, 250.3983917236328], [-0.1936778426170349, 245.1298065185547, 374.8025817871094, 499.0757751464844], [144.78611755371094, 0.16620010137557983, 269.0702819824219, 93.53865051269531], [144.43310546875, -0.1394413411617279, 256.63714599609375, 92.80561065673828], [0.41485950350761414, 46.13071823120117, 251.3829803466797, 496.7582702636719], [-0.24068355560302734, 244.7867431640625, 374.75555419921875, 499.2585754394531], [0.9570568799972534, 229.067138671875, 179.2135009765625, 496.7320556640625], [-0.2247244119644165, 225.74440002441406, 374.7388916015625, 499.3061218261719], [0.38779154419898987, -0.4685744643211365, 199.5814666748047, 190.37115478515625], [181.43003845214844, 0.5311667919158936, 374.883056640625, 497.7679138183594], [1.424252986907959, -0.6651207804679871, 248.62899780273438, 174.31539916992188], [1.1719353199005127, 225.85336303710938, 237.81649780273438, 497.2983703613281], [135.89979553222656, 0.3169216215610504, 263.9671936035156, 108.15422058105469], [0.014841556549072266, -0.21963566541671753, 375.008056640625, 229.57455444335938], [127.43424224853516, -0.26702880859375, 375.4886474609375, 498.6157531738281], [0.14099478721618652, -0.45564770698547363, 200.17811584472656, 194.2106475830078], [-0.20676478743553162, -6.401002407073975, 255.84814453125, 491.8572998046875], [0.11905655264854431, 206.43849182128906, 375.0149230957031, 494.09722900390625], [127.43424224853516, -0.26702880859375, 375.4886474609375, 498.6157531738281], [-0.02607295662164688, 186.01141357421875, 10.466495513916016, 249.6985321044922], [310.8753356933594, 247.728271484375, 374.9876403808594, 498.7667236328125], [-0.2247244119644165, 225.74440002441406, 374.7388916015625, 499.3061218261719], [-0.24068355560302734, 244.7867431640625, 374.75555419921875, 499.2585754394531], [-0.20642951130867004, 0.08897483348846436, 201.29983520507812, 397.7342834472656], [85.87711334228516, 68.66525268554688, 374.94207763671875, 495.4630126953125], [0.11288747191429138, -0.25118887424468994, 204.9553680419922, 250.47708129882812], [310.8753356933594, 247.728271484375, 374.9876403808594, 498.7667236328125], [147.95416259765625, -0.6026923656463623, 374.8948669433594, 302.84051513671875], [117.61962890625, 0.07152557373046875, 262.9696044921875, 96.6137466430664], [0.12843310832977295, 367.8277282714844, 375.1246643066406, 499.4131164550781], [1.026436686515808, 231.96994018554688, 200.24789428710938, 497.7843017578125], [301.1852722167969, 35.60945510864258, 375.3684387207031, 497.9381408691406], [0.1629365086555481, 180.73431396484375, 19.545148849487305, 394.8349914550781], [204.185546875, 3.3358187675476074, 375.0738525390625, 493.8390197753906], [0.28771162033081055, -0.39651989936828613, 200.24468994140625, 210.4049835205078], [-0.09968876838684082, 0.055983662605285645, 374.8830261230469, 258.55999755859375], [1.344334363937378, -0.5894750356674194, 323.6199035644531, 394.4406433105469], [0.24428218603134155, -0.1672208309173584, 264.525390625, 251.06141662597656], [247.97410583496094, 24.72475242614746, 375.52630615234375, 494.39849853515625], [0.14099478721618652, -0.45564770698547363, 200.17811584472656, 194.2106475830078], [58.68031692504883, 148.68223571777344, 344.70263671875, 496.16796875], [300.3854064941406, 125.3477783203125, 374.9290466308594, 497.8594055175781], [94.24799346923828, -1.8789805173873901, 200.80569458007812, 95.63703918457031], [0.11288747191429138, -0.25118887424468994, 204.9553680419922, 250.47708129882812], [-0.24068355560302734, 244.7867431640625, 374.75555419921875, 499.2585754394531], [0.6645731925964355, 45.607120513916016, 349.0350036621094, 498.9270935058594], [-0.24068355560302734, 244.7867431640625, 374.75555419921875, 499.2585754394531], [104.99240112304688, 339.300537109375, 332.8371887207031, 498.61328125], [-0.20676478743553162, -6.401002407073975, 255.84814453125, 491.8572998046875], [0.28771162033081055, -0.39651989936828613, 200.24468994140625, 210.4049835205078]), Score: [0.9443101286888123, 0.143626868724823, 0.09989522397518158, 0.09139305353164673, 0.08339285105466843, 0.07511057704687119, 0.070768803358078, 0.07057615369558334, 0.06743025779724121, 0.06742121279239655, 0.06457861512899399, 0.0632428526878357, 0.06300953775644302, 0.060809068381786346, 0.058640006929636, 0.05735253170132637, 0.055299170315265656, 0.055035535246133804, 0.05393694341182709, 0.05361909046769142, 0.053069885820150375, 0.05255144089460373, 0.051936112344264984, 0.05109568312764168, 0.04772365093231201, 0.045875027775764465, 0.045078832656145096, 0.04326171800494194, 0.04320356249809265, 0.04302592948079109, 0.04274189472198486, 0.042616333812475204, 0.04212860018014908, 0.040542278438806534, 0.04050547629594803, 0.040475934743881226, 0.03972029685974121, 0.03947100415825844, 0.03887538984417915, 0.03805198520421982, 0.037842947989702225, 0.03741283342242241, 0.03724250569939613, 0.03686520829796791, 0.03683597967028618, 0.03660620003938675, 0.03635480999946594, 0.03622808679938316, 0.03620659187436104, 0.03597157821059227, 0.03526996821165085, 0.03458051756024361, 0.03435608744621277, 0.03430195152759552, 0.034133605659008026, 0.03384079411625862, 0.03369612991809845, 0.033631354570388794, 0.033492572605609894, 0.03321795538067818, 0.03266831114888191, 0.03237767517566681, 0.03236740455031395, 0.03189590945839882, 0.03188494220376015, 0.031420253217220306, 0.03126825392246246, 0.0311629306524992, 0.031157484278082848, 0.031137751415371895, 0.030351081863045692, 0.030337432399392128, 0.030084945261478424, 0.030078766867518425, 0.02990923821926117, 0.029029205441474915, 0.02875901758670807, 0.028271954506635666, 0.028255702927708626, 0.028101662173867226, 0.028013572096824646, 0.027949275448918343, 0.027779238298535347, 0.02759123034775257, 0.02757173962891102, 0.027307016775012016, 0.02702593430876732, 0.027003172785043716, 0.02690483257174492, 0.026860332116484642, 0.026839733123779297, 0.026653384789824486, 0.026408111676573753, 0.026183033362030983, 0.026057042181491852, 0.025974813848733902, 0.02584233693778515, 0.025702055543661118, 0.025536244735121727, 0.02541332133114338, 0.02507721073925495, 0.02499380335211754, 0.024959463626146317, 0.02495565637946129, 0.02493303082883358, 0.024581780657172203, 0.02450273372232914, 0.0244767963886261, 0.024450326338410378, 0.024402102455496788, 0.024103661999106407, 0.023878969252109528, 0.023842062801122665, 0.023746516555547714, 0.023732000961899757, 0.023720553144812584, 0.023695852607488632, 0.023532534018158913, 0.023389596492052078, 0.023348061367869377, 0.023323306813836098, 0.023314649239182472, 0.023253466933965683, 0.023218277841806412, 0.023138808086514473, 0.02306891791522503, 0.022748855873942375, 0.02260579913854599, 0.022492792457342148, 0.022490354254841805, 0.022388871759176254, 0.022337304428219795, 0.022302597761154175, 0.02227061614394188, 0.022232485935091972, 0.022207824513316154, 0.021872134879231453, 0.021851634606719017, 0.021836789324879646, 0.021830899640917778, 0.02167857065796852, 0.02162606455385685, 0.02156865783035755, 0.02152077853679657, 0.021450072526931763, 0.021370453760027885, 0.021369805559515953, 0.02134850062429905, 0.021157771348953247, 0.021119385957717896, 0.021106485277414322, 0.02106301300227642, 0.021001001819968224, 0.020947374403476715, 0.02083526737987995, 0.020774010568857193, 0.02076379954814911, 0.020703056827187538, 0.020645206794142723, 0.020630506798624992, 0.020598577335476875, 0.020482130348682404, 0.020465830340981483, 0.020448731258511543, 0.02041339874267578, 0.02037191204726696, 0.02034592069685459, 0.020310577005147934, 0.020272118970751762, 0.020234711468219757, 0.02012396976351738, 0.020063359290361404, 0.02004849910736084, 0.01991751790046692, 0.019899504259228706, 0.01985732652246952, 0.0197928324341774, 0.019724387675523758, 0.019687211140990257, 0.019678551703691483, 0.019651906564831734, 0.019453400745987892, 0.019453400745987892, 0.01929173246026039, 0.01914149522781372, 0.019140591844916344, 0.01911766827106476, 0.019116556271910667, 0.01911567896604538, 0.019106458872556686, 0.01908951997756958, 0.019036374986171722, 0.018978701904416084, 0.018944112583994865, 0.018819205462932587, 0.018792755901813507, 0.01876233145594597, 0.018717532977461815, 0.01870126649737358, 0.018696725368499756, 0.01867390051484108, 0.018558990210294724, 0.018485177308321, 0.01847241260111332, 0.018442388623952866, 0.01834341324865818, 0.01829259656369686, 0.01821206882596016, 0.01820703037083149, 0.01820257678627968, 0.018184728920459747, 0.0181613527238369, 0.018136367201805115, 0.018037859350442886, 0.0180090069770813, 0.017982739955186844, 0.017902281135320663, 0.017871597781777382, 0.017742056399583817, 0.017587829381227493, 0.017538119107484818, 0.017513256520032883, 0.017483679577708244, 0.017472166568040848, 0.01745641604065895, 0.01744420826435089, 0.017437271773815155, 0.017436878755688667, 0.017382944002747536, 0.017379647120833397, 0.01731039397418499, 0.01724167913198471, 0.017193516716361046, 0.017181934788823128, 0.017096051946282387, 0.01699090003967285, 0.0169210284948349, 0.01687999628484249, 0.01687508262693882, 0.0168144591152668, 0.016727471724152565, 0.01670999825000763, 0.016697881743311882, 0.016696011647582054, 0.01668529026210308, 0.016681190580129623, 0.016644656658172607, 0.01664423570036888, 0.016614120453596115, 0.016614029183983803, 0.01658732071518898, 0.016521163284778595, 0.01651170663535595, 0.016326919198036194, 0.01631963811814785, 0.016307923942804337, 0.016284853219985962, 0.016243182122707367, 0.016206147149205208, 0.0161957498639822, 0.016163917258381844, 0.01612168923020363, 0.016111141070723534, 0.016061443835496902, 0.016052741557359695, 0.01595696620643139, 0.015905093401670456, 0.015845317393541336, 0.015827517956495285, 0.0158244501799345, 0.015817152336239815, 0.01581362634897232, 0.0157798882573843, 0.015763966366648674, 0.015744497999548912, 0.015724876895546913, 0.01571229100227356, 0.015690218657255173, 0.015647217631340027, 0.015629615634679794, 0.015622477978467941, 0.01559656485915184, 0.015573256649076939, 0.015559605322778225, 0.01554468460381031, 0.015542269684374332, 0.015527495183050632, 0.015522872097790241, 0.0155207309871912, 0.015510170720517635, 0.015496437437832355, 0.015463726595044136, 0.015423965640366077, 0.015367838554084301, 0.01532125286757946, 0.015318813733756542, 0.015294968150556087, 0.015292849391698837, 0.015236297622323036, 0.015232226811349392]

Execution time: 0.6890 sec
