Label: tensor([ 8, 56, 56, 56, 56,  0, 60, 56, 56, 60, 60,  0, 56, 56, 56, 56, 56, 56,
        56,  0,  0, 60, 56, 56, 56, 56, 56, 56, 60, 56, 60, 60, 56, 56, 56, 60,
        60, 60, 56, 60, 56, 56, 60, 60, 56, 28, 56, 56, 56,  0, 56, 56, 60, 56,
        56, 56, 56, 56, 56, 56,  0, 56,  0, 60, 56, 56, 56, 39, 56,  8, 56, 56,
        56, 56, 60, 39, 56, 56, 39, 60, 56,  0, 56, 60, 39, 56, 56, 56, 56, 39,
        56, 56, 56, 56, 56,  0, 39, 39, 39, 39, 56, 13,  0, 39, 60, 60,  0, 60,
        56,  7, 13, 47, 56, 13, 60, 56,  8, 56, 56, 56, 60, 56, 39, 39, 60, 60,
        39,  8,  0, 39, 39, 56, 56, 56, 13,  0, 60, 47, 47,  8, 56, 56, 14, 13,
         0, 56, 39, 39,  8, 13,  8, 39, 56, 56, 39, 56, 39, 60, 13, 13, 56, 39,
        56, 56, 59, 47, 39, 39,  8, 47, 39,  0,  0, 47, 24, 57, 56, 47, 56, 24,
        39, 13, 56,  8,  0,  8, 13, 56, 56,  0, 56, 13, 60, 39, 39, 56, 47, 13,
        39, 47, 56, 56, 13, 39, 56, 60,  8, 56,  0, 47, 13,  0, 24, 16, 60, 56,
        47, 39, 28, 13, 13, 56, 39, 59, 39, 56,  8,  8, 56, 13, 39, 13, 47,  0,
        56, 56, 39, 24, 39, 45, 60, 47, 56, 13, 39, 47, 57, 13, 13, 13, 39, 39,
        56, 77, 60, 56,  0, 56, 56,  8,  8, 60, 56, 56,  8,  0,  0,  8, 26,  0,
        60, 39, 56, 13, 39,  0,  0,  8, 77, 60, 60, 60, 39, 39,  0, 60,  0,  8,
         0, 47,  0, 24, 60, 39, 24, 26,  0, 13, 39, 60]), Box: ([132.3369140625, 0.9156726598739624, 361.0706787109375, 322.46142578125], [378.61712646484375, 0.6113760471343994, 421.095458984375, 64.27291107177734], [419.9922790527344, 0.29212889075279236, 440.55401611328125, 59.7335205078125], [454.3485107421875, 0.4683472216129303, 483.18707275390625, 61.79653549194336], [346.14764404296875, 0.1715356409549713, 378.8825378417969, 60.954776763916016], [313.7694091796875, 0.1538274884223938, 346.5509338378906, 49.328819274902344], [432.150634765625, -0.3692692816257477, 476.5989990234375, 11.79850959777832], [341.95623779296875, 0.16140751540660858, 423.6572570800781, 90.0705337524414], [341.54815673828125, -0.1307409256696701, 378.50201416015625, 74.5410385131836], [378.4845275878906, 15.793312072753906, 413.41558837890625, 24.59961700439453], [378.3808288574219, 15.500604629516602, 414.2340393066406, 56.47538757324219], [313.4991149902344, 0.2429969608783722, 350.10870361328125, 64.3831558227539], [432.6640930175781, -0.04644971340894699, 467.8235778808594, 55.675071716308594], [363.8170166015625, 0.17710961401462555, 420.53546142578125, 58.99128723144531], [454.90679931640625, 0.5997363328933716, 499.8690185546875, 68.63873291015625], [341.9453430175781, 0.12152642011642456, 361.9149475097656, 61.06134796142578], [333.8773498535156, 0.4007527530193329, 349.9496154785156, 62.154850006103516], [334.66009521484375, 0.2087373286485672, 358.30609130859375, 61.842445373535156], [393.17010498046875, 0.45229029655456543, 423.93798828125, 65.40524291992188], [314.2665100097656, -0.01686159521341324, 335.9131774902344, 34.823333740234375], [312.4888000488281, 0.09693112224340439, 337.0676574707031, 49.406982421875], [359.8691711425781, -0.4063728153705597, 420.990478515625, 18.52230453491211], [454.44036865234375, 0.8321609497070312, 499.8436584472656, 98.70341491699219], [353.7613525390625, 0.2010958194732666, 380.57012939453125, 55.770301818847656], [421.65972900390625, 0.3806585371494293, 478.71551513671875, 61.23457336425781], [388.8853454589844, 16.911720275878906, 415.9085998535156, 63.69778823852539], [312.4888000488281, 0.09693112224340439, 337.0676574707031, 49.406982421875], [218.09503173828125, 106.08726501464844, 250.1204376220703, 165.58245849609375], [432.0234375, -0.31954678893089294, 483.6836242675781, 16.852014541625977], [313.4991149902344, 0.2429969608783722, 350.10870361328125, 64.3831558227539], [359.94610595703125, -0.4921609163284302, 420.7795104980469, 18.377588272094727], [359.6809997558594, -0.21502165496349335, 421.4249267578125, 21.091333389282227], [353.3211364746094, 0.36755484342575073, 393.2919006347656, 58.119346618652344], [313.7694091796875, 0.1538274884223938, 346.5509338378906, 49.328819274902344], [390.9882507324219, 17.419065475463867, 416.21466064453125, 63.72118377685547], [363.8170166015625, 0.17710961401462555, 420.53546142578125, 58.99128723144531], [421.65972900390625, 0.3806585371494293, 478.71551513671875, 61.23457336425781], [432.6640930175781, -0.04644971340894699, 467.8235778808594, 55.675071716308594], [454.1882019042969, 2.1461472511291504, 471.3262023925781, 57.1597785949707], [429.58172607421875, 0.13640709221363068, 484.6194152832031, 68.80901336669922], [332.8847351074219, 0.529789388179779, 348.6665954589844, 48.49312210083008], [314.2665100097656, -0.01686159521341324, 335.9131774902344, 34.823333740234375], [358.1466369628906, -0.26405230164527893, 482.52532958984375, 58.22948455810547], [431.59234619140625, 0.29794663190841675, 483.35968017578125, 18.135995864868164], [469.4935607910156, 0.2836966812610626, 484.4039001464844, 59.01458740234375], [241.49803161621094, 98.60922241210938, 336.07427978515625, 226.91552734375], [433.8252868652344, 0.6475998163223267, 485.8311767578125, 70.41179656982422], [378.3808288574219, 15.500604629516602, 414.2340393066406, 56.47538757324219], [452.73486328125, 2.061216115951538, 464.16143798828125, 54.6702766418457], [312.3050842285156, 0.20973198115825653, 343.5772705078125, 74.39622497558594], [355.68682861328125, 15.512935638427734, 378.1032409667969, 55.20245361328125], [462.9224548339844, 0.888668954372406, 483.3006896972656, 58.34070587158203], [378.4717102050781, 16.527671813964844, 413.026123046875, 43.172359466552734], [455.162109375, 11.186053276062012, 474.1428527832031, 57.919681549072266], [353.1198425292969, 0.07387669384479523, 375.2171936035156, 27.79551887512207], [368.2456970214844, 0.5272859930992126, 422.2825927734375, 67.16523742675781], [359.8691711425781, -0.4063728153705597, 420.990478515625, 18.52230453491211], [348.3261413574219, 0.23332145810127258, 375.2861633300781, 30.237010955810547], [343.98370361328125, -0.01947535201907158, 361.2281188964844, 31.13040542602539], [359.6809997558594, -0.21502165496349335, 421.4249267578125, 21.091333389282227], [245.44154357910156, 186.97564697265625, 283.57135009765625, 274.4644470214844], [455.9752197265625, 0.6332919001579285, 499.6814270019531, 127.3858413696289], [220.48951721191406, 119.95357513427734, 248.0927276611328, 144.4885711669922], [454.3485107421875, 0.4683472216129303, 483.18707275390625, 61.79653549194336], [221.9984588623047, 138.4840087890625, 246.43588256835938, 165.77267456054688], [432.150634765625, -0.3692692816257477, 476.5989990234375, 11.79850959777832], [334.5860290527344, 0.2739722728729248, 348.7868347167969, 31.66762924194336], [262.3247375488281, 177.57310485839844, 277.7281494140625, 198.15145874023438], [359.94610595703125, -0.4921609163284302, 420.7795104980469, 18.377588272094727], [341.95623779296875, 0.16140751540660858, 423.6572570800781, 90.0705337524414], [421.5128173828125, 0.13962015509605408, 437.2179870605469, 29.454801559448242], [347.0213317871094, -0.20716363191604614, 361.34039306640625, 15.68346881866455], [312.3050842285156, 0.20973198115825653, 343.5772705078125, 74.39622497558594], [420.9819641113281, 0.08728634566068649, 437.280029296875, 29.253707885742188], [341.6936950683594, 0.2715708613395691, 485.6830139160156, 93.7042007446289], [286.7458801269531, 149.2115936279297, 305.0968322753906, 168.60333251953125], [432.6172180175781, 0.24285447597503662, 458.8883361816406, 54.39918899536133], [330.6129455566406, 10.550164222717285, 339.4295654296875, 47.97709655761719], [196.77914428710938, 351.286376953125, 223.02545166015625, 374.8770751953125], [314.3667907714844, 0.24441349506378174, 482.4136047363281, 61.99311447143555], [391.06805419921875, 31.375337600708008, 415.6678466796875, 63.95526123046875], [333.8773498535156, 0.4007527530193329, 349.9496154785156, 62.154850006103516], [415.0870056152344, 0.6885901093482971, 424.3622131347656, 65.1439437866211], [341.95623779296875, 0.16140751540660858, 423.6572570800781, 90.0705337524414], [286.3536376953125, 139.0726318359375, 301.4715881347656, 151.93771362304688], [386.41351318359375, 16.744083404541016, 413.6367492675781, 48.80709457397461], [192.2906951904297, 162.74887084960938, 223.5644989013672, 207.72398376464844], [341.6936950683594, 0.2715708613395691, 485.6830139160156, 93.7042007446289], [429.58172607421875, 0.13640709221363068, 484.6194152832031, 68.80901336669922], [302.7181396484375, 140.5966796875, 313.7085876464844, 165.67303466796875], [356.49578857421875, 15.724804878234863, 389.4117431640625, 57.21823501586914], [351.2993469238281, -0.19127292931079865, 361.8227233886719, 15.87081241607666], [386.3460693359375, 2.0393030643463135, 420.3687744140625, 63.713417053222656], [339.3319396972656, 0.6755995750427246, 360.2840881347656, 34.234764099121094], [378.4845275878906, 15.793312072753906, 413.41558837890625, 24.59961700439453], [156.37368774414062, 111.03855895996094, 166.63528442382812, 149.0635223388672], [287.54998779296875, 149.98519897460938, 305.2178039550781, 175.2150421142578], [298.9145812988281, 122.55973815917969, 309.1272277832031, 140.13087463378906], [302.8734130859375, 139.63609313964844, 311.8113098144531, 153.0611114501953], [279.30145263671875, 181.00619506835938, 299.43841552734375, 210.48854064941406], [432.3798828125, -0.46826690435409546, 473.8428955078125, 21.849733352661133], [454.44036865234375, 0.8321609497070312, 499.8436584472656, 98.70341491699219], [334.66009521484375, 0.2087373286485672, 358.30609130859375, 61.842445373535156], [292.2149353027344, 139.91006469726562, 303.5846252441406, 151.86566162109375], [433.8252868652344, 0.6475998163223267, 485.8311767578125, 70.41179656982422], [432.3798828125, -0.46826690435409546, 473.8428955078125, 21.849733352661133], [192.2906951904297, 162.74887084960938, 223.5644989013672, 207.72398376464844], [454.90679931640625, 0.5997363328933716, 499.8690185546875, 68.63873291015625], [357.6541748046875, 14.973091125488281, 374.0028991699219, 25.910524368286133], [241.49803161621094, 98.60922241210938, 336.07427978515625, 226.91552734375], [221.9984588623047, 138.4840087890625, 246.43588256835938, 165.77267456054688], [251.82083129882812, 95.79727172851562, 281.09869384765625, 118.01566314697266], [357.87921142578125, 1.065124750137329, 418.8654479980469, 91.35015869140625], [454.90679931640625, 0.5997363328933716, 499.8690185546875, 68.63873291015625], [378.61712646484375, 0.6113760471343994, 421.095458984375, 64.27291107177734], [464.2733154296875, 12.45111083984375, 481.51544189453125, 60.392303466796875], [340.7103271484375, 0.3385618329048157, 499.15228271484375, 199.68968200683594], [314.5608215332031, -0.007364898920059204, 326.0453796386719, 22.41605567932129], [453.9455261230469, 0.903929591178894, 482.0687255859375, 58.06135559082031], [219.59996032714844, 95.49202728271484, 281.354248046875, 165.81590270996094], [432.6172180175781, 0.24285447597503662, 458.8883361816406, 54.39918899536133], [335.8840637207031, 26.965656280517578, 347.8898010253906, 62.17646026611328], [274.5932312011719, 117.078125, 287.1773986816406, 140.8452911376953], [276.8681945800781, 150.14234924316406, 305.2978210449219, 179.50389099121094], [453.9455261230469, 0.903929591178894, 482.0687255859375, 58.06135559082031], [367.40185546875, -0.3563566207885742, 470.0832214355469, 67.5616683959961], [285.8287048339844, 139.1254119873047, 295.9112548828125, 151.17344665527344], [454.44036865234375, 0.8321609497070312, 499.8436584472656, 98.70341491699219], [171.75457763671875, 192.82217407226562, 196.58090209960938, 236.51710510253906], [314.1581115722656, 135.17831420898438, 326.1315002441406, 151.45790100097656], [304.113037109375, 134.61607360839844, 327.8746643066406, 153.71385192871094], [336.6140441894531, 0.07496215403079987, 377.892578125, 59.68428039550781], [456.9925842285156, 0.28631776571273804, 474.4112854003906, 11.194482803344727], [429.86236572265625, 0.16358402371406555, 442.42572021484375, 59.774715423583984], [421.65972900390625, 0.3806585371494293, 478.71551513671875, 61.23457336425781], [332.8847351074219, 0.529789388179779, 348.6665954589844, 48.49312210083008], [368.2456970214844, 0.5272859930992126, 422.2825927734375, 67.16523742675781], [286.6283264160156, 123.52676391601562, 299.3115539550781, 140.19354248046875], [308.60382080078125, 149.6455078125, 321.07513427734375, 164.8102264404297], [218.09503173828125, 106.08726501464844, 250.1204376220703, 165.58245849609375], [334.23150634765625, 1.1010035276412964, 349.4967346191406, 39.354610443115234], [431.59234619140625, 0.29794663190841675, 483.35968017578125, 18.135995864868164], [254.16534423828125, 189.12879943847656, 282.8965759277344, 223.26539611816406], [340.7501525878906, 0.14269910752773285, 420.60888671875, 81.36726379394531], [334.5860290527344, 0.2739722728729248, 348.7868347167969, 31.66762924194336], [220.17613220214844, 105.08700561523438, 240.2108612060547, 130.1936492919922], [308.60382080078125, 149.6455078125, 321.07513427734375, 164.8102264404297], [303.39813232421875, 151.18365478515625, 311.02227783203125, 166.19566345214844], [149.8103485107422, 56.95076370239258, 221.50198364257812, 149.896240234375], [341.95623779296875, 0.16140751540660858, 423.6572570800781, 90.0705337524414], [418.6768493652344, 0.5023777484893799, 499.5518798828125, 201.45602416992188], [302.5562438964844, 147.41090393066406, 311.24017333984375, 166.19883728027344], [432.8134765625, -0.6978548765182495, 499.5501708984375, 98.09818267822266], [314.3667907714844, 0.24441349506378174, 482.4136047363281, 61.99311447143555], [251.6907501220703, 117.19021606445312, 274.20745849609375, 142.31385803222656], [432.0234375, -0.31954678893089294, 483.6836242675781, 16.852014541625977], [275.2972412109375, 137.2990264892578, 288.1427001953125, 153.17312622070312], [221.9984588623047, 138.4840087890625, 246.43588256835938, 165.77267456054688], [454.3485107421875, 0.4683472216129303, 483.18707275390625, 61.79653549194336], [341.6936950683594, 0.2715708613395691, 485.6830139160156, 93.7042007446289], [326.255126953125, 0.395405113697052, 363.4749450683594, 64.85907745361328], [260.13055419921875, 178.93975830078125, 283.17340087890625, 223.988037109375], [310.5315856933594, 14.991263389587402, 332.9845886230469, 50.42362976074219], [367.40185546875, -0.3563566207885742, 470.0832214355469, 67.5616683959961], [218.09503173828125, 106.08726501464844, 250.1204376220703, 165.58245849609375], [241.49803161621094, 98.60922241210938, 336.07427978515625, 226.91552734375], [269.0060729980469, 193.78123474121094, 283.35015869140625, 223.3292999267578], [308.311279296875, 125.22252655029297, 319.3966064453125, 139.6390838623047], [221.9984588623047, 138.4840087890625, 246.43588256835938, 165.77267456054688], [275.2972412109375, 137.2990264892578, 288.1427001953125, 153.17312622070312], [280.0854187011719, 104.0135269165039, 295.62188720703125, 130.06805419921875], [158.3797607421875, 111.13507080078125, 166.277587890625, 129.99459838867188], [218.09503173828125, 106.08726501464844, 250.1204376220703, 165.58245849609375], [251.6907501220703, 117.19021606445312, 274.20745849609375, 142.31385803222656], [314.2665100097656, -0.01686159521341324, 335.9131774902344, 34.823333740234375], [341.95623779296875, 0.16140751540660858, 423.6572570800781, 90.0705337524414], [341.6024475097656, 0.09828619658946991, 352.91851806640625, 58.095680236816406], [309.86029052734375, 152.30169677734375, 320.0041198730469, 164.56307983398438], [162.50828552246094, 128.29177856445312, 186.54779052734375, 152.34754943847656], [335.8840637207031, 26.965656280517578, 347.8898010253906, 62.17646026611328], [193.07969665527344, 171.7720489501953, 210.3411407470703, 194.38743591308594], [432.6640930175781, -0.04644971340894699, 467.8235778808594, 55.675071716308594], [340.7501525878906, 0.14269910752773285, 420.60888671875, 81.36726379394531], [133.85269165039062, 1.4317519664764404, 359.6569519042969, 320.4622802734375], [244.21392822265625, 104.02398681640625, 253.4679718017578, 123.21512603759766], [455.9752197265625, 0.6332919001579285, 499.6814270019531, 127.3858413696289], [416.358642578125, 63.27037048339844, 499.3329772949219, 201.18905639648438], [313.478271484375, -0.07168063521385193, 330.8176574707031, 33.43510818481445], [221.12942504882812, 117.61100006103516, 273.627197265625, 165.51812744140625], [192.8926544189453, 171.28897094726562, 222.23983764648438, 195.68618774414062], [192.8926544189453, 171.28897094726562, 222.23983764648438, 195.68618774414062], [455.9752197265625, 0.6332919001579285, 499.6814270019531, 127.3858413696289], [386.3460693359375, 2.0393030643463135, 420.3687744140625, 63.713417053222656], [277.78814697265625, 150.99990844726562, 288.9526062011719, 165.82090759277344], [277.09478759765625, 163.51792907714844, 300.88519287109375, 179.66685485839844], [434.90057373046875, -0.26374006271362305, 459.61700439453125, 9.490099906921387], [310.1545715332031, 176.15879821777344, 321.7995910644531, 194.1079864501953], [314.3667907714844, 0.24441349506378174, 482.4136047363281, 61.99311447143555], [264.39947509765625, 144.26376342773438, 276.91839599609375, 164.88912963867188], [293.1263427734375, 179.8230438232422, 306.6548156738281, 194.95802307128906], [340.8883361816406, -0.09178183972835541, 499.3166198730469, 128.1461639404297], [337.0652160644531, 0.03965198993682861, 358.2308349609375, 17.9103946685791], [338.9880065917969, 0.22138841450214386, 440.719482421875, 88.98613739013672], [244.21392822265625, 104.02398681640625, 253.4679718017578, 123.21512603759766], [249.14234924316406, 145.85580444335938, 270.3294677734375, 165.41603088378906], [462.9224548339844, 0.888668954372406, 483.3006896972656, 58.34070587158203], [152.47999572753906, 0.8083171844482422, 495.65679931640625, 95.16598510742188], [340.6819763183594, -0.023690052330493927, 353.82830810546875, 31.063140869140625], [245.6378936767578, 175.8689422607422, 300.33673095703125, 266.19366455078125], [308.311279296875, 125.22252655029297, 319.3966064453125, 139.6390838623047], [359.6809997558594, -0.21502165496349335, 421.4249267578125, 21.091333389282227], [314.5608215332031, -0.007364898920059204, 326.0453796386719, 22.41605567932129], [333.8773498535156, 0.4007527530193329, 349.9496154785156, 62.154850006103516], [245.44154357910156, 186.97564697265625, 283.57135009765625, 274.4644470214844], [454.44036865234375, 0.8321609497070312, 499.8436584472656, 98.70341491699219], [358.1466369628906, -0.26405230164527893, 482.52532958984375, 58.22948455810547], [253.7332763671875, 125.52973175048828, 272.22161865234375, 140.85354614257812], [170.72882080078125, 165.06800842285156, 192.1761474609375, 194.39955139160156], [239.586181640625, 99.61009216308594, 334.266357421875, 236.62977600097656], [363.8170166015625, 0.17710961401462555, 420.53546142578125, 58.99128723144531], [358.1466369628906, -0.26405230164527893, 482.52532958984375, 58.22948455810547], [342.6015930175781, -0.04848092794418335, 498.76910400390625, 126.37191009521484], [175.326171875, 192.43162536621094, 197.43841552734375, 210.61378479003906], [221.9984588623047, 138.4840087890625, 246.43588256835938, 165.77267456054688], [192.8926544189453, 171.28897094726562, 222.23983764648438, 195.68618774414062], [420.3074035644531, 1.619955062866211, 435.4367370605469, 40.63036346435547], [454.90679931640625, 0.5997363328933716, 499.8690185546875, 68.63873291015625], [341.6936950683594, 0.2715708613395691, 485.6830139160156, 93.7042007446289], [192.78237915039062, 148.79034423828125, 212.7859649658203, 165.67337036132812], [359.8691711425781, -0.4063728153705597, 420.990478515625, 18.52230453491211], [176.74334716796875, 181.10670471191406, 190.3332977294922, 194.81288146972656], [429.58172607421875, 0.13640709221363068, 484.6194152832031, 68.80901336669922], [298.9145812988281, 122.55973815917969, 309.1272277832031, 140.13087463378906], [346.14764404296875, 0.1715356409549713, 378.8825378417969, 60.954776763916016], [378.4717102050781, 16.527671813964844, 413.026123046875, 43.172359466552734], [183.56939697265625, 126.67292785644531, 210.79129028320312, 152.65245056152344], [286.6283264160156, 123.52676391601562, 299.3115539550781, 140.19354248046875], [313.7694091796875, 0.1538274884223938, 346.5509338378906, 49.328819274902344], [289.9544372558594, 145.5423583984375, 303.4076232910156, 153.0857391357422], [220.17613220214844, 105.08700561523438, 240.2108612060547, 130.1936492919922], [340.8883361816406, -0.09178183972835541, 499.3166198730469, 128.1461639404297], [314.1581115722656, 135.17831420898438, 326.1315002441406, 151.45790100097656], [358.14434814453125, 18.133291244506836, 374.4419250488281, 29.321657180786133], [453.9455261230469, 0.903929591178894, 482.0687255859375, 58.06135559082031], [255.15907287597656, 150.20034790039062, 267.72625732421875, 164.93048095703125], [287.2514343261719, 124.51549530029297, 299.0167541503906, 140.0463104248047], [218.09503173828125, 106.08726501464844, 250.1204376220703, 165.58245849609375], [433.8252868652344, 0.6475998163223267, 485.8311767578125, 70.41179656982422], [432.150634765625, -0.3692692816257477, 476.5989990234375, 11.79850959777832], [432.8134765625, -0.6978548765182495, 499.5501708984375, 98.09818267822266], [260.8512878417969, 177.80023193359375, 277.6086730957031, 201.5311737060547], [254.16534423828125, 189.12879943847656, 282.8965759277344, 223.26539611816406], [372.3737487792969, 35.395286560058594, 389.9087219238281, 57.110931396484375], [251.82083129882812, 95.79727172851562, 281.09869384765625, 118.01566314697266], [386.41351318359375, 16.744083404541016, 413.6367492675781, 48.80709457397461], [418.6768493652344, 0.5023777484893799, 499.5518798828125, 201.45602416992188], [159.23333740234375, 127.87590026855469, 242.62216186523438, 246.8444061279297], [421.760986328125, 1.3909237384796143, 438.33892822265625, 49.06627655029297], [430.33636474609375, 1.2613004446029663, 455.1098937988281, 34.09526062011719], [432.150634765625, -0.3692692816257477, 476.5989990234375, 11.79850959777832], [241.49803161621094, 98.60922241210938, 336.07427978515625, 226.91552734375], [221.81146240234375, 139.56060791015625, 246.21240234375, 149.46705627441406], [333.3365783691406, 4.9173970222473145, 346.5093994140625, 48.56260299682617], [189.2261962890625, 206.4786834716797, 221.80784606933594, 242.9647674560547], [432.0234375, -0.31954678893089294, 483.6836242675781, 16.852014541625977], [228.12640380859375, 120.06288146972656, 247.6251678466797, 138.19378662109375], [183.56939697265625, 126.67292785644531, 210.79129028320312, 152.65245056152344], [219.59996032714844, 95.49202728271484, 281.354248046875, 165.81590270996094], [220.48951721191406, 119.95357513427734, 248.0927276611328, 144.4885711669922], [363.8170166015625, 0.17710961401462555, 420.53546142578125, 58.99128723144531], [357.87921142578125, 1.065124750137329, 418.8654479980469, 91.35015869140625], [192.2906951904297, 162.74887084960938, 223.5644989013672, 207.72398376464844], [432.5216064453125, 0.5551362633705139, 442.2536315917969, 59.69476318359375], [359.94610595703125, -0.4921609163284302, 420.7795104980469, 18.377588272094727], [279.7645263671875, 180.9036407470703, 294.6052551269531, 195.65968322753906], [175.326171875, 192.43162536621094, 197.43841552734375, 210.61378479003906], [190.286865234375, 227.0211181640625, 220.95022583007812, 242.63864135742188], [221.12942504882812, 117.61100006103516, 273.627197265625, 165.51812744140625], [279.30145263671875, 181.00619506835938, 299.43841552734375, 210.48854064941406], [430.88519287109375, -1.2384401559829712, 482.50823974609375, 18.75478744506836], [456.9925842285156, 0.28631776571273804, 474.4112854003906, 11.194482803344727], [152.47999572753906, 0.8083171844482422, 495.65679931640625, 95.16598510742188], [251.82083129882812, 95.79727172851562, 281.09869384765625, 118.01566314697266], [296.05340576171875, 150.82431030273438, 305.429931640625, 164.80606079101562], [353.7613525390625, 0.2010958194732666, 380.57012939453125, 55.770301818847656], [342.6015930175781, -0.04848092794418335, 498.76910400390625, 126.37191009521484], [202.6291961669922, 162.9948272705078, 221.98446655273438, 193.86607360839844], [340.8883361816406, -0.09178183972835541, 499.3166198730469, 128.1461639404297], [196.1958465576172, 126.2290267944336, 208.71481323242188, 141.80201721191406], [302.8734130859375, 139.63609313964844, 311.8113098144531, 153.0611114501953], [219.59996032714844, 95.49202728271484, 281.354248046875, 165.81590270996094], [276.7744445800781, 206.8684844970703, 300.5014953613281, 240.90963745117188], [340.7501525878906, 0.14269910752773285, 420.60888671875, 81.36726379394531], [287.6997985839844, 116.43827056884766, 299.6058654785156, 139.85671997070312], [334.5860290527344, 0.2739722728729248, 348.7868347167969, 31.66762924194336], [301.03863525390625, 201.0805206298828, 330.3036193847656, 226.70289611816406], [203.7462158203125, 162.8910675048828, 217.66017150878906, 178.57217407226562], [368.2456970214844, 0.5272859930992126, 422.2825927734375, 67.16523742675781], [452.73486328125, 2.061216115951538, 464.16143798828125, 54.6702766418457], [469.4935607910156, 0.2836966812610626, 484.4039001464844, 59.01458740234375]), Score: [0.9666152596473694, 0.5010992288589478, 0.39970672130584717, 0.39228418469429016, 0.39110347628593445, 0.38169199228286743, 0.33998826146125793, 0.32918378710746765, 0.3285673260688782, 0.300033301115036, 0.29893648624420166, 0.2939932942390442, 0.2706530690193176, 0.24480938911437988, 0.24213829636573792, 0.22998280823230743, 0.2197420448064804, 0.2179681658744812, 0.21639536321163177, 0.21434742212295532, 0.21326182782649994, 0.20824867486953735, 0.20358619093894958, 0.20351025462150574, 0.20337845385074615, 0.20327553153038025, 0.19809174537658691, 0.19327276945114136, 0.18992796540260315, 0.18917438387870789, 0.18238957226276398, 0.1821468323469162, 0.17727747559547424, 0.17541609704494476, 0.17475323379039764, 0.17299319803714752, 0.1728954017162323, 0.17187006771564484, 0.1703898161649704, 0.16847380995750427, 0.16597768664360046, 0.16285595297813416, 0.15226350724697113, 0.15090957283973694, 0.14991554617881775, 0.14834946393966675, 0.1443677693605423, 0.1437515765428543, 0.14236097037792206, 0.14212851226329803, 0.13907068967819214, 0.1376098096370697, 0.13743221759796143, 0.13443231582641602, 0.13386085629463196, 0.13333207368850708, 0.13258838653564453, 0.1323302984237671, 0.13040658831596375, 0.12828616797924042, 0.12751683592796326, 0.1268760859966278, 0.12563715875148773, 0.1253719925880432, 0.12253822386264801, 0.12120557576417923, 0.12100360542535782, 0.1194072812795639, 0.11918177455663681, 0.11501012742519379, 0.11449483782052994, 0.11294342577457428, 0.11277519911527634, 0.11093880981206894, 0.1096157357096672, 0.10864023864269257, 0.10832814127206802, 0.10816942155361176, 0.10779986530542374, 0.10765546560287476, 0.10628587007522583, 0.1062154769897461, 0.10541840642690659, 0.10166049003601074, 0.10061447322368622, 0.09950439631938934, 0.09750713407993317, 0.09749100357294083, 0.09679371863603592, 0.09661482274532318, 0.09598400443792343, 0.09548946470022202, 0.09517031162977219, 0.09515312314033508, 0.09509962052106857, 0.09496871381998062, 0.0937839075922966, 0.09371481835842133, 0.09370329231023788, 0.09338556975126266, 0.09307603538036346, 0.09122981131076813, 0.09122373908758163, 0.09014302492141724, 0.08903414756059647, 0.08890727907419205, 0.08875023573637009, 0.08854931592941284, 0.088429756462574, 0.08801181614398956, 0.08785340189933777, 0.08775168657302856, 0.08770418167114258, 0.08754158020019531, 0.08749667555093765, 0.08745870739221573, 0.08643147349357605, 0.08623607456684113, 0.0861138328909874, 0.0859290286898613, 0.08592614531517029, 0.08552487194538116, 0.08552229404449463, 0.08526480197906494, 0.08498501032590866, 0.08417269587516785, 0.08414142578840256, 0.08386877924203873, 0.08355409651994705, 0.08189657330513, 0.08162099868059158, 0.08146463334560394, 0.08117279410362244, 0.08055785298347473, 0.080299012362957, 0.07936003804206848, 0.0788528248667717, 0.07868561893701553, 0.07862889021635056, 0.07794101536273956, 0.07793644070625305, 0.0770653635263443, 0.07705746591091156, 0.07675105333328247, 0.07656649500131607, 0.07640236616134644, 0.07632257044315338, 0.0759790912270546, 0.07590032368898392, 0.07572789490222931, 0.07555008679628372, 0.07467562705278397, 0.07423940300941467, 0.07381829619407654, 0.07343295961618423, 0.07332080602645874, 0.07294400036334991, 0.07287675142288208, 0.07242374867200851, 0.07201527059078217, 0.07190646976232529, 0.07126889377832413, 0.07109448313713074, 0.07078573852777481, 0.0703030377626419, 0.07028519362211227, 0.07007262110710144, 0.06942182034254074, 0.06863425672054291, 0.06830015778541565, 0.06792797893285751, 0.06792337447404861, 0.06786222010850906, 0.06683207303285599, 0.0665121003985405, 0.0663299709558487, 0.06627621501684189, 0.0662722960114479, 0.06621967256069183, 0.06594248116016388, 0.06566405296325684, 0.06523119658231735, 0.0645308718085289, 0.06403332948684692, 0.06346545368432999, 0.06327909231185913, 0.06309130787849426, 0.06292454898357391, 0.062231551855802536, 0.062216758728027344, 0.06209559366106987, 0.06207799166440964, 0.062063030898571014, 0.0614413358271122, 0.06137319281697273, 0.06084638461470604, 0.06083870306611061, 0.06061984598636627, 0.060518138110637665, 0.060286812484264374, 0.060018349438905716, 0.05999910458922386, 0.059926506131887436, 0.05987844616174698, 0.05980324745178223, 0.059728942811489105, 0.05963701754808426, 0.05933409556746483, 0.05925605818629265, 0.05921667814254761, 0.059089258313179016, 0.058898743242025375, 0.05876046419143677, 0.058748889714479446, 0.05872171372175217, 0.05846142768859863, 0.057823456823825836, 0.05770084634423256, 0.057537760585546494, 0.05742957815527916, 0.057184383273124695, 0.05693736672401428, 0.056936223059892654, 0.056405968964099884, 0.056401047855615616, 0.05626111477613449, 0.05606386810541153, 0.055945899337530136, 0.05590394511818886, 0.05581329017877579, 0.05578064173460007, 0.05557732656598091, 0.055550187826156616, 0.05552666634321213, 0.055508289486169815, 0.05543743446469307, 0.0553835853934288, 0.055356673896312714, 0.05521729588508606, 0.05521583557128906, 0.05518896505236626, 0.05508739873766899, 0.05501073971390724, 0.05479298532009125, 0.05479032173752785, 0.05476664751768112, 0.054104335606098175, 0.05389099568128586, 0.053846586495637894, 0.05379853770136833, 0.053762663155794144, 0.05361616238951683, 0.05360070616006851, 0.053369954228401184, 0.05336156114935875, 0.05328572541475296, 0.05292581394314766, 0.05292399972677231, 0.052916303277015686, 0.052411552518606186, 0.05236736685037613, 0.05228809267282486, 0.052232224494218826, 0.05221642553806305, 0.05220835655927658, 0.05209466069936752, 0.05188675969839096, 0.05176815390586853, 0.05141781270503998, 0.05141298845410347, 0.05138712003827095, 0.0512000136077404, 0.050959277898073196, 0.05095386877655983, 0.05093604698777199, 0.05084383860230446, 0.05065778270363808, 0.05055141821503639, 0.050542786717414856, 0.05041966214776039, 0.050081152468919754, 0.04995730146765709, 0.04995390772819519, 0.04992964118719101, 0.04991185665130615, 0.04989302158355713, 0.049797698855400085, 0.04936273768544197, 0.04934927821159363, 0.049337100237607956, 0.0491168238222599, 0.04911624267697334, 0.04901406913995743, 0.04896334186196327, 0.04885979741811752, 0.04884028807282448, 0.04882967844605446, 0.04880766570568085, 0.048647794872522354, 0.04848643019795418]

Execution time: 0.3994 sec
