Label: tensor([ 3,  0, 26, 58, 58, 58,  0, 58, 58, 58, 58,  0, 24, 58, 58, 58, 67, 67,
        58, 58,  0, 58, 58, 58, 58, 58, 58, 26, 58, 58, 67, 67, 58, 58, 58, 58,
        58, 67, 67, 58, 67, 58, 26,  0, 58, 67, 58, 58, 58, 58, 58, 67, 58, 58,
        26, 58, 58, 16, 58, 58, 58, 58, 67, 58, 58, 67, 58, 58,  0, 58, 58,  0,
        58, 67, 24, 58, 58, 58, 58, 58, 26, 58,  1, 58, 28, 67, 58, 24, 58, 67,
        58, 58, 58, 67, 67, 58, 58, 58,  0,  0,  0, 58,  0,  0, 58, 67, 67, 58,
        58, 26,  3,  0, 26, 58, 67, 58, 58, 26, 67, 58, 58, 58, 58, 58, 58, 67,
         3, 58, 10,  3,  1, 24, 58, 58, 58, 58,  0, 67,  0, 67,  0, 58, 58, 14,
        58, 67, 58, 67,  0, 67, 67, 67, 67, 26, 58, 77, 15, 25, 58, 58, 24,  3,
        58, 58, 24, 77, 13,  3, 26, 10, 67, 58, 58, 75, 58,  0,  3, 75, 32,  0,
        14,  0,  0, 58, 67,  3, 58, 26, 58,  0, 10, 58, 35, 50, 58, 58,  3,  0,
        67,  3, 77, 16, 58,  3,  3, 17, 28,  3,  3,  0, 16, 10, 26, 58, 24, 58,
        13, 74, 50, 58, 58, 58, 26, 26, 56,  0, 25, 58, 58,  3,  0, 28, 14, 58,
         3,  3, 13, 58, 28,  3, 77, 13, 24, 58, 58,  0, 26,  0,  3,  0, 58,  3,
        13, 58, 45, 50, 56, 58,  2, 13, 58,  0, 56, 75, 13, 26,  2,  3, 58, 75,
        10, 58, 58,  0,  0,  0, 58,  2, 41,  0,  3, 24,  1, 77, 75, 75,  3, 58,
         3,  3, 58,  0,  1,  0, 56, 77, 39, 58, 25,  3]), Box: ([89.97515106201172, 175.3193359375, 371.9237365722656, 495.5890197753906], [126.7394027709961, 43.49937438964844, 244.16493225097656, 220.29470825195312], [62.90097427368164, 325.740234375, 135.61190795898438, 393.17669677734375], [317.9704284667969, 153.24215698242188, 340.0400085449219, 195.00787353515625], [345.3998718261719, 176.2010498046875, 364.5571594238281, 198.84779357910156], [344.9654846191406, 153.6163787841797, 370.8350524902344, 198.9821014404297], [125.98786926269531, 43.028831481933594, 244.58563232421875, 310.2738342285156], [333.638427734375, 133.44488525390625, 371.5491027832031, 198.440185546875], [319.2392883300781, 12.073248863220215, 371.8240051269531, 135.90643310546875], [296.8545227050781, 125.52529907226562, 342.17578125, 194.5071258544922], [268.59588623046875, 124.33460235595703, 288.84381103515625, 173.2221221923828], [125.38658905029297, 43.215274810791016, 245.055908203125, 340.2399597167969], [62.85139846801758, 325.5315246582031, 135.95779418945312, 393.13641357421875], [319.4249267578125, 12.046292304992676, 372.04498291015625, 197.33544921875], [332.2056579589844, 133.29254150390625, 371.59417724609375, 172.5159454345703], [331.7611999511719, 134.69728088378906, 352.58587646484375, 171.34762573242188], [155.00318908691406, 77.4798355102539, 161.0272216796875, 96.22993469238281], [154.6458282470703, 77.9344253540039, 163.04588317871094, 104.4859619140625], [320.333740234375, 166.1144561767578, 339.1866760253906, 194.8212432861328], [299.6063537597656, 125.7449722290039, 342.3072814941406, 167.45474243164062], [124.31976318359375, 42.455108642578125, 246.03846740722656, 493.40679931640625], [268.8288269042969, 123.70191955566406, 309.4229736328125, 172.51419067382812], [320.4847412109375, 174.07484436035156, 338.3673095703125, 194.61740112304688], [319.4140319824219, 12.357361793518066, 371.9470520019531, 197.98973083496094], [363.1146545410156, 179.01063537597656, 371.7059020996094, 200.28408813476562], [295.7975158691406, 13.446100234985352, 371.7557678222656, 194.97972106933594], [270.0121765136719, 137.70755004882812, 287.255859375, 173.72752380371094], [126.69379425048828, 105.98306274414062, 153.63233947753906, 176.5543975830078], [296.2691955566406, 163.87477111816406, 322.57574462890625, 194.5490264892578], [296.1414794921875, 133.25204467773438, 324.18206787109375, 194.33047485351562], [145.24085998535156, 78.50978088378906, 155.921142578125, 99.0923080444336], [145.64889526367188, 55.68876266479492, 159.81158447265625, 100.25231170654297], [345.89080810546875, 135.4251708984375, 371.5430603027344, 174.82562255859375], [336.494873046875, 169.69522094726562, 351.3525695800781, 196.17652893066406], [347.8904724121094, 152.61178588867188, 370.9754943847656, 176.970458984375], [296.3154602050781, 130.56939697265625, 324.4804382324219, 194.17984008789062], [336.02789306640625, 151.79591369628906, 351.0406799316406, 171.99729919433594], [146.7013397216797, 102.55227661132812, 157.7041778564453, 112.40860748291016], [155.22372436523438, 78.64998626708984, 171.32838439941406, 115.155517578125], [269.3700256347656, 123.63792419433594, 355.2767639160156, 194.2245330810547], [153.63233947753906, 78.12834167480469, 161.30421447753906, 108.12865447998047], [271.887939453125, 124.15621185302734, 288.6776123046875, 149.06201171875], [62.90043258666992, 228.71214294433594, 138.77847290039062, 393.59539794921875], [268.59588623046875, 124.33460235595703, 288.84381103515625, 173.2221221923828], [344.5786437988281, 134.22715759277344, 371.4576721191406, 159.3737030029297], [145.00389099121094, 78.24920654296875, 158.65609741210938, 111.73793029785156], [337.07989501953125, 156.21751403808594, 350.2923278808594, 171.65208435058594], [335.33349609375, 156.51901245117188, 351.83416748046875, 195.4761962890625], [73.10139465332031, 7.986936569213867, 145.2808380126953, 102.71786499023438], [318.2698059082031, 153.03184509277344, 337.69293212890625, 169.45199584960938], [231.85781860351562, 87.11492156982422, 288.706298828125, 116.16768646240234], [146.86016845703125, 95.85205078125, 158.30264282226562, 111.11357879638672], [285.1924743652344, 12.029032707214355, 371.5162353515625, 136.5255584716797], [231.0609893798828, 43.06367111206055, 292.0870666503906, 174.0737762451172], [187.97137451171875, 204.06805419921875, 285.19683837890625, 298.5015563964844], [358.8513488769531, 175.676513671875, 371.0052490234375, 199.58628845214844], [318.3966979980469, 153.90606689453125, 329.490966796875, 166.03927612304688], [310.82000732421875, 437.3456115722656, 370.8841552734375, 496.2899169921875], [326.42633056640625, 132.48556518554688, 351.4144592285156, 171.91448974609375], [322.7186279296875, 10.921712875366211, 371.9097900390625, 80.62759399414062], [330.8863220214844, 134.0733642578125, 348.9200744628906, 159.120849609375], [228.56922912597656, 43.77227783203125, 292.534912109375, 116.15860748291016], [145.1949920654297, 74.21904754638672, 157.55149841308594, 99.13755798339844], [243.5593719482422, 158.759765625, 287.2877502441406, 193.8225555419922], [326.507568359375, 52.91361618041992, 371.3476257324219, 135.6018524169922], [152.63726806640625, 97.44766235351562, 159.0447998046875, 108.8241195678711], [334.3719177246094, 11.31752872467041, 372.0830383300781, 79.37213897705078], [332.7538757324219, 134.82177734375, 353.8611755371094, 159.3585968017578], [124.38272857666016, 42.6209716796875, 245.7081756591797, 386.0965270996094], [351.0011901855469, 43.93465042114258, 371.9417419433594, 79.20564270019531], [324.246826171875, 120.38835144042969, 346.4557189941406, 138.6116943359375], [125.43266296386719, 43.51726150512695, 244.97116088867188, 335.5347595214844], [340.449462890625, 28.57152557373047, 371.9043884277344, 79.13525390625], [151.6993408203125, 78.24639892578125, 165.28207397460938, 111.52483367919922], [62.890804290771484, 325.84930419921875, 135.76817321777344, 392.8216247558594], [315.78973388671875, 127.806884765625, 351.56103515625, 172.45628356933594], [270.3392028808594, 161.25485229492188, 285.10980224609375, 175.00424194335938], [232.19332885742188, 88.28497314453125, 274.8167724609375, 116.11585235595703], [233.7002410888672, 95.43849182128906, 254.3724365234375, 115.63296508789062], [283.5036926269531, 13.009577751159668, 371.72052001953125, 138.91845703125], [126.79792022705078, 134.90646362304688, 144.1890106201172, 174.9894256591797], [238.33438110351562, 44.5050048828125, 292.77264404296875, 99.21710205078125], [92.80438995361328, 176.15550231933594, 371.2683410644531, 494.509521484375], [244.4941864013672, 129.19461059570312, 288.3785705566406, 193.0546112060547], [62.85139846801758, 325.5315246582031, 135.95779418945312, 393.13641357421875], [151.93667602539062, 103.63835144042969, 158.45433044433594, 112.0550308227539], [324.3656311035156, 125.06028747558594, 346.9622802734375, 158.07583618164062], [187.97137451171875, 204.06805419921875, 285.19683837890625, 298.5015563964844], [278.043701171875, 136.9904327392578, 288.10760498046875, 169.60057067871094], [148.9412384033203, 56.63079071044922, 159.12664794921875, 78.74784088134766], [246.55133056640625, 89.21147918701172, 276.2821350097656, 113.8045654296875], [243.7074737548828, 13.320162773132324, 371.1967468261719, 173.1629180908203], [249.57882690429688, 94.83848571777344, 266.182861328125, 113.47328186035156], [151.8877410888672, 55.761680603027344, 163.64674377441406, 104.69731903076172], [176.6528778076172, 74.1123046875, 188.16311645507812, 82.85816955566406], [298.8913879394531, 174.9058074951172, 320.6001892089844, 194.73988342285156], [77.76841735839844, 14.522429466247559, 129.4642333984375, 97.23469543457031], [267.4791259765625, 161.70660400390625, 288.5970458984375, 192.14491271972656], [126.68610382080078, 42.88230895996094, 288.1781921386719, 493.4677429199219], [270.0121765136719, 137.70755004882812, 287.255859375, 173.72752380371094], [127.07839965820312, 41.62429428100586, 269.79473876953125, 495.24945068359375], [335.325439453125, 152.76683044433594, 369.8695068359375, 198.2863006591797], [126.73848724365234, 43.747276306152344, 296.88916015625, 492.32318115234375], [310.82000732421875, 437.3456115722656, 370.8841552734375, 496.2899169921875], [258.5769348144531, 143.736328125, 275.1438293457031, 173.11439514160156], [139.07907104492188, 72.27525329589844, 148.24954223632812, 81.10997009277344], [151.82244873046875, 96.12516784667969, 163.10592651367188, 109.00537872314453], [263.8556213378906, 125.10640716552734, 371.4534606933594, 196.6466522216797], [298.19732666015625, 124.55054473876953, 311.9272155761719, 160.975341796875], [126.8247299194336, 105.41617584228516, 189.75698852539062, 178.1842041015625], [292.941650390625, 223.11883544921875, 371.6010437011719, 289.12066650390625], [123.2596664428711, 48.436790466308594, 248.0813751220703, 311.799072265625], [126.4944076538086, 123.05976104736328, 145.85879516601562, 174.5303497314453], [305.58782958984375, 120.42840576171875, 345.3580017089844, 140.15438842773438], [162.31387329101562, 94.3392105102539, 172.6786346435547, 115.73235321044922], [225.5901336669922, 10.94187068939209, 371.197265625, 180.69851684570312], [319.93109130859375, 78.53815460205078, 349.46588134765625, 137.04013061523438], [310.82000732421875, 437.3456115722656, 370.8841552734375, 496.2899169921875], [153.39151000976562, 106.01403045654297, 158.48880004882812, 114.50694274902344], [337.0798645019531, 153.193359375, 354.24090576171875, 172.01441955566406], [355.1042175292969, 137.06784057617188, 371.5594787597656, 158.27049255371094], [231.31910705566406, 74.30154418945312, 288.44989013671875, 189.61349487304688], [359.6098327636719, 162.47567749023438, 371.73748779296875, 200.85540771484375], [304.42694091796875, 128.3028564453125, 333.44744873046875, 161.71498107910156], [308.39483642578125, 118.03073120117188, 347.1270751953125, 139.48464965820312], [155.28318786621094, 78.77088165283203, 160.7762908935547, 98.47769927978516], [63.562034606933594, 176.79685974121094, 246.0794219970703, 391.1825866699219], [299.9052429199219, 180.7182159423828, 319.2843933105469, 194.52247619628906], [317.9704284667969, 153.24215698242188, 340.0400085449219, 195.00787353515625], [310.82000732421875, 437.3456115722656, 370.8841552734375, 496.2899169921875], [310.82000732421875, 437.3456115722656, 370.8841552734375, 496.2899169921875], [62.90097427368164, 325.740234375, 135.61190795898438, 393.17669677734375], [351.023681640625, 59.471309661865234, 368.7469482421875, 78.48158264160156], [255.4410400390625, 75.35267639160156, 280.0015563964844, 99.10682678222656], [310.3563232421875, 125.75305938720703, 330.54241943359375, 139.13888549804688], [317.51605224609375, 153.9546661376953, 330.0536804199219, 191.7763214111328], [126.39396667480469, 44.130794525146484, 196.77255249023438, 177.5615234375], [144.79025268554688, 91.25209045410156, 157.72018432617188, 110.24482727050781], [92.80438995361328, 176.15550231933594, 371.2683410644531, 494.509521484375], [154.58047485351562, 78.02967071533203, 182.31434631347656, 117.31798553466797], [317.9704284667969, 153.24215698242188, 340.0400085449219, 195.00787353515625], [326.8066711425781, 124.8852767944336, 342.89898681640625, 139.0276336669922], [357.30291748046875, 151.92933654785156, 370.9212951660156, 167.84490966796875], [310.82000732421875, 437.3456115722656, 370.8841552734375, 496.2899169921875], [359.6729431152344, 166.67709350585938, 371.8050231933594, 201.2569580078125], [151.64344787597656, 59.47246551513672, 160.23020935058594, 97.69063568115234], [310.82000732421875, 437.3456115722656, 370.8841552734375, 496.2899169921875], [155.82205200195312, 78.29747009277344, 160.8518829345703, 93.03187561035156], [124.73854064941406, 48.4708251953125, 245.0162353515625, 372.5937194824219], [146.64779663085938, 102.2733383178711, 154.04322814941406, 107.98885345458984], [162.94888305664062, 97.59172821044922, 173.87905883789062, 116.84143829345703], [146.58128356933594, 107.39651489257812, 157.17178344726562, 115.87590026855469], [146.459716796875, 75.8753890991211, 158.6898956298828, 98.85142517089844], [126.39087677001953, 98.65643310546875, 177.3380889892578, 185.82029724121094], [340.6808166503906, 133.93789672851562, 370.5821228027344, 158.56314086914062], [268.59588623046875, 124.33460235595703, 288.84381103515625, 173.2221221923828], [310.82000732421875, 437.3456115722656, 370.8841552734375, 496.2899169921875], [310.82000732421875, 437.3456115722656, 370.8841552734375, 496.2899169921875], [341.7529602050781, 171.13980102539062, 370.23974609375, 201.04917907714844], [330.9638977050781, 168.70140075683594, 341.379150390625, 193.8690948486328], [126.69379425048828, 105.98306274414062, 153.63233947753906, 176.5543975830078], [66.68498229980469, 176.5361785888672, 370.3943786621094, 392.37841796875], [113.29998779296875, 52.312992095947266, 147.8898162841797, 84.29306030273438], [258.35760498046875, 143.5883026123047, 276.6329040527344, 174.21250915527344], [62.90043258666992, 228.71214294433594, 138.77847290039062, 393.59539794921875], [310.82000732421875, 437.3456115722656, 370.8841552734375, 496.2899169921875], [263.8556213378906, 125.10640716552734, 371.4534606933594, 196.6466522216797], [61.23373031616211, 175.61647033691406, 181.38760375976562, 392.78826904296875], [126.59724426269531, 136.75755310058594, 145.0489501953125, 176.1315155029297], [345.3998718261719, 176.2010498046875, 364.5571594238281, 198.84779357910156], [145.78591918945312, 80.18448638916016, 156.66233825683594, 98.9751205444336], [332.60748291015625, 137.8686065673828, 348.82550048828125, 159.1873779296875], [352.2362365722656, 178.93624877929688, 363.971923828125, 197.10374450683594], [320.4847412109375, 174.07484436035156, 338.3673095703125, 194.61740112304688], [323.2554626464844, 166.4046173095703, 338.25531005859375, 180.09112548828125], [319.2392883300781, 12.073248863220215, 371.8240051269531, 135.90643310546875], [93.57496643066406, 173.12400817871094, 371.5797119140625, 303.84735107421875], [337.07989501953125, 156.21751403808594, 350.2923278808594, 171.65208435058594], [318.3966979980469, 153.90606689453125, 329.490966796875, 166.03927612304688], [123.98529052734375, 42.85916519165039, 243.46743774414062, 494.6701965332031], [315.3558654785156, 109.56777954101562, 318.7222595214844, 117.11175537109375], [268.8288269042969, 123.70191955566406, 309.4229736328125, 172.51419067382812], [187.97137451171875, 204.06805419921875, 285.19683837890625, 298.5015563964844], [328.53887939453125, 154.4161376953125, 338.7229919433594, 170.38232421875], [144.66876220703125, 70.64999389648438, 155.36907958984375, 96.08609771728516], [92.83125305175781, 176.93704223632812, 371.5760803222656, 383.54473876953125], [317.7470397949219, 154.06869506835938, 330.63623046875, 190.08030700683594], [62.85139846801758, 325.5315246582031, 135.95779418945312, 393.13641357421875], [268.0934143066406, 164.45648193359375, 327.22796630859375, 206.06344604492188], [92.91951751708984, 42.4779052734375, 371.9184265136719, 490.8254699707031], [310.82000732421875, 437.3456115722656, 370.8841552734375, 496.2899169921875], [279.5018615722656, 133.95338439941406, 288.4731750488281, 149.49710083007812], [62.90097427368164, 325.740234375, 135.61190795898438, 393.17669677734375], [268.59588623046875, 124.33460235595703, 288.84381103515625, 173.2221221923828], [320.89349365234375, 56.433570861816406, 361.3384704589844, 88.67898559570312], [337.5198974609375, 149.71351623535156, 349.9742431640625, 173.2003936767578], [191.0478057861328, 185.50173950195312, 370.7025146484375, 288.3531494140625], [145.94326782226562, 45.13270950317383, 214.9051513671875, 108.47962188720703], [171.31744384765625, 106.82392120361328, 182.46507263183594, 120.907958984375], [268.59588623046875, 124.33460235595703, 288.84381103515625, 173.2221221923828], [270.0121765136719, 137.70755004882812, 287.255859375, 173.72752380371094], [187.97137451171875, 204.06805419921875, 285.19683837890625, 298.5015563964844], [318.3470153808594, 153.25375366210938, 339.2143249511719, 194.96060180664062], [90.50066375732422, 175.90460205078125, 175.32858276367188, 391.5438232421875], [93.36283111572266, 175.44789123535156, 238.66619873046875, 494.4478759765625], [310.82000732421875, 437.3456115722656, 370.8841552734375, 496.2899169921875], [62.90097427368164, 325.740234375, 135.61190795898438, 393.17669677734375], [93.45716857910156, 175.6378173828125, 293.2921447753906, 494.23126220703125], [268.8288269042969, 123.70191955566406, 309.4229736328125, 172.51419067382812], [124.67137908935547, 42.257354736328125, 244.43850708007812, 495.90301513671875], [268.59588623046875, 124.33460235595703, 288.84381103515625, 173.2221221923828], [268.59588623046875, 124.33460235595703, 288.84381103515625, 173.2221221923828], [139.66970825195312, 142.360595703125, 153.97308349609375, 175.68814086914062], [293.2074890136719, 222.64614868164062, 371.49786376953125, 432.3856506347656], [126.79792022705078, 134.90646362304688, 144.1890106201172, 174.9894256591797], [318.23223876953125, 153.98367309570312, 333.6595764160156, 171.17811584472656], [268.8288269042969, 123.70191955566406, 309.4229736328125, 172.51419067382812], [146.7013397216797, 102.55227661132812, 157.7041778564453, 112.40860748291016], [89.97515106201172, 175.3193359375, 371.9237365722656, 495.5890197753906], [237.66595458984375, 100.13056945800781, 252.74095153808594, 115.29534912109375], [243.69525146484375, 160.5676727294922, 289.7094421386719, 194.05165100097656], [347.1277770996094, 154.1642608642578, 358.6624755859375, 170.89456176757812], [139.637451171875, 105.52555084228516, 159.60580444335938, 175.79879760742188], [145.64889526367188, 55.68876266479492, 159.81158447265625, 100.25231170654297], [268.8288269042969, 123.70191955566406, 309.4229736328125, 172.51419067382812], [318.3966979980469, 153.90606689453125, 329.490966796875, 166.03927612304688], [360.8313293457031, 359.9269104003906, 371.380126953125, 433.2858581542969], [316.8377685546875, 149.87240600585938, 329.9195251464844, 167.93508911132812], [349.716796875, 256.70068359375, 372.2058410644531, 433.0429992675781], [187.97137451171875, 204.06805419921875, 285.19683837890625, 298.5015563964844], [344.9654846191406, 153.6163787841797, 370.8350524902344, 198.9821014404297], [62.90043258666992, 228.71214294433594, 138.77847290039062, 393.59539794921875], [318.3966979980469, 153.90606689453125, 329.490966796875, 166.03927612304688], [250.02752685546875, 98.59786987304688, 261.995361328125, 113.80766296386719], [317.9704284667969, 153.24215698242188, 340.0400085449219, 195.00787353515625], [62.90043258666992, 228.71214294433594, 138.77847290039062, 393.59539794921875], [269.3700256347656, 123.63792419433594, 355.2767639160156, 194.2245330810547], [330.25506591796875, 50.83737564086914, 371.46893310546875, 83.3606948852539], [62.890804290771484, 325.84930419921875, 135.76817321777344, 392.8216247558594], [124.31976318359375, 42.455108642578125, 246.03846740722656, 493.40679931640625], [270.3392028808594, 161.25485229492188, 285.10980224609375, 175.00424194335938], [296.8545227050781, 125.52529907226562, 342.17578125, 194.5071258544922], [126.4944076538086, 123.05976104736328, 145.85879516601562, 174.5303497314453], [100.1795883178711, 50.85090637207031, 129.24501037597656, 79.86650848388672], [124.80712127685547, 113.76316833496094, 352.6538391113281, 198.04356384277344], [126.4845962524414, 44.36266326904297, 212.06219482421875, 177.41184997558594], [126.7118911743164, 124.5728530883789, 144.2757568359375, 174.0807342529297], [363.1146545410156, 179.01063537597656, 371.7059020996094, 200.28408813476562], [94.01020812988281, 176.2353057861328, 234.0069580078125, 268.1004943847656], [100.1254653930664, 28.03310775756836, 297.3249816894531, 494.3464660644531], [125.99630737304688, 105.5538558959961, 341.64385986328125, 197.32125854492188], [92.21691131591797, 174.05435180664062, 194.51976013183594, 336.9359130859375], [345.3998718261719, 176.2010498046875, 364.5571594238281, 198.84779357910156], [270.7629089355469, 140.7202911376953, 285.0747375488281, 171.1772003173828], [62.90097427368164, 325.740234375, 135.61190795898438, 393.17669677734375], [271.887939453125, 124.15621185302734, 288.6776123046875, 149.06201171875], [270.0121765136719, 137.70755004882812, 287.255859375, 173.72752380371094], [318.92364501953125, 153.09376525878906, 337.5373229980469, 172.52926635742188], [113.29998779296875, 52.312992095947266, 147.8898162841797, 84.29306030273438], [333.638427734375, 133.44488525390625, 371.5491027832031, 198.440185546875], [323.9667053222656, 120.23405456542969, 363.6524353027344, 140.81118774414062], [125.06767272949219, 109.39478302001953, 245.09132385253906, 351.45184326171875], [268.59588623046875, 124.33460235595703, 288.84381103515625, 173.2221221923828], [270.0121765136719, 137.70755004882812, 287.255859375, 173.72752380371094], [124.80712127685547, 113.76316833496094, 352.6538391113281, 198.04356384277344], [360.8313293457031, 359.9269104003906, 371.380126953125, 433.2858581542969], [268.8288269042969, 123.70191955566406, 309.4229736328125, 172.51419067382812], [129.82212829589844, 241.62005615234375, 220.24237060546875, 496.25103759765625], [187.97137451171875, 204.06805419921875, 285.19683837890625, 298.5015563964844], [336.02789306640625, 151.79591369628906, 351.0406799316406, 171.99729919433594], [318.3966979980469, 153.90606689453125, 329.490966796875, 166.03927612304688], [360.8313293457031, 359.9269104003906, 371.380126953125, 433.2858581542969], [219.7691650390625, 37.41228485107422, 239.98358154296875, 57.35105895996094], [278.043701171875, 136.9904327392578, 288.10760498046875, 169.60057067871094], [126.69379425048828, 105.98306274414062, 153.63233947753906, 176.5543975830078], [360.8313293457031, 359.9269104003906, 371.380126953125, 433.2858581542969], [297.696533203125, 178.20443725585938, 318.8701477050781, 194.86666870117188], [238.33438110351562, 44.5050048828125, 292.77264404296875, 99.21710205078125], [146.7013397216797, 102.55227661132812, 157.7041778564453, 112.40860748291016], [93.43668365478516, 50.96250915527344, 348.4830017089844, 465.93194580078125], [128.45094299316406, 243.3411407470703, 296.5669860839844, 494.30364990234375], [126.7118911743164, 124.5728530883789, 144.2757568359375, 174.0807342529297], [93.57496643066406, 173.12400817871094, 371.5797119140625, 303.84735107421875], [318.3966979980469, 153.90606689453125, 329.490966796875, 166.03927612304688], [270.3392028808594, 161.25485229492188, 285.10980224609375, 175.00424194335938], [278.043701171875, 136.9904327392578, 288.10760498046875, 169.60057067871094], [186.9562225341797, 187.26773071289062, 369.95245361328125, 375.3852844238281], [291.0122985839844, 196.97483825683594, 371.4029846191406, 287.8487243652344], [291.0122985839844, 196.97483825683594, 371.4029846191406, 287.8487243652344], [92.80438995361328, 176.15550231933594, 371.2683410644531, 494.509521484375], [325.4092712402344, 150.06683349609375, 337.7322082519531, 164.08399963378906], [345.3998718261719, 176.2010498046875, 364.5571594238281, 198.84779357910156], [93.45716857910156, 175.6378173828125, 293.2921447753906, 494.23126220703125], [125.48925018310547, 42.73591995239258, 245.8957977294922, 495.6092224121094], [310.82000732421875, 437.3456115722656, 370.8841552734375, 496.2899169921875], [187.97137451171875, 204.06805419921875, 285.19683837890625, 298.5015563964844], [145.64889526367188, 55.68876266479492, 159.81158447265625, 100.25231170654297], [127.19971466064453, 56.43254852294922, 148.40975952148438, 82.08587646484375], [62.90097427368164, 325.740234375, 135.61190795898438, 393.17669677734375], [122.23068237304688, 183.71336364746094, 234.3521270751953, 494.8949279785156]), Score: [0.9508717656135559, 0.7431662678718567, 0.719287633895874, 0.5518826246261597, 0.4185887575149536, 0.3743637502193451, 0.343913197517395, 0.3193202316761017, 0.2716425359249115, 0.2684642970561981, 0.2674420177936554, 0.23990240693092346, 0.23166629672050476, 0.2279268205165863, 0.22243404388427734, 0.21831242740154266, 0.20872282981872559, 0.19981718063354492, 0.19312144815921783, 0.19052715599536896, 0.1847461760044098, 0.18273338675498962, 0.18190352618694305, 0.17803116142749786, 0.17751044034957886, 0.17495161294937134, 0.17341940104961395, 0.1728944629430771, 0.1690058410167694, 0.15361186861991882, 0.15029121935367584, 0.14987565577030182, 0.14768970012664795, 0.14718328416347504, 0.1444075107574463, 0.1352158635854721, 0.13432368636131287, 0.1336730569601059, 0.12226010113954544, 0.11413714289665222, 0.11366517096757889, 0.11287159472703934, 0.11200731992721558, 0.11143140494823456, 0.11045770347118378, 0.10931296646595001, 0.1083567887544632, 0.10677990317344666, 0.10640053451061249, 0.10488960146903992, 0.10448821634054184, 0.103529192507267, 0.10090295225381851, 0.10089923441410065, 0.0988350436091423, 0.09782826155424118, 0.0974244624376297, 0.0970027968287468, 0.09691175818443298, 0.09685693681240082, 0.09596595913171768, 0.09589869529008865, 0.09466879814863205, 0.09280983358621597, 0.09252938628196716, 0.09220840036869049, 0.09085442870855331, 0.09083151072263718, 0.0908067375421524, 0.09014254808425903, 0.08945176750421524, 0.0869462788105011, 0.0864257961511612, 0.0852803960442543, 0.08406375348567963, 0.08404606580734253, 0.08167502284049988, 0.08046778291463852, 0.08037927001714706, 0.07968664914369583, 0.07855856418609619, 0.07530625909566879, 0.07504810392856598, 0.07486336678266525, 0.07405070960521698, 0.07265180349349976, 0.0726381167769432, 0.07202325016260147, 0.07098497450351715, 0.070547915995121, 0.0702800452709198, 0.06943502277135849, 0.06801661103963852, 0.06669038534164429, 0.06663206219673157, 0.06636899709701538, 0.0658908486366272, 0.06552257388830185, 0.0652354285120964, 0.06487956643104553, 0.06474363058805466, 0.06427530199289322, 0.06407416611909866, 0.06402460485696793, 0.06375289708375931, 0.06344805657863617, 0.061954252421855927, 0.06181936711072922, 0.061770349740982056, 0.0611904114484787, 0.060549553483724594, 0.06026533618569374, 0.05970704182982445, 0.059668369591236115, 0.059420280158519745, 0.05908065661787987, 0.05890897661447525, 0.058649059385061264, 0.05846816301345825, 0.05845025181770325, 0.058099258691072464, 0.057433467358350754, 0.0573163740336895, 0.05680793523788452, 0.05610266700387001, 0.05602169409394264, 0.055264703929424286, 0.05214953050017357, 0.051819149404764175, 0.05180816352367401, 0.05115295201539993, 0.05094229429960251, 0.05082859843969345, 0.05079129710793495, 0.05008895322680473, 0.04983936622738838, 0.04962960258126259, 0.049377817660570145, 0.048703473061323166, 0.048584192991256714, 0.047631632536649704, 0.046035557985305786, 0.04573310166597366, 0.04556804522871971, 0.045279718935489655, 0.04480471462011337, 0.0447685569524765, 0.04188991338014603, 0.04155723750591278, 0.04128226265311241, 0.041111063212156296, 0.04055031016469002, 0.04034694284200668, 0.04019465297460556, 0.040111806243658066, 0.040010422468185425, 0.03973253816366196, 0.03959906846284866, 0.03944980353116989, 0.03926811367273331, 0.03911908343434334, 0.03893566131591797, 0.038825623691082, 0.03870764002203941, 0.03835279121994972, 0.03832358866930008, 0.038247086107730865, 0.03760185465216637, 0.037420108914375305, 0.036862075328826904, 0.036835845559835434, 0.036628659814596176, 0.036605291068553925, 0.0365806519985199, 0.03626491129398346, 0.03607024624943733, 0.036009885370731354, 0.03585466369986534, 0.03579171746969223, 0.035479143261909485, 0.03533177822828293, 0.03532010316848755, 0.03523331880569458, 0.03513564541935921, 0.03483927622437477, 0.03471929579973221, 0.03464983403682709, 0.03458349406719208, 0.03432045504450798, 0.03431094437837601, 0.03408292680978775, 0.03388242796063423, 0.03379018232226372, 0.03364083170890808, 0.033581022173166275, 0.03350027650594711, 0.0334138497710228, 0.03336575627326965, 0.03301927447319031, 0.03281160071492195, 0.03208823502063751, 0.03203524276614189, 0.032025840133428574, 0.03198423981666565, 0.031638555228710175, 0.03144083544611931, 0.031006287783384323, 0.0308382511138916, 0.030755996704101562, 0.030361445620656013, 0.030327027663588524, 0.03028903529047966, 0.03021158277988434, 0.03014504909515381, 0.030043132603168488, 0.029960496351122856, 0.029729101806879044, 0.02966754510998726, 0.029581939801573753, 0.029577547684311867, 0.02953043393790722, 0.029511943459510803, 0.02928687073290348, 0.02917252667248249, 0.029087303206324577, 0.028801826760172844, 0.0286630280315876, 0.028633875772356987, 0.02861878089606762, 0.028585290536284447, 0.028490794822573662, 0.028449565172195435, 0.028097931295633316, 0.028010595589876175, 0.02776695229113102, 0.027594761922955513, 0.027490705251693726, 0.027277905493974686, 0.027095284312963486, 0.027057118713855743, 0.026761239394545555, 0.026431934908032417, 0.026409123092889786, 0.026335397735238075, 0.026315797120332718, 0.02622082456946373, 0.026134183630347252, 0.026042010635137558, 0.02601715549826622, 0.025924932211637497, 0.025647537782788277, 0.025468377396464348, 0.02541256509721279, 0.02536841668188572, 0.02525670826435089, 0.025186415761709213, 0.025049615651369095, 0.02499295398592949, 0.02491597831249237, 0.02481129951775074, 0.024808106943964958, 0.024733413010835648, 0.02468082681298256, 0.02460668981075287, 0.024545608088374138, 0.0245156679302454, 0.024472054094076157, 0.024424215778708458, 0.024337809532880783, 0.024330517277121544, 0.024206124246120453, 0.024156561121344566, 0.024042261764407158, 0.023854542523622513, 0.023821640759706497, 0.02375081181526184, 0.02371888980269432, 0.023707741871476173, 0.023701654747128487, 0.023534083738923073, 0.02348177507519722, 0.023441875353455544, 0.02342495135962963, 0.023382054641842842, 0.02337501011788845, 0.023283736780285835, 0.023280778899788857, 0.02327200397849083, 0.023228565230965614, 0.023216553032398224, 0.023049699142575264, 0.023049430921673775, 0.023001793771982193, 0.022913027554750443, 0.02287580817937851, 0.022850552573800087, 0.022795768454670906, 0.02275925502181053, 0.02268139459192753, 0.02256065607070923]

Execution time: 0.4058 sec
