Label: tensor([62, 74, 74, 57, 56, 56, 60, 65, 56, 56, 73, 73,  0, 56, 56, 57, 73, 56,
        73, 73, 45, 57,  0, 58, 73, 56, 56, 56, 56, 56,  0,  0, 73,  0, 60, 60,
        56, 77, 60, 73, 73, 56,  0, 56, 77, 75, 56, 57, 62, 60, 45, 73, 56,  0,
        77, 56, 73, 73, 56, 74, 73, 16,  0, 17,  0,  0, 74, 60, 75, 14, 73, 16,
        17, 73, 74, 73, 56, 56, 15, 75, 73, 56, 15, 60,  0, 13, 57, 75,  0, 75,
        73, 16,  0, 73, 16, 60, 65, 73, 56,  0, 73, 32, 17, 58, 73, 65, 74, 74,
        45, 62, 74, 14, 60, 57, 57, 73, 16, 58, 32,  0, 15, 56,  0, 67, 59, 16,
        73, 60, 73, 15,  0, 73, 60, 56, 60, 73, 73, 58, 73, 56, 16, 56, 16, 15,
        57, 57, 65, 56, 17, 57, 32, 56, 57, 57, 73, 77, 57, 60, 56, 16, 75, 16,
        15, 57, 56, 15, 75, 74, 60, 57, 65, 14, 73,  0, 60, 15, 59, 65, 66, 41,
        16, 14, 60, 45, 73, 16,  0, 39, 74, 74, 73, 40, 73, 56, 67,  0, 14,  0,
        65, 74, 32, 62, 60, 39, 60, 77, 56, 77, 57,  0, 63, 77, 60, 65, 60, 15,
         2, 14, 15, 73, 73, 77, 74, 15, 16, 65, 75, 56, 14, 57, 60, 41, 66, 75,
        13, 15, 40, 75, 77, 74,  0, 60, 74, 73, 56, 57, 60,  0, 73, 20, 56, 56,
        75, 14, 15, 20, 57, 73, 56, 58, 74, 74, 41, 73, 73, 56, 57, 58, 75, 20,
        32, 73, 45, 57,  0, 41, 16, 17, 56, 54, 75, 73, 77, 20, 33, 16, 45, 14,
        56, 14, 13, 66, 73, 57, 65, 60, 74, 77, 59,  0]), Box: ([151.88926696777344, 124.5035171508789, 335.6872253417969, 251.6768341064453], [196.58067321777344, 142.85543823242188, 293.08319091796875, 227.32655334472656], [172.83782958984375, 206.63504028320312, 208.44972229003906, 227.4262237548828], [409.219482421875, 239.3687744140625, 500.0523376464844, 332.98687744140625], [409.32684326171875, 239.1726837158203, 499.954833984375, 333.0780334472656], [52.77873611450195, 278.1900329589844, 204.97723388671875, 333.1664733886719], [358.0878601074219, 255.81527709960938, 412.10491943359375, 332.5393371582031], [176.87998962402344, 243.68748474121094, 192.97682189941406, 262.59783935546875], [115.2376708984375, 303.4463195800781, 205.27525329589844, 332.8516845703125], [51.9153938293457, 217.1710662841797, 205.3301544189453, 333.0267639160156], [276.6830749511719, 311.3740539550781, 308.7875061035156, 320.90301513671875], [274.5409240722656, 311.47723388671875, 309.42626953125, 323.3103332519531], [240.36447143554688, 27.975906372070312, 265.6849365234375, 61.88536834716797], [358.7340393066406, 239.38015747070312, 383.4029846191406, 298.8731994628906], [52.259521484375, 261.66815185546875, 204.489013671875, 333.1001281738281], [409.32684326171875, 239.1726837158203, 499.954833984375, 333.0780334472656], [274.0835266113281, 316.8275451660156, 309.647705078125, 332.7939147949219], [98.9524154663086, 280.7988586425781, 204.1404571533203, 333.05426025390625], [273.87457275390625, 311.85943603515625, 310.0166931152344, 332.8584289550781], [274.3393249511719, 316.6900634765625, 308.97576904296875, 328.6496276855469], [52.7248649597168, 217.58444213867188, 117.81023406982422, 275.5947570800781], [355.5224609375, 238.96240234375, 499.9982604980469, 333.121337890625], [384.8583984375, 72.81153106689453, 398.0489807128906, 96.68500518798828], [378.8797912597656, 204.8176727294922, 432.5408935546875, 263.5457458496094], [3.9385108947753906, 241.5590362548828, 21.54150390625, 310.4454345703125], [358.5213317871094, 205.68597412109375, 432.42919921875, 332.341064453125], [53.4776725769043, 278.4465026855469, 145.59490966796875, 333.1685791015625], [52.80659103393555, 261.32489013671875, 148.53260803222656, 333.10400390625], [53.352394104003906, 278.4012756347656, 293.0821533203125, 333.1780700683594], [355.5224609375, 238.96240234375, 499.9982604980469, 333.121337890625], [400.2600402832031, 231.4248504638672, 431.2291259765625, 261.34765625], [343.3183288574219, -0.06311029940843582, 362.714111328125, 18.83273696899414], [2.5908703804016113, 322.93560791015625, 22.24822998046875, 333.007568359375], [157.5654296875, 78.12477111816406, 172.92640686035156, 103.32984924316406], [357.9064025878906, 253.7122039794922, 410.23486328125, 274.78564453125], [154.57347106933594, 248.9858856201172, 322.82635498046875, 332.74462890625], [358.2803955078125, 238.6952667236328, 413.051513671875, 332.3879699707031], [378.8797912597656, 204.8176727294922, 432.5408935546875, 263.5457458496094], [357.9328918457031, 253.80154418945312, 410.3521423339844, 274.4971008300781], [275.01971435546875, 318.9828186035156, 309.3754577636719, 332.92926025390625], [283.68511962890625, 321.8903503417969, 310.1217956542969, 333.0274353027344], [114.97431945800781, 284.6398620605469, 205.47447204589844, 332.7290344238281], [401.9869079589844, 231.9739227294922, 418.8995361328125, 259.6297302246094], [323.86236572265625, 237.89720153808594, 498.7479553222656, 333.0694580078125], [400.2600402832031, 231.4248504638672, 431.2291259765625, 261.34765625], [52.7248649597168, 217.58444213867188, 117.81023406982422, 275.5947570800781], [358.0878601074219, 255.81527709960938, 412.10491943359375, 332.5393371582031], [323.86236572265625, 237.89720153808594, 498.7479553222656, 333.0694580078125], [152.01303100585938, 124.8498306274414, 335.71002197265625, 252.1011962890625], [155.02076721191406, 258.6034240722656, 325.014892578125, 333.1814270019531], [55.71731185913086, 250.17103576660156, 84.81774139404297, 274.2994079589844], [22.266613006591797, 315.8665771484375, 30.34620475769043, 333.15985107421875], [346.59246826171875, 311.9173889160156, 410.71221923828125, 332.9682922363281], [394.3241882324219, 72.85718536376953, 403.9444885253906, 97.09696197509766], [401.9869079589844, 231.9739227294922, 418.8995361328125, 259.6297302246094], [53.0289192199707, 279.57720947265625, 102.12638092041016, 333.2424621582031], [286.7846374511719, 323.84661865234375, 308.1009521484375, 333.01507568359375], [13.809793472290039, 241.624755859375, 21.26278305053711, 305.7907409667969], [98.5697250366211, 276.45672607421875, 148.3663330078125, 331.6788330078125], [405.3428039550781, 232.32237243652344, 417.09368896484375, 246.05795288085938], [2.0441393852233887, 119.9736557006836, 22.86810302734375, 311.09521484375], [378.8797912597656, 204.8176727294922, 432.5408935546875, 263.5457458496094], [156.89364624023438, 68.98667907714844, 173.17300415039062, 103.882080078125], [240.69937133789062, 36.73834228515625, 266.26983642578125, 62.444183349609375], [384.4703063964844, 72.19681549072266, 403.0940856933594, 97.49406433105469], [346.59246826171875, 311.9173889160156, 410.71221923828125, 332.9682922363281], [366.5350646972656, 239.50137329101562, 383.23248291015625, 257.81634521484375], [53.726783752441406, 259.3028564453125, 135.4325408935547, 286.45831298828125], [176.87998962402344, 243.68748474121094, 192.97682189941406, 262.59783935546875], [343.3183288574219, -0.06311029940843582, 362.714111328125, 18.83273696899414], [30.192392349243164, 311.84954833984375, 36.540199279785156, 333.0107116699219], [244.62022399902344, 46.59540939331055, 264.7156066894531, 62.303855895996094], [240.36447143554688, 27.975906372070312, 265.6849365234375, 61.88536834716797], [248.93698120117188, 271.4986267089844, 321.1699523925781, 284.4462585449219], [151.88926696777344, 124.5035171508789, 335.6872253417969, 251.6768341064453], [248.6245880126953, 280.0907287597656, 318.89178466796875, 291.82159423828125], [122.87762451171875, 285.4471740722656, 147.899658203125, 326.1270446777344], [407.56622314453125, 189.9136199951172, 500.5757751464844, 332.97491455078125], [244.62022399902344, 46.59540939331055, 264.7156066894531, 62.303855895996094], [401.9869079589844, 231.9739227294922, 418.8995361328125, 259.6297302246094], [16.67098617553711, 241.72418212890625, 22.031585693359375, 304.27325439453125], [409.219482421875, 239.3687744140625, 500.0523376464844, 332.98687744140625], [343.3183288574219, -0.06311029940843582, 362.714111328125, 18.83273696899414], [52.80659103393555, 261.32489013671875, 148.53260803222656, 333.10400390625], [378.8797912597656, 204.8176727294922, 432.5408935546875, 263.5457458496094], [409.219482421875, 239.3687744140625, 500.0523376464844, 332.98687744140625], [53.311912536621094, 278.07025146484375, 204.73971557617188, 333.4505310058594], [0.11930055916309357, -0.0683763176202774, 10.655540466308594, 27.247339248657227], [85.22482299804688, 61.739261627197266, 96.87362670898438, 86.2987289428711], [366.5350646972656, 239.50137329101562, 383.23248291015625, 257.81634521484375], [20.405963897705078, 304.6453857421875, 36.53313064575195, 333.13525390625], [240.36447143554688, 27.975906372070312, 265.6849365234375, 61.88536834716797], [243.19381713867188, 27.651674270629883, 262.1461486816406, 48.3454704284668], [248.47802734375, 271.10321044921875, 321.4037170410156, 286.06243896484375], [343.3183288574219, -0.06311029940843582, 362.714111328125, 18.83273696899414], [154.8441619873047, 248.4241943359375, 321.9061279296875, 300.0859680175781], [276.6830749511719, 311.3740539550781, 308.7875061035156, 320.90301513671875], [247.9814453125, 272.40203857421875, 321.56024169921875, 292.195556640625], [366.5350646972656, 239.50137329101562, 383.23248291015625, 257.81634521484375], [358.5213317871094, 205.68597412109375, 432.42919921875, 332.341064453125], [16.472389221191406, 117.8597183227539, 25.61383819580078, 305.6668701171875], [52.7248649597168, 217.58444213867188, 117.81023406982422, 275.5947570800781], [244.62022399902344, 46.59540939331055, 264.7156066894531, 62.303855895996094], [358.5213317871094, 205.68597412109375, 432.42919921875, 332.341064453125], [16.787614822387695, 116.672607421875, 26.62603187561035, 305.63116455078125], [311.70703125, 247.2508544921875, 324.8987731933594, 253.93081665039062], [52.7248649597168, 217.58444213867188, 117.81023406982422, 275.5947570800781], [401.9869079589844, 231.9739227294922, 418.8995361328125, 259.6297302246094], [58.43220520019531, 262.50628662109375, 83.23292541503906, 274.47882080078125], [305.4295349121094, 214.4705352783203, 318.3338928222656, 225.04498291015625], [157.5654296875, 78.12477111816406, 172.92640686035156, 103.32984924316406], [240.36447143554688, 27.975906372070312, 265.6849365234375, 61.88536834716797], [358.2803955078125, 238.6952667236328, 413.051513671875, 332.3879699707031], [53.24175262451172, 278.706787109375, 204.30943298339844, 333.2040100097656], [407.56622314453125, 189.9136199951172, 500.5757751464844, 332.97491455078125], [0.2657594084739685, 268.09307861328125, 5.348119258880615, 328.8952941894531], [157.5654296875, 78.12477111816406, 172.92640686035156, 103.32984924316406], [364.76239013671875, 202.61837768554688, 433.1938781738281, 263.840087890625], [346.59246826171875, 311.9173889160156, 410.71221923828125, 332.9682922363281], [243.06382751464844, 27.634584426879883, 256.4254150390625, 44.87068557739258], [157.5654296875, 78.12477111816406, 172.92640686035156, 103.32984924316406], [52.659095764160156, 216.53659057617188, 102.48234558105469, 240.42347717285156], [159.6581573486328, 0.3852669596672058, 182.46522521972656, 16.527555465698242], [276.6830749511719, 311.3740539550781, 308.7875061035156, 320.90301513671875], [409.219482421875, 239.3687744140625, 500.0523376464844, 332.98687744140625], [400.2600402832031, 231.4248504638672, 431.2291259765625, 261.34765625], [0.6983224153518677, 323.3912658691406, 19.058849334716797, 332.86688232421875], [52.77873611450195, 278.1900329589844, 204.97723388671875, 333.1664733886719], [29.49506378173828, 312.8570861816406, 34.99222946166992, 333.10345458984375], [240.36447143554688, 27.975906372070312, 265.6849365234375, 61.88536834716797], [342.8846740722656, 0.042578425258398056, 354.0784606933594, 19.01112174987793], [26.58193588256836, 315.4333190917969, 31.713794708251953, 333.0245666503906], [158.6905059814453, 269.5209655761719, 407.878173828125, 332.6957702636719], [346.5482482910156, 258.59478759765625, 412.58489990234375, 332.80450439453125], [52.276058197021484, 251.6993408203125, 414.6460876464844, 332.82958984375], [20.173616409301758, 316.8819274902344, 28.890289306640625, 333.18829345703125], [0.9503942131996155, 104.55447387695312, 25.982452392578125, 312.56494140625], [394.4435119628906, 206.50735473632812, 432.51568603515625, 261.1014404296875], [297.4983825683594, 280.1850280761719, 321.3778991699219, 287.6890869140625], [345.7004699707031, 311.3011779785156, 472.79949951171875, 333.3531494140625], [401.9869079589844, 231.9739227294922, 418.8995361328125, 259.6297302246094], [411.0561828613281, 272.83184814453125, 500.0825500488281, 333.1834411621094], [346.59246826171875, 311.9173889160156, 410.71221923828125, 332.9682922363281], [378.8797912597656, 204.8176727294922, 432.5408935546875, 263.5457458496094], [53.381046295166016, 278.6229248046875, 204.08865356445312, 333.0989685058594], [52.259521484375, 261.66815185546875, 204.489013671875, 333.1001281738281], [346.59246826171875, 311.9173889160156, 410.71221923828125, 332.9682922363281], [190.13343811035156, 304.40081787109375, 287.86737060546875, 333.08563232421875], [85.22482299804688, 61.739261627197266, 96.87362670898438, 86.2987289428711], [409.09124755859375, 239.33795166015625, 500.0849914550781, 333.1148376464844], [176.87998962402344, 243.68748474121094, 192.97682189941406, 262.59783935546875], [448.8534851074219, 237.5041046142578, 499.9552307128906, 279.8177490234375], [53.352394104003906, 278.4012756347656, 293.0821533203125, 333.1780700683594], [53.0289192199707, 279.57720947265625, 102.12638092041016, 333.2424621582031], [274.7030334472656, 319.620849609375, 308.6021423339844, 328.1500549316406], [346.59246826171875, 311.9173889160156, 410.71221923828125, 332.9682922363281], [52.77873611450195, 278.1900329589844, 204.97723388671875, 333.1664733886719], [52.259521484375, 261.66815185546875, 204.489013671875, 333.1001281738281], [358.1075134277344, 239.25811767578125, 429.4477844238281, 332.8644104003906], [384.4703063964844, 72.19681549072266, 403.0940856933594, 97.49406433105469], [343.3183288574219, -0.06311029940843582, 362.714111328125, 18.83273696899414], [384.8583984375, 72.81153106689453, 398.0489807128906, 96.68500518798828], [364.76239013671875, 202.61837768554688, 433.1938781738281, 263.840087890625], [346.59246826171875, 311.9173889160156, 410.71221923828125, 332.9682922363281], [52.27608871459961, 261.20721435546875, 317.2056579589844, 333.1263427734375], [384.8583984375, 72.81153106689453, 398.0489807128906, 96.68500518798828], [346.59246826171875, 311.9173889160156, 410.71221923828125, 332.9682922363281], [156.89364624023438, 68.98667907714844, 173.17300415039062, 103.882080078125], [360.3581848144531, 260.8246765136719, 409.6639709472656, 272.3195495605469], [53.4776725769043, 278.4465026855469, 145.59490966796875, 333.1685791015625], [248.6245880126953, 280.0907287597656, 318.89178466796875, 291.82159423828125], [342.8846740722656, 0.042578425258398056, 354.0784606933594, 19.01112174987793], [53.0289192199707, 279.57720947265625, 102.12638092041016, 333.2424621582031], [394.4435119628906, 206.50735473632812, 432.51568603515625, 261.1014404296875], [115.2376708984375, 303.4463195800781, 205.27525329589844, 332.8516845703125], [156.89364624023438, 68.98667907714844, 173.17300415039062, 103.882080078125], [355.5224609375, 238.96240234375, 499.9982604980469, 333.121337890625], [248.93698120117188, 271.4986267089844, 321.1699523925781, 284.4462585449219], [248.93698120117188, 271.4986267089844, 321.1699523925781, 284.4462585449219], [176.87998962402344, 243.68748474121094, 192.97682189941406, 262.59783935546875], [156.89364624023438, 68.98667907714844, 173.17300415039062, 103.882080078125], [159.6581573486328, 0.3852669596672058, 182.46522521972656, 16.527555465698242], [52.27608871459961, 261.20721435546875, 317.2056579589844, 333.1263427734375], [53.726783752441406, 259.3028564453125, 135.4325408935547, 286.45831298828125], [4.192997932434082, 118.05532836914062, 22.73643684387207, 310.92352294921875], [240.69937133789062, 36.73834228515625, 266.26983642578125, 62.444183349609375], [396.6659240722656, 230.2128143310547, 429.837158203125, 332.7179260253906], [401.9869079589844, 231.9739227294922, 418.8995361328125, 259.6297302246094], [176.87998962402344, 243.68748474121094, 192.97682189941406, 262.59783935546875], [372.10858154296875, 157.44808959960938, 401.59893798828125, 203.5087127685547], [3.2531116008758545, 141.0972137451172, 22.62488555908203, 310.8495178222656], [401.9869079589844, 231.9739227294922, 418.8995361328125, 259.6297302246094], [448.8534851074219, 237.5041046142578, 499.9552307128906, 279.8177490234375], [92.40824127197266, 278.9991149902344, 126.83367919921875, 332.9122619628906], [274.5409240722656, 311.47723388671875, 309.42626953125, 323.3103332519531], [372.10858154296875, 157.44808959960938, 401.59893798828125, 203.5087127685547], [157.5654296875, 78.12477111816406, 172.92640686035156, 103.32984924316406], [366.5350646972656, 239.50137329101562, 383.23248291015625, 257.81634521484375], [247.9814453125, 272.40203857421875, 321.56024169921875, 292.195556640625], [305.4295349121094, 214.4705352783203, 318.3338928222656, 225.04498291015625], [366.5350646972656, 239.50137329101562, 383.23248291015625, 257.81634521484375], [172.83782958984375, 206.63504028320312, 208.44972229003906, 227.4262237548828], [358.5213317871094, 205.68597412109375, 432.42919921875, 332.341064453125], [70.55884552001953, 209.5281524658203, 77.15289306640625, 228.95643615722656], [50.83513259887695, 237.3957977294922, 424.50054931640625, 332.8587951660156], [343.3183288574219, -0.06311029940843582, 362.714111328125, 18.83273696899414], [52.276058197021484, 251.6993408203125, 414.6460876464844, 332.82958984375], [157.5654296875, 78.12477111816406, 172.92640686035156, 103.32984924316406], [345.7004699707031, 311.3011779785156, 472.79949951171875, 333.3531494140625], [364.76239013671875, 202.61837768554688, 433.1938781738281, 263.840087890625], [248.93698120117188, 271.4986267089844, 321.1699523925781, 284.4462585449219], [364.76239013671875, 202.61837768554688, 433.1938781738281, 263.840087890625], [190.13343811035156, 304.40081787109375, 287.86737060546875, 333.08563232421875], [274.5409240722656, 311.47723388671875, 309.42626953125, 323.3103332519531], [51.9153938293457, 217.1710662841797, 205.3301544189453, 333.0267639160156], [358.5213317871094, 205.68597412109375, 432.42919921875, 332.341064453125], [66.10693359375, 76.32182312011719, 88.75116729736328, 87.2978286743164], [244.62022399902344, 46.59540939331055, 264.7156066894531, 62.303855895996094], [400.2600402832031, 231.4248504638672, 431.2291259765625, 261.34765625], [297.72943115234375, 281.0732727050781, 317.80718994140625, 287.07647705078125], [53.4776725769043, 278.4465026855469, 145.59490966796875, 333.1685791015625], [394.4435119628906, 206.50735473632812, 432.51568603515625, 261.1014404296875], [343.3183288574219, -0.06311029940843582, 362.714111328125, 18.83273696899414], [384.4703063964844, 72.19681549072266, 403.0940856933594, 97.49406433105469], [364.76239013671875, 202.61837768554688, 433.1938781738281, 263.840087890625], [248.47802734375, 271.10321044921875, 321.4037170410156, 286.06243896484375], [400.2600402832031, 231.4248504638672, 431.2291259765625, 261.34765625], [51.59148406982422, 208.90191650390625, 446.8504333496094, 332.68792724609375], [176.87998962402344, 243.68748474121094, 192.97682189941406, 262.59783935546875], [358.5213317871094, 205.68597412109375, 432.42919921875, 332.341064453125], [53.4776725769043, 278.4465026855469, 145.59490966796875, 333.1685791015625], [172.83782958984375, 206.63504028320312, 208.44972229003906, 227.4262237548828], [248.47802734375, 271.10321044921875, 321.4037170410156, 286.06243896484375], [378.8797912597656, 204.8176727294922, 432.5408935546875, 263.5457458496094], [66.10693359375, 76.32182312011719, 88.75116729736328, 87.2978286743164], [240.69937133789062, 36.73834228515625, 266.26983642578125, 62.444183349609375], [0.11930055916309357, -0.0683763176202774, 10.655540466308594, 27.247339248657227], [55.71731185913086, 250.17103576660156, 84.81774139404297, 274.2994079589844], [366.5350646972656, 239.50137329101562, 383.23248291015625, 257.81634521484375], [400.2600402832031, 231.4248504638672, 431.2291259765625, 261.34765625], [244.62022399902344, 46.59540939331055, 264.7156066894531, 62.303855895996094], [346.5482482910156, 258.59478759765625, 412.58489990234375, 332.80450439453125], [0.11930055916309357, -0.0683763176202774, 10.655540466308594, 27.247339248657227], [14.17894172668457, 241.14698791503906, 19.643108367919922, 303.8424377441406], [158.7438201904297, 303.4333190917969, 205.80743408203125, 332.6044921875], [51.9153938293457, 217.1710662841797, 205.3301544189453, 333.0267639160156], [355.5224609375, 238.96240234375, 499.9982604980469, 333.121337890625], [391.6046447753906, 73.0697021484375, 399.580322265625, 89.90947723388672], [409.32684326171875, 239.1726837158203, 499.954833984375, 333.0780334472656], [244.62022399902344, 46.59540939331055, 264.7156066894531, 62.303855895996094], [359.5392761230469, 154.11566162109375, 499.67724609375, 332.7767333984375], [52.7248649597168, 217.58444213867188, 117.81023406982422, 275.5947570800781], [358.0878601074219, 255.81527709960938, 412.10491943359375, 332.5393371582031], [405.3428039550781, 232.32237243652344, 417.09368896484375, 246.05795288085938], [401.9869079589844, 231.9739227294922, 418.8995361328125, 259.6297302246094], [378.8797912597656, 204.8176727294922, 432.5408935546875, 263.5457458496094], [52.80659103393555, 261.32489013671875, 148.53260803222656, 333.10400390625], [32.55371856689453, 312.0174865722656, 37.408111572265625, 333.1033630371094], [118.64170837402344, 285.7156982421875, 170.63644409179688, 332.8691101074219], [176.87998962402344, 243.68748474121094, 192.97682189941406, 262.59783935546875], [159.6581573486328, 0.3852669596672058, 182.46522521972656, 16.527555465698242], [346.59246826171875, 311.9173889160156, 410.71221923828125, 332.9682922363281], [55.71731185913086, 250.17103576660156, 84.81774139404297, 274.2994079589844], [110.56551361083984, 275.5953674316406, 137.1582489013672, 299.0149841308594], [98.5697250366211, 276.45672607421875, 148.3663330078125, 331.6788330078125], [53.726783752441406, 259.3028564453125, 135.4325408935547, 286.45831298828125], [411.0561828613281, 272.83184814453125, 500.0825500488281, 333.1834411621094], [356.3754577636719, 160.51995849609375, 436.8358154296875, 332.8664855957031], [399.2868957519531, 249.43226623535156, 410.0597229003906, 261.7968444824219], [85.22482299804688, 61.739261627197266, 96.87362670898438, 86.2987289428711], [405.3428039550781, 232.32237243652344, 417.09368896484375, 246.05795288085938], [0.6714863777160645, 61.865848541259766, 28.849788665771484, 317.0699462890625], [346.59246826171875, 311.9173889160156, 410.71221923828125, 332.9682922363281], [358.2803955078125, 238.6952667236328, 413.051513671875, 332.3879699707031], [0.11930055916309357, -0.0683763176202774, 10.655540466308594, 27.247339248657227], [366.5350646972656, 239.50137329101562, 383.23248291015625, 257.81634521484375], [358.5213317871094, 205.68597412109375, 432.42919921875, 332.341064453125], [378.8797912597656, 204.8176727294922, 432.5408935546875, 263.5457458496094], [396.6659240722656, 230.2128143310547, 429.837158203125, 332.7179260253906], [52.7248649597168, 217.58444213867188, 117.81023406982422, 275.5947570800781], [358.5213317871094, 205.68597412109375, 432.42919921875, 332.341064453125], [0.9997375011444092, 256.9012451171875, 5.478632926940918, 329.94622802734375], [244.62022399902344, 46.59540939331055, 264.7156066894531, 62.303855895996094], [240.36447143554688, 27.975906372070312, 265.6849365234375, 61.88536834716797], [151.88926696777344, 124.5035171508789, 335.6872253417969, 251.6768341064453], [366.5350646972656, 239.50137329101562, 383.23248291015625, 257.81634521484375], [52.659095764160156, 216.53659057617188, 102.48234558105469, 240.42347717285156], [384.8583984375, 72.81153106689453, 398.0489807128906, 96.68500518798828], [158.6905059814453, 269.5209655761719, 407.878173828125, 332.6957702636719], [378.8797912597656, 204.8176727294922, 432.5408935546875, 263.5457458496094], [409.32684326171875, 239.1726837158203, 499.954833984375, 333.0780334472656], [247.9814453125, 272.40203857421875, 321.56024169921875, 292.195556640625], [250.2104034423828, 271.5672302246094, 319.35321044921875, 279.9242858886719], [354.2677307128906, 237.94398498535156, 500.19097900390625, 333.2442932128906], [366.5350646972656, 239.50137329101562, 383.23248291015625, 257.81634521484375], [53.352394104003906, 278.4012756347656, 293.0821533203125, 333.1780700683594], [378.8797912597656, 204.8176727294922, 432.5408935546875, 263.5457458496094], [358.5213317871094, 205.68597412109375, 432.42919921875, 332.341064453125], [409.32684326171875, 239.1726837158203, 499.954833984375, 333.0780334472656], [52.77873611450195, 278.1900329589844, 204.97723388671875, 333.1664733886719]), Score: [0.9497678279876709, 0.9322830438613892, 0.65233314037323, 0.5293803811073303, 0.49720123410224915, 0.4669393301010132, 0.2622554898262024, 0.22445739805698395, 0.22282376885414124, 0.1964956372976303, 0.1929197907447815, 0.17595697939395905, 0.16925835609436035, 0.16884636878967285, 0.16364210844039917, 0.15759345889091492, 0.15710735321044922, 0.15618669986724854, 0.15493014454841614, 0.1540253460407257, 0.14578551054000854, 0.1457797735929489, 0.13903357088565826, 0.137853741645813, 0.13336724042892456, 0.12710359692573547, 0.1264045685529709, 0.12509314715862274, 0.1197960302233696, 0.11859846860170364, 0.11497727781534195, 0.11493261903524399, 0.11443925648927689, 0.11407686024904251, 0.11403825134038925, 0.11352895200252533, 0.11311890929937363, 0.11272157728672028, 0.11228062957525253, 0.11225077509880066, 0.10951511561870575, 0.10557761043310165, 0.10348634421825409, 0.10202596336603165, 0.09941553324460983, 0.09843536466360092, 0.09788541495800018, 0.09676685184240341, 0.09594706445932388, 0.0946364477276802, 0.0925985798239708, 0.0914292111992836, 0.09101676940917969, 0.08610053360462189, 0.08470146358013153, 0.08462203294038773, 0.08458198606967926, 0.08396102488040924, 0.08385191857814789, 0.08329356461763382, 0.08214867115020752, 0.0811537653207779, 0.08104448020458221, 0.08060269802808762, 0.08019367605447769, 0.077858567237854, 0.07673259824514389, 0.07605964690446854, 0.07509700953960419, 0.0750858336687088, 0.07491982728242874, 0.07391094416379929, 0.07267037779092789, 0.07122471183538437, 0.07122393697500229, 0.07115427404642105, 0.07049039006233215, 0.07043704390525818, 0.06974434107542038, 0.06974087655544281, 0.06922119110822678, 0.0689459815621376, 0.06801646202802658, 0.06782110780477524, 0.06745067983865738, 0.06684070825576782, 0.06653627753257751, 0.06653446704149246, 0.06642905622720718, 0.0663510337471962, 0.06546425074338913, 0.06535016000270844, 0.06530292332172394, 0.06492520868778229, 0.06489354372024536, 0.06479751318693161, 0.06466227024793625, 0.06458687782287598, 0.06449970602989197, 0.06361914426088333, 0.06342152506113052, 0.06275969743728638, 0.06168415769934654, 0.06118171289563179, 0.060713764280080795, 0.06056979298591614, 0.0601070262491703, 0.05944383889436722, 0.05869853124022484, 0.05849965289235115, 0.05795451998710632, 0.056776683777570724, 0.056356146931648254, 0.05594819411635399, 0.055938225239515305, 0.05592670291662216, 0.055925533175468445, 0.055806998163461685, 0.05553259328007698, 0.0552857406437397, 0.05481991171836853, 0.054380618035793304, 0.05429447814822197, 0.05399071425199509, 0.05361754447221756, 0.05358324572443962, 0.05328688025474548, 0.053147099912166595, 0.05280638858675957, 0.0523875430226326, 0.05231523886322975, 0.052191849797964096, 0.05170770362019539, 0.05160678178071976, 0.05146241933107376, 0.05124686285853386, 0.05122644454240799, 0.05085732042789459, 0.05080324411392212, 0.050519660115242004, 0.05020548030734062, 0.050082046538591385, 0.04986348748207092, 0.04981597512960434, 0.04930863901972771, 0.04929593950510025, 0.049200695008039474, 0.048972468823194504, 0.04830269515514374, 0.04829537868499756, 0.04805948585271835, 0.04805263504385948, 0.04759828746318817, 0.04703284427523613, 0.04699776694178581, 0.0467679426074028, 0.04673716053366661, 0.046647727489471436, 0.0457688607275486, 0.04520240053534508, 0.045149557292461395, 0.04495065659284592, 0.04487501457333565, 0.04458334296941757, 0.04432499408721924, 0.04323919489979744, 0.04321061819791794, 0.043055009096860886, 0.04303978756070137, 0.042855020612478256, 0.042707085609436035, 0.0426400862634182, 0.04258519783616066, 0.042394429445266724, 0.04236799478530884, 0.042158085852861404, 0.041858118027448654, 0.041839972138404846, 0.04165522754192352, 0.04136234521865845, 0.04131987318396568, 0.04109812155365944, 0.04104482755064964, 0.0410042405128479, 0.040778178721666336, 0.04073159769177437, 0.0407114140689373, 0.04052751511335373, 0.040326185524463654, 0.04010789468884468, 0.04007163643836975, 0.03973812237381935, 0.039721276611089706, 0.03967032581567764, 0.03958683833479881, 0.0392250157892704, 0.039213355630636215, 0.03915417566895485, 0.0390637032687664, 0.03896213322877884, 0.03893006965517998, 0.03851974010467529, 0.03851298242807388, 0.03848349675536156, 0.03838071972131729, 0.03823450207710266, 0.037944428622722626, 0.03764721006155014, 0.037558358162641525, 0.03692368045449257, 0.03689521178603172, 0.03683016076683998, 0.03659505397081375, 0.03654015436768532, 0.036415018141269684, 0.036236055195331573, 0.03611711040139198, 0.036032047122716904, 0.03586064279079437, 0.035585857927799225, 0.03555654361844063, 0.035547781735658646, 0.03548729419708252, 0.03528056666254997, 0.03526182472705841, 0.03513650223612785, 0.03500595688819885, 0.03484778478741646, 0.034701984375715256, 0.03464469686150551, 0.034592993557453156, 0.034583669155836105, 0.03435155376791954, 0.034314293414354324, 0.0343012772500515, 0.0339721217751503, 0.033920783549547195, 0.033908411860466, 0.03390377387404442, 0.033606674522161484, 0.03351743146777153, 0.03349832445383072, 0.03343483805656433, 0.033426571637392044, 0.033257901668548584, 0.0332573726773262, 0.03313515707850456, 0.033121511340141296, 0.03303512558341026, 0.032986387610435486, 0.03286128491163254, 0.032746609300374985, 0.032593607902526855, 0.03252805769443512, 0.032404158264398575, 0.032323550432920456, 0.032286886125802994, 0.032164089381694794, 0.03216024488210678, 0.03214555233716965, 0.03209083154797554, 0.032063569873571396, 0.03204319253563881, 0.0319913849234581, 0.03190383315086365, 0.03177743777632713, 0.0317201241850853, 0.03163965418934822, 0.03162460774183273, 0.03161175921559334, 0.03152366727590561, 0.03147261217236519, 0.03144514560699463, 0.03137261047959328, 0.031372081488370895, 0.031363099813461304, 0.03135896474123001, 0.031238079071044922, 0.031116684898734093, 0.031057963147759438, 0.031055249273777008, 0.031038671731948853, 0.031036343425512314, 0.031023211777210236, 0.03095943108201027, 0.03088674321770668, 0.030878400430083275, 0.030804548412561417, 0.030645815655589104, 0.030644454061985016, 0.030174758285284042, 0.030171524733304977, 0.0301533080637455, 0.030119366943836212, 0.0298219695687294, 0.02979676052927971, 0.029776642099022865, 0.02974550426006317, 0.02972712367773056, 0.029630005359649658]

Execution time: 0.4037 sec
