Label: tensor([ 0,  0,  0, 67,  0,  0,  0, 67, 67, 67,  0, 67, 67,  0, 59,  0,  0,  0,
        59, 27, 67, 79,  0,  0, 59, 67, 59, 59, 56,  0,  0, 59,  0,  0, 27, 59,
        76, 79, 67, 27, 62,  6,  0, 59,  0, 59,  0, 27,  0,  0, 67,  0,  0,  0,
         0,  6, 59,  6, 67, 59,  0, 67, 26,  0, 57, 67, 59, 76, 67,  0, 57, 57,
        67,  0,  0,  0, 67,  0, 67,  0,  0,  0,  0,  6,  0, 67, 67, 57,  0, 73,
         0,  6,  0, 56,  0, 67,  0, 76,  0,  0, 76,  0, 62, 62, 63, 79, 27, 73,
         0,  0, 67, 62, 57, 56,  0,  0,  0, 27, 67, 25,  0,  0, 26,  0, 62, 65,
        67,  0, 27, 59,  0, 79,  0, 59, 59, 27,  0, 41, 79, 73,  0, 56,  0, 57,
        59, 76,  0, 25, 67, 26, 27, 79,  0, 26, 57, 27,  0, 27,  0, 57,  0, 73,
         0, 65, 24, 59, 39, 57,  0, 79, 67, 56,  0, 25,  0,  0, 67, 27,  0, 56,
        26,  0,  0,  0, 67, 59, 57, 59,  0, 59, 57, 57, 59, 27, 65, 27, 24, 56,
         0, 57, 27,  0, 61, 67, 26, 67, 59,  0, 59, 73, 25, 79, 62, 56,  0, 26,
        40, 13, 73,  0, 59,  0, 27, 59, 25, 73, 56,  0,  0, 24, 79, 59, 38, 79,
        67,  0, 59, 39, 24, 67, 59, 59,  0, 43, 73, 27, 76, 56, 57, 67, 79,  0,
        59, 27, 25, 78, 59, 67,  0, 27,  0, 57,  0, 59,  0,  0, 27, 57, 25, 27,
        74, 57, 27, 57, 79, 27, 59, 27, 27, 76, 59, 27, 42, 59, 44, 59, 41, 42,
        56,  0, 59, 67, 59, 65, 41, 57, 27, 67, 25, 56]), Box: ([246.33248901367188, 0.18157964944839478, 493.26226806640625, 362.7276916503906], [132.4376220703125, 71.56172180175781, 299.9757080078125, 318.60382080078125], [52.77471160888672, 90.07059478759766, 167.02169799804688, 322.2445068359375], [147.77708435058594, 222.1595916748047, 166.55239868164062, 264.4499816894531], [52.233211517333984, 72.32701110839844, 300.882080078125, 323.5120544433594], [39.201690673828125, 84.2991714477539, 373.32135009765625, 362.8466491699219], [37.64635467529297, 80.68949127197266, 374.885986328125, 363.0285949707031], [146.57110595703125, 189.67703247070312, 181.6933135986328, 265.18890380859375], [147.11033630371094, 183.15774536132812, 170.55242919921875, 264.47869873046875], [136.81478881835938, 222.1897735595703, 166.5041046142578, 318.17913818359375], [32.879798889160156, 85.94084167480469, 307.7493896484375, 363.25189208984375], [135.38394165039062, 195.0601043701172, 169.11151123046875, 318.1733093261719], [139.33766174316406, 219.88558959960938, 167.2112274169922, 263.36962890625], [52.39573287963867, 89.60082244873047, 209.11386108398438, 323.4063415527344], [40.014862060546875, 37.874698638916016, 377.5759582519531, 362.19921875], [1.3617724180221558, 90.2196273803711, 167.469482421875, 363.68719482421875], [161.41036987304688, 72.14275360107422, 299.7314453125, 282.18145751953125], [34.88650894165039, 47.283668518066406, 374.1137390136719, 361.3492736816406], [41.53857421875, 39.51923370361328, 267.48968505859375, 301.33782958984375], [76.11335754394531, 254.65145874023438, 96.1479263305664, 302.6723327636719], [148.1864471435547, 188.73533630371094, 207.17799377441406, 283.68603515625], [136.81478881835938, 222.1897735595703, 166.5041046142578, 318.17913818359375], [40.014862060546875, 37.874698638916016, 377.5759582519531, 362.19921875], [39.67240524291992, 35.72119140625, 378.08319091796875, 362.22564697265625], [38.89702224731445, 30.106029510498047, 486.8356018066406, 362.38739013671875], [137.33541870117188, 188.19778442382812, 205.05079650878906, 316.2793273925781], [40.33549880981445, 38.73299026489258, 266.19061279296875, 232.98614501953125], [39.67240524291992, 35.72119140625, 378.08319091796875, 362.22564697265625], [475.9502868652344, 290.15423583984375, 497.7645263671875, 363.9287414550781], [147.24533081054688, 71.9517593383789, 298.6602783203125, 280.6714172363281], [33.36886978149414, 36.7347412109375, 375.9178466796875, 360.82513427734375], [40.289161682128906, 27.122024536132812, 493.11865234375, 362.8634033203125], [9.654760360717773, 0.054341912269592285, 491.0541687011719, 365.4997253417969], [40.289161682128906, 27.122024536132812, 493.11865234375, 362.8634033203125], [148.1864471435547, 188.73533630371094, 207.17799377441406, 283.68603515625], [40.53287887573242, 39.155399322509766, 266.44989013671875, 264.4018249511719], [147.77708435058594, 222.1595916748047, 166.55239868164062, 264.4499816894531], [147.77708435058594, 222.1595916748047, 166.55239868164062, 264.4499816894531], [421.895263671875, 0.3510204553604126, 446.6974792480469, 25.224361419677734], [165.3135223388672, 191.00123596191406, 208.95240783691406, 282.5129699707031], [40.014862060546875, 37.874698638916016, 377.5759582519531, 362.19921875], [9.654760360717773, 0.054341912269592285, 491.0541687011719, 365.4997253417969], [36.8079833984375, 78.81208801269531, 494.8979187011719, 363.1061096191406], [65.29187774658203, 38.341773986816406, 265.12628173828125, 115.1274185180664], [38.89702224731445, 30.106029510498047, 486.8356018066406, 362.38739013671875], [40.58958435058594, 37.30264663696289, 296.32037353515625, 324.4693298339844], [319.5711975097656, -0.8004797101020813, 490.8379211425781, 363.30938720703125], [78.99395751953125, 243.7236328125, 132.8353729248047, 321.17181396484375], [245.99803161621094, 121.9543228149414, 377.6938171386719, 362.91864013671875], [426.1312255859375, 0.6126063466072083, 497.9207763671875, 362.33935546875], [473.8031311035156, 244.57009887695312, 485.0265197753906, 291.22308349609375], [36.13154602050781, 42.82609558105469, 318.5515441894531, 355.6241149902344], [37.615657806396484, 75.39559936523438, 495.5229187011719, 362.56365966796875], [141.66700744628906, 120.87908172607422, 376.6167907714844, 361.30902099609375], [262.11865234375, 122.63799285888672, 306.63507080078125, 188.55181884765625], [40.014862060546875, 37.874698638916016, 377.5759582519531, 362.19921875], [9.654760360717773, 0.054341912269592285, 491.0541687011719, 365.4997253417969], [38.89702224731445, 30.106029510498047, 486.8356018066406, 362.38739013671875], [147.97714233398438, 192.17437744140625, 168.4999237060547, 264.4522705078125], [63.543983459472656, 38.16897964477539, 266.0466003417969, 189.53121948242188], [381.4042053222656, 0.08818289637565613, 474.3020324707031, 120.03467559814453], [141.722412109375, 306.48480224609375, 160.02496337890625, 317.9478759765625], [446.1277770996094, 132.59324645996094, 487.8725280761719, 248.2943115234375], [417.7688293457031, 0.09595459699630737, 474.650634765625, 120.1481704711914], [38.89702224731445, 30.106029510498047, 486.8356018066406, 362.38739013671875], [137.84927368164062, 269.0008544921875, 149.4837646484375, 281.1509704589844], [43.45860290527344, 39.13866424560547, 280.5695495605469, 305.31353759765625], [136.81478881835938, 222.1897735595703, 166.5041046142578, 318.17913818359375], [147.93067932128906, 222.1603546142578, 166.99403381347656, 264.59466552734375], [426.25872802734375, 0.6435404419898987, 496.0487365722656, 292.6802062988281], [40.014862060546875, 37.874698638916016, 377.5759582519531, 362.19921875], [41.53857421875, 39.51923370361328, 267.48968505859375, 301.33782958984375], [138.6425018310547, 221.08395385742188, 149.23922729492188, 261.4241027832031], [421.0622863769531, 0.21582967042922974, 490.694580078125, 246.90054321289062], [0.30164793133735657, 138.64776611328125, 42.631858825683594, 223.52748107910156], [264.4172668457031, 0.35882896184921265, 482.9614562988281, 240.6825714111328], [136.77822875976562, 259.2548522949219, 151.30809020996094, 281.54595947265625], [44.68235397338867, 86.64200592041016, 299.0681457519531, 324.2435607910156], [139.5339813232422, 188.44387817382812, 203.52084350585938, 299.5480651855469], [36.72684860229492, 56.243160247802734, 314.5445556640625, 360.08282470703125], [339.0156555175781, -1.0376447439193726, 491.8764953613281, 364.6312561035156], [0.22343918681144714, 0.18414294719696045, 89.8504867553711, 227.27767944335938], [271.2164306640625, 128.19590759277344, 302.9569091796875, 179.36734008789062], [40.289161682128906, 27.122024536132812, 493.11865234375, 362.8634033203125], [259.73089599609375, 121.54818725585938, 345.2490234375, 224.94406127929688], [135.7848358154297, 262.49908447265625, 159.83575439453125, 317.9693603515625], [146.09759521484375, 221.16390991210938, 166.60997009277344, 264.6974182128906], [40.289161682128906, 27.122024536132812, 493.11865234375, 362.8634033203125], [1.5850067138671875, -0.6535536646842957, 379.4264831542969, 364.9761657714844], [40.014862060546875, 37.874698638916016, 377.5759582519531, 362.19921875], [36.00348663330078, 87.47738647460938, 403.905029296875, 362.2298889160156], [39.67240524291992, 35.72119140625, 378.08319091796875, 362.22564697265625], [383.4693908691406, -0.11131256818771362, 488.8576354980469, 247.4203643798828], [0.6501749157905579, 281.2233581542969, 40.8096923828125, 364.1130676269531], [0.49235671758651733, 0.17897817492485046, 45.28704071044922, 75.4006576538086], [0.6501749157905579, 281.2233581542969, 40.8096923828125, 364.1130676269531], [-0.10492466390132904, 138.46153259277344, 44.225379943847656, 364.1658630371094], [135.38394165039062, 195.0601043701172, 169.11151123046875, 318.1733093261719], [415.0946350097656, -1.1296944618225098, 492.6051330566406, 294.2720642089844], [445.11138916015625, 92.06077575683594, 497.8245544433594, 363.52691650390625], [147.11033630371094, 183.15774536132812, 170.55242919921875, 264.47869873046875], [314.69415283203125, 1.1635518074035645, 485.04913330078125, 244.9977264404297], [38.89702224731445, 30.106029510498047, 486.8356018066406, 362.38739013671875], [39.67240524291992, 35.72119140625, 378.08319091796875, 362.22564697265625], [40.014862060546875, 37.874698638916016, 377.5759582519531, 362.19921875], [135.38394165039062, 195.0601043701172, 169.11151123046875, 318.1733093261719], [146.57110595703125, 189.67703247070312, 181.6933135986328, 265.18890380859375], [0.6501749157905579, 281.2233581542969, 40.8096923828125, 364.1130676269531], [148.1864471435547, 188.73533630371094, 207.17799377441406, 283.68603515625], [137.33541870117188, 188.19778442382812, 205.05079650878906, 316.2793273925781], [426.0014953613281, 0.129308819770813, 457.1119689941406, 24.339008331298828], [0.30164793133735657, 138.64776611328125, 42.631858825683594, 223.52748107910156], [40.33549880981445, 38.73299026489258, 266.19061279296875, 232.98614501953125], [0.30164793133735657, 138.64776611328125, 42.631858825683594, 223.52748107910156], [133.83749389648438, 125.2366943359375, 205.95982360839844, 317.4817199707031], [445.26654052734375, 91.68026733398438, 492.59930419921875, 291.51239013671875], [121.19664001464844, 73.61119079589844, 376.1119384765625, 361.68536376953125], [446.1277770996094, 132.59324645996094, 487.8725280761719, 248.2943115234375], [137.58531188964844, 214.0963592529297, 151.14393615722656, 261.77191162109375], [40.014862060546875, 37.874698638916016, 377.5759582519531, 362.19921875], [38.57743835449219, 274.3072509765625, 354.94573974609375, 362.43304443359375], [438.22772216796875, 0.2249375581741333, 497.4734802246094, 246.48455810546875], [148.1864471435547, 188.73533630371094, 207.17799377441406, 283.68603515625], [261.6465148925781, 0.1976357102394104, 475.5538024902344, 203.61441040039062], [9.654760360717773, 0.054341912269592285, 491.0541687011719, 365.4997253417969], [147.93067932128906, 222.1603546142578, 166.99403381347656, 264.59466552734375], [189.13717651367188, 227.73902893066406, 209.21148681640625, 281.0657043457031], [57.00996398925781, 1.3125611543655396, 480.367919921875, 362.7611999511719], [189.13717651367188, 227.73902893066406, 209.21148681640625, 281.0657043457031], [39.794639587402344, 40.9880256652832, 266.41131591796875, 222.87005615234375], [252.78895568847656, 92.18119049072266, 488.7909240722656, 362.3158874511719], [141.722412109375, 306.48480224609375, 160.02496337890625, 317.9478759765625], [65.41889953613281, 24.42930793762207, 478.851806640625, 362.75830078125], [37.8062744140625, 40.42535400390625, 270.1854553222656, 315.3578186035156], [33.36886978149414, 36.7347412109375, 375.9178466796875, 360.82513427734375], [147.77708435058594, 222.1595916748047, 166.55239868164062, 264.4499816894531], [310.9975891113281, -0.3425329327583313, 481.8703308105469, 362.468505859375], [-0.019857659935951233, 219.99966430664062, 38.628170013427734, 283.66229248046875], [474.2406005859375, 244.52215576171875, 497.71942138671875, 363.6719055175781], [475.9502868652344, 290.15423583984375, 497.7645263671875, 363.9287414550781], [331.56396484375, 0.18631356954574585, 487.54449462890625, 363.0047302246094], [474.2406005859375, 244.52215576171875, 497.71942138671875, 363.6719055175781], [260.9205322265625, 0.1861826777458191, 475.5447998046875, 190.60276794433594], [39.67240524291992, 35.72119140625, 378.08319091796875, 362.22564697265625], [36.13154602050781, 42.82609558105469, 318.5515441894531, 355.6241149902344], [146.57110595703125, 189.67703247070312, 181.6933135986328, 265.18890380859375], [2.3650975227355957, 40.07659149169922, 301.43994140625, 362.4783630371094], [39.67240524291992, 35.72119140625, 378.08319091796875, 362.22564697265625], [165.3135223388672, 191.00123596191406, 208.95240783691406, 282.5129699707031], [165.3135223388672, 191.00123596191406, 208.95240783691406, 282.5129699707031], [474.2406005859375, 244.52215576171875, 497.71942138671875, 363.6719055175781], [147.11033630371094, 183.15774536132812, 170.55242919921875, 264.47869873046875], [1.7580912113189697, 89.55364990234375, 166.57847595214844, 346.4335021972656], [475.9502868652344, 290.15423583984375, 497.7645263671875, 363.9287414550781], [40.53287887573242, 39.155399322509766, 266.44989013671875, 264.4018249511719], [147.11033630371094, 183.15774536132812, 170.55242919921875, 264.47869873046875], [142.1377716064453, 72.66731262207031, 266.0909423828125, 278.1044616699219], [282.3357849121094, 255.58006286621094, 300.6012878417969, 279.6396484375], [-0.43273717164993286, 0.06772559881210327, 47.17177200317383, 363.46514892578125], [9.654760360717773, 0.054341912269592285, 491.0541687011719, 365.4997253417969], [0.3077462315559387, -0.6136534810066223, 174.1375274658203, 365.3504333496094], [0.30164793133735657, 138.64776611328125, 42.631858825683594, 223.52748107910156], [446.3522033691406, 91.58330535888672, 494.5693359375, 292.21783447265625], [147.77708435058594, 222.1595916748047, 166.55239868164062, 264.4499816894531], [148.1864471435547, 188.73533630371094, 207.17799377441406, 283.68603515625], [-2.1542012691497803, 141.97393798828125, 497.2301025390625, 361.31005859375], [136.81478881835938, 222.1897735595703, 166.5041046142578, 318.17913818359375], [-2.1542012691497803, 141.97393798828125, 497.2301025390625, 361.31005859375], [107.97074127197266, 37.35585403442383, 377.3336181640625, 361.3895568847656], [318.6590270996094, 166.24441528320312, 329.1316223144531, 174.49569702148438], [40.014862060546875, 37.874698638916016, 377.5759582519531, 362.19921875], [473.8031311035156, 244.57009887695312, 485.0265197753906, 291.22308349609375], [0.16558170318603516, -0.3657225966453552, 95.65203094482422, 365.029052734375], [41.53857421875, 39.51923370361328, 267.48968505859375, 301.33782958984375], [138.13177490234375, 177.18032836914062, 298.5862731933594, 312.9464416503906], [57.43275451660156, 4.877213954925537, 479.84844970703125, 362.8992919921875], [475.9502868652344, 290.15423583984375, 497.7645263671875, 363.9287414550781], [40.014862060546875, 37.874698638916016, 377.5759582519531, 362.19921875], [444.49591064453125, 91.33340454101562, 492.62542724609375, 248.18743896484375], [474.59613037109375, 225.57273864746094, 497.7839050292969, 363.3561706542969], [146.57110595703125, 189.67703247070312, 181.6933135986328, 265.18890380859375], [245.99212646484375, 121.63987731933594, 342.86016845703125, 278.5406799316406], [333.85882568359375, 105.60694122314453, 492.1548156738281, 362.7691955566406], [40.58958435058594, 37.30264663696289, 296.32037353515625, 324.4693298339844], [9.654760360717773, 0.054341912269592285, 491.0541687011719, 365.4997253417969], [37.64635467529297, 80.68949127197266, 374.885986328125, 363.0285949707031], [40.58958435058594, 37.30264663696289, 296.32037353515625, 324.4693298339844], [39.2330436706543, 36.439613342285156, 286.23260498046875, 282.9105529785156], [0.4277750849723816, 0.21863293647766113, 165.1510009765625, 224.27207946777344], [0.4410743713378906, 239.12570190429688, 500.4255676269531, 362.6761474609375], [0.4410743713378906, 239.12570190429688, 500.4255676269531, 362.6761474609375], [43.45860290527344, 39.13866424560547, 280.5695495605469, 305.31353759765625], [61.681880950927734, 38.658294677734375, 268.710205078125, 287.0417175292969], [394.5057067871094, 305.54058837890625, 442.39727783203125, 346.8416442871094], [136.81478881835938, 222.1897735595703, 166.5041046142578, 318.17913818359375], [193.39955139160156, 229.9623565673828, 209.55047607421875, 280.61883544921875], [446.1277770996094, 132.59324645996094, 487.8725280761719, 248.2943115234375], [148.1864471435547, 188.73533630371094, 207.17799377441406, 283.68603515625], [310.5364990234375, 0.05608713626861572, 475.8496398925781, 173.7850799560547], [33.36886978149414, 36.7347412109375, 375.9178466796875, 360.82513427734375], [137.33541870117188, 188.19778442382812, 205.05079650878906, 316.2793273925781], [41.53857421875, 39.51923370361328, 267.48968505859375, 301.33782958984375], [475.9502868652344, 290.15423583984375, 497.7645263671875, 363.9287414550781], [282.3357849121094, 255.58006286621094, 300.6012878417969, 279.6396484375], [444.49591064453125, 91.33340454101562, 492.62542724609375, 248.18743896484375], [0.30164793133735657, 138.64776611328125, 42.631858825683594, 223.52748107910156], [39.0849723815918, 45.33332824707031, 173.54197692871094, 324.3491516113281], [311.8377685546875, -0.029494285583496094, 472.5924987792969, 126.3509750366211], [39.201690673828125, 84.2991714477539, 373.32135009765625, 362.8466491699219], [38.57743835449219, 274.3072509765625, 354.94573974609375, 362.43304443359375], [38.89702224731445, 30.106029510498047, 486.8356018066406, 362.38739013671875], [148.1864471435547, 188.73533630371094, 207.17799377441406, 283.68603515625], [40.289161682128906, 27.122024536132812, 493.11865234375, 362.8634033203125], [-0.019857659935951233, 219.99966430664062, 38.628170013427734, 283.66229248046875], [140.4558868408203, 32.354774475097656, 481.82122802734375, 279.6618957519531], [394.5057067871094, 305.54058837890625, 442.39727783203125, 346.8416442871094], [136.81478881835938, 222.1897735595703, 166.5041046142578, 318.17913818359375], [38.89702224731445, 30.106029510498047, 486.8356018066406, 362.38739013671875], [-0.019857659935951233, 219.99966430664062, 38.628170013427734, 283.66229248046875], [2.1361260414123535, 40.7402458190918, 288.4822998046875, 352.3841247558594], [40.153465270996094, 40.680824279785156, 263.9623718261719, 218.4983367919922], [135.6972198486328, 120.23247528076172, 202.70188903808594, 318.0278625488281], [475.9502868652344, 290.15423583984375, 497.7645263671875, 363.9287414550781], [34.88650894165039, 47.283668518066406, 374.1137390136719, 361.3492736816406], [40.289161682128906, 27.122024536132812, 493.11865234375, 362.8634033203125], [148.1864471435547, 188.73533630371094, 207.17799377441406, 283.68603515625], [-0.10492466390132904, 138.46153259277344, 44.225379943847656, 364.1658630371094], [42.28234100341797, 198.12533569335938, 373.6005859375, 361.70562744140625], [249.75437927246094, 122.05879211425781, 323.8992614746094, 209.3127899169922], [444.49591064453125, 91.33340454101562, 492.62542724609375, 248.18743896484375], [146.57110595703125, 189.67703247070312, 181.6933135986328, 265.18890380859375], [40.18756866455078, 41.68136978149414, 292.9549255371094, 320.5892639160156], [148.1864471435547, 188.73533630371094, 207.17799377441406, 283.68603515625], [421.895263671875, 0.3510204553604126, 446.6974792480469, 25.224361419677734], [137.4947052001953, 256.1485290527344, 162.68377685546875, 281.0730285644531], [337.34405517578125, 121.14289855957031, 489.3812561035156, 361.06707763671875], [65.41889953613281, 24.42930793762207, 478.851806640625, 362.75830078125], [147.77708435058594, 222.1595916748047, 166.55239868164062, 264.4499816894531], [165.3135223388672, 191.00123596191406, 208.95240783691406, 282.5129699707031], [39.67240524291992, 35.72119140625, 378.08319091796875, 362.22564697265625], [38.57743835449219, 274.3072509765625, 354.94573974609375, 362.43304443359375], [2.1361260414123535, 40.7402458190918, 288.4822998046875, 352.3841247558594], [-0.06576627492904663, 0.21610236167907715, 53.34750747680664, 223.9139404296875], [147.77708435058594, 222.1595916748047, 166.55239868164062, 264.4499816894531], [146.57110595703125, 189.67703247070312, 181.6933135986328, 265.18890380859375], [445.11138916015625, 92.06077575683594, 497.8245544433594, 363.52691650390625], [139.33766174316406, 219.88558959960938, 167.2112274169922, 263.36962890625], [40.014862060546875, 37.874698638916016, 377.5759582519531, 362.19921875], [63.543983459472656, 38.16897964477539, 266.0466003417969, 189.53121948242188], [0.49235671758651733, 0.17897817492485046, 45.28704071044922, 75.4006576538086], [282.3357849121094, 255.58006286621094, 300.6012878417969, 279.6396484375], [36.233768463134766, 33.0563850402832, 296.4188537597656, 344.7409362792969], [67.9970932006836, 39.0814208984375, 249.77586364746094, 135.1324462890625], [38.57743835449219, 274.3072509765625, 354.94573974609375, 362.43304443359375], [40.33549880981445, 38.73299026489258, 266.19061279296875, 232.98614501953125], [146.57110595703125, 189.67703247070312, 181.6933135986328, 265.18890380859375], [36.8079833984375, 78.81208801269531, 494.8979187011719, 363.1061096191406], [193.39955139160156, 229.9623565673828, 209.55047607421875, 280.61883544921875], [134.01321411132812, 262.6100158691406, 182.4102783203125, 317.4427795410156], [474.59613037109375, 225.57273864746094, 497.7839050292969, 363.3561706542969], [39.73109436035156, 25.917022705078125, 168.38795471191406, 321.9237060546875], [38.57743835449219, 274.3072509765625, 354.94573974609375, 362.43304443359375], [442.21441650390625, 0.36312657594680786, 497.4571533203125, 141.90850830078125], [156.97433471679688, 38.67778015136719, 265.1641540527344, 106.40388488769531], [165.3135223388672, 191.00123596191406, 208.95240783691406, 282.5129699707031], [12.642905235290527, 88.7440414428711, 500.4649658203125, 362.9555358886719], [139.33766174316406, 219.88558959960938, 167.2112274169922, 263.36962890625], [34.88650894165039, 47.283668518066406, 374.1137390136719, 361.3492736816406], [65.29187774658203, 38.341773986816406, 265.12628173828125, 115.1274185180664], [-0.10492466390132904, 138.46153259277344, 44.225379943847656, 364.1658630371094], [137.84927368164062, 269.0008544921875, 149.4837646484375, 281.1509704589844], [36.13154602050781, 42.82609558105469, 318.5515441894531, 355.6241149902344], [0.30164793133735657, 138.64776611328125, 42.631858825683594, 223.52748107910156], [65.29187774658203, 38.341773986816406, 265.12628173828125, 115.1274185180664], [165.3135223388672, 191.00123596191406, 208.95240783691406, 282.5129699707031], [0.6501749157905579, 281.2233581542969, 40.8096923828125, 364.1130676269531], [-2.604752779006958, 137.2921600341797, 497.3626403808594, 363.4297180175781], [444.49591064453125, 91.33340454101562, 492.62542724609375, 248.18743896484375], [40.289161682128906, 27.122024536132812, 493.11865234375, 362.8634033203125], [148.1864471435547, 188.73533630371094, 207.17799377441406, 283.68603515625], [140.4558868408203, 32.354774475097656, 481.82122802734375, 279.6618957519531], [-0.43273717164993286, 0.06772559881210327, 47.17177200317383, 363.46514892578125], [136.81478881835938, 222.1897735595703, 166.5041046142578, 318.17913818359375], [-0.03191828727722168, 182.32989501953125, 499.7374267578125, 361.4454345703125], [136.81478881835938, 222.1897735595703, 166.5041046142578, 318.17913818359375], [56.27651596069336, 40.34965133666992, 256.9815979003906, 147.6327667236328], [139.33766174316406, 219.88558959960938, 167.2112274169922, 263.36962890625], [147.77708435058594, 222.1595916748047, 166.55239868164062, 264.4499816894531], [38.89702224731445, 30.106029510498047, 486.8356018066406, 362.38739013671875], [0.6501749157905579, 281.2233581542969, 40.8096923828125, 364.1130676269531], [2.5055556297302246, 272.80810546875, 499.1265563964844, 362.9794006347656], [318.6590270996094, 166.24441528320312, 329.1316223144531, 174.49569702148438], [44.53963088989258, 28.795486450195312, 389.092041015625, 271.1105041503906], [146.09759521484375, 221.16390991210938, 166.60997009277344, 264.6974182128906], [0.010658055543899536, 73.43418884277344, 38.71417236328125, 141.279541015625], [2.5055556297302246, 272.80810546875, 499.1265563964844, 362.9794006347656], [39.67240524291992, 35.72119140625, 378.08319091796875, 362.22564697265625], [38.89702224731445, 30.106029510498047, 486.8356018066406, 362.38739013671875], [63.543983459472656, 38.16897964477539, 266.0466003417969, 189.53121948242188], [474.0885925292969, 244.42898559570312, 498.00537109375, 364.0561828613281]), Score: [0.9203643798828125, 0.8225589990615845, 0.6736959218978882, 0.5045663118362427, 0.2953532934188843, 0.28411921858787537, 0.2753584086894989, 0.2717469036579132, 0.24757933616638184, 0.21406522393226624, 0.20446492731571198, 0.2019982933998108, 0.193887397646904, 0.17967191338539124, 0.17889371514320374, 0.17639271914958954, 0.16503161191940308, 0.14215244352817535, 0.13296061754226685, 0.12618400156497955, 0.12243597954511642, 0.12217595428228378, 0.12200387567281723, 0.12067576497793198, 0.11729663610458374, 0.11019843071699142, 0.10896536707878113, 0.10507648438215256, 0.10324544459581375, 0.09692225605249405, 0.09625226259231567, 0.0960572212934494, 0.09450571238994598, 0.09405380487442017, 0.09253294765949249, 0.09199318289756775, 0.08985532075166702, 0.08623068779706955, 0.08469081670045853, 0.08398190140724182, 0.08317061513662338, 0.0825391337275505, 0.08234597742557526, 0.08195332437753677, 0.08129147440195084, 0.08116237819194794, 0.08066482096910477, 0.08004194498062134, 0.07989036291837692, 0.0782119482755661, 0.07718342542648315, 0.0764419287443161, 0.07498496025800705, 0.07456569373607635, 0.07439421862363815, 0.07431387901306152, 0.07329598069190979, 0.07328669726848602, 0.07258141785860062, 0.07220429182052612, 0.07201176881790161, 0.07093323022127151, 0.07033655047416687, 0.07028643041849136, 0.06997355073690414, 0.0688326433300972, 0.06852541863918304, 0.06817120313644409, 0.06683707982301712, 0.06627485156059265, 0.06552563607692719, 0.06513695418834686, 0.06507835537195206, 0.06408968567848206, 0.06342916935682297, 0.06299205124378204, 0.06263057887554169, 0.06147081404924393, 0.06116089969873428, 0.060850270092487335, 0.059154629707336426, 0.059007298201322556, 0.05851425975561142, 0.058334510773420334, 0.0581982284784317, 0.05772186070680618, 0.05744444578886032, 0.05735550448298454, 0.05670216307044029, 0.056492552161216736, 0.05610155686736107, 0.056068502366542816, 0.055358871817588806, 0.05520463362336159, 0.05488213524222374, 0.05462871864438057, 0.05457672104239464, 0.05442623049020767, 0.05405561998486519, 0.05367888882756233, 0.05343293771147728, 0.05310538411140442, 0.052742648869752884, 0.05253719538450241, 0.0523366816341877, 0.0522022508084774, 0.052086688578128815, 0.05190719664096832, 0.05190103501081467, 0.051771048456430435, 0.05171580985188484, 0.05145405977964401, 0.051443785429000854, 0.05113191902637482, 0.05112171918153763, 0.0509217344224453, 0.05058743804693222, 0.050559528172016144, 0.050196126103401184, 0.05017062649130821, 0.05013737082481384, 0.04969995468854904, 0.04944971576333046, 0.04932891204953194, 0.04871845617890358, 0.04863433912396431, 0.04839451611042023, 0.04839027673006058, 0.048261042684316635, 0.048082135617733, 0.047769393771886826, 0.047415509819984436, 0.04736417159438133, 0.047201115638017654, 0.04713968187570572, 0.04713781923055649, 0.046903159469366074, 0.04676203802227974, 0.046684227883815765, 0.04650234431028366, 0.04645988717675209, 0.046372342854738235, 0.04630995914340019, 0.04629381746053696, 0.04620085284113884, 0.04587681218981743, 0.045555662363767624, 0.04535818472504616, 0.04528588429093361, 0.04525212571024895, 0.04488971456885338, 0.04487357661128044, 0.04477210342884064, 0.04474227875471115, 0.04452357068657875, 0.0445132739841938, 0.04444466158747673, 0.04443557187914848, 0.0444096140563488, 0.04389861598610878, 0.04379144683480263, 0.043663784861564636, 0.043643590062856674, 0.043530937284231186, 0.0435255765914917, 0.0433979369699955, 0.04295008257031441, 0.0427873395383358, 0.04276426509022713, 0.04273315891623497, 0.04249747470021248, 0.04241381958127022, 0.042183052748441696, 0.042162053287029266, 0.041974108666181564, 0.04184515401721001, 0.04184269905090332, 0.04180082306265831, 0.041657011955976486, 0.04159897193312645, 0.04154588654637337, 0.041235946118831635, 0.040907930582761765, 0.04089033976197243, 0.04081316664814949, 0.04079534485936165, 0.040793124586343765, 0.040713921189308167, 0.04045134410262108, 0.04026852175593376, 0.040148817002773285, 0.04014473780989647, 0.04008075222373009, 0.039995405822992325, 0.039950523525476456, 0.03992437943816185, 0.03990202769637108, 0.039758872240781784, 0.03966807201504707, 0.039592232555150986, 0.039577025920152664, 0.03925853595137596, 0.03908121958374977, 0.03878888487815857, 0.038539908826351166, 0.03827940672636032, 0.038226716220378876, 0.03818638250231743, 0.038160715252161026, 0.037761639803647995, 0.03774097561836243, 0.037729546427726746, 0.03768843412399292, 0.03766365721821785, 0.03748109191656113, 0.03726331889629364, 0.037053462117910385, 0.036978740245103836, 0.03678100183606148, 0.036704789847135544, 0.03666670247912407, 0.03665895015001297, 0.036340195685625076, 0.03601112216711044, 0.03587571904063225, 0.03547171130776405, 0.03543536365032196, 0.03542300686240196, 0.0353674478828907, 0.035335708409547806, 0.03527398407459259, 0.035175345838069916, 0.03504754602909088, 0.03500797227025032, 0.034923240542411804, 0.034863490611314774, 0.03483157604932785, 0.034717857837677, 0.03451132774353027, 0.0344967357814312, 0.03445536643266678, 0.03434872254729271, 0.03422784060239792, 0.03417482227087021, 0.03386393561959267, 0.03385623171925545, 0.03384383022785187, 0.03383932635188103, 0.03379712626338005, 0.03374335542321205, 0.03372956067323685, 0.03353002294898033, 0.03344573453068733, 0.03340892121195793, 0.03339863568544388, 0.03332419693470001, 0.033323053270578384, 0.03329223021864891, 0.033071331679821014, 0.032984260469675064, 0.03298402950167656, 0.03297646343708038, 0.03288469836115837, 0.03280595690011978, 0.03279625624418259, 0.03270852193236351, 0.032660674303770065, 0.03262685239315033, 0.03257567808032036, 0.03246719017624855, 0.03241286054253578, 0.0323716402053833, 0.032241515815258026, 0.03220786154270172, 0.03216472640633583, 0.031965471804142, 0.03194361925125122, 0.031880807131528854, 0.03183778002858162, 0.031805187463760376, 0.03177270665764809, 0.0316135548055172, 0.031587086617946625, 0.03158371523022652, 0.031500194221735, 0.03148530423641205, 0.03140060976147652, 0.031331200152635574, 0.03130713850259781, 0.031210413202643394, 0.03115955926477909, 0.031019559130072594, 0.030936241149902344, 0.030894270166754723, 0.030891260132193565, 0.030878346413373947, 0.030730310827493668, 0.03072742559015751, 0.030682042241096497, 0.030605653300881386]

Execution time: 0.4065 sec
