Label: tensor([ 3, 24,  9, 24, 24, 24, 26, 26, 26, 26, 24, 26, 28,  3, 28,  9, 24,  9,
        28,  3, 28,  9, 24, 28, 28, 11, 26,  3,  0, 24,  3, 24, 24,  3,  3,  3,
         0,  3, 28,  9, 24, 24,  3,  0, 16,  3,  3, 24, 24,  9,  3,  3, 77,  3,
         3, 56,  3, 26,  0,  3, 31, 26, 26,  0, 14,  3,  3,  3,  0,  3,  3,  3,
        11, 28, 11, 26,  3,  4, 24,  0, 26,  3,  3, 28,  3, 12, 26,  2,  0, 50,
        24,  9,  2, 28,  2,  3,  1, 26, 24, 11, 11, 16, 58, 28,  0,  2, 14, 61,
        17,  0, 24, 25, 74, 28,  3,  3,  3,  3, 14, 24,  3,  0,  3, 24,  3, 26,
         3,  0,  3, 10, 24, 35, 26,  3, 74,  3,  0, 11, 26,  3,  3,  3, 14, 28,
        16,  9,  3, 32,  3, 26, 24, 19, 26,  9, 58,  7,  3,  3, 11,  3, 12, 26,
         2,  3, 14, 16,  3, 77, 24, 28,  3,  3,  3,  3, 48,  4, 25, 11,  9,  9,
         0,  2,  0, 24,  3, 12,  3, 31,  7, 28, 77, 67, 28,  0, 52,  3,  3,  1,
        77, 16, 19,  0, 26, 77,  3, 54, 39, 24,  3,  0,  3, 56, 26,  0, 26, 12,
        67, 15, 41, 54,  3, 74, 28, 58, 28,  9,  9,  9,  0, 58,  7, 35,  0, 24,
         0,  7,  0,  0, 10,  0,  9, 35, 74,  3, 14, 12, 26,  0, 77, 24, 45, 31,
        44, 75,  9, 74,  0,  3,  3, 58,  9, 45, 31,  0,  0, 15, 67, 26,  3, 17,
        12,  1,  3, 26,  0, 15, 12, 74, 28, 49, 26,  0,  0, 24,  9,  3,  0, 25,
        39, 28, 28,  3, 67, 24,  3,  9, 24, 19, 24,  0]), Box: ([153.67514038085938, 174.41336059570312, 389.55145263671875, 371.4906005859375], [189.668212890625, 219.04595947265625, 242.1461944580078, 251.88079833984375], [373.933837890625, 109.20791625976562, 382.20745849609375, 128.0977783203125], [154.19053649902344, 238.48687744140625, 216.1416778564453, 281.91259765625], [154.41404724121094, 219.38592529296875, 242.720947265625, 282.1979064941406], [154.20994567871094, 238.20286560058594, 242.6012725830078, 282.0627136230469], [189.72596740722656, 219.10037231445312, 242.10325622558594, 252.0640106201172], [189.668212890625, 219.04595947265625, 242.1461944580078, 251.88079833984375], [154.20994567871094, 238.20286560058594, 242.6012725830078, 282.0627136230469], [154.19053649902344, 238.48687744140625, 216.1416778564453, 281.91259765625], [250.05393981933594, 202.91058349609375, 309.62359619140625, 233.27484130859375], [154.41404724121094, 219.38592529296875, 242.720947265625, 282.1979064941406], [189.72596740722656, 219.10037231445312, 242.10325622558594, 252.0640106201172], [189.668212890625, 219.04595947265625, 242.1461944580078, 251.88079833984375], [189.668212890625, 219.04595947265625, 242.1461944580078, 251.88079833984375], [377.6105041503906, 109.35149383544922, 382.4342956542969, 126.36798858642578], [187.96116638183594, 218.94345092773438, 243.7958984375, 280.9348449707031], [373.4483642578125, 110.68069458007812, 378.3719482421875, 127.79743957519531], [250.05393981933594, 202.91058349609375, 309.62359619140625, 233.27484130859375], [250.05393981933594, 202.91058349609375, 309.62359619140625, 233.27484130859375], [154.20994567871094, 238.20286560058594, 242.6012725830078, 282.0627136230469], [384.6432189941406, 160.13250732421875, 392.7967224121094, 179.85284423828125], [153.98582458496094, 218.09169006347656, 268.3898620605469, 283.8007507324219], [154.19053649902344, 238.48687744140625, 216.1416778564453, 281.91259765625], [154.41404724121094, 219.38592529296875, 242.720947265625, 282.1979064941406], [373.933837890625, 109.20791625976562, 382.20745849609375, 128.0977783203125], [250.05393981933594, 202.91058349609375, 309.62359619140625, 233.27484130859375], [154.30897521972656, 238.04635620117188, 243.07754516601562, 354.9779052734375], [384.6432189941406, 160.13250732421875, 392.7967224121094, 179.85284423828125], [189.72596740722656, 219.10037231445312, 242.10325622558594, 252.0640106201172], [154.12266540527344, 219.2315673828125, 247.654296875, 353.2008972167969], [154.0342559814453, 217.41917419433594, 274.8611755371094, 284.2134704589844], [153.381591796875, 218.5011444091797, 252.97268676757812, 287.44537353515625], [154.41404724121094, 219.38592529296875, 242.720947265625, 282.1979064941406], [153.98582458496094, 218.09169006347656, 268.3898620605469, 283.8007507324219], [154.0342559814453, 217.41917419433594, 274.8611755371094, 284.2134704589844], [-0.16198982298374176, 256.0198669433594, 4.368867874145508, 283.408203125], [153.99267578125, 215.32315063476562, 282.1738586425781, 284.7677001953125], [249.55516052246094, 209.02224731445312, 292.8677673339844, 232.7119598388672], [326.140380859375, 131.42770385742188, 333.2284851074219, 156.22535705566406], [249.55516052246094, 209.02224731445312, 292.8677673339844, 232.7119598388672], [154.03811645507812, 238.5982208251953, 194.443359375, 280.4096984863281], [247.07704162597656, 175.35525512695312, 368.19708251953125, 257.930419921875], [196.16165161132812, 185.87619018554688, 200.52352905273438, 194.24159240722656], [189.668212890625, 219.04595947265625, 242.1461944580078, 251.88079833984375], [249.75299072265625, 175.49818420410156, 315.5028076171875, 232.85467529296875], [246.25680541992188, 196.41543579101562, 368.44049072265625, 272.5012512207031], [154.12623596191406, 218.6792755126953, 242.80081176757812, 297.7192687988281], [153.99267578125, 215.32315063476562, 282.1738586425781, 284.7677001953125], [365.8572998046875, 97.74623107910156, 379.4864501953125, 117.12419128417969], [153.8365020751953, 174.04994201660156, 370.62860107421875, 283.7129821777344], [190.35455322265625, 196.48092651367188, 365.9950866699219, 254.19813537597656], [189.668212890625, 219.04595947265625, 242.1461944580078, 251.88079833984375], [189.90316772460938, 175.12353515625, 367.43048095703125, 256.6644287109375], [153.91378784179688, 174.2429656982422, 388.90875244140625, 370.5770263671875], [189.72596740722656, 219.10037231445312, 242.10325622558594, 252.0640106201172], [154.20994567871094, 238.20286560058594, 242.6012725830078, 282.0627136230469], [237.94973754882812, 280.995849609375, 282.8425598144531, 325.93194580078125], [326.140380859375, 131.42770385742188, 333.2284851074219, 156.22535705566406], [187.96116638183594, 218.94345092773438, 243.7958984375, 280.9348449707031], [153.67514038085938, 174.41336059570312, 389.55145263671875, 371.4906005859375], [153.98582458496094, 218.09169006347656, 268.3898620605469, 283.8007507324219], [187.96116638183594, 218.94345092773438, 243.7958984375, 280.9348449707031], [384.305419921875, 160.42697143554688, 389.1716003417969, 178.5471954345703], [150.4235382080078, 63.51323318481445, 176.66383361816406, 73.90911102294922], [186.161376953125, 218.5672607421875, 284.2978515625, 325.43341064453125], [284.70220947265625, 175.44618225097656, 388.9841003417969, 369.7406311035156], [190.0171356201172, 185.60250854492188, 367.5331726074219, 256.0370178222656], [189.668212890625, 219.04595947265625, 242.1461944580078, 251.88079833984375], [235.2342071533203, 175.01927185058594, 389.577392578125, 368.5936279296875], [154.78416442871094, 201.84426879882812, 308.6763000488281, 282.5154724121094], [153.381591796875, 218.5011444091797, 252.97268676757812, 287.44537353515625], [377.6105041503906, 109.35149383544922, 382.4342956542969, 126.36798858642578], [249.87799072265625, 211.55552673339844, 292.2173156738281, 232.90380859375], [326.140380859375, 131.42770385742188, 333.2284851074219, 156.22535705566406], [153.381591796875, 218.5011444091797, 252.97268676757812, 287.44537353515625], [288.33843994140625, 176.60716247558594, 368.5254821777344, 256.08489990234375], [153.67514038085938, 174.41336059570312, 389.55145263671875, 371.4906005859375], [237.94973754882812, 280.995849609375, 282.8425598144531, 325.93194580078125], [142.91517639160156, 119.5315933227539, 153.27439880371094, 147.24935913085938], [154.03811645507812, 238.5982208251953, 194.443359375, 280.4096984863281], [295.9151306152344, 179.42652893066406, 388.9660339355469, 368.9897155761719], [191.70664978027344, 203.85687255859375, 310.3404541015625, 326.1010437011719], [249.8096923828125, 209.0484619140625, 273.25701904296875, 232.8400115966797], [154.19053649902344, 238.48687744140625, 216.1416778564453, 281.91259765625], [189.668212890625, 219.04595947265625, 242.1461944580078, 251.88079833984375], [249.55516052246094, 209.02224731445312, 292.8677673339844, 232.7119598388672], [-0.16198982298374176, 256.0198669433594, 4.368867874145508, 283.408203125], [373.933837890625, 109.20791625976562, 382.20745849609375, 128.0977783203125], [153.67514038085938, 174.41336059570312, 389.55145263671875, 371.4906005859375], [249.8096923828125, 209.0484619140625, 273.25701904296875, 232.8400115966797], [373.8826599121094, 111.11746978759766, 378.5009460449219, 127.3240966796875], [189.668212890625, 219.04595947265625, 242.1461944580078, 251.88079833984375], [153.98582458496094, 218.09169006347656, 268.3898620605469, 283.8007507324219], [189.72596740722656, 219.10037231445312, 242.10325622558594, 252.0640106201172], [161.05357360839844, 215.4350128173828, 290.58648681640625, 337.63653564453125], [189.72596740722656, 219.10037231445312, 242.10325622558594, 252.0640106201172], [154.0342559814453, 217.41917419433594, 274.8611755371094, 284.2134704589844], [153.92543029785156, 238.3956298828125, 191.7687225341797, 277.1806945800781], [-0.16198982298374176, 256.0198669433594, 4.368867874145508, 283.408203125], [373.4483642578125, 110.68069458007812, 378.3719482421875, 127.79743957519531], [154.20994567871094, 238.20286560058594, 242.6012725830078, 282.0627136230469], [250.05393981933594, 202.91058349609375, 309.62359619140625, 233.27484130859375], [187.96116638183594, 218.94345092773438, 243.7958984375, 280.9348449707031], [153.91378784179688, 174.2429656982422, 388.90875244140625, 370.5770263671875], [250.05393981933594, 202.91058349609375, 309.62359619140625, 233.27484130859375], [338.64434814453125, 54.83383560180664, 367.7539978027344, 70.12962341308594], [153.67514038085938, 174.41336059570312, 389.55145263671875, 371.4906005859375], [189.668212890625, 219.04595947265625, 242.1461944580078, 251.88079833984375], [384.4685974121094, 160.4977569580078, 388.5749206542969, 176.32009887695312], [154.12266540527344, 219.2315673828125, 247.654296875, 353.2008972167969], [154.20994567871094, 238.20286560058594, 242.6012725830078, 282.0627136230469], [373.933837890625, 109.20791625976562, 382.20745849609375, 128.0977783203125], [154.0342559814453, 217.41917419433594, 274.8611755371094, 284.2134704589844], [245.5037841796875, 219.6519012451172, 368.2112731933594, 263.8196716308594], [238.9072265625, 256.0487365722656, 284.0998229980469, 325.3590087890625], [249.55516052246094, 209.02224731445312, 292.8677673339844, 232.7119598388672], [165.71029663085938, 243.68785095214844, 389.40313720703125, 369.541748046875], [353.3125, 54.32856750488281, 367.0483093261719, 66.32144165039062], [154.3070526123047, 237.61746215820312, 241.7353515625, 281.1004333496094], [154.12623596191406, 218.6792755126953, 242.80081176757812, 297.7192687988281], [303.52410888671875, 196.14341735839844, 316.5710754394531, 222.49652099609375], [238.1437225341797, 261.42034912109375, 283.7776794433594, 325.3127746582031], [249.87799072265625, 211.55552673339844, 292.2173156738281, 232.90380859375], [192.27597045898438, 196.61227416992188, 367.6042175292969, 263.2498779296875], [238.1437225341797, 261.42034912109375, 283.7776794433594, 325.3127746582031], [209.8039093017578, 203.76805114746094, 310.89691162109375, 326.81402587890625], [383.9353332519531, 150.72862243652344, 392.5169677734375, 180.22015380859375], [155.244384765625, 232.18124389648438, 389.1573791503906, 369.1689453125], [384.6432189941406, 160.13250732421875, 392.7967224121094, 179.85284423828125], [154.30897521972656, 238.04635620117188, 243.07754516601562, 354.9779052734375], [189.668212890625, 219.04595947265625, 242.1461944580078, 251.88079833984375], [154.12623596191406, 218.6792755126953, 242.80081176757812, 297.7192687988281], [291.0907897949219, 201.77810668945312, 367.06494140625, 253.76858520507812], [347.0019836425781, 99.1042709350586, 359.3764953613281, 121.67662048339844], [153.9312744140625, 235.32794189453125, 244.16065979003906, 354.2561950683594], [-0.6206764578819275, 237.4949188232422, 5.152327060699463, 283.85418701171875], [373.8826599121094, 111.11746978759766, 378.5009460449219, 127.3240966796875], [153.99267578125, 215.32315063476562, 282.1738586425781, 284.7677001953125], [154.6755828857422, 215.75271606445312, 372.2617492675781, 286.4051818847656], [238.23765563964844, 228.58847045898438, 289.7774353027344, 325.2677917480469], [189.72596740722656, 219.10037231445312, 242.10325622558594, 252.0640106201172], [354.2819519042969, 56.725318908691406, 365.803955078125, 66.71597290039062], [250.00393676757812, 210.86489868164062, 296.9267272949219, 232.9378204345703], [154.19053649902344, 238.48687744140625, 216.1416778564453, 281.91259765625], [384.305419921875, 160.42697143554688, 389.1716003417969, 178.5471954345703], [173.02926635742188, 279.5135498046875, 388.45635986328125, 368.8229675292969], [189.668212890625, 219.04595947265625, 242.1461944580078, 251.88079833984375], [190.4082489013672, 201.66062927246094, 311.4525451660156, 265.1628112792969], [154.3070526123047, 237.61746215820312, 241.7353515625, 281.1004333496094], [238.1437225341797, 261.42034912109375, 283.7776794433594, 325.3127746582031], [189.668212890625, 219.04595947265625, 242.1461944580078, 251.88079833984375], [249.8096923828125, 209.0484619140625, 273.25701904296875, 232.8400115966797], [384.4685974121094, 160.4977569580078, 388.5749206542969, 176.32009887695312], [189.668212890625, 219.04595947265625, 242.1461944580078, 251.88079833984375], [153.67514038085938, 174.41336059570312, 389.55145263671875, 371.4906005859375], [241.6106719970703, 201.12721252441406, 370.4000549316406, 332.545166015625], [238.24667358398438, 257.8269348144531, 283.63250732421875, 325.6047058105469], [365.8572998046875, 97.74623107910156, 379.4864501953125, 117.12419128417969], [172.30227661132812, 293.0661315917969, 232.3438262939453, 356.011962890625], [154.20994567871094, 238.20286560058594, 242.6012725830078, 282.0627136230469], [238.9072265625, 256.0487365722656, 284.0998229980469, 325.3590087890625], [153.67514038085938, 174.41336059570312, 389.55145263671875, 371.4906005859375], [212.13726806640625, 218.75054931640625, 360.9527893066406, 330.0619201660156], [148.56016540527344, 63.50952911376953, 177.19435119628906, 79.53921508789062], [250.05393981933594, 202.91058349609375, 309.62359619140625, 233.27484130859375], [166.88121032714844, 284.4339904785156, 387.49163818359375, 369.8252258300781], [154.20994567871094, 238.20286560058594, 242.6012725830078, 282.0627136230469], [238.9072265625, 256.0487365722656, 284.0998229980469, 325.3590087890625], [153.99267578125, 215.32315063476562, 282.1738586425781, 284.7677001953125], [242.1927032470703, 202.59181213378906, 315.0756530761719, 279.0343017578125], [157.72984313964844, 219.64547729492188, 243.11251831054688, 294.0901794433594], [163.74728393554688, 241.49850463867188, 245.46337890625, 328.3611755371094], [243.65548706054688, 217.41162109375, 364.1679382324219, 299.5421142578125], [153.67514038085938, 174.41336059570312, 389.55145263671875, 371.4906005859375], [150.4235382080078, 63.51323318481445, 176.66383361816406, 73.90911102294922], [189.668212890625, 219.04595947265625, 242.1461944580078, 251.88079833984375], [384.6432189941406, 160.13250732421875, 392.7967224121094, 179.85284423828125], [-0.16198982298374176, 256.0198669433594, 4.368867874145508, 283.408203125], [374.8622131347656, 123.53984069824219, 379.6490783691406, 129.24696350097656], [153.67514038085938, 174.41336059570312, 389.55145263671875, 371.4906005859375], [190.35455322265625, 196.48092651367188, 365.9950866699219, 254.19813537597656], [377.6105041503906, 109.35149383544922, 382.4342956542969, 126.36798858642578], [154.2293243408203, 235.59352111816406, 243.27252197265625, 281.32354736328125], [262.022216796875, 198.79920959472656, 366.4555358886719, 251.58807373046875], [384.6432189941406, 160.13250732421875, 392.7967224121094, 179.85284423828125], [153.87301635742188, 235.84902954101562, 244.24020385742188, 353.6047668457031], [189.668212890625, 219.04595947265625, 242.1461944580078, 251.88079833984375], [189.668212890625, 219.04595947265625, 242.1461944580078, 251.88079833984375], [237.94973754882812, 280.995849609375, 282.8425598144531, 325.93194580078125], [154.41404724121094, 219.38592529296875, 242.720947265625, 282.1979064941406], [153.67514038085938, 174.41336059570312, 389.55145263671875, 371.4906005859375], [154.03811645507812, 238.5982208251953, 194.443359375, 280.4096984863281], [154.41404724121094, 219.38592529296875, 242.720947265625, 282.1979064941406], [153.67514038085938, 174.41336059570312, 389.55145263671875, 371.4906005859375], [237.94973754882812, 280.995849609375, 282.8425598144531, 325.93194580078125], [306.9772644042969, 198.64205932617188, 372.04425048828125, 273.8846740722656], [153.91378784179688, 174.2429656982422, 388.90875244140625, 370.5770263671875], [153.67514038085938, 174.41336059570312, 389.55145263671875, 371.4906005859375], [154.41404724121094, 219.38592529296875, 242.720947265625, 282.1979064941406], [-0.16198982298374176, 256.0198669433594, 4.368867874145508, 283.408203125], [351.9395751953125, 200.5338134765625, 365.7372741699219, 217.01316833496094], [238.24667358398438, 257.8269348144531, 283.63250732421875, 325.6047058105469], [154.19053649902344, 238.48687744140625, 216.1416778564453, 281.91259765625], [156.81214904785156, 237.67037963867188, 239.38204956054688, 257.7457275390625], [189.668212890625, 219.04595947265625, 242.1461944580078, 251.88079833984375], [373.933837890625, 109.20791625976562, 382.20745849609375, 128.0977783203125], [186.161376953125, 218.5672607421875, 284.2978515625, 325.43341064453125], [241.58026123046875, 202.94215393066406, 355.7627258300781, 292.51348876953125], [191.70664978027344, 203.85687255859375, 310.3404541015625, 326.1010437011719], [243.54356384277344, 218.02835083007812, 326.53521728515625, 285.02911376953125], [189.668212890625, 219.04595947265625, 242.1461944580078, 251.88079833984375], [249.87799072265625, 211.55552673339844, 292.2173156738281, 232.90380859375], [186.161376953125, 218.5672607421875, 284.2978515625, 325.43341064453125], [153.92543029785156, 238.3956298828125, 191.7687225341797, 277.1806945800781], [154.19053649902344, 238.48687744140625, 216.1416778564453, 281.91259765625], [373.933837890625, 109.20791625976562, 382.20745849609375, 128.0977783203125], [189.668212890625, 219.04595947265625, 242.1461944580078, 251.88079833984375], [373.933837890625, 109.20791625976562, 382.20745849609375, 128.0977783203125], [153.67514038085938, 174.41336059570312, 389.55145263671875, 371.4906005859375], [218.34823608398438, 208.6127471923828, 289.4358825683594, 326.39251708984375], [365.8572998046875, 97.74623107910156, 379.4864501953125, 117.12419128417969], [154.3070526123047, 237.61746215820312, 241.7353515625, 281.1004333496094], [-0.16198982298374176, 256.0198669433594, 4.368867874145508, 283.408203125], [153.381591796875, 218.5011444091797, 252.97268676757812, 287.44537353515625], [380.4234619140625, 121.2706527709961, 384.51220703125, 127.53550720214844], [347.0019836425781, 99.1042709350586, 359.3764953613281, 121.67662048339844], [196.16165161132812, 185.87619018554688, 200.52352905273438, 194.24159240722656], [189.72596740722656, 219.10037231445312, 242.10325622558594, 252.0640106201172], [154.20994567871094, 238.20286560058594, 242.6012725830078, 282.0627136230469], [384.6432189941406, 160.13250732421875, 392.7967224121094, 179.85284423828125], [154.19053649902344, 238.48687744140625, 216.1416778564453, 281.91259765625], [154.12266540527344, 219.2315673828125, 247.654296875, 353.2008972167969], [154.058837890625, 234.47544860839844, 243.067626953125, 282.9761657714844], [397.678955078125, 180.01600646972656, 402.6038818359375, 187.46531677246094], [-0.16198982298374176, 256.0198669433594, 4.368867874145508, 283.408203125], [384.59405517578125, 160.78778076171875, 390.2059631347656, 176.81344604492188], [238.23765563964844, 228.58847045898438, 289.7774353027344, 325.2677917480469], [153.67514038085938, 174.41336059570312, 389.55145263671875, 371.4906005859375], [66.96412658691406, 107.27825927734375, 75.13127136230469, 136.0585174560547], [383.9353332519531, 150.72862243652344, 392.5169677734375, 180.22015380859375], [154.20994567871094, 238.20286560058594, 242.6012725830078, 282.0627136230469], [352.566162109375, 100.71752166748047, 359.6839599609375, 118.35114288330078], [310.94403076171875, 284.8273010253906, 388.8920593261719, 368.4365539550781], [167.9188995361328, 75.01287841796875, 175.79959106445312, 79.38622283935547], [384.4685974121094, 160.4977569580078, 388.5749206542969, 176.32009887695312], [154.2293243408203, 235.59352111816406, 243.27252197265625, 281.32354736328125], [187.4832000732422, 173.1918182373047, 203.02157592773438, 186.17518615722656], [250.05393981933594, 202.91058349609375, 309.62359619140625, 233.27484130859375], [250.00393676757812, 210.86489868164062, 296.9267272949219, 232.9378204345703], [189.668212890625, 219.04595947265625, 242.1461944580078, 251.88079833984375], [250.05393981933594, 202.91058349609375, 309.62359619140625, 233.27484130859375], [153.67514038085938, 174.41336059570312, 389.55145263671875, 371.4906005859375], [189.668212890625, 219.04595947265625, 242.1461944580078, 251.88079833984375], [352.566162109375, 100.71752166748047, 359.6839599609375, 118.35114288330078], [352.3459777832031, 132.65530395507812, 357.69305419921875, 145.8226776123047], [-2.7634799480438232, 166.34896850585938, 475.3661193847656, 370.490966796875], [311.28704833984375, 198.6182098388672, 376.0337219238281, 270.78179931640625], [153.40283203125, 236.68638610839844, 250.1315460205078, 354.641357421875], [154.19053649902344, 238.48687744140625, 216.1416778564453, 281.91259765625], [378.87225341796875, 121.98847198486328, 384.5691833496094, 128.78988647460938], [153.67514038085938, 174.41336059570312, 389.55145263671875, 371.4906005859375], [189.72596740722656, 219.10037231445312, 242.10325622558594, 252.0640106201172], [304.1647644042969, 200.74493408203125, 315.8228454589844, 222.1104278564453], [209.8039093017578, 203.76805114746094, 310.89691162109375, 326.81402587890625], [154.20994567871094, 238.20286560058594, 242.6012725830078, 282.0627136230469], [307.4834899902344, 195.33901977539062, 315.493408203125, 203.97801208496094], [250.00393676757812, 210.86489868164062, 296.9267272949219, 232.9378204345703], [153.67457580566406, 236.84986877441406, 242.20932006835938, 326.6361389160156], [154.20994567871094, 238.20286560058594, 242.6012725830078, 282.0627136230469], [-0.16198982298374176, 256.0198669433594, 4.368867874145508, 283.408203125], [189.668212890625, 219.04595947265625, 242.1461944580078, 251.88079833984375], [261.55999755859375, 202.25048828125, 329.0712585449219, 232.6907501220703], [237.69879150390625, 260.4065856933594, 283.44696044921875, 325.2662658691406], [110.29326629638672, 265.01513671875, 122.7851791381836, 283.4808654785156], [154.19053649902344, 238.48687744140625, 216.1416778564453, 281.91259765625], [384.305419921875, 160.42697143554688, 389.1716003417969, 178.5471954345703], [345.6942443847656, 98.32513427734375, 355.5671081542969, 124.3354721069336], [-0.16198982298374176, 256.0198669433594, 4.368867874145508, 283.408203125], [373.933837890625, 109.20791625976562, 382.20745849609375, 128.0977783203125], [154.12266540527344, 219.2315673828125, 247.654296875, 353.2008972167969], [238.9072265625, 256.0487365722656, 284.0998229980469, 325.3590087890625], [154.20994567871094, 238.20286560058594, 242.6012725830078, 282.0627136230469], [238.24667358398438, 257.8269348144531, 283.63250732421875, 325.6047058105469], [142.91517639160156, 119.5315933227539, 153.27439880371094, 147.24935913085938], [249.8096923828125, 209.0484619140625, 273.25701904296875, 232.8400115966797], [250.05393981933594, 202.91058349609375, 309.62359619140625, 233.27484130859375], [154.19053649902344, 238.48687744140625, 216.1416778564453, 281.91259765625], [189.668212890625, 219.04595947265625, 242.1461944580078, 251.88079833984375], [191.7559356689453, 237.9699249267578, 238.6896209716797, 252.95399475097656], [154.2293243408203, 235.59352111816406, 243.27252197265625, 281.32354736328125], [237.69879150390625, 260.4065856933594, 283.44696044921875, 325.2662658691406], [189.668212890625, 219.04595947265625, 242.1461944580078, 251.88079833984375], [154.78416442871094, 201.84426879882812, 308.6763000488281, 282.5154724121094], [168.7694854736328, 230.25242614746094, 388.68988037109375, 365.55828857421875], [107.34915924072266, 161.4775390625, 124.67962646484375, 179.32525634765625], [154.0768280029297, 238.25811767578125, 241.37063598632812, 283.43023681640625], [153.67514038085938, 174.41336059570312, 389.55145263671875, 371.4906005859375], [190.97500610351562, 221.856689453125, 218.4935760498047, 240.8670196533203], [153.8365020751953, 174.04994201660156, 370.62860107421875, 283.7129821777344]), Score: [0.9560227394104004, 0.44277215003967285, 0.256813645362854, 0.21926027536392212, 0.2108534574508667, 0.207960307598114, 0.18391582369804382, 0.1513943076133728, 0.12355373799800873, 0.11068139225244522, 0.10923689603805542, 0.10779009759426117, 0.10679111629724503, 0.08496717363595963, 0.08206101506948471, 0.07645726203918457, 0.06889710575342178, 0.059129469096660614, 0.05662733316421509, 0.054022129625082016, 0.05321182683110237, 0.0530933253467083, 0.05297781527042389, 0.04906696081161499, 0.046641264110803604, 0.04653189331293106, 0.04552649334073067, 0.04453585296869278, 0.042353518307209015, 0.04120340198278427, 0.04115962237119675, 0.0397898405790329, 0.038171377032995224, 0.037931960076093674, 0.035939641296863556, 0.035568270832300186, 0.03518661856651306, 0.035082679241895676, 0.035037461668252945, 0.03482069447636604, 0.034567490220069885, 0.03435101732611656, 0.03254625201225281, 0.032530806958675385, 0.03224922716617584, 0.032052431255578995, 0.031977806240320206, 0.0318962037563324, 0.03135904297232628, 0.03093843348324299, 0.03046305850148201, 0.030054355040192604, 0.028356162831187248, 0.02818247489631176, 0.0281584020704031, 0.02805173024535179, 0.027351796627044678, 0.027146995067596436, 0.026635978370904922, 0.026528073474764824, 0.026523495092988014, 0.02627504989504814, 0.025978440418839455, 0.025792986154556274, 0.025690510869026184, 0.025627925992012024, 0.02557700127363205, 0.024833695963025093, 0.024753544479608536, 0.02469732239842415, 0.02456139214336872, 0.024215562269091606, 0.02373330667614937, 0.023670729249715805, 0.023268602788448334, 0.02295331284403801, 0.02272734045982361, 0.02271723747253418, 0.022527065128087997, 0.022522443905472755, 0.022457711398601532, 0.0222405306994915, 0.022229261696338654, 0.022047316655516624, 0.021801337599754333, 0.021700996905565262, 0.021648677065968513, 0.021357053890824318, 0.02131780795753002, 0.021142538636922836, 0.02113436907529831, 0.021066080778837204, 0.021028829738497734, 0.021025188267230988, 0.02072167955338955, 0.020682556554675102, 0.02052614465355873, 0.02052299864590168, 0.020405413582921028, 0.02032771334052086, 0.020257672294974327, 0.02004084177315235, 0.019945213571190834, 0.019938267767429352, 0.01987195760011673, 0.019655227661132812, 0.01955040544271469, 0.019549911841750145, 0.019255220890045166, 0.019174333661794662, 0.01901615969836712, 0.01900262013077736, 0.01881794072687626, 0.018799323588609695, 0.01879885420203209, 0.018696971237659454, 0.018679499626159668, 0.018667912110686302, 0.01849634200334549, 0.01847750134766102, 0.018473362550139427, 0.018412316218018532, 0.017847375944256783, 0.017797669395804405, 0.017783280462026596, 0.017713742330670357, 0.017699310556054115, 0.01769152842462063, 0.017595140263438225, 0.017544766888022423, 0.017329547554254532, 0.01710793934762478, 0.017105285078287125, 0.017095394432544708, 0.01707443967461586, 0.016728593036532402, 0.016666783019900322, 0.016641752794384956, 0.016598649322986603, 0.016502361744642258, 0.016469666734337807, 0.016389543190598488, 0.016379499807953835, 0.016251863911747932, 0.016177503392100334, 0.016049262136220932, 0.016033660620450974, 0.01598202995955944, 0.015943456441164017, 0.015828000381588936, 0.015817197039723396, 0.015815354883670807, 0.015479234978556633, 0.015416045673191547, 0.015364879742264748, 0.015320475213229656, 0.015288368798792362, 0.01521848514676094, 0.015190369449555874, 0.015186089091002941, 0.015157241374254227, 0.015053109265863895, 0.014963052235543728, 0.014938423410058022, 0.014929783530533314, 0.014915510080754757, 0.014896031469106674, 0.014894843101501465, 0.014849167317152023, 0.014773999340832233, 0.014757274650037289, 0.014743602834641933, 0.014730365946888924, 0.014677620492875576, 0.014651492238044739, 0.014643406495451927, 0.014444871805608273, 0.014379017055034637, 0.014364670030772686, 0.014274577610194683, 0.014265201985836029, 0.014238158240914345, 0.014207812026143074, 0.01415745634585619, 0.01414339430630207, 0.014102185145020485, 0.014101429842412472, 0.014009697362780571, 0.013993596658110619, 0.01395446341484785, 0.013919699937105179, 0.013908491469919682, 0.013894772157073021, 0.013815360143780708, 0.013791823759675026, 0.013742565177381039, 0.013647627085447311, 0.013640472665429115, 0.01361311785876751, 0.013606524094939232, 0.0135892229154706, 0.013565798290073872, 0.013542426750063896, 0.013536451384425163, 0.013513505458831787, 0.013509894721210003, 0.013470208272337914, 0.013466824777424335, 0.013429056853055954, 0.01334771141409874, 0.013340490870177746, 0.013310830108821392, 0.013252382166683674, 0.013185624033212662, 0.013146376237273216, 0.013116585090756416, 0.013073441572487354, 0.013009758666157722, 0.012983963824808598, 0.012969818897545338, 0.012966455891728401, 0.012937609106302261, 0.012934881262481213, 0.012909949757158756, 0.01285489834845066, 0.012827159836888313, 0.012728621251881123, 0.012721684761345387, 0.01269745733588934, 0.012663441710174084, 0.012638038024306297, 0.012513435445725918, 0.012484772130846977, 0.012458338402211666, 0.012449636124074459, 0.012434713542461395, 0.012403366155922413, 0.012262308970093727, 0.012260385788977146, 0.01217910461127758, 0.012166381813585758, 0.012146379798650742, 0.012124133296310902, 0.012120255269110203, 0.012118753045797348, 0.0120799969881773, 0.01207396574318409, 0.012014701031148434, 0.011998286470770836, 0.011994833126664162, 0.011891841888427734, 0.011885602958500385, 0.01186898723244667, 0.011817067861557007, 0.011792292818427086, 0.011791831813752651, 0.011759603396058083, 0.01174430176615715, 0.011728676967322826, 0.011653274297714233, 0.011652071960270405, 0.011647723615169525, 0.01160342525690794, 0.011600823141634464, 0.011592536233365536, 0.011467174626886845, 0.0114614088088274, 0.011446831747889519, 0.011442036367952824, 0.011408531107008457, 0.01138211227953434, 0.011317877098917961, 0.01128315832465887, 0.01128064189106226, 0.011243638582527637, 0.011239037849009037, 0.011238603852689266, 0.011233856901526451, 0.0111702810972929, 0.011164783500134945, 0.011030469089746475, 0.011020028963685036, 0.011008637957274914, 0.010991929098963737, 0.010944990441203117, 0.010898394510149956, 0.010891113430261612, 0.01084977388381958, 0.010843281634151936, 0.010830288752913475, 0.010828480124473572, 0.010821785777807236, 0.010806177742779255, 0.010800332762300968, 0.01078494917601347, 0.010773945599794388, 0.010756918229162693, 0.010696063749492168, 0.01068931445479393, 0.01068190485239029]

Execution time: 0.4029 sec
