Label: tensor([17,  0,  0,  0,  5,  7,  0,  5,  7,  7,  7,  8,  2, 24, 17, 24,  7,  6,
         5,  7,  6,  2,  2, 17,  2, 26, 27, 17,  2,  5,  2,  0,  7,  5, 17,  2,
        17, 24, 24,  0, 24,  2,  2, 27,  0, 24,  5, 27,  2,  5, 17,  8, 26, 74,
         2,  7,  8, 27, 17,  2, 17, 17,  7,  8,  5,  2, 26,  0, 17,  0,  7, 27,
         2, 17, 24, 17, 17,  2, 17, 17, 26,  2,  2,  0, 17,  0,  2,  0, 17, 27,
         2,  0, 17,  0, 24, 24, 24, 17, 24,  5,  8,  2, 17, 17, 24,  7, 24, 17,
        24,  0,  7,  0, 17, 26, 26,  5, 67, 17,  0,  8,  2,  8, 17,  8,  8, 17,
        17,  2, 26,  7,  7,  2,  0, 17,  2, 24, 17, 17,  2,  8, 17, 24,  7, 26,
        17, 13,  2,  2,  0,  0, 24, 17, 17, 17,  5,  0, 17,  6, 26,  8, 17, 17,
         8,  6, 26,  0,  0, 17, 26, 26, 17,  0, 27, 17, 17, 58,  2,  5, 24,  8,
         7,  6,  8, 27,  7, 13, 19, 19, 17,  8, 26,  0, 26,  7, 17, 13, 26, 24,
        17, 24,  0,  7,  0, 27,  0, 17,  5,  7,  2, 67,  0,  7,  0, 25,  7, 24,
         6, 24, 17, 26, 16,  6, 19,  2, 26, 24, 17, 28,  0, 17,  5, 16, 17,  6,
         5,  5, 17,  0,  0,  8, 24,  8,  8,  8, 24,  2,  0,  0, 18,  2,  8, 27,
         2, 25, 17, 17,  8,  0, 13, 24, 67, 62,  7,  0, 13, 17,  8, 24, 26,  0,
        56, 24,  2,  0,  2, 26, 26,  2,  7,  5, 17,  0,  0, 17,  8,  2, 26, 27,
         0,  7,  0, 33, 67, 24,  2,  8,  0, 26,  8,  2]), Box: ([38.06731033325195, 142.0154571533203, 498.6523742675781, 342.9979248046875], [251.57827758789062, 23.29930877685547, 381.4471435546875, 343.2987976074219], [384.50787353515625, 171.62661743164062, 425.8122863769531, 214.20535278320312], [223.2789764404297, 187.377685546875, 240.45541381835938, 206.19674682617188], [0.4417039453983307, 187.93067932128906, 62.29029846191406, 251.23263549804688], [0.4417039453983307, 187.93067932128906, 62.29029846191406, 251.23263549804688], [225.41334533691406, 195.945556640625, 238.61972045898438, 206.1757354736328], [0.6430279612541199, 191.9817352294922, 61.82875442504883, 251.02493286132812], [0.6430279612541199, 191.9817352294922, 61.82875442504883, 251.02493286132812], [0.02584792673587799, 214.74400329589844, 52.78276062011719, 251.4164276123047], [1.8428024053573608, 228.7932586669922, 52.91742706298828, 251.46400451660156], [0.4417039453983307, 187.93067932128906, 62.29029846191406, 251.23263549804688], [1.8428024053573608, 228.7932586669922, 52.91742706298828, 251.46400451660156], [310.62603759765625, 82.13200378417969, 379.75372314453125, 161.7028045654297], [99.87786865234375, 248.5731658935547, 146.73011779785156, 269.4056091308594], [358.6866455078125, 92.34807586669922, 380.0658264160156, 155.46437072753906], [0.11184718459844589, 182.8749542236328, 27.00838851928711, 249.5584259033203], [0.6430279612541199, 191.9817352294922, 61.82875442504883, 251.02493286132812], [0.11184718459844589, 182.8749542236328, 27.00838851928711, 249.5584259033203], [0.03983639180660248, 215.64044189453125, 49.07144546508789, 250.8062286376953], [0.4417039453983307, 187.93067932128906, 62.29029846191406, 251.23263549804688], [99.87786865234375, 248.5731658935547, 146.73011779785156, 269.4056091308594], [0.02584792673587799, 214.74400329589844, 52.78276062011719, 251.4164276123047], [258.5255432128906, 167.51670837402344, 320.23077392578125, 211.2655029296875], [79.93363952636719, 248.66502380371094, 166.5108184814453, 301.00811767578125], [271.3363952636719, 185.5364532470703, 309.0479736328125, 224.2645263671875], [308.5180969238281, 92.0613784790039, 317.5157775878906, 118.58012390136719], [223.2789764404297, 187.377685546875, 240.45541381835938, 206.19674682617188], [0.6430279612541199, 191.9817352294922, 61.82875442504883, 251.02493286132812], [0.02584792673587799, 214.74400329589844, 52.78276062011719, 251.4164276123047], [24.071842193603516, 240.21226501464844, 46.91775131225586, 251.8553466796875], [258.5255432128906, 167.51670837402344, 320.23077392578125, 211.2655029296875], [0.39664655923843384, 189.3553009033203, 158.8558807373047, 294.1001281738281], [1.8428024053573608, 228.7932586669922, 52.91742706298828, 251.46400451660156], [225.41334533691406, 195.945556640625, 238.61972045898438, 206.1757354736328], [24.219810485839844, 237.1910858154297, 47.80457305908203, 251.88327026367188], [258.5965270996094, 184.4037322998047, 285.598876953125, 210.67074584960938], [310.82440185546875, 89.20987701416016, 379.803466796875, 189.99781799316406], [281.2886047363281, 90.94625854492188, 378.7437438964844, 197.3031768798828], [258.5965270996094, 184.4037322998047, 285.598876953125, 210.67074584960938], [361.2524108886719, 92.20649719238281, 379.2771911621094, 119.38957214355469], [0.3272513747215271, 229.4608917236328, 11.92818546295166, 250.14675903320312], [0.39234989881515503, 231.03831481933594, 10.275529861450195, 249.9730987548828], [398.89630126953125, 192.91436767578125, 413.85528564453125, 211.74818420410156], [227.1761016845703, 187.5410614013672, 239.65335083007812, 205.82960510253906], [359.7215270996094, 92.44273376464844, 380.3729553222656, 167.49313354492188], [0.03983639180660248, 215.64044189453125, 49.07144546508789, 250.8062286376953], [403.7381591796875, 195.18060302734375, 412.9449462890625, 211.4532012939453], [76.41230010986328, 262.335205078125, 165.87648010253906, 300.935302734375], [9.841103553771973, 229.94219970703125, 52.74476623535156, 244.6345977783203], [79.93363952636719, 248.66502380371094, 166.5108184814453, 301.00811767578125], [0.88060462474823, 182.6341552734375, 26.56239128112793, 195.47047424316406], [280.4384765625, 167.3340606689453, 320.56658935546875, 196.0576934814453], [341.72186279296875, 161.3880157470703, 352.47113037109375, 168.76272583007812], [0.03983639180660248, 215.64044189453125, 49.07144546508789, 250.8062286376953], [9.841103553771973, 229.94219970703125, 52.74476623535156, 244.6345977783203], [0.6430279612541199, 191.9817352294922, 61.82875442504883, 251.02493286132812], [308.73858642578125, 92.1668472290039, 316.7413330078125, 108.91619110107422], [39.5157470703125, 143.07470703125, 269.4708557128906, 340.86865234375], [9.841103553771973, 229.94219970703125, 52.74476623535156, 244.6345977783203], [0.26645326614379883, 323.445556640625, 54.371864318847656, 343.153076171875], [271.3363952636719, 185.5364532470703, 309.0479736328125, 224.2645263671875], [0.053592026233673096, 138.90008544921875, 74.93052673339844, 251.43020629882812], [99.87786865234375, 248.5731658935547, 146.73011779785156, 269.4056091308594], [0.39664655923843384, 189.3553009033203, 158.8558807373047, 294.1001281738281], [0.4417039453983307, 187.93067932128906, 62.29029846191406, 251.23263549804688], [247.91416931152344, 185.98123168945312, 308.1157531738281, 262.98944091796875], [0.39234989881515503, 231.03831481933594, 10.275529861450195, 249.9730987548828], [0.4417039453983307, 187.93067932128906, 62.29029846191406, 251.23263549804688], [220.67185974121094, 186.21031188964844, 258.5367736816406, 283.4056701660156], [0.88060462474823, 182.6341552734375, 26.56239128112793, 195.47047424316406], [395.083251953125, 191.11306762695312, 407.4024658203125, 200.84713745117188], [75.10033416748047, 248.29501342773438, 146.96644592285156, 270.5475769042969], [280.4384765625, 167.3340606689453, 320.56658935546875, 196.0576934814453], [271.3363952636719, 185.5364532470703, 309.0479736328125, 224.2645263671875], [75.10033416748047, 248.29501342773438, 146.96644592285156, 270.5475769042969], [37.70820617675781, 142.74887084960938, 498.02587890625, 342.9723815917969], [0.07742875814437866, 216.14785766601562, 10.110235214233398, 249.9743194580078], [260.0299987792969, 183.86215209960938, 306.9538879394531, 212.13905334472656], [39.0103759765625, 142.92835998535156, 258.689208984375, 340.2159118652344], [271.9387512207031, 168.50143432617188, 319.7823791503906, 223.46798706054688], [96.59844970703125, 249.83963012695312, 163.65151977539062, 298.6519470214844], [0.88060462474823, 182.6341552734375, 26.56239128112793, 195.47047424316406], [226.6492462158203, 187.3371124267578, 238.70326232910156, 198.5132293701172], [99.85533142089844, 143.49884033203125, 113.38343048095703, 161.796630859375], [260.0299987792969, 183.86215209960938, 306.9538879394531, 212.13905334472656], [72.49854278564453, 249.59066772460938, 158.44747924804688, 292.3044128417969], [383.75555419921875, 171.17088317871094, 425.562744140625, 275.49627685546875], [39.22093963623047, 247.7849884033203, 164.10401916503906, 301.25396728515625], [395.0560607910156, 192.16680908203125, 411.1048583984375, 211.15916442871094], [79.91706085205078, 247.82162475585938, 160.21640014648438, 294.7159118652344], [0.3272513747215271, 229.4608917236328, 11.92818546295166, 250.14675903320312], [38.353511810302734, 247.9452667236328, 156.578125, 288.3182678222656], [219.97691345214844, 187.2022247314453, 254.61676025390625, 272.5491638183594], [310.5329284667969, 87.98404693603516, 379.7035827636719, 167.93582153320312], [343.26300048828125, 91.8619155883789, 379.5086364746094, 164.82228088378906], [271.9387512207031, 168.50143432617188, 319.7823791503906, 223.46798706054688], [79.91706085205078, 247.82162475585938, 160.21640014648438, 294.7159118652344], [314.19525146484375, 91.32109832763672, 379.54864501953125, 198.96243286132812], [1.0158531665802002, 191.0163116455078, 61.8775520324707, 220.79139709472656], [1.0158531665802002, 191.0163116455078, 61.8775520324707, 220.79139709472656], [127.31278228759766, 279.3629455566406, 171.1324462890625, 302.695068359375], [308.1292419433594, 208.50636291503906, 499.7586669921875, 341.72357177734375], [38.188262939453125, 143.59454345703125, 158.75927734375, 283.3421936035156], [333.3954162597656, 91.49456787109375, 380.5327453613281, 174.0128173828125], [9.140979766845703, 231.04029846191406, 50.819149017333984, 250.8946533203125], [328.8264465332031, 90.99333190917969, 378.3976135253906, 167.16287231445312], [384.50787353515625, 171.62661743164062, 425.8122863769531, 214.20535278320312], [280.4384765625, 167.3340606689453, 320.56658935546875, 196.0576934814453], [99.85533142089844, 143.49884033203125, 113.38343048095703, 161.796630859375], [1.0158531665802002, 191.0163116455078, 61.8775520324707, 220.79139709472656], [385.9937438964844, 175.14971923828125, 424.8230285644531, 213.64683532714844], [70.76428985595703, 249.16506958007812, 181.06512451171875, 338.3788757324219], [358.6866455078125, 92.34807586669922, 380.0658264160156, 155.46437072753906], [310.62603759765625, 82.13200378417969, 379.75372314453125, 161.7028045654297], [0.053592026233673096, 138.90008544921875, 74.93052673339844, 251.43020629882812], [361.2524108886719, 92.20649719238281, 379.2771911621094, 119.38957214355469], [271.9387512207031, 168.50143432617188, 319.7823791503906, 223.46798706054688], [259.0082702636719, 172.15008544921875, 425.8479309082031, 213.2836456298828], [24.071842193603516, 240.21226501464844, 46.91775131225586, 251.8553466796875], [39.22093963623047, 247.7849884033203, 164.10401916503906, 301.25396728515625], [1.8428024053573608, 228.7932586669922, 52.91742706298828, 251.46400451660156], [81.01921081542969, 248.29432678222656, 157.35015869140625, 288.60235595703125], [76.41230010986328, 262.335205078125, 165.87648010253906, 300.935302734375], [79.93363952636719, 248.66502380371094, 166.5108184814453, 301.00811767578125], [0.88060462474823, 182.6341552734375, 26.56239128112793, 195.47047424316406], [110.97079467773438, 288.86456298828125, 130.04098510742188, 300.3149108886719], [38.353511810302734, 247.9452667236328, 156.578125, 288.3182678222656], [361.2524108886719, 92.20649719238281, 379.2771911621094, 119.38957214355469], [0.17379224300384521, 141.34356689453125, 152.5580596923828, 251.56005859375], [79.93363952636719, 248.66502380371094, 166.5108184814453, 301.00811767578125], [100.66739654541016, 283.57952880859375, 132.6849822998047, 300.87286376953125], [280.4384765625, 167.3340606689453, 320.56658935546875, 196.0576934814453], [45.55210494995117, 143.41761779785156, 320.0015869140625, 342.2469482421875], [100.1981201171875, 248.64187622070312, 146.7096710205078, 269.4637145996094], [247.91416931152344, 185.98123168945312, 308.1157531738281, 262.98944091796875], [100.1981201171875, 248.64187622070312, 146.7096710205078, 269.4637145996094], [40.434688568115234, 247.8947296142578, 184.1734619140625, 339.106201171875], [81.01921081542969, 248.29432678222656, 157.35015869140625, 288.60235595703125], [1.0962449312210083, 190.2988739013672, 61.61225891113281, 212.784912109375], [0.39664655923843384, 189.3553009033203, 158.8558807373047, 294.1001281738281], [278.62347412109375, 90.5406494140625, 378.582763671875, 196.93272399902344], [0.07742875814437866, 216.14785766601562, 10.110235214233398, 249.9743194580078], [248.92520141601562, 214.3858642578125, 281.4115905761719, 263.1919860839844], [100.66739654541016, 283.57952880859375, 132.6849822998047, 300.87286376953125], [1.8428024053573608, 228.7932586669922, 52.91742706298828, 251.46400451660156], [1.326039433479309, 227.69435119628906, 15.613980293273926, 249.8951416015625], [0.11184718459844589, 182.8749542236328, 27.00838851928711, 249.5584259033203], [219.35678100585938, 194.41046142578125, 229.1517333984375, 202.40968322753906], [395.0560607910156, 192.16680908203125, 411.1048583984375, 211.15916442871094], [394.1874084472656, 191.0649871826172, 414.9300842285156, 211.89515686035156], [259.0082702636719, 172.15008544921875, 425.8479309082031, 213.2836456298828], [72.49854278564453, 249.59066772460938, 158.44747924804688, 292.3044128417969], [148.76345825195312, 184.3761749267578, 500.46221923828125, 342.5088806152344], [0.17379224300384521, 141.34356689453125, 152.5580596923828, 251.56005859375], [24.117727279663086, 242.2540740966797, 38.771663665771484, 252.11752319335938], [96.59844970703125, 249.83963012695312, 163.65151977539062, 298.6519470214844], [38.06731033325195, 142.0154571533203, 498.6523742675781, 342.9979248046875], [247.8175048828125, 187.18153381347656, 286.2376708984375, 263.2894287109375], [0.053592026233673096, 138.90008544921875, 74.93052673339844, 251.43020629882812], [101.1948013305664, 197.66705322265625, 501.2303466796875, 341.97052001953125], [76.41230010986328, 262.335205078125, 165.87648010253906, 300.935302734375], [0.39664655923843384, 189.3553009033203, 158.8558807373047, 294.1001281738281], [0.11184718459844589, 182.8749542236328, 27.00838851928711, 249.5584259033203], [287.91796875, 190.22509765625, 307.91461181640625, 211.45211791992188], [9.561080932617188, 234.49058532714844, 17.50768280029297, 243.74026489257812], [220.31080627441406, 187.4351043701172, 239.22625732421875, 199.42465209960938], [109.26707458496094, 194.5714111328125, 495.1402587890625, 342.17462158203125], [310.82440185546875, 89.20987701416016, 379.803466796875, 189.99781799316406], [239.37135314941406, 262.0890808105469, 260.6650695800781, 294.56378173828125], [41.33766174316406, 241.40850830078125, 267.2730712890625, 339.3157958984375], [99.87786865234375, 248.5731658935547, 146.73011779785156, 269.4056091308594], [361.2524108886719, 92.20649719238281, 379.2771911621094, 119.38957214355469], [37.0352783203125, 143.62925720214844, 176.05691528320312, 283.0719299316406], [85.4072265625, 207.32666015625, 498.74688720703125, 341.51605224609375], [223.2789764404297, 187.377685546875, 240.45541381835938, 206.19674682617188], [225.41334533691406, 195.945556640625, 238.61972045898438, 206.1757354736328], [0.88060462474823, 182.6341552734375, 26.56239128112793, 195.47047424316406], [414.14288330078125, 195.44677734375, 425.86114501953125, 213.9911651611328], [0.11184718459844589, 182.8749542236328, 27.00838851928711, 249.5584259033203], [2.7755684852600098, 214.8782501220703, 45.56623458862305, 232.1708221435547], [0.39664655923843384, 189.3553009033203, 158.8558807373047, 294.1001281738281], [0.42229145765304565, 182.4828338623047, 27.012948989868164, 204.2090301513672], [406.1279296875, 194.5836944580078, 418.455078125, 213.00088500976562], [219.77589416503906, 188.2457733154297, 240.91757202148438, 206.24917602539062], [9.841103553771973, 229.94219970703125, 52.74476623535156, 244.6345977783203], [38.06731033325195, 142.0154571533203, 498.6523742675781, 342.9979248046875], [99.87786865234375, 248.5731658935547, 146.73011779785156, 269.4056091308594], [307.9814147949219, 207.9230194091797, 498.8079833984375, 341.5281677246094], [24.219810485839844, 237.1910858154297, 47.80457305908203, 251.88327026367188], [281.2886047363281, 90.94625854492188, 378.7437438964844, 197.3031768798828], [394.1874084472656, 191.0649871826172, 414.9300842285156, 211.89515686035156], [406.1279296875, 194.5836944580078, 418.455078125, 213.00088500976562], [24.219810485839844, 237.1910858154297, 47.80457305908203, 251.88327026367188], [38.487762451171875, 143.41036987304688, 254.11480712890625, 299.5567321777344], [24.071842193603516, 240.21226501464844, 46.91775131225586, 251.8553466796875], [359.7215270996094, 92.44273376464844, 380.3729553222656, 167.49313354492188], [320.6666259765625, 90.34561920166016, 379.1908264160156, 173.52935791015625], [38.48667526245117, 205.2525177001953, 266.818359375, 338.3506164550781], [352.70037841796875, 93.29249572753906, 381.3449401855469, 210.44247436523438], [271.9387512207031, 168.50143432617188, 319.7823791503906, 223.46798706054688], [0.42229145765304565, 182.4828338623047, 27.012948989868164, 204.2090301513672], [414.14288330078125, 195.44677734375, 425.86114501953125, 213.9911651611328], [358.6866455078125, 92.34807586669922, 380.0658264160156, 155.46437072753906], [258.27117919921875, 172.43544006347656, 304.2276306152344, 210.8236083984375], [239.37135314941406, 262.0890808105469, 260.6650695800781, 294.56378173828125], [2.7755684852600098, 214.8782501220703, 45.56623458862305, 232.1708221435547], [0.3272513747215271, 229.4608917236328, 11.92818546295166, 250.14675903320312], [94.00797271728516, 249.53074645996094, 156.38601684570312, 282.1759338378906], [341.72186279296875, 161.3880157470703, 352.47113037109375, 168.76272583007812], [258.04888916015625, 141.81451416015625, 320.66546630859375, 211.69717407226562], [-0.05730241537094116, 141.46238708496094, 202.49974060058594, 252.2655487060547], [110.97079467773438, 288.86456298828125, 130.04098510742188, 300.3149108886719], [280.4384765625, 167.3340606689453, 320.56658935546875, 196.0576934814453], [3.301724910736084, 215.0625762939453, 45.392635345458984, 230.60855102539062], [260.0299987792969, 183.86215209960938, 306.9538879394531, 212.13905334472656], [0.053592026233673096, 138.90008544921875, 74.93052673339844, 251.43020629882812], [306.9314270019531, 92.27764892578125, 378.12054443359375, 194.35501098632812], [38.5886344909668, 146.85121154785156, 248.65054321289062, 283.9215393066406], [414.14288330078125, 195.44677734375, 425.86114501953125, 213.9911651611328], [223.2789764404297, 187.377685546875, 240.45541381835938, 206.19674682617188], [1.0158531665802002, 191.0163116455078, 61.8775520324707, 220.79139709472656], [0.26645326614379883, 323.445556640625, 54.371864318847656, 343.153076171875], [0.39664655923843384, 189.3553009033203, 158.8558807373047, 294.1001281738281], [247.48086547851562, 183.49195861816406, 308.8820495605469, 265.92327880859375], [281.38140869140625, 90.60877227783203, 379.5870361328125, 198.60885620117188], [39.77956771850586, 144.2865753173828, 254.6457977294922, 339.65533447265625], [271.3363952636719, 185.5364532470703, 309.0479736328125, 224.2645263671875], [271.3363952636719, 185.5364532470703, 309.0479736328125, 224.2645263671875], [385.9937438964844, 175.14971923828125, 424.8230285644531, 213.64683532714844], [0.42229145765304565, 182.4828338623047, 27.012948989868164, 204.2090301513672], [0.26645326614379883, 323.445556640625, 54.371864318847656, 343.153076171875], [38.2859992980957, 143.8411407470703, 251.7900390625, 284.2046203613281], [0.02584792673587799, 214.74400329589844, 52.78276062011719, 251.4164276123047], [-0.05730241537094116, 141.46238708496094, 202.49974060058594, 252.2655487060547], [3.301724910736084, 215.0625762939453, 45.392635345458984, 230.60855102539062], [247.91416931152344, 185.98123168945312, 308.1157531738281, 262.98944091796875], [0.07742875814437866, 216.14785766601562, 10.110235214233398, 249.9743194580078], [383.61846923828125, 171.96038818359375, 414.36529541015625, 191.79180908203125], [0.17379224300384521, 141.34356689453125, 152.5580596923828, 251.56005859375], [317.5212707519531, 96.44178771972656, 379.211669921875, 186.1669158935547], [0.02584792673587799, 214.74400329589844, 52.78276062011719, 251.4164276123047], [79.91706085205078, 247.82162475585938, 160.21640014648438, 294.7159118652344], [223.2789764404297, 187.377685546875, 240.45541381835938, 206.19674682617188], [406.1279296875, 194.5836944580078, 418.455078125, 213.00088500976562], [9.140979766845703, 231.04029846191406, 50.819149017333984, 250.8946533203125], [1.326039433479309, 227.69435119628906, 15.613980293273926, 249.8951416015625], [259.2381896972656, 119.18083190917969, 319.8838195800781, 212.3699951171875], [0.26645326614379883, 323.445556640625, 54.371864318847656, 343.153076171875], [35.075496673583984, 241.8720245361328, 47.39994812011719, 251.99464416503906], [0.6567910313606262, 182.3450469970703, 26.168134689331055, 204.18824768066406], [394.2992858886719, 188.83642578125, 406.3695983886719, 194.1640625], [105.57562255859375, 276.48876953125, 142.83758544921875, 300.7276306152344], [258.5255432128906, 167.51670837402344, 320.23077392578125, 211.2655029296875], [1.8428024053573608, 228.7932586669922, 52.91742706298828, 251.46400451660156], [309.099609375, 241.66146850585938, 498.28302001953125, 342.30908203125], [72.49854278564453, 249.59066772460938, 158.44747924804688, 292.3044128417969], [223.75730895996094, 191.72207641601562, 235.35545349121094, 205.040771484375], [24.219810485839844, 237.1910858154297, 47.80457305908203, 251.88327026367188], [239.37135314941406, 262.0890808105469, 260.6650695800781, 294.56378173828125], [308.73858642578125, 92.1668472290039, 316.7413330078125, 108.91619110107422], [3.301724910736084, 215.0625762939453, 45.392635345458984, 230.60855102539062], [0.6567910313606262, 182.3450469970703, 26.168134689331055, 204.18824768066406], [8.277079582214355, 232.7375946044922, 16.086750030517578, 244.98915100097656], [76.41230010986328, 262.335205078125, 165.87648010253906, 300.935302734375], [87.88277435302734, 243.19195556640625, 498.5824279785156, 341.6148376464844], [100.1981201171875, 248.64187622070312, 146.7096710205078, 269.4637145996094], [258.5255432128906, 167.51670837402344, 320.23077392578125, 211.2655029296875], [314.19525146484375, 91.32109832763672, 379.54864501953125, 198.96243286132812], [219.77589416503906, 188.2457733154297, 240.91757202148438, 206.24917602539062], [0.6430279612541199, 191.9817352294922, 61.82875442504883, 251.02493286132812], [348.079833984375, 92.8708267211914, 381.1175537109375, 209.20947265625], [223.2789764404297, 187.377685546875, 240.45541381835938, 206.19674682617188], [105.57562255859375, 276.48876953125, 142.83758544921875, 300.7276306152344], [0.42229145765304565, 182.4828338623047, 27.012948989868164, 204.2090301513672], [248.1198272705078, 185.51820373535156, 307.83367919921875, 260.7037353515625], [260.0299987792969, 183.86215209960938, 306.9538879394531, 212.13905334472656], [0.26645326614379883, 323.445556640625, 54.371864318847656, 343.153076171875], [24.071842193603516, 240.21226501464844, 46.91775131225586, 251.8553466796875], [9.140979766845703, 231.04029846191406, 50.819149017333984, 250.8946533203125], [36.611881256103516, 145.30104064941406, 160.67050170898438, 300.8450622558594], [24.219810485839844, 237.1910858154297, 47.80457305908203, 251.88327026367188], [239.37135314941406, 262.0890808105469, 260.6650695800781, 294.56378173828125], [96.10981750488281, 248.13624572753906, 161.88803100585938, 300.8871154785156], [225.41334533691406, 195.945556640625, 238.61972045898438, 206.1757354736328], [24.117727279663086, 242.2540740966797, 38.771663665771484, 252.11752319335938], [258.5255432128906, 167.51670837402344, 320.23077392578125, 211.2655029296875], [308.614013671875, 93.93019104003906, 316.8900146484375, 118.5909194946289], [43.319339752197266, 226.18994140625, 52.15364456176758, 232.2335205078125], [0.39234989881515503, 231.03831481933594, 10.275529861450195, 249.9730987548828], [258.56341552734375, 146.84939575195312, 319.59954833984375, 214.10372924804688], [38.06731033325195, 142.0154571533203, 498.6523742675781, 342.9979248046875], [394.2992858886719, 188.83642578125, 406.3695983886719, 194.1640625], [248.92520141601562, 214.3858642578125, 281.4115905761719, 263.1919860839844], [1.7640087604522705, 219.56069946289062, 18.106571197509766, 250.08065795898438], [81.01921081542969, 248.29432678222656, 157.35015869140625, 288.60235595703125], [382.59771728515625, 171.98802185058594, 497.86053466796875, 341.2180480957031], [398.89630126953125, 192.91436767578125, 413.85528564453125, 211.74818420410156], [75.10033416748047, 248.29501342773438, 146.96644592285156, 270.5475769042969], [96.10981750488281, 248.13624572753906, 161.88803100585938, 300.8871154785156]), Score: [0.970999538898468, 0.9334835410118103, 0.8601706624031067, 0.5155518054962158, 0.44195321202278137, 0.3825536072254181, 0.33239829540252686, 0.2507672607898712, 0.2341163456439972, 0.1610107719898224, 0.12191952019929886, 0.10987786203622818, 0.10371480137109756, 0.1023026555776596, 0.10217979550361633, 0.09817148745059967, 0.0981033518910408, 0.09719078242778778, 0.09571172297000885, 0.09551739692687988, 0.09501025825738907, 0.09305965155363083, 0.09085704386234283, 0.0893658995628357, 0.08530741930007935, 0.0800379291176796, 0.07844718545675278, 0.07771109789609909, 0.07573941349983215, 0.07541192322969437, 0.07358357310295105, 0.07315747439861298, 0.07222089916467667, 0.07190604507923126, 0.07137836515903473, 0.06938619911670685, 0.06832527369260788, 0.06764499098062515, 0.06694700568914413, 0.06616956740617752, 0.06549930572509766, 0.0654117688536644, 0.06382511556148529, 0.06108461692929268, 0.06095754727721214, 0.06054046005010605, 0.059538744390010834, 0.05932394415140152, 0.05837390944361687, 0.05657801032066345, 0.05620544031262398, 0.05546119809150696, 0.055192720144987106, 0.05487683787941933, 0.05479768291115761, 0.054593589156866074, 0.05442853644490242, 0.053705845028162, 0.05337315797805786, 0.05311461538076401, 0.05254747346043587, 0.05243818461894989, 0.05234995111823082, 0.05232618376612663, 0.052134256809949875, 0.05171085149049759, 0.051690664142370224, 0.05156325921416283, 0.05103812366724014, 0.050807300955057144, 0.04996136203408241, 0.048714231699705124, 0.04870980232954025, 0.0486057847738266, 0.048522502183914185, 0.0484294667840004, 0.04598413407802582, 0.04474319517612457, 0.04436744004487991, 0.04406769573688507, 0.044061146676540375, 0.04277931526303291, 0.04253692924976349, 0.04250907152891159, 0.04217678681015968, 0.04217536374926567, 0.04211890324950218, 0.041988372802734375, 0.0417383648455143, 0.041040968149900436, 0.0403541699051857, 0.04019474610686302, 0.03981529176235199, 0.03965812176465988, 0.03878706321120262, 0.038729168474674225, 0.038567326962947845, 0.03847986087203026, 0.038224682211875916, 0.03789818286895752, 0.03771970793604851, 0.03757853806018829, 0.03745822235941887, 0.037271734327077866, 0.03712485358119011, 0.037046998739242554, 0.03683367744088173, 0.03678805008530617, 0.03677848353981972, 0.036638543009757996, 0.03644606098532677, 0.036149196326732635, 0.03599144145846367, 0.03584984689950943, 0.0358477458357811, 0.03577665612101555, 0.03569371998310089, 0.035184234380722046, 0.03504203259944916, 0.034920237958431244, 0.034811388701200485, 0.03461885452270508, 0.03455817326903343, 0.03453943878412247, 0.03441091254353523, 0.034405265003442764, 0.03431280702352524, 0.03414032608270645, 0.03399960324168205, 0.033998921513557434, 0.03395533561706543, 0.033917173743247986, 0.033814530819654465, 0.03369966149330139, 0.03342059627175331, 0.0332648791372776, 0.03326331451535225, 0.033228401094675064, 0.0330774150788784, 0.033046308904886246, 0.032996293157339096, 0.03296753391623497, 0.032908473163843155, 0.03276924043893814, 0.03266862779855728, 0.03257943317294121, 0.03232019394636154, 0.03228011727333069, 0.0322318971157074, 0.0322226844727993, 0.03218428045511246, 0.03211924061179161, 0.03192635998129845, 0.0317414328455925, 0.03168465197086334, 0.03157007694244385, 0.03147521987557411, 0.03137900307774544, 0.03136527165770531, 0.03132699802517891, 0.031084498390555382, 0.03105223923921585, 0.031023340299725533, 0.03073187917470932, 0.030576590448617935, 0.03037312440574169, 0.030371371656656265, 0.030347462743520737, 0.030313199386000633, 0.03030731901526451, 0.030218442901968956, 0.030202098190784454, 0.03002949059009552, 0.029974082484841347, 0.029928000643849373, 0.029646769165992737, 0.029627954587340355, 0.02959565259516239, 0.029506109654903412, 0.02942703105509281, 0.02919217385351658, 0.029026012867689133, 0.029022935777902603, 0.02900071069598198, 0.028919273987412453, 0.02885247766971588, 0.028842071071267128, 0.028781509026885033, 0.02876339852809906, 0.028550835326313972, 0.028488490730524063, 0.028423847630620003, 0.028229892253875732, 0.02821342833340168, 0.028075776994228363, 0.028043540194630623, 0.02801097370684147, 0.027918362990021706, 0.02789086475968361, 0.027737556025385857, 0.02766326628625393, 0.027505943551659584, 0.02729569934308529, 0.027238205075263977, 0.02722105383872986, 0.02717195264995098, 0.027075456455349922, 0.027052460238337517, 0.02703668922185898, 0.02691907435655594, 0.026738403365015984, 0.026704609394073486, 0.026653409004211426, 0.02640383131802082, 0.02636660635471344, 0.02635195106267929, 0.02634216472506523, 0.026230331510305405, 0.026230113580822945, 0.026138952001929283, 0.026109274476766586, 0.026058627292513847, 0.026029501110315323, 0.02599215693771839, 0.025976888835430145, 0.025837356224656105, 0.025584202259778976, 0.025570226833224297, 0.025537366047501564, 0.02546852082014084, 0.025363672524690628, 0.0253429152071476, 0.025258833542466164, 0.02525402046740055, 0.02506434917449951, 0.02487901784479618, 0.024848751723766327, 0.02484210953116417, 0.02461724355816841, 0.02450047805905342, 0.024493247270584106, 0.024435749277472496, 0.024421023204922676, 0.02436681091785431, 0.024348897859454155, 0.02433442510664463, 0.02433384582400322, 0.024302178993821144, 0.024160487577319145, 0.02405865676701069, 0.02404596470296383, 0.024006744846701622, 0.023894624784588814, 0.02384975552558899, 0.023846657946705818, 0.023834990337491035, 0.023752806708216667, 0.023712636902928352, 0.023597218096256256, 0.02356250397861004, 0.023555921390652657, 0.023551316931843758, 0.023530051112174988, 0.023492425680160522, 0.023471558466553688, 0.02346368506550789, 0.023332061246037483, 0.023320605978369713, 0.023294728249311447, 0.02325373888015747, 0.023153109475970268, 0.023144418373703957, 0.02303362637758255, 0.022871684283018112, 0.02285529486835003, 0.02281251549720764, 0.02276860736310482, 0.02273472398519516, 0.02272151969373226, 0.022630076855421066, 0.022603534162044525, 0.022506436333060265, 0.022449951618909836, 0.022366492077708244, 0.022352274507284164, 0.02228889800608158, 0.022267336025834084, 0.02222595177590847, 0.022135406732559204, 0.022057820111513138, 0.02205675095319748, 0.02195424772799015, 0.021847853437066078, 0.021828725934028625, 0.021739093586802483, 0.021738925948739052, 0.021736016497015953, 0.021693725138902664, 0.021628759801387787, 0.021530546247959137]

Execution time: 0.4041 sec
