Label: tensor([16, 16, 59, 16, 57, 24, 16, 57, 26, 16, 24, 56, 73, 57, 28, 59, 56, 56,
        73, 57, 56, 26, 28, 56, 73, 57, 73, 16, 57, 28, 73, 26, 56,  0, 56, 16,
        28, 56, 57, 57, 73, 56, 24, 57, 73,  0, 56, 59, 73, 59, 59, 59, 16, 59,
        57, 73, 26, 15, 59, 24, 56, 73, 26, 59, 57, 59, 59, 56, 59, 73, 57, 73,
        26, 16, 56, 26, 57, 59, 57, 57, 24, 16, 59, 59, 73, 57, 57, 59, 57, 57,
        59, 73, 26, 57, 57, 13, 26, 57, 59, 57, 59, 73, 59, 59, 57, 15, 28, 57,
        57, 57, 59, 16, 56, 24, 57, 56, 16,  0, 57, 59, 59, 57, 59, 59, 60, 57,
        57, 57, 57, 24, 59, 57, 57, 59,  0, 59, 59, 59, 57, 65, 57, 57, 57, 16,
        59, 59, 60, 57, 59, 16, 24, 56, 59,  0, 59, 56,  0, 59, 59, 16, 57, 57,
        15, 57, 26, 57, 16, 59, 59,  0, 59, 16, 57, 60, 73, 57, 57,  0, 56, 57,
        59, 57, 59, 59, 73, 73, 16, 56, 59, 57, 57, 59, 57, 59, 59, 57, 16, 57,
        59, 16, 57, 59, 59, 57, 59, 57, 74, 77, 57, 28, 59, 57, 67, 16, 16, 56,
        57, 16, 28, 65, 59, 59, 59,  0, 57,  0, 57, 57, 57, 60, 59, 59, 57, 59,
        15, 59, 59, 73, 56, 18, 57, 28, 24,  0, 59, 57,  0, 73, 59, 57, 16, 56,
        73, 59, 57, 57, 16, 57, 57, 15, 57, 16, 57,  0, 59,  0, 15, 13, 57, 57,
        28, 57, 16, 59, 28,  0, 15,  0, 57, 26, 15, 65, 28, 26, 59, 15, 16, 77,
        57, 59, 59, 15, 59, 57, 57, 28, 28, 74, 56,  0]), Box: ([18.822877883911133, 201.96510314941406, 386.6564025878906, 361.718994140625], [69.05361938476562, 147.94786071777344, 455.54754638671875, 235.98944091796875], [-0.10238587856292725, -0.23650377988815308, 499.8281555175781, 374.7525329589844], [51.22279357910156, 57.91425323486328, 296.02825927734375, 156.18809509277344], [-0.10238587856292725, -0.23650377988815308, 499.8281555175781, 374.7525329589844], [438.5669250488281, 36.341148376464844, 499.91357421875, 150.73992919921875], [161.0496063232422, 56.98192596435547, 296.29803466796875, 155.96511840820312], [-0.08448958396911621, -0.33174455165863037, 499.9104919433594, 374.64801025390625], [438.5669250488281, 36.341148376464844, 499.91357421875, 150.73992919921875], [55.10393524169922, 62.2371826171875, 203.3394012451172, 133.5023193359375], [438.1822814941406, 36.26365661621094, 499.8895568847656, 207.71759033203125], [402.4786071777344, 0.0010617077350616455, 458.07550048828125, 75.23550415039062], [421.1094970703125, 0.013077165931463242, 436.5489501953125, 44.066280364990234], [438.1822814941406, 36.26365661621094, 499.8895568847656, 207.71759033203125], [438.5669250488281, 36.341148376464844, 499.91357421875, 150.73992919921875], [-0.08448958396911621, -0.33174455165863037, 499.9104919433594, 374.64801025390625], [401.2652893066406, -0.022055581212043762, 499.9087219238281, 153.20223999023438], [433.89166259765625, 0.34421682357788086, 500.0294494628906, 154.00930786132812], [425.1901550292969, -0.11408887803554535, 457.8161315917969, 74.22247314453125], [433.89166259765625, 0.34421682357788086, 500.0294494628906, 154.00930786132812], [425.52679443359375, -0.06242282688617706, 499.58056640625, 76.1456527709961], [438.1822814941406, 36.26365661621094, 499.8895568847656, 207.71759033203125], [438.1822814941406, 36.26365661621094, 499.8895568847656, 207.71759033203125], [-0.08448958396911621, -0.33174455165863037, 499.9104919433594, 374.64801025390625], [421.9604797363281, 4.67507791519165, 433.3515625, 43.99514389038086], [401.2652893066406, -0.022055581212043762, 499.9087219238281, 153.20223999023438], [402.4786071777344, 0.0010617077350616455, 458.07550048828125, 75.23550415039062], [27.81549072265625, 62.300838470458984, 201.9915771484375, 133.75711059570312], [438.5669250488281, 36.341148376464844, 499.91357421875, 150.73992919921875], [437.9164123535156, 35.82326889038086, 500.1473388671875, 151.19036865234375], [403.982666015625, 0.13476982712745667, 426.5136413574219, 32.23769760131836], [437.9164123535156, 35.82326889038086, 500.1473388671875, 151.19036865234375], [401.6221923828125, -0.1151030883193016, 499.73712158203125, 66.79611206054688], [-0.08448958396911621, -0.33174455165863037, 499.9104919433594, 374.64801025390625], [425.1901550292969, -0.11408887803554535, 457.8161315917969, 74.22247314453125], [70.75150299072266, 148.68775939941406, 456.2360534667969, 236.16171264648438], [433.89166259765625, 0.34421682357788086, 500.0294494628906, 154.00930786132812], [441.5120544433594, 0.1786407083272934, 499.5716247558594, 63.683631896972656], [-0.059410929679870605, 0.4072152078151703, 499.3406677246094, 212.0537872314453], [-0.5631446838378906, 0.3407411277294159, 499.181640625, 190.98562622070312], [403.256103515625, 0.10512024164199829, 437.085693359375, 43.928367614746094], [438.1822814941406, 36.26365661621094, 499.8895568847656, 207.71759033203125], [433.89166259765625, 0.34421682357788086, 500.0294494628906, 154.00930786132812], [-1.743420958518982, 0.11722370982170105, 498.2364807128906, 154.97279357910156], [420.55694580078125, -0.0847480297088623, 455.8968200683594, 45.96255874633789], [-0.10238587856292725, -0.23650377988815308, 499.8281555175781, 374.7525329589844], [401.3246765136719, -0.11527072638273239, 455.8360595703125, 74.70857238769531], [438.1822814941406, 36.26365661621094, 499.8895568847656, 207.71759033203125], [423.2291259765625, 8.630874633789062, 432.78900146484375, 44.98450469970703], [-0.059410929679870605, 0.4072152078151703, 499.3406677246094, 212.0537872314453], [347.23297119140625, 208.2234649658203, 499.6697692871094, 373.382568359375], [315.5385437011719, 141.809326171875, 500.32061767578125, 372.4012145996094], [19.10807228088379, 200.66607666015625, 386.39569091796875, 362.4736022949219], [0.8420050144195557, 144.77655029296875, 498.9437561035156, 371.9915771484375], [348.7046813964844, 0.14443695545196533, 499.6319274902344, 209.8284912109375], [425.1257629394531, -0.08815526962280273, 457.92822265625, 75.06918334960938], [433.89166259765625, 0.34421682357788086, 500.0294494628906, 154.00930786132812], [70.75150299072266, 148.68775939941406, 456.2360534667969, 236.16171264648438], [339.7093505859375, 35.620094299316406, 499.9967346191406, 372.8594055175781], [440.8065490722656, 36.113529205322266, 500.03369140625, 96.8236312866211], [403.256103515625, 0.10512024164199829, 437.085693359375, 43.928367614746094], [423.83050537109375, -0.3392980396747589, 450.53057861328125, 44.35689926147461], [402.4786071777344, 0.0010617077350616455, 458.07550048828125, 75.23550415039062], [-1.743420958518982, 0.11722370982170105, 498.2364807128906, 154.97279357910156], [0.5396902561187744, -0.4245154559612274, 442.83526611328125, 129.51548767089844], [-0.5631446838378906, 0.3407411277294159, 499.181640625, 190.98562622070312], [466.3263854980469, 134.92730712890625, 499.6600341796875, 212.1239471435547], [438.5669250488281, 36.341148376464844, 499.91357421875, 150.73992919921875], [0.5396902561187744, -0.4245154559612274, 442.83526611328125, 129.51548767089844], [422.1006164550781, 0.08777669072151184, 438.6297607421875, 44.65884780883789], [0.7153600454330444, 0.09910203516483307, 431.33831787109375, 108.64432525634766], [401.3246765136719, -0.11527072638273239, 455.8360595703125, 74.70857238769531], [440.8065490722656, 36.113529205322266, 500.03369140625, 96.8236312866211], [54.88478469848633, 59.40593338012695, 296.3284912109375, 156.59812927246094], [403.982666015625, 0.13476982712745667, 426.5136413574219, 32.23769760131836], [401.2652893066406, -0.022055581212043762, 499.9087219238281, 153.20223999023438], [435.8603515625, 36.697750091552734, 499.5965576171875, 368.3970642089844], [7.758766174316406, 201.88291931152344, 496.8344421386719, 373.46337890625], [350.0492858886719, 0.2705007791519165, 500.1542053222656, 154.6027374267578], [466.3263854980469, 134.92730712890625, 499.6600341796875, 212.1239471435547], [437.9164123535156, 35.82326889038086, 500.1473388671875, 151.19036865234375], [18.87165069580078, 145.50897216796875, 454.086669921875, 360.5183410644531], [401.2652893066406, -0.022055581212043762, 499.9087219238281, 153.20223999023438], [0.7153600454330444, 0.09910203516483307, 431.33831787109375, 108.64432525634766], [420.1474304199219, 6.000390529632568, 428.24591064453125, 38.34550094604492], [0.8798092603683472, 5.157709121704102, 497.6899719238281, 236.76992797851562], [0.43489038944244385, -0.33566728234291077, 435.2044372558594, 105.59526824951172], [52.183597564697266, 1.3293027877807617, 497.9464111328125, 372.05853271484375], [339.7093505859375, 35.620094299316406, 499.9967346191406, 372.8594055175781], [19.053295135498047, 142.75753784179688, 459.5730285644531, 364.96026611328125], [433.89166259765625, 0.34421682357788086, 500.0294494628906, 154.00930786132812], [406.9579772949219, 0.05910499021410942, 422.31036376953125, 26.37103843688965], [439.4090270996094, 36.64634704589844, 480.8326416015625, 125.34850311279297], [0.1398921012878418, 0.43623894453048706, 441.0418395996094, 105.06239318847656], [402.4786071777344, 0.0010617077350616455, 458.07550048828125, 75.23550415039062], [402.4786071777344, 0.0010617077350616455, 458.07550048828125, 75.23550415039062], [442.11529541015625, 35.9354362487793, 499.8915710449219, 114.4792709350586], [0.5792528390884399, 0.17768517136573792, 368.1530456542969, 195.97145080566406], [156.07382202148438, 1.4685988426208496, 498.6072082519531, 371.6343994140625], [52.183597564697266, 1.3293027877807617, 497.9464111328125, 372.05853271484375], [326.057373046875, -0.2783350646495819, 500.05047607421875, 374.708984375], [424.56494140625, -0.838859498500824, 455.0865478515625, 44.039669036865234], [0.6425082683563232, 56.210384368896484, 500.6004638671875, 369.6371154785156], [42.31222152709961, -0.7641278505325317, 497.71063232421875, 374.17919921875], [-0.9398907423019409, -0.17771869897842407, 499.0487060546875, 277.8941650390625], [54.88478469848633, 59.40593338012695, 296.3284912109375, 156.59812927246094], [401.2652893066406, -0.022055581212043762, 499.9087219238281, 153.20223999023438], [315.5385437011719, 141.809326171875, 500.32061767578125, 372.4012145996094], [157.4226531982422, -0.17348863184452057, 498.8444519042969, 169.5906219482422], [0.8420050144195557, 144.77655029296875, 498.9437561035156, 371.9915771484375], [0.1398921012878418, 0.43623894453048706, 441.0418395996094, 105.06239318847656], [438.5669250488281, 36.341148376464844, 499.91357421875, 150.73992919921875], [350.0492858886719, 0.2705007791519165, 500.1542053222656, 154.6027374267578], [401.2652893066406, -0.022055581212043762, 499.9087219238281, 153.20223999023438], [156.07382202148438, 1.4685988426208496, 498.6072082519531, 371.6343994140625], [348.7046813964844, 0.14443695545196533, 499.6319274902344, 209.8284912109375], [-0.08448958396911621, -0.33174455165863037, 499.9104919433594, 374.64801025390625], [401.2652893066406, -0.022055581212043762, 499.9087219238281, 153.20223999023438], [435.8915710449219, 33.73031997680664, 499.2830810546875, 310.1929016113281], [346.4519348144531, 0.7761753797531128, 500.1654052734375, 374.2115783691406], [0.43489038944244385, -0.33566728234291077, 435.2044372558594, 105.59526824951172], [42.31222152709961, -0.7641278505325317, 497.71063232421875, 374.17919921875], [19.053295135498047, 142.75753784179688, 459.5730285644531, 364.96026611328125], [51.22279357910156, 57.91425323486328, 296.02825927734375, 156.18809509277344], [402.4786071777344, 0.0010617077350616455, 458.07550048828125, 75.23550415039062], [0.0152587890625, -0.4122890532016754, 499.97998046875, 374.5298156738281], [51.22279357910156, 57.91425323486328, 296.02825927734375, 156.18809509277344], [150.75965881347656, 0.3586895763874054, 499.88543701171875, 213.6374969482422], [0.6425082683563232, 56.210384368896484, 500.6004638671875, 369.6371154785156], [442.11529541015625, 35.9354362487793, 499.8915710449219, 114.4792709350586], [435.8603515625, 36.697750091552734, 499.5965576171875, 368.3970642089844], [315.77734375, 0.08509308099746704, 499.2528991699219, 155.4216766357422], [1.7940551042556763, -0.386657178401947, 422.9701232910156, 105.04717254638672], [0.5792528390884399, 0.17768517136573792, 368.1530456542969, 195.97145080566406], [-0.059410929679870605, 0.4072152078151703, 499.3406677246094, 212.0537872314453], [5.49606990814209, 58.338829040527344, 492.7366943359375, 372.3725280761719], [438.5669250488281, 36.341148376464844, 499.91357421875, 150.73992919921875], [0.03384053707122803, 0.4394855499267578, 232.09132385253906, 126.49058532714844], [0.38745999336242676, -0.2585816979408264, 396.4066162109375, 114.84117126464844], [27.55901527404785, 109.98716735839844, 63.76610565185547, 132.4243621826172], [161.0496063232422, 56.98192596435547, 296.29803466796875, 155.96511840820312], [425.52679443359375, -0.06242282688617706, 499.58056640625, 76.1456527709961], [0.03384053707122803, 0.4394855499267578, 232.09132385253906, 126.49058532714844], [9.880855560302734, 143.73782348632812, 489.65252685546875, 369.92181396484375], [208.40296936035156, 36.969913482666016, 498.19195556640625, 371.1558532714844], [234.39820861816406, 143.34130859375, 499.3681640625, 372.5237731933594], [-0.08448958396911621, -0.33174455165863037, 499.9104919433594, 374.64801025390625], [35.910545349121094, 31.449974060058594, 463.0591125488281, 176.1494903564453], [0.8798092603683472, 5.157709121704102, 497.6899719238281, 236.76992797851562], [69.80257415771484, 153.9121551513672, 305.2122497558594, 229.52774047851562], [439.4090270996094, 36.64634704589844, 480.8326416015625, 125.34850311279297], [-0.10238587856292725, -0.23650377988815308, 499.8281555175781, 374.7525329589844], [9.880855560302734, 143.73782348632812, 489.65252685546875, 369.92181396484375], [466.3263854980469, 134.92730712890625, 499.6600341796875, 212.1239471435547], [308.3681945800781, 0.6444566249847412, 499.79425048828125, 373.43328857421875], [420.55694580078125, -0.0847480297088623, 455.8968200683594, 45.96255874633789], [433.89166259765625, 0.34421682357788086, 500.0294494628906, 154.00930786132812], [1.7940551042556763, -0.386657178401947, 422.9701232910156, 105.04717254638672], [0.38745999336242676, -0.2585816979408264, 396.4066162109375, 114.84117126464844], [0.8798092603683472, 5.157709121704102, 497.6899719238281, 236.76992797851562], [55.10393524169922, 62.2371826171875, 203.3394012451172, 133.5023193359375], [346.4519348144531, 0.7761753797531128, 500.1654052734375, 374.2115783691406], [19.10807228088379, 200.66607666015625, 386.39569091796875, 362.4736022949219], [0.25372207164764404, -1.1611617803573608, 294.2489318847656, 372.0577087402344], [425.52679443359375, -0.06242282688617706, 499.58056640625, 76.1456527709961], [-0.03166496753692627, 0.584816575050354, 169.22235107421875, 126.9696273803711], [5.232781410217285, 57.29541015625, 503.0475769042969, 216.4652862548828], [317.1761779785156, 0.5792900919914246, 499.9350891113281, 373.1484069824219], [-0.03166496753692627, 0.584816575050354, 169.22235107421875, 126.9696273803711], [438.1822814941406, 36.26365661621094, 499.8895568847656, 207.71759033203125], [0.25372207164764404, -1.1611617803573608, 294.2489318847656, 372.0577087402344], [31.540260314941406, 54.97210693359375, 469.3639221191406, 230.4739990234375], [441.8293151855469, 34.03572463989258, 499.582275390625, 266.4997863769531], [401.2652893066406, -0.022055581212043762, 499.9087219238281, 153.20223999023438], [425.52679443359375, -0.06242282688617706, 499.58056640625, 76.1456527709961], [347.23297119140625, 208.2234649658203, 499.6697692871094, 373.382568359375], [400.4783020019531, -0.18720701336860657, 500.0193176269531, 150.97206115722656], [438.5669250488281, 36.341148376464844, 499.91357421875, 150.73992919921875], [425.1257629394531, -0.08815526962280273, 457.92822265625, 75.06918334960938], [152.8447723388672, 0.5040429830551147, 404.6455078125, 159.7571563720703], [150.75965881347656, 0.3586895763874054, 499.88543701171875, 213.6374969482422], [326.057373046875, -0.2783350646495819, 500.05047607421875, 374.708984375], [247.54953002929688, 211.09776306152344, 500.092041015625, 373.8297119140625], [348.7046813964844, 0.14443695545196533, 499.6319274902344, 209.8284912109375], [433.0411376953125, -0.7791775465011597, 455.7018127441406, 29.688154220581055], [401.6221923828125, -0.1151030883193016, 499.73712158203125, 66.79611206054688], [19.053295135498047, 142.75753784179688, 459.5730285644531, 364.96026611328125], [421.1094970703125, 0.013077165931463242, 436.5489501953125, 44.066280364990234], [157.4226531982422, -0.17348863184452057, 498.8444519042969, 169.5906219482422], [-1.0976791381835938, 0.3716312348842621, 471.08697509765625, 135.11891174316406], [1.147456407546997, 1.4772489070892334, 242.1005401611328, 222.4813995361328], [299.0072326660156, 26.702463150024414, 499.7728576660156, 370.3817138671875], [5.49606990814209, 58.338829040527344, 492.7366943359375, 372.3725280761719], [17.785505294799805, 54.02668380737305, 471.3980407714844, 366.25714111328125], [435.8915710449219, 33.73031997680664, 499.2830810546875, 310.1929016113281], [11.284857749938965, 54.96979522705078, 495.35748291015625, 364.4852600097656], [46.645729064941406, 57.52334213256836, 456.0625305175781, 236.38609313964844], [20.61893081665039, 19.358440399169922, 473.4096984863281, 286.44189453125], [283.764892578125, 1.1745058298110962, 499.65899658203125, 371.001953125], [55.45315170288086, 54.7021598815918, 477.4684143066406, 237.0214080810547], [208.40296936035156, 36.969913482666016, 498.19195556640625, 371.1558532714844], [152.8447723388672, 0.5040429830551147, 404.6455078125, 159.7571563720703], [0.0152587890625, -0.4122890532016754, 499.97998046875, 374.5298156738281], [17.785505294799805, 54.02668380737305, 471.3980407714844, 366.25714111328125], [-0.9398907423019409, -0.17771869897842407, 499.0487060546875, 277.8941650390625], [33.150596618652344, 1.1443756818771362, 482.23321533203125, 325.1973571777344], [311.4368896484375, 163.26028442382812, 347.7438659667969, 182.75723266601562], [51.22279357910156, 57.91425323486328, 296.02825927734375, 156.18809509277344], [7.758766174316406, 201.88291931152344, 496.8344421386719, 373.46337890625], [438.0433349609375, 35.55281066894531, 499.98309326171875, 206.78765869140625], [168.04147338867188, 117.42887878417969, 499.3989562988281, 370.3353576660156], [0.003248453140258789, -0.31712090969085693, 433.81805419921875, 103.40895080566406], [310.9862976074219, 161.54678344726562, 327.549560546875, 171.74563598632812], [-1.8550008535385132, 61.08698654174805, 296.035888671875, 240.9784698486328], [-0.059410929679870605, 0.4072152078151703, 499.3406677246094, 212.0537872314453], [400.4783020019531, -0.18720701336860657, 500.0193176269531, 150.97206115722656], [438.0433349609375, 35.55281066894531, 499.98309326171875, 206.78765869140625], [49.361183166503906, 57.19641876220703, 466.4953918457031, 205.01406860351562], [442.11529541015625, 35.9354362487793, 499.8915710449219, 114.4792709350586], [28.07965850830078, 83.74971771240234, 83.91938018798828, 132.735107421875], [350.0492858886719, 0.2705007791519165, 500.1542053222656, 154.6027374267578], [441.8293151855469, 34.03572463989258, 499.582275390625, 266.4997863769531], [35.910545349121094, 31.449974060058594, 463.0591125488281, 176.1494903564453], [-1.743420958518982, 0.11722370982170105, 498.2364807128906, 154.97279357910156], [308.3681945800781, 0.6444566249847412, 499.79425048828125, 373.43328857421875], [0.8798092603683472, 5.157709121704102, 497.6899719238281, 236.76992797851562], [317.1761779785156, 0.5792900919914246, 499.9350891113281, 373.1484069824219], [19.10807228088379, 200.66607666015625, 386.39569091796875, 362.4736022949219], [27.81549072265625, 62.300838470458984, 201.9915771484375, 133.75711059570312], [425.52679443359375, -0.06242282688617706, 499.58056640625, 76.1456527709961], [402.4786071777344, 0.0010617077350616455, 458.07550048828125, 75.23550415039062], [268.53662109375, 2.098705530166626, 499.6069641113281, 369.4397888183594], [425.1901550292969, -0.11408887803554535, 457.8161315917969, 74.22247314453125], [2.9513463973999023, 5.905553817749023, 232.4723663330078, 220.4992218017578], [466.3263854980469, 134.92730712890625, 499.6600341796875, 212.1239471435547], [1.147456407546997, 1.4772489070892334, 242.1005401611328, 222.4813995361328], [11.284857749938965, 54.96979522705078, 495.35748291015625, 364.4852600097656], [452.1523742675781, -0.14138175547122955, 500.0398864746094, 13.9146089553833], [315.77734375, 0.08509308099746704, 499.2528991699219, 155.4216766357422], [51.22279357910156, 57.91425323486328, 296.02825927734375, 156.18809509277344], [234.39820861816406, 143.34130859375, 499.3681640625, 372.5237731933594], [-0.10238587856292725, -0.23650377988815308, 499.8281555175781, 374.7525329589844], [438.0433349609375, 35.55281066894531, 499.98309326171875, 206.78765869140625], [-0.5631446838378906, 0.3407411277294159, 499.181640625, 190.98562622070312], [13.721450805664062, 55.879364013671875, 493.9843444824219, 367.4815368652344], [461.85540771484375, 90.18404388427734, 499.6590576171875, 214.7610321044922], [402.4786071777344, 0.0010617077350616455, 458.07550048828125, 75.23550415039062], [405.58404541015625, -0.5600780844688416, 424.6709289550781, 23.13198471069336], [0.003248453140258789, -0.31712090969085693, 433.81805419921875, 103.40895080566406], [340.7221374511719, 0.5170292854309082, 499.43048095703125, 214.0897674560547], [438.1822814941406, 36.26365661621094, 499.8895568847656, 207.71759033203125], [435.8915710449219, 33.73031997680664, 499.2830810546875, 310.1929016113281], [421.98748779296875, 7.847755432128906, 430.6374206542969, 41.547340393066406], [461.85540771484375, 90.18404388427734, 499.6590576171875, 214.7610321044922], [299.0072326660156, 26.702463150024414, 499.7728576660156, 370.3817138671875], [2.9513463973999023, 5.905553817749023, 232.4723663330078, 220.4992218017578], [13.861634254455566, 65.74282836914062, 210.06581115722656, 316.7826232910156], [31.540260314941406, 54.97210693359375, 469.3639221191406, 230.4739990234375], [55.45315170288086, 54.7021598815918, 477.4684143066406, 237.0214080810547], [51.22279357910156, 57.91425323486328, 296.02825927734375, 156.18809509277344], [5.232781410217285, 57.29541015625, 503.0475769042969, 216.4652862548828], [288.7774353027344, 148.19894409179688, 455.0184326171875, 227.43580627441406], [9.880855560302734, 143.73782348632812, 489.65252685546875, 369.92181396484375], [150.75965881347656, 0.3586895763874054, 499.88543701171875, 213.6374969482422], [315.77734375, 0.08509308099746704, 499.2528991699219, 155.4216766357422], [350.0492858886719, 0.2705007791519165, 500.1542053222656, 154.6027374267578], [27.81549072265625, 62.300838470458984, 201.9915771484375, 133.75711059570312], [401.2652893066406, -0.022055581212043762, 499.9087219238281, 153.20223999023438], [13.721450805664062, 55.879364013671875, 493.9843444824219, 367.4815368652344], [283.764892578125, 1.1745058298110962, 499.65899658203125, 371.001953125], [440.8065490722656, 36.113529205322266, 500.03369140625, 96.8236312866211], [168.04147338867188, 117.42887878417969, 499.3989562988281, 370.3353576660156], [0.8420050144195557, 144.77655029296875, 498.9437561035156, 371.9915771484375], [-1.0976791381835938, 0.3716312348842621, 471.08697509765625, 135.11891174316406], [437.26739501953125, 34.60519027709961, 500.1433410644531, 208.33482360839844], [315.77734375, 0.08509308099746704, 499.2528991699219, 155.4216766357422], [438.5669250488281, 36.341148376464844, 499.91357421875, 150.73992919921875], [348.7046813964844, 0.14443695545196533, 499.6319274902344, 209.8284912109375], [49.361183166503906, 57.19641876220703, 466.4953918457031, 205.01406860351562], [401.3246765136719, -0.11527072638273239, 455.8360595703125, 74.70857238769531], [160.8971710205078, 56.6477165222168, 296.41943359375, 156.8448486328125], [27.592222213745117, 105.40398406982422, 70.7541275024414, 132.6148681640625], [-0.08448958396911621, -0.33174455165863037, 499.9104919433594, 374.64801025390625], [425.1901550292969, -0.11408887803554535, 457.8161315917969, 74.22247314453125], [0.36291778087615967, 272.6124267578125, 340.9687194824219, 373.48138427734375], [55.10393524169922, 62.2371826171875, 203.3394012451172, 133.5023193359375], [466.3263854980469, 134.92730712890625, 499.6600341796875, 212.1239471435547], [438.5669250488281, 36.341148376464844, 499.91357421875, 150.73992919921875], [27.941722869873047, 62.83943557739258, 113.83009338378906, 132.6834259033203], [5.232781410217285, 57.29541015625, 503.0475769042969, 216.4652862548828], [0.8259564638137817, -0.025304965674877167, 300.9604187011719, 83.83345794677734], [-0.08448958396911621, -0.33174455165863037, 499.9104919433594, 374.64801025390625], [296.5208435058594, 143.55227661132812, 500.236572265625, 372.428955078125], [0.8259564638137817, -0.025304965674877167, 300.9604187011719, 83.83345794677734], [268.53662109375, 2.098705530166626, 499.6069641113281, 369.4397888183594], [435.8915710449219, 33.73031997680664, 499.2830810546875, 310.1929016113281], [425.52679443359375, -0.06242282688617706, 499.58056640625, 76.1456527709961], [310.9862976074219, 161.54678344726562, 327.549560546875, 171.74563598632812], [466.3263854980469, 134.92730712890625, 499.6600341796875, 212.1239471435547], [425.1901550292969, -0.11408887803554535, 457.8161315917969, 74.22247314453125]), Score: [0.9660380482673645, 0.9320007562637329, 0.9010469317436218, 0.7315122485160828, 0.34923315048217773, 0.28860193490982056, 0.2197917252779007, 0.20919491350650787, 0.19544380903244019, 0.1891900599002838, 0.18653273582458496, 0.15400515496730804, 0.14982840418815613, 0.14067894220352173, 0.1390075981616974, 0.12513966858386993, 0.12107443064451218, 0.11721998453140259, 0.11498940736055374, 0.11295982450246811, 0.10942862182855606, 0.10909709334373474, 0.10852598398923874, 0.10705039650201797, 0.10581997036933899, 0.10392424464225769, 0.10134169459342957, 0.10074736922979355, 0.09879769384860992, 0.09274473786354065, 0.09136302769184113, 0.08828495442867279, 0.08523952215909958, 0.08497870713472366, 0.08378415554761887, 0.0810433104634285, 0.08078642934560776, 0.07901392877101898, 0.07679684460163116, 0.07541611790657043, 0.07537416368722916, 0.07461365312337875, 0.07434926182031631, 0.07187755405902863, 0.070185586810112, 0.06761662662029266, 0.065489262342453, 0.06509353965520859, 0.06472553312778473, 0.064295694231987, 0.06293100863695145, 0.0616656057536602, 0.06145993992686272, 0.06144911050796509, 0.061213888227939606, 0.061098407953977585, 0.06094838306307793, 0.06092245131731033, 0.06075611710548401, 0.060680609196424484, 0.060668520629405975, 0.0600341260433197, 0.059368837624788284, 0.05846359208226204, 0.05826897174119949, 0.05805165320634842, 0.05782545357942581, 0.056375496089458466, 0.05585690587759018, 0.055676672607660294, 0.054410580545663834, 0.05438532680273056, 0.05341687798500061, 0.05303821340203285, 0.05297809839248657, 0.05275421589612961, 0.05139593034982681, 0.051343902945518494, 0.05097430571913719, 0.05062973499298096, 0.05040998011827469, 0.04950331151485443, 0.04942856356501579, 0.049092866480350494, 0.04904443770647049, 0.0485304594039917, 0.04829706251621246, 0.04810134321451187, 0.04806622862815857, 0.04791281744837761, 0.04753963276743889, 0.04739437997341156, 0.04709142819046974, 0.04620770364999771, 0.045707959681749344, 0.045651961117982864, 0.045388638973236084, 0.04535192251205444, 0.045274462550878525, 0.045036014169454575, 0.04500805214047432, 0.044509157538414, 0.044150449335575104, 0.04413064196705818, 0.04407055675983429, 0.04402536153793335, 0.04393390938639641, 0.04385707527399063, 0.04370918497443199, 0.04365639016032219, 0.04355290159583092, 0.04348960518836975, 0.043380290269851685, 0.04331684485077858, 0.04331481084227562, 0.04323440045118332, 0.0431881882250309, 0.043127208948135376, 0.043071944266557693, 0.04299555718898773, 0.042977385222911835, 0.042498938739299774, 0.042091384530067444, 0.042011648416519165, 0.04197206348180771, 0.0418863371014595, 0.04179801419377327, 0.04179279878735542, 0.0417369082570076, 0.04163198918104172, 0.04141715541481972, 0.04140867665410042, 0.04125237837433815, 0.0411202646791935, 0.04101958125829697, 0.040996141731739044, 0.040636513382196426, 0.04062972962856293, 0.04061821848154068, 0.04059186950325966, 0.040239546447992325, 0.04007412865757942, 0.040032751858234406, 0.03990883752703667, 0.03987909480929375, 0.03975231945514679, 0.039706021547317505, 0.039671652019023895, 0.03939693048596382, 0.03937891498208046, 0.03900640830397606, 0.03866817057132721, 0.038469862192869186, 0.03842867910861969, 0.03814702481031418, 0.03814162686467171, 0.03802736476063728, 0.03764593228697777, 0.03754600137472153, 0.03751658275723457, 0.03745822235941887, 0.037452589720487595, 0.037436626851558685, 0.03731397166848183, 0.03721727803349495, 0.03721495345234871, 0.03716440126299858, 0.03709210455417633, 0.03684449940919876, 0.036795806139707565, 0.03671101853251457, 0.03670831769704819, 0.03668351471424103, 0.03629434108734131, 0.03618621453642845, 0.03616495802998543, 0.036127179861068726, 0.0359736792743206, 0.035640034824609756, 0.03547585383057594, 0.03539786487817764, 0.03538496419787407, 0.03537563979625702, 0.03524327278137207, 0.03519792854785919, 0.035188838839530945, 0.03480970114469528, 0.03476786985993385, 0.034647878259420395, 0.03464732691645622, 0.03456699475646019, 0.034413278102874756, 0.03440852835774422, 0.03437893092632294, 0.0342186763882637, 0.034159403294324875, 0.03408940136432648, 0.03402413800358772, 0.033961452543735504, 0.03387019410729408, 0.033779919147491455, 0.033466681838035583, 0.03324936330318451, 0.03316128998994827, 0.03309670463204384, 0.032838400453329086, 0.032659873366355896, 0.03260347247123718, 0.03258833289146423, 0.03253592178225517, 0.03239499405026436, 0.032263778150081635, 0.03194354847073555, 0.031799137592315674, 0.031682223081588745, 0.031620096415281296, 0.031491320580244064, 0.031468577682971954, 0.031466055661439896, 0.03131440654397011, 0.03126075118780136, 0.0310057420283556, 0.03083714097738266, 0.030813876539468765, 0.03073153644800186, 0.030714789405465126, 0.030356241390109062, 0.030340470373630524, 0.03027505986392498, 0.030213329941034317, 0.030129849910736084, 0.030106520280241966, 0.029955316334962845, 0.02993077225983143, 0.029930410906672478, 0.02978993020951748, 0.029663201421499252, 0.02951125241816044, 0.02941245771944523, 0.029245728626847267, 0.029121002182364464, 0.02911778725683689, 0.029104402288794518, 0.02907755970954895, 0.029056735336780548, 0.02904556319117546, 0.02890849858522415, 0.028861917555332184, 0.0288382638245821, 0.028785118833184242, 0.028687946498394012, 0.028520042076706886, 0.028391564264893532, 0.028361648321151733, 0.028347810730338097, 0.028259143233299255, 0.028109796345233917, 0.02810484729707241, 0.028063705191016197, 0.027786249294877052, 0.02776860073208809, 0.02776297740638256, 0.027758998796343803, 0.027750803157687187, 0.027698077261447906, 0.02761458046734333, 0.027513334527611732, 0.027422437444329262, 0.027419768273830414, 0.027414649724960327, 0.027340451255440712, 0.027247298508882523, 0.027182431891560555, 0.027124853804707527, 0.027098238468170166, 0.02707195281982422, 0.026848461478948593, 0.026722148060798645, 0.026706231757998466, 0.0265814196318388, 0.026575647294521332, 0.02655208483338356, 0.026529638096690178, 0.026491476222872734, 0.026472974568605423, 0.026457980275154114, 0.026308339089155197, 0.02627212181687355, 0.026145052164793015, 0.02601305954158306, 0.025940755382180214, 0.025850171223282814, 0.025828342884778976, 0.02581939473748207, 0.02578299306333065, 0.025755342096090317, 0.025749651715159416, 0.025685202330350876, 0.025679361075162888, 0.025641657412052155]

Execution time: 0.4171 sec
