Label: tensor([ 0,  8,  8,  8,  8,  8,  8,  8,  0,  8,  8,  8,  0,  8,  8,  8,  8,  0,
         0,  0, 37,  8,  0, 14,  0,  8,  8,  8,  8,  8,  8,  8, 16,  8,  0,  8,
         0,  0, 37,  8,  8,  8,  8,  8, 37,  0,  8,  8,  8, 37, 13,  8,  8,  8,
         8,  0,  8,  0,  0,  8, 37,  8, 14,  8,  0, 37,  8,  8,  8,  8,  8,  8,
         4,  8,  0,  8,  0,  8,  8,  8,  8,  0,  8,  8,  0,  8,  0,  8,  8,  8,
         5,  0,  8,  8, 14,  8,  8,  8,  8,  4, 14, 37, 56, 37,  8,  8, 37,  0,
         4, 37,  4, 13,  8,  8,  8,  8,  8,  8,  8,  8,  8,  8,  8, 37, 37, 37,
        37,  8,  8,  8,  0,  0, 37,  8,  0,  8,  8,  8,  8,  4, 37,  0,  0,  8,
         8, 59, 13, 37,  0,  8,  7, 25,  8, 14,  0,  8,  8,  8,  8,  7,  8,  8,
        37,  8,  8,  8,  8,  0,  8, 14,  8,  8,  8, 37, 59,  8,  8, 37, 62,  8,
        37,  8,  8,  8,  8,  8,  8,  8, 37, 56, 37,  0, 14,  0, 25,  8,  0,  8,
        37, 37, 37,  8,  8,  8, 14,  0,  8, 37,  8,  7, 14,  8,  0, 14,  8,  0,
        56,  2, 74,  8,  8,  5,  0,  8, 25,  8,  8,  8,  0,  8,  8,  8, 14,  8,
        37,  7, 33, 37,  8, 33,  4,  0,  8,  8,  0,  8,  8,  0,  0,  2, 14, 33,
        16,  0,  0,  0, 16, 62,  8, 14, 17,  8,  8, 16,  4,  2, 14,  0,  8,  8,
         8,  8,  0, 37,  8,  4,  8,  6, 37,  6,  8,  8, 14,  8,  4,  8,  8,  8,
        56, 56,  8,  8,  2,  7, 14,  4,  0, 37,  8, 37]), Box: ([250.810302734375, 125.10091400146484, 258.27197265625, 132.9200897216797], [239.25653076171875, 116.33738708496094, 275.4583740234375, 147.83128356933594], [239.1865234375, 128.8229522705078, 275.2445983886719, 147.95516967773438], [343.6695251464844, 99.25228118896484, 348.7582092285156, 104.14765167236328], [239.12539672851562, 115.00336456298828, 292.5972595214844, 147.48934936523438], [225.8495635986328, 116.27751922607422, 276.04913330078125, 148.6014404296875], [241.2870330810547, 115.90814971923828, 271.4762878417969, 121.72020721435547], [60.68828201293945, 97.90422821044922, 66.40831756591797, 107.81407165527344], [254.1460418701172, 125.30436706542969, 258.298095703125, 131.44322204589844], [239.85464477539062, 130.8045654296875, 262.3723449707031, 147.73828125], [344.792236328125, 100.24382019042969, 348.3894348144531, 104.20879364013672], [260.6633605957031, 129.83499145507812, 275.69720458984375, 146.72332763671875], [250.70399475097656, 125.9834213256836, 255.04183959960938, 132.91038513183594], [337.1067810058594, 98.29712677001953, 349.7974548339844, 104.246826171875], [337.8760681152344, 98.6341781616211, 349.6152648925781, 104.26024627685547], [225.11575317382812, 115.61634063720703, 298.260009765625, 148.68809509277344], [340.649169921875, 101.02542114257812, 348.85302734375, 104.2221908569336], [271.58233642578125, 128.7425537109375, 276.1295166015625, 132.5375518798828], [271.7496032714844, 128.8942108154297, 277.116943359375, 133.07965087890625], [250.97784423828125, 126.47901916503906, 256.46588134765625, 133.2017364501953], [239.1865234375, 128.8229522705078, 275.2445983886719, 147.95516967773438], [183.3560333251953, 97.339599609375, 260.2490234375, 106.76781463623047], [251.87075805664062, 125.6104736328125, 255.40101623535156, 131.84957885742188], [250.810302734375, 125.10091400146484, 258.27197265625, 132.9200897216797], [343.6695251464844, 99.25228118896484, 348.7582092285156, 104.14765167236328], [273.4593505859375, 114.8414306640625, 292.1807556152344, 122.81080627441406], [221.67079162597656, 97.35530090332031, 260.1626281738281, 104.74519348144531], [221.41798400878906, 97.77490234375, 259.76788330078125, 104.8482666015625], [250.810302734375, 125.10091400146484, 258.27197265625, 132.9200897216797], [309.9208984375, 96.37452697753906, 327.8434753417969, 101.1690444946289], [183.60093688964844, 100.8173599243164, 219.16986083984375, 106.78691101074219], [0.11529773473739624, 104.98030853271484, 48.866241455078125, 116.98819732666016], [250.810302734375, 125.10091400146484, 258.27197265625, 132.9200897216797], [305.04217529296875, 96.62076568603516, 315.62896728515625, 101.49271392822266], [269.55731201171875, 128.16357421875, 273.9723205566406, 132.22451782226562], [250.34075927734375, 96.97547149658203, 261.00897216796875, 103.60282897949219], [344.792236328125, 100.24382019042969, 348.3894348144531, 104.20879364013672], [346.1756896972656, 98.93501281738281, 349.50103759765625, 104.08588409423828], [260.6633605957031, 129.83499145507812, 275.69720458984375, 146.72332763671875], [321.7856140136719, 96.86764526367188, 328.4394226074219, 100.4084701538086], [248.04104614257812, 96.94391632080078, 261.1366882324219, 104.13265991210938], [240.43714904785156, 130.30645751953125, 261.22503662109375, 147.01939392089844], [207.93064880371094, 98.17189025878906, 220.988037109375, 105.02781677246094], [138.36050415039062, 101.13641357421875, 179.09255981445312, 108.20600128173828], [268.2603454589844, 139.48341369628906, 306.4124450683594, 146.09637451171875], [268.2120666503906, 129.16510009765625, 276.8179626464844, 144.2107391357422], [287.9657897949219, 117.92881774902344, 294.0470886230469, 126.9605941772461], [184.0142059326172, 102.4583511352539, 217.43414306640625, 106.80835723876953], [85.42300415039062, 104.78080749511719, 91.21250915527344, 110.1556625366211], [239.85464477539062, 130.8045654296875, 262.3723449707031, 147.73828125], [241.2870330810547, 115.90814971923828, 271.4762878417969, 121.72020721435547], [88.63444519042969, 102.8725814819336, 112.55461120605469, 109.63168334960938], [59.048866271972656, 97.75009155273438, 80.1048355102539, 111.27325439453125], [165.79641723632812, 102.80345153808594, 178.97276306152344, 106.57749938964844], [-0.027058646082878113, 109.24392700195312, 48.60261917114258, 117.0074462890625], [248.49807739257812, 128.343505859375, 253.31956481933594, 134.1171112060547], [288.46258544921875, 116.4423828125, 292.64544677734375, 122.40506744384766], [241.44259643554688, 123.90721893310547, 245.8398895263672, 135.5459442138672], [241.20022583007812, 122.10778045654297, 244.98202514648438, 134.05978393554688], [240.63882446289062, 129.92930603027344, 274.8154602050781, 147.88589477539062], [241.2870330810547, 115.90814971923828, 271.4762878417969, 121.72020721435547], [184.50442504882812, 115.61392974853516, 287.61932373046875, 148.83273315429688], [271.7496032714844, 128.8942108154297, 277.116943359375, 133.07965087890625], [284.5566101074219, 97.74988555908203, 306.8544006347656, 102.2302474975586], [85.42300415039062, 104.78080749511719, 91.21250915527344, 110.1556625366211], [251.9681396484375, 128.263916015625, 260.18505859375, 132.8032684326172], [303.2366638183594, 96.38507843017578, 311.38299560546875, 101.15118408203125], [170.14747619628906, 103.4658432006836, 179.16622924804688, 106.44255828857422], [299.5382995605469, 96.27951049804688, 336.79736328125, 102.12773132324219], [220.4481964111328, 101.12771606445312, 230.28945922851562, 105.16899871826172], [298.5745849609375, 97.55487060546875, 307.22430419921875, 101.64190673828125], [323.2091979980469, 97.06982421875, 330.3573913574219, 100.7210693359375], [239.25653076171875, 116.33738708496094, 275.4583740234375, 147.83128356933594], [346.1756896972656, 98.93501281738281, 349.50103759765625, 104.08588409423828], [245.95167541503906, 127.29786682128906, 250.5945281982422, 134.98782348632812], [271.7496032714844, 128.8942108154297, 277.116943359375, 133.07965087890625], [288.46258544921875, 116.4423828125, 292.64544677734375, 122.40506744384766], [80.68244171142578, 110.08822631835938, 87.86573791503906, 116.0020980834961], [239.72047424316406, 116.58230590820312, 274.701171875, 147.53688049316406], [213.62060546875, 102.25871276855469, 219.19419860839844, 105.70613861083984], [222.1234893798828, 99.35484313964844, 256.50579833984375, 104.53604888916016], [85.68954467773438, 275.8772277832031, 91.46417999267578, 290.8833923339844], [61.43992233276367, 97.75743103027344, 65.68167114257812, 103.32752990722656], [219.6965789794922, 100.31871795654297, 228.2747344970703, 104.78556060791016], [287.9657897949219, 117.92881774902344, 294.0470886230469, 126.9605941772461], [97.9492416381836, 106.09801483154297, 105.63094329833984, 109.85974884033203], [270.5528259277344, 128.76051330566406, 276.4699401855469, 138.4539031982422], [88.77320861816406, 97.29559326171875, 261.4502868652344, 109.53936004638672], [219.14154052734375, 100.7286376953125, 225.32102966308594, 105.41123962402344], [269.5699768066406, 116.33403015136719, 294.226318359375, 131.47691345214844], [241.2870330810547, 115.90814971923828, 271.4762878417969, 121.72020721435547], [240.55206298828125, 129.40919494628906, 245.4969940185547, 137.37998962402344], [298.3991394042969, 97.24492645263672, 305.7900695800781, 101.4527587890625], [288.7310485839844, 121.26187896728516, 294.9174499511719, 126.47159576416016], [343.6695251464844, 99.25228118896484, 348.7582092285156, 104.14765167236328], [148.45079040527344, 103.23599243164062, 155.98365783691406, 107.30072021484375], [138.7657012939453, 102.90091705322266, 155.64991760253906, 108.05525207519531], [254.1359405517578, 96.47846221923828, 261.0978088378906, 100.69490051269531], [286.644287109375, 123.19312286376953, 293.59686279296875, 128.63327026367188], [239.1865234375, 128.8229522705078, 275.2445983886719, 147.95516967773438], [271.58233642578125, 128.7425537109375, 276.1295166015625, 132.5375518798828], [239.25653076171875, 116.33738708496094, 275.4583740234375, 147.83128356933594], [250.97784423828125, 126.47901916503906, 256.46588134765625, 133.2017364501953], [261.7947692871094, 140.60110473632812, 274.0729064941406, 147.30711364746094], [251.9681396484375, 128.263916015625, 260.18505859375, 132.8032684326172], [225.5371551513672, 100.2364273071289, 274.2527770996094, 148.20626831054688], [250.97784423828125, 126.47901916503906, 256.46588134765625, 133.2017364501953], [266.95062255859375, 137.85287475585938, 273.1620178222656, 144.74537658691406], [239.12539672851562, 115.00336456298828, 292.5972595214844, 147.48934936523438], [240.43714904785156, 130.30645751953125, 261.22503662109375, 147.01939392089844], [241.2870330810547, 115.90814971923828, 271.4762878417969, 121.72020721435547], [239.25653076171875, 116.33738708496094, 275.4583740234375, 147.83128356933594], [149.26930236816406, 103.71182250976562, 155.5299072265625, 107.50507354736328], [87.01602172851562, 101.74708557128906, 112.79218292236328, 108.08728790283203], [221.98641967773438, 101.32843780517578, 256.9990234375, 105.36390686035156], [248.2194366455078, 100.72022247314453, 258.49169921875, 104.7941665649414], [250.97784423828125, 126.47901916503906, 256.46588134765625, 133.2017364501953], [179.26686096191406, 115.72039794921875, 289.2643737792969, 148.6251983642578], [221.38702392578125, 101.68341827392578, 256.937744140625, 105.54239654541016], [268.2603454589844, 139.48341369628906, 306.4124450683594, 146.09637451171875], [71.89605712890625, 99.12847900390625, 290.598388671875, 148.06712341308594], [308.9554443359375, 96.74758911132812, 316.4303283691406, 101.03488159179688], [261.7947692871094, 140.60110473632812, 274.0729064941406, 147.30711364746094], [208.52227783203125, 141.90020751953125, 245.40377807617188, 148.7300262451172], [225.5792999267578, 138.36439514160156, 243.7924346923828, 147.70559692382812], [250.70399475097656, 125.9834213256836, 255.04183959960938, 132.91038513183594], [207.79605102539062, 143.6043701171875, 230.85995483398438, 148.1953582763672], [251.26841735839844, 100.78653717041016, 259.1300964355469, 104.49362182617188], [216.09841918945312, 99.64498901367188, 224.71592712402344, 105.29300689697266], [11.820245742797852, 108.053955078125, 18.971508026123047, 112.14563751220703], [259.79681396484375, 126.38229370117188, 266.43017578125, 131.18777465820312], [83.77172088623047, 104.99405670166016, 89.25084686279297, 110.31399536132812], [268.2120666503906, 129.16510009765625, 276.8179626464844, 144.2107391357422], [83.77172088623047, 104.99405670166016, 89.25084686279297, 110.31399536132812], [239.1865234375, 128.8229522705078, 275.2445983886719, 147.95516967773438], [283.58544921875, 98.09455108642578, 300.400634765625, 102.40298461914062], [59.543270111083984, 98.05665588378906, 67.67620849609375, 109.6073226928711], [207.41123962402344, 98.43147277832031, 215.68618774414062, 104.57118225097656], [87.77899932861328, 101.03800964355469, 179.2859344482422, 109.80107879638672], [225.8495635986328, 116.27751922607422, 276.04913330078125, 148.6014404296875], [248.49807739257812, 128.343505859375, 253.31956481933594, 134.1171112060547], [246.932373046875, 129.30569458007812, 255.3986053466797, 136.59140014648438], [265.24346923828125, 121.25382995605469, 271.5696105957031, 130.93487548828125], [0.018603168427944183, 110.7739028930664, 13.248947143554688, 116.65058135986328], [0.25215280055999756, 105.4200210571289, 17.33005142211914, 114.14370727539062], [239.25653076171875, 116.33738708496094, 275.4583740234375, 147.83128356933594], [239.1865234375, 128.8229522705078, 275.2445983886719, 147.95516967773438], [260.78997802734375, 138.66896057128906, 307.29156494140625, 147.38510131835938], [88.19839477539062, 106.38497161865234, 92.78663635253906, 110.4834976196289], [240.65768432617188, 97.66765594482422, 293.04766845703125, 131.9381103515625], [239.25653076171875, 116.33738708496094, 275.4583740234375, 147.83128356933594], [241.2870330810547, 115.90814971923828, 271.4762878417969, 121.72020721435547], [80.4559555053711, 103.49610900878906, 112.1883544921875, 115.4925308227539], [288.46258544921875, 116.4423828125, 292.64544677734375, 122.40506744384766], [286.644287109375, 123.19312286376953, 293.59686279296875, 128.63327026367188], [137.82789611816406, 105.32195281982422, 147.0390625, 109.0489273071289], [261.13763427734375, 98.45022583007812, 277.50225830078125, 103.22991943359375], [91.23126983642578, 106.52188873291016, 96.22898864746094, 110.35087585449219], [261.7237243652344, 140.880859375, 273.37554931640625, 147.25660705566406], [239.1865234375, 128.8229522705078, 275.2445983886719, 147.95516967773438], [106.1921615600586, 105.51702880859375, 111.86731719970703, 109.7671890258789], [271.58233642578125, 128.7425537109375, 276.1295166015625, 132.5375518798828], [272.2491455078125, 140.13284301757812, 306.1126708984375, 145.0751495361328], [-0.21389731764793396, 110.57343292236328, 7.920352935791016, 116.13418579101562], [101.7669677734375, 103.5109634399414, 112.34786224365234, 109.40448760986328], [268.2120666503906, 129.16510009765625, 276.8179626464844, 144.2107391357422], [282.8091735839844, 97.59718322753906, 295.2093200683594, 102.00650787353516], [261.8902282714844, 121.9503402709961, 268.09747314453125, 130.66845703125], [12.894569396972656, 110.70706939697266, 48.19969940185547, 116.09236145019531], [61.43992233276367, 97.75743103027344, 65.68167114257812, 103.32752990722656], [286.7841491699219, 115.69503021240234, 291.3007507324219, 120.57855224609375], [88.19839477539062, 106.38497161865234, 92.78663635253906, 110.4834976196289], [161.54263305664062, 103.04002380371094, 176.59326171875, 106.9212417602539], [340.649169921875, 101.02542114257812, 348.85302734375, 104.2221908569336], [239.1865234375, 128.8229522705078, 275.2445983886719, 147.95516967773438], [153.0048065185547, 102.53024291992188, 162.2440643310547, 107.554443359375], [260.78997802734375, 138.66896057128906, 307.29156494140625, 147.38510131835938], [254.1460418701172, 125.30436706542969, 258.298095703125, 131.44322204589844], [239.25653076171875, 116.33738708496094, 275.4583740234375, 147.83128356933594], [11.074470520019531, 105.93203735351562, 19.221576690673828, 111.73152923583984], [250.810302734375, 125.10091400146484, 258.27197265625, 132.9200897216797], [53.11191940307617, 104.00535583496094, 62.334163665771484, 108.98941802978516], [155.6456756591797, 103.94279479980469, 163.83380126953125, 107.75607299804688], [286.3328552246094, 97.14720916748047, 303.28643798828125, 101.27481079101562], [325.1546936035156, 97.60507202148438, 349.4161071777344, 104.00851440429688], [60.16399383544922, 98.37398529052734, 63.52763748168945, 107.54647064208984], [293.0262451171875, 98.91547393798828, 300.3559875488281, 102.30308532714844], [78.2539291381836, 109.58722686767578, 82.8824234008789, 113.74311065673828], [288.46258544921875, 116.4423828125, 292.64544677734375, 122.40506744384766], [250.810302734375, 125.10091400146484, 258.27197265625, 132.9200897216797], [207.42947387695312, 138.13931274414062, 244.3626251220703, 148.9343719482422], [91.23126983642578, 106.52188873291016, 96.22898864746094, 110.35087585449219], [344.792236328125, 100.24382019042969, 348.3894348144531, 104.20879364013672], [240.43714904785156, 130.30645751953125, 261.22503662109375, 147.01939392089844], [239.1865234375, 128.8229522705078, 275.2445983886719, 147.95516967773438], [343.9332275390625, 97.42951965332031, 348.0715026855469, 104.17268371582031], [60.68828201293945, 97.90422821044922, 66.40831756591797, 107.81407165527344], [50.397239685058594, 103.97150421142578, 61.39628601074219, 109.34551239013672], [266.95062255859375, 137.85287475585938, 273.1620178222656, 144.74537658691406], [261.7237243652344, 140.880859375, 273.37554931640625, 147.25660705566406], [271.7496032714844, 128.8942108154297, 277.116943359375, 133.07965087890625], [34.31182098388672, 110.4712142944336, 48.287654876708984, 115.80912017822266], [137.8018035888672, 103.03988647460938, 148.9527130126953, 108.43964385986328], [209.61843872070312, 97.54122161865234, 217.83248901367188, 103.38729858398438], [250.97784423828125, 126.47901916503906, 256.46588134765625, 133.2017364501953], [343.9332275390625, 97.42951965332031, 348.0715026855469, 104.17268371582031], [247.9968719482422, 129.53143310546875, 273.42474365234375, 146.17385864257812], [344.792236328125, 100.24382019042969, 348.3894348144531, 104.20879364013672], [225.5792999267578, 138.36439514160156, 243.7924346923828, 147.70559692382812], [225.8495635986328, 116.27751922607422, 276.04913330078125, 148.6014404296875], [239.1865234375, 128.8229522705078, 275.2445983886719, 147.95516967773438], [125.53919982910156, 106.12469482421875, 143.4646759033203, 109.5622787475586], [239.25653076171875, 116.33738708496094, 275.4583740234375, 147.83128356933594], [60.68828201293945, 97.90422821044922, 66.40831756591797, 107.81407165527344], [0.19047129154205322, 105.70306396484375, 9.159499168395996, 113.64689636230469], [239.85464477539062, 130.8045654296875, 262.3723449707031, 147.73828125], [239.25653076171875, 116.33738708496094, 275.4583740234375, 147.83128356933594], [11.820245742797852, 108.053955078125, 18.971508026123047, 112.14563751220703], [239.25653076171875, 116.33738708496094, 275.4583740234375, 147.83128356933594], [179.63014221191406, 123.56971740722656, 193.42868041992188, 130.20806884765625], [82.61905670166016, 107.08758544921875, 88.0211181640625, 111.39447784423828], [239.25653076171875, 116.33738708496094, 275.4583740234375, 147.83128356933594], [260.6633605957031, 129.83499145507812, 275.69720458984375, 146.72332763671875], [159.3135223388672, 104.89129638671875, 169.12081909179688, 108.23636627197266], [239.25653076171875, 116.33738708496094, 275.4583740234375, 147.83128356933594], [324.6778259277344, 96.55860900878906, 337.52447509765625, 100.45541381835938], [310.2228698730469, 100.1961898803711, 322.03228759765625, 103.08349609375], [317.9937744140625, 99.34346771240234, 326.311279296875, 103.63131713867188], [288.7310485839844, 121.26187896728516, 294.9174499511719, 126.47159576416016], [78.48960876464844, 104.64102172851562, 92.36540985107422, 111.98933410644531], [241.25759887695312, 116.00557708740234, 247.18983459472656, 121.18956756591797], [178.6478271484375, 120.55427551269531, 193.862060546875, 128.80422973632812], [269.55731201171875, 128.16357421875, 273.9723205566406, 132.22451782226562], [224.3350067138672, 134.1459503173828, 261.4591064453125, 149.01112365722656], [251.87075805664062, 125.6104736328125, 255.40101623535156, 131.84957885742188], [239.12539672851562, 115.00336456298828, 292.5972595214844, 147.48934936523438], [239.25653076171875, 116.33738708496094, 275.4583740234375, 147.83128356933594], [343.6695251464844, 99.25228118896484, 348.7582092285156, 104.14765167236328], [140.8055877685547, 105.0691146850586, 150.527587890625, 108.95755767822266], [250.810302734375, 125.10091400146484, 258.27197265625, 132.9200897216797], [260.6633605957031, 129.83499145507812, 275.69720458984375, 146.72332763671875], [240.62620544433594, 116.50972747802734, 251.58348083496094, 135.79881286621094], [204.45684814453125, 97.37998962402344, 259.8120422363281, 104.90861511230469], [276.2636413574219, 96.88883209228516, 286.5350341796875, 102.46642303466797], [286.7841491699219, 115.69503021240234, 291.3007507324219, 120.57855224609375], [208.52227783203125, 141.90020751953125, 245.40377807617188, 148.7300262451172], [207.42947387695312, 138.13931274414062, 244.3626251220703, 148.9343719482422], [239.94940185546875, 134.2157745361328, 245.59349060058594, 142.57020568847656], [241.25759887695312, 116.00557708740234, 247.18983459472656, 121.18956756591797], [170.14747619628906, 103.4658432006836, 179.16622924804688, 106.44255828857422], [266.95062255859375, 137.85287475585938, 273.1620178222656, 144.74537658691406], [239.1865234375, 128.8229522705078, 275.2445983886719, 147.95516967773438], [254.1460418701172, 125.30436706542969, 258.298095703125, 131.44322204589844], [11.820245742797852, 108.053955078125, 18.971508026123047, 112.14563751220703], [187.22799682617188, 13.99198055267334, 200.01446533203125, 30.426815032958984], [11.074470520019531, 105.93203735351562, 19.221576690673828, 111.73152923583984], [271.7496032714844, 128.8942108154297, 277.116943359375, 133.07965087890625], [239.1865234375, 128.8229522705078, 275.2445983886719, 147.95516967773438], [62.89436721801758, 104.7270736694336, 79.78865051269531, 110.39102935791016], [239.25653076171875, 116.33738708496094, 275.4583740234375, 147.83128356933594], [250.810302734375, 125.10091400146484, 258.27197265625, 132.9200897216797], [176.08753967285156, 103.71184539794922, 186.4774932861328, 106.95707702636719], [123.78595733642578, 104.39725494384766, 144.98455810546875, 108.9889907836914], [250.97784423828125, 126.47901916503906, 256.46588134765625, 133.2017364501953], [183.3560333251953, 97.339599609375, 260.2490234375, 106.76781463623047], [165.79641723632812, 102.80345153808594, 178.97276306152344, 106.57749938964844], [254.1460418701172, 125.30436706542969, 258.298095703125, 131.44322204589844], [173.7703857421875, 12.1214599609375, 198.55941772460938, 30.74956512451172], [256.97869873046875, 98.02017974853516, 277.761474609375, 103.51988983154297], [71.26492309570312, 98.14564514160156, 315.1579284667969, 112.73346710205078], [34.53034591674805, 107.60066986083984, 48.97615051269531, 115.24614715576172], [270.38543701171875, 96.67803192138672, 284.9405517578125, 102.63727569580078], [264.8232727050781, 116.7865982055664, 271.2469177246094, 121.89886474609375], [262.49493408203125, 142.1418914794922, 281.1977233886719, 147.74533081054688], [307.8333435058594, 97.08770751953125, 325.2483825683594, 101.27130889892578], [225.11575317382812, 115.61634063720703, 298.260009765625, 148.68809509277344], [325.0727233886719, 97.6915283203125, 341.09307861328125, 101.84358978271484], [88.63444519042969, 102.8725814819336, 112.55461120605469, 109.63168334960938], [240.63882446289062, 129.92930603027344, 274.8154602050781, 147.88589477539062], [138.36050415039062, 101.13641357421875, 179.09255981445312, 108.20600128173828], [186.09841918945312, 99.94857025146484, 212.6717529296875, 105.5130844116211], [221.55810546875, 101.70441436767578, 235.61135864257812, 104.88314819335938], [268.2120666503906, 129.16510009765625, 276.8179626464844, 144.2107391357422], [60.8895263671875, 97.74341583251953, 69.31303405761719, 108.21739959716797], [221.67079162597656, 97.35530090332031, 260.1626281738281, 104.74519348144531], [275.7291564941406, 124.06694030761719, 292.3283386230469, 131.77444458007812], [90.4618148803711, 105.83500671386719, 101.22159576416016, 109.97651672363281], [264.8232727050781, 116.7865982055664, 271.2469177246094, 121.89886474609375], [254.1460418701172, 125.30436706542969, 258.298095703125, 131.44322204589844], [260.6633605957031, 129.83499145507812, 275.69720458984375, 146.72332763671875], [261.52764892578125, 97.53028106689453, 277.1343688964844, 102.12745666503906], [86.35590362548828, 106.98822021484375, 91.82360076904297, 112.41332244873047], [240.63882446289062, 129.92930603027344, 274.8154602050781, 147.88589477539062], [241.2870330810547, 115.90814971923828, 271.4762878417969, 121.72020721435547], [286.7841491699219, 115.69503021240234, 291.3007507324219, 120.57855224609375], [309.9208984375, 96.37452697753906, 327.8434753417969, 101.1690444946289], [85.08145904541016, 295.6033935546875, 100.27684020996094, 314.05096435546875], [225.11575317382812, 115.61634063720703, 298.260009765625, 148.68809509277344], [266.95062255859375, 137.85287475585938, 273.1620178222656, 144.74537658691406], [225.8495635986328, 116.27751922607422, 276.04913330078125, 148.6014404296875]), Score: [0.630014955997467, 0.6104609966278076, 0.3962843120098114, 0.27492374181747437, 0.2115955501794815, 0.19990456104278564, 0.18090665340423584, 0.1488122195005417, 0.14354589581489563, 0.1433454006910324, 0.13468141853809357, 0.13187117874622345, 0.1299278289079666, 0.12974706292152405, 0.1284039467573166, 0.1240253746509552, 0.10638134181499481, 0.10312023758888245, 0.10261920839548111, 0.10089114308357239, 0.09855233877897263, 0.09795494377613068, 0.09383765608072281, 0.0924798846244812, 0.09054192900657654, 0.09038704633712769, 0.0895196795463562, 0.08744156360626221, 0.08626275509595871, 0.08198530972003937, 0.08156391978263855, 0.0786036029458046, 0.07793646305799484, 0.07730284333229065, 0.07543399930000305, 0.07538069039583206, 0.07369859516620636, 0.07310675084590912, 0.0721447691321373, 0.07180017977952957, 0.0704055055975914, 0.0691310465335846, 0.06679199635982513, 0.0661703497171402, 0.06598550826311111, 0.06559455394744873, 0.06426176428794861, 0.06422606110572815, 0.062299396842718124, 0.06160426139831543, 0.061517637223005295, 0.061398696154356, 0.06079030781984329, 0.059920962899923325, 0.05895770713686943, 0.05860065668821335, 0.056952886283397675, 0.05612552538514137, 0.05565619841217995, 0.054575689136981964, 0.0544368214905262, 0.05408830568194389, 0.0538318008184433, 0.05357925221323967, 0.053543489426374435, 0.05229709669947624, 0.051983512938022614, 0.05180226266384125, 0.050550755113363266, 0.04975784197449684, 0.04891841858625412, 0.04874926805496216, 0.04850652441382408, 0.04738399386405945, 0.0466814786195755, 0.04556642472743988, 0.04506823420524597, 0.04492419585585594, 0.044865015894174576, 0.04440798610448837, 0.044165533035993576, 0.04408101737499237, 0.04392852261662483, 0.043853722512722015, 0.0435926653444767, 0.04347514733672142, 0.04342597350478172, 0.042729318141937256, 0.04263552278280258, 0.04260268807411194, 0.042290374636650085, 0.04206986352801323, 0.04161596670746803, 0.04155178368091583, 0.040866754949092865, 0.040563467890024185, 0.04036017134785652, 0.0400647409260273, 0.03993040323257446, 0.03967181593179703, 0.03938116133213043, 0.039360854774713516, 0.03934803605079651, 0.03925022482872009, 0.03916596248745918, 0.03913233056664467, 0.03821748122572899, 0.03813459351658821, 0.03807497024536133, 0.03800177574157715, 0.037975016981363297, 0.03787405788898468, 0.037758659571409225, 0.03737245872616768, 0.03733941167593002, 0.03725425526499748, 0.036829084157943726, 0.03645814582705498, 0.03644309565424919, 0.036098331212997437, 0.035941943526268005, 0.035651326179504395, 0.035630110651254654, 0.0349176749587059, 0.03489455208182335, 0.03470616415143013, 0.03461657837033272, 0.03429953008890152, 0.03427797183394432, 0.034108247607946396, 0.034071728587150574, 0.03342469409108162, 0.033387377858161926, 0.03331120312213898, 0.03329310193657875, 0.03327391669154167, 0.03291580080986023, 0.03288787603378296, 0.03288203850388527, 0.0327870175242424, 0.03258446976542473, 0.032412733882665634, 0.0323580726981163, 0.03211469575762749, 0.03203802928328514, 0.031700894236564636, 0.031699202954769135, 0.03146226331591606, 0.03099210560321808, 0.0307339858263731, 0.030571719631552696, 0.030471032485365868, 0.03031163662672043, 0.030227387323975563, 0.030185280367732048, 0.03010617010295391, 0.030075233429670334, 0.02978811226785183, 0.029753170907497406, 0.029647288843989372, 0.02951160818338394, 0.029416805133223534, 0.02940407767891884, 0.02935972809791565, 0.029350774362683296, 0.029273325577378273, 0.029233364388346672, 0.02918691746890545, 0.029005901888012886, 0.028995608910918236, 0.02890145219862461, 0.02887941151857376, 0.02879907377064228, 0.02865009382367134, 0.028545498847961426, 0.02851756662130356, 0.028430145233869553, 0.028069304302334785, 0.027988119050860405, 0.027940699830651283, 0.027774246409535408, 0.027636447921395302, 0.0276159830391407, 0.027578186243772507, 0.027305882424116135, 0.027218934148550034, 0.027114611119031906, 0.02702362835407257, 0.026775294914841652, 0.026708608493208885, 0.026682786643505096, 0.026528524234890938, 0.02644754759967327, 0.026432329788804054, 0.026389144361019135, 0.026381924748420715, 0.026245208457112312, 0.026216670870780945, 0.026207061484456062, 0.026140332221984863, 0.026107490062713623, 0.026096677407622337, 0.026008451357483864, 0.025985494256019592, 0.025948064401745796, 0.025747232139110565, 0.02557799220085144, 0.02533455565571785, 0.02531220018863678, 0.025217926129698753, 0.02506936714053154, 0.02501940168440342, 0.02494615688920021, 0.02479742094874382, 0.02477347105741501, 0.024770820513367653, 0.024725189432501793, 0.024478863924741745, 0.024426264688372612, 0.024426113814115524, 0.024276234209537506, 0.024246657267212868, 0.024224624037742615, 0.02415013499557972, 0.024139007553458214, 0.024086082354187965, 0.02407689578831196, 0.023967120796442032, 0.023898927494883537, 0.023786593228578568, 0.023583082482218742, 0.02352491021156311, 0.023435955867171288, 0.02340971678495407, 0.02318091318011284, 0.02312237024307251, 0.02298973686993122, 0.022922860458493233, 0.022847283631563187, 0.022786978632211685, 0.022626083344221115, 0.022281013429164886, 0.02226755954325199, 0.022241506725549698, 0.02211078815162182, 0.02199316769838333, 0.021961037069559097, 0.021899593994021416, 0.021837381646037102, 0.021758079528808594, 0.02174959145486355, 0.021713022142648697, 0.02170415222644806, 0.021701954305171967, 0.0216591227799654, 0.021622898057103157, 0.021533029153943062, 0.021513450890779495, 0.021419726312160492, 0.021398859098553658, 0.021385202184319496, 0.02136804908514023, 0.021242961287498474, 0.021164966747164726, 0.021137334406375885, 0.02113036997616291, 0.020953865721821785, 0.020933855324983597, 0.020913781598210335, 0.020879995077848434, 0.020869435742497444, 0.020852403715252876, 0.02084086649119854, 0.020830588415265083, 0.02078426070511341, 0.020777463912963867, 0.020740872249007225, 0.020719770342111588, 0.02068803831934929, 0.020653974264860153, 0.020631713792681694, 0.020599620416760445, 0.020500170066952705, 0.020464789122343063, 0.020449452102184296, 0.020330121740698814, 0.020260287448763847, 0.020115423947572708, 0.02011125534772873, 0.020087406039237976, 0.02007879503071308, 0.020068567246198654, 0.020002203062176704, 0.01996130868792534, 0.01993616670370102, 0.019889285787940025, 0.019806060940027237, 0.019755786284804344, 0.019711682572960854, 0.01967337541282177]

Execution time: 0.4190 sec
