Label: tensor([62, 15, 45, 73, 41, 41, 41,  0,  0,  0,  0, 41, 45,  0, 41,  0, 65, 64,
         0, 15, 45, 45, 39, 45,  0,  2,  0,  0,  0, 15,  0, 41, 68, 72, 75, 72,
        16, 72, 72, 73, 16, 72, 65,  0, 63, 67, 16, 62, 44, 74, 14, 39, 62, 62,
        73, 39, 65,  0, 73,  0, 39, 62,  0,  0, 74, 62,  2,  0, 74, 63, 73,  2,
         0, 15, 60, 15, 44,  2, 62, 15, 63, 73, 62,  0, 15, 62,  0, 15,  0,  2,
         0,  0, 39, 74, 45, 14, 14, 56, 63, 56, 63, 73, 79, 41, 60,  0, 45, 63,
         0, 14, 60,  2,  0, 62,  0, 41, 72,  0, 62, 63,  1, 77,  0, 56, 60, 65,
         0, 32, 41, 15,  0, 14, 45, 14, 65, 72, 67, 62, 75, 39,  0, 56, 62, 72,
        44, 62,  0, 65,  0, 56, 16, 41, 63, 75, 63, 70,  0, 15, 73, 73, 60, 63,
         0, 14, 64, 68,  0, 16,  3, 58, 60,  0,  8, 16, 75, 73, 15, 71, 15, 73,
        15, 74, 67, 60,  0, 76,  2,  0, 32, 62, 15, 63,  0, 24,  0, 56, 56, 66,
        62, 60,  0, 50, 62, 67, 62,  0,  0, 60,  0,  2, 56,  0, 63, 15, 62, 63,
        62, 60, 39, 60, 71, 62, 56, 15,  0, 71, 16, 16, 73, 60, 63, 16, 61,  1,
         0, 71, 14, 73, 56, 73, 56, 32, 72,  1, 63,  0, 62, 71, 58, 73, 72, 72,
        73, 63, 63, 40, 62, 75, 32, 60, 73,  2, 15, 16,  2, 16,  7, 56, 60, 15,
        73,  0, 62, 15, 77, 73, 71, 15, 15, 60, 72, 45, 16, 64, 62, 63, 41, 62,
        32, 60, 72, 77,  0, 63, 54, 75, 39, 50, 62, 56]), Box: ([65.82373046875, 96.46993255615234, 376.9598693847656, 333.0760498046875], [176.88623046875, -0.0650678426027298, 399.74835205078125, 127.4959716796875], [477.664306640625, 262.1697692871094, 499.58770751953125, 296.62847900390625], [356.7539367675781, 8.147533416748047, 499.3560791015625, 50.24277114868164], [477.664306640625, 262.1697692871094, 499.58770751953125, 296.62847900390625], [477.899169921875, 262.2088928222656, 499.5648498535156, 296.0674133300781], [477.9394836425781, 261.8008728027344, 500.0040588378906, 328.8589172363281], [158.69554138183594, 171.04165649414062, 218.52621459960938, 289.5166931152344], [159.4718017578125, 160.1275634765625, 275.2250671386719, 294.36553955078125], [219.63992309570312, 243.06271362304688, 270.79541015625, 293.8184814453125], [219.4153594970703, 243.001220703125, 270.8197937011719, 293.7929382324219], [481.5839538574219, 298.03314208984375, 499.88311767578125, 329.0787658691406], [477.9394836425781, 261.8008728027344, 500.0040588378906, 328.8589172363281], [278.5840759277344, 239.00819396972656, 311.2394104003906, 286.9321594238281], [399.3731994628906, 227.99002075195312, 484.8424377441406, 333.0406494140625], [275.2659606933594, 234.7020721435547, 311.0658264160156, 288.1309814453125], [481.5839538574219, 298.03314208984375, 499.88311767578125, 329.0787658691406], [481.5839538574219, 298.03314208984375, 499.88311767578125, 329.0787658691406], [157.8070526123047, 173.30364990234375, 189.525390625, 286.240234375], [174.64163208007812, -0.557510256767273, 400.22412109375, 329.22161865234375], [481.5839538574219, 298.03314208984375, 499.88311767578125, 329.0787658691406], [477.2712097167969, 262.2100830078125, 497.223388671875, 275.36895751953125], [399.3731994628906, 227.99002075195312, 484.8424377441406, 333.0406494140625], [477.899169921875, 262.2088928222656, 499.5648498535156, 296.0674133300781], [255.78880310058594, 228.3745574951172, 310.21588134765625, 288.2612609863281], [481.5839538574219, 298.03314208984375, 499.88311767578125, 329.0787658691406], [160.56298828125, 171.26495361328125, 216.62818908691406, 226.87942504882812], [167.99012756347656, 168.3436737060547, 276.0464172363281, 295.2388000488281], [279.589599609375, 238.22999572753906, 328.114501953125, 286.1009216308594], [158.69554138183594, 171.04165649414062, 218.52621459960938, 289.5166931152344], [199.52708435058594, 242.07070922851562, 271.8045654296875, 294.6112060546875], [477.2712097167969, 262.2100830078125, 497.223388671875, 275.36895751953125], [356.7539367675781, 8.147533416748047, 499.3560791015625, 50.24277114868164], [338.4456787109375, 46.9923210144043, 499.3515625, 330.0691833496094], [399.3731994628906, 227.99002075195312, 484.8424377441406, 333.0406494140625], [348.6394958496094, 8.1103515625, 500.0010681152344, 331.8780212402344], [158.69554138183594, 171.04165649414062, 218.52621459960938, 289.5166931152344], [344.3008117675781, 45.74862289428711, 500.25457763671875, 331.858154296875], [381.7469787597656, 44.90682601928711, 500.2247619628906, 331.5015869140625], [399.3731994628906, 227.99002075195312, 484.8424377441406, 333.0406494140625], [159.4718017578125, 160.1275634765625, 275.2250671386719, 294.36553955078125], [376.3739013671875, 46.18145751953125, 499.91571044921875, 280.7818908691406], [300.9617614746094, 108.61920166015625, 316.60308837890625, 130.0096435546875], [156.42298889160156, 174.92184448242188, 190.42291259765625, 322.6114196777344], [65.33260345458984, 96.61125946044922, 376.6107482910156, 333.26800537109375], [481.5839538574219, 298.03314208984375, 499.88311767578125, 329.0787658691406], [176.52650451660156, 0.4586605429649353, 399.89697265625, 126.65351104736328], [1.2084394693374634, 94.6098861694336, 378.69219970703125, 333.6437072753906], [481.5839538574219, 298.03314208984375, 499.88311767578125, 329.0787658691406], [300.9617614746094, 108.61920166015625, 316.60308837890625, 130.0096435546875], [160.56298828125, 171.26495361328125, 216.62818908691406, 226.87942504882812], [481.5839538574219, 298.03314208984375, 499.88311767578125, 329.0787658691406], [-0.1310296356678009, 161.42425537109375, 87.73097229003906, 333.0216064453125], [65.33260345458984, 96.61125946044922, 376.6107482910156, 333.26800537109375], [356.8349609375, 8.727237701416016, 498.7140808105469, 50.06349563598633], [356.7539367675781, 8.147533416748047, 499.3560791015625, 50.24277114868164], [356.7539367675781, 8.147533416748047, 499.3560791015625, 50.24277114868164], [158.57603454589844, 161.37255859375, 310.4544372558594, 296.84942626953125], [103.7066421508789, -0.05448371171951294, 204.7345733642578, 103.4324951171875], [159.7579345703125, 174.15748596191406, 184.073974609375, 224.28611755371094], [157.8070526123047, 173.30364990234375, 189.525390625, 286.240234375], [63.55548095703125, 0.29256463050842285, 499.8367919921875, 333.2891845703125], [201.13722229003906, 225.07962036132812, 308.01251220703125, 292.3485107421875], [240.0395050048828, 155.03834533691406, 311.6763610839844, 289.1191101074219], [399.3731994628906, 227.99002075195312, 484.8424377441406, 333.0406494140625], [-0.10563433170318604, 0.5556147694587708, 499.8824462890625, 333.5520324707031], [158.57603454589844, 161.37255859375, 310.4544372558594, 296.84942626953125], [261.79693603515625, 180.11148071289062, 311.1007080078125, 288.4361877441406], [481.5839538574219, 298.03314208984375, 499.88311767578125, 329.0787658691406], [0.10469555854797363, 97.18152618408203, 500.081298828125, 332.94329833984375], [-0.2933950126171112, 257.7231140136719, 14.590929985046387, 333.3839416503906], [312.4052734375, 263.245361328125, 330.02520751953125, 276.57305908203125], [211.5433349609375, 157.9703369140625, 246.1214141845703, 182.15406799316406], [174.90443420410156, 2.830155849456787, 401.1552734375, 321.6875305175781], [-0.10563433170318604, 0.5556147694587708, 499.8824462890625, 333.5520324707031], [275.2659606933594, 234.7020721435547, 311.0658264160156, 288.1309814453125], [477.2712097167969, 262.2100830078125, 497.223388671875, 275.36895751953125], [477.664306640625, 262.1697692871094, 499.58770751953125, 296.62847900390625], [0.10469555854797363, 97.18152618408203, 500.081298828125, 332.94329833984375], [278.5840759277344, 239.00819396972656, 311.2394104003906, 286.9321594238281], [1.2084394693374634, 94.6098861694336, 378.69219970703125, 333.6437072753906], [357.85906982421875, 9.915177345275879, 422.6106262207031, 49.85903549194336], [-0.2933950126171112, 257.7231140136719, 14.590929985046387, 333.3839416503906], [399.3731994628906, 227.99002075195312, 484.8424377441406, 333.0406494140625], [175.78305053710938, 0.6662395000457764, 401.2487487792969, 246.64202880859375], [356.7539367675781, 8.147533416748047, 499.3560791015625, 50.24277114868164], [158.47242736816406, 156.52171325683594, 259.5582580566406, 292.91162109375], [160.56298828125, 171.26495361328125, 216.62818908691406, 226.87942504882812], [163.4276580810547, 156.38307189941406, 307.74371337890625, 292.9947204589844], [308.6617431640625, 261.9029235839844, 332.08551025390625, 283.8703918457031], [159.97238159179688, 145.13418579101562, 300.20452880859375, 291.14361572265625], [160.23629760742188, 154.02622985839844, 301.35675048828125, 296.71826171875], [399.081787109375, 227.67417907714844, 498.9832458496094, 332.8049011230469], [303.2709045410156, 109.9742202758789, 314.7563171386719, 122.19837951660156], [399.90966796875, 262.7140197753906, 499.7008972167969, 331.9554748535156], [158.69554138183594, 171.04165649414062, 218.52621459960938, 289.5166931152344], [235.09864807128906, 83.54209899902344, 265.1697082519531, 99.60413360595703], [103.7066421508789, -0.05448371171951294, 204.7345733642578, 103.4324951171875], [-0.1310296356678009, 161.42425537109375, 87.73097229003906, 333.0216064453125], [399.90966796875, 262.7140197753906, 499.7008972167969, 331.9554748535156], [-0.27542561292648315, 158.2837371826172, 114.90837860107422, 332.44586181640625], [481.5839538574219, 298.03314208984375, 499.88311767578125, 329.0787658691406], [481.5839538574219, 298.03314208984375, 499.88311767578125, 329.0787658691406], [399.90966796875, 262.7140197753906, 499.7008972167969, 331.9554748535156], [348.6394958496094, 8.1103515625, 500.0010681152344, 331.8780212402344], [200.78076171875, 236.71597290039062, 305.5252685546875, 293.8554992675781], [476.05572509765625, 245.95523071289062, 499.82623291015625, 274.8810729980469], [356.7539367675781, 8.147533416748047, 499.3560791015625, 50.24277114868164], [171.60789489746094, 225.4405975341797, 302.4707336425781, 294.60687255859375], [159.7579345703125, 174.15748596191406, 184.073974609375, 224.28611755371094], [344.3008117675781, 45.74862289428711, 500.25457763671875, 331.858154296875], [356.7539367675781, 8.147533416748047, 499.3560791015625, 50.24277114868164], [138.3514862060547, 173.88929748535156, 232.31460571289062, 287.3158874511719], [102.41739654541016, 0.6109321117401123, 499.3900146484375, 118.05177307128906], [159.35658264160156, 160.58248901367188, 284.98138427734375, 295.554931640625], [399.081787109375, 227.67417907714844, 498.9832458496094, 332.8049011230469], [307.1141662597656, 10.215497016906738, 499.9640808105469, 330.505615234375], [159.20216369628906, 152.28868103027344, 300.8296813964844, 285.2938537597656], [-0.27542561292648315, 158.2837371826172, 114.90837860107422, 332.44586181640625], [-0.3494471311569214, 94.6338119506836, 378.0480651855469, 333.2602844238281], [158.57603454589844, 161.37255859375, 310.4544372558594, 296.84942626953125], [399.3731994628906, 227.99002075195312, 484.8424377441406, 333.0406494140625], [258.5736083984375, 178.4934844970703, 311.9558410644531, 288.1558837890625], [-0.1310296356678009, 161.42425537109375, 87.73097229003906, 333.0216064453125], [399.90966796875, 262.7140197753906, 499.7008972167969, 331.9554748535156], [399.3731994628906, 227.99002075195312, 484.8424377441406, 333.0406494140625], [257.1889343261719, 239.434814453125, 292.4395446777344, 289.6131286621094], [481.5839538574219, 298.03314208984375, 499.88311767578125, 329.0787658691406], [476.05572509765625, 245.95523071289062, 499.82623291015625, 274.8810729980469], [176.16412353515625, 3.2873427867889404, 402.39544677734375, 292.3536682128906], [261.40362548828125, 181.1926727294922, 310.025634765625, 288.9084167480469], [157.8070526123047, 173.30364990234375, 189.525390625, 286.240234375], [479.43463134765625, 282.0469665527344, 498.7047119140625, 296.8352355957031], [159.4718017578125, 160.1275634765625, 275.2250671386719, 294.36553955078125], [303.2709045410156, 109.9742202758789, 314.7563171386719, 122.19837951660156], [342.5071105957031, 115.42037963867188, 402.6628723144531, 332.5860290527344], [399.3731994628906, 227.99002075195312, 484.8424377441406, 333.0406494140625], [105.65504455566406, 0.2966930866241455, 446.8815002441406, 116.72667694091797], [481.5839538574219, 298.03314208984375, 499.88311767578125, 329.0787658691406], [477.9394836425781, 261.8008728027344, 500.0040588378906, 328.8589172363281], [157.20565795898438, 248.33526611328125, 189.85687255859375, 302.72088623046875], [342.5071105957031, 115.42037963867188, 402.6628723144531, 332.5860290527344], [104.2128677368164, 0.6819097995758057, 499.89300537109375, 108.05782318115234], [356.7539367675781, 8.147533416748047, 499.3560791015625, 50.24277114868164], [477.664306640625, 262.1697692871094, 499.58770751953125, 296.62847900390625], [-0.3494471311569214, 94.6338119506836, 378.0480651855469, 333.2602844238281], [161.9221954345703, 166.3281707763672, 265.9793395996094, 305.505615234375], [-0.2933950126171112, 257.7231140136719, 14.590929985046387, 333.3839416503906], [312.4052734375, 263.245361328125, 330.02520751953125, 276.57305908203125], [356.7539367675781, 8.147533416748047, 499.3560791015625, 50.24277114868164], [160.56298828125, 171.26495361328125, 216.62818908691406, 226.87942504882812], [479.43463134765625, 282.0469665527344, 498.7047119140625, 296.8352355957031], [64.07064056396484, 97.29051971435547, 499.49383544921875, 332.6909484863281], [477.9394836425781, 261.8008728027344, 500.0040588378906, 328.8589172363281], [-0.18030405044555664, 160.7490234375, 162.70469665527344, 332.9051513671875], [356.7539367675781, 8.147533416748047, 499.3560791015625, 50.24277114868164], [133.61724853515625, 158.5728759765625, 272.82501220703125, 299.1521301269531], [157.8070526123047, 173.30364990234375, 189.525390625, 286.240234375], [477.664306640625, 262.1697692871094, 499.58770751953125, 296.62847900390625], [-0.1310296356678009, 161.42425537109375, 87.73097229003906, 333.0216064453125], [0.10469555854797363, 97.18152618408203, 500.081298828125, 332.94329833984375], [-0.10563433170318604, 0.5556147694587708, 499.8824462890625, 333.5520324707031], [197.20510864257812, 260.31256103515625, 223.951171875, 296.4259338378906], [481.5839538574219, 298.03314208984375, 499.88311767578125, 329.0787658691406], [399.3731994628906, 227.99002075195312, 484.8424377441406, 333.0406494140625], [247.6003875732422, 0.471743106842041, 499.01861572265625, 50.76457977294922], [235.09864807128906, 83.54209899902344, 265.1697082519531, 99.60413360595703], [157.8070526123047, 173.30364990234375, 189.525390625, 286.240234375], [158.57603454589844, 161.37255859375, 310.4544372558594, 296.84942626953125], [477.664306640625, 262.1697692871094, 499.58770751953125, 296.62847900390625], [338.4456787109375, 46.9923210144043, 499.3515625, 330.0691833496094], [157.6055450439453, 155.511962890625, 307.27099609375, 296.52069091796875], [158.57603454589844, 161.37255859375, 310.4544372558594, 296.84942626953125], [158.57603454589844, 161.37255859375, 310.4544372558594, 296.84942626953125], [477.664306640625, 262.1697692871094, 499.58770751953125, 296.62847900390625], [-0.12297090142965317, 234.97079467773438, 14.706694602966309, 333.2340087890625], [176.85696411132812, 0.2384084165096283, 312.9322509765625, 103.19091796875], [481.5839538574219, 298.03314208984375, 499.88311767578125, 329.0787658691406], [399.3731994628906, 227.99002075195312, 484.8424377441406, 333.0406494140625], [399.90966796875, 262.7140197753906, 499.7008972167969, 331.9554748535156], [235.09864807128906, 83.54209899902344, 265.1697082519531, 99.60413360595703], [356.7539367675781, 8.147533416748047, 499.3560791015625, 50.24277114868164], [-0.2933950126171112, 257.7231140136719, 14.590929985046387, 333.3839416503906], [346.0422668457031, -0.2946152091026306, 499.7907409667969, 17.970035552978516], [161.46444702148438, 166.67381286621094, 284.4928894042969, 293.3904113769531], [481.5839538574219, 298.03314208984375, 499.88311767578125, 329.0787658691406], [159.4718017578125, 160.1275634765625, 275.2250671386719, 294.36553955078125], [162.4556121826172, 165.6107635498047, 320.3187255859375, 303.07611083984375], [477.664306640625, 262.1697692871094, 499.58770751953125, 296.62847900390625], [344.3008117675781, 45.74862289428711, 500.25457763671875, 331.858154296875], [481.5839538574219, 298.03314208984375, 499.88311767578125, 329.0787658691406], [356.8349609375, 8.727237701416016, 498.7140808105469, 50.06349563598633], [135.4189453125, 170.1810302734375, 226.67015075683594, 294.4815368652344], [176.52650451660156, 0.4586605429649353, 399.89697265625, 126.65351104736328], [204.0099334716797, 158.27587890625, 252.63076782226562, 226.9178924560547], [342.2180480957031, 114.16886901855469, 499.76348876953125, 332.5663146972656], [0.11335313320159912, 0.08722355961799622, 206.67398071289062, 180.56851196289062], [356.7539367675781, 8.147533416748047, 499.3560791015625, 50.24277114868164], [63.70781326293945, 0.2082885503768921, 499.5396728515625, 333.2049560546875], [63.55548095703125, 0.29256463050842285, 499.8367919921875, 333.2891845703125], [399.90966796875, 262.7140197753906, 499.7008972167969, 331.9554748535156], [158.69554138183594, 171.04165649414062, 218.52621459960938, 289.5166931152344], [65.42149353027344, -0.0668393075466156, 397.9342956542969, 332.9297790527344], [356.7539367675781, 8.147533416748047, 499.3560791015625, 50.24277114868164], [247.6003875732422, 0.471743106842041, 499.01861572265625, 50.76457977294922], [197.50265502929688, 271.7778015136719, 224.7041015625, 297.1731262207031], [163.41659545898438, 159.0258331298828, 288.8744201660156, 312.3668212890625], [-0.7485002279281616, 0.5630182027816772, 499.0729064941406, 54.08070755004883], [160.5417022705078, 142.45008850097656, 281.05780029296875, 294.0586853027344], [399.90966796875, 262.7140197753906, 499.7008972167969, 331.9554748535156], [-0.2765730023384094, 0.08662810921669006, 99.4676284790039, 181.39126586914062], [313.6153869628906, 264.43951416015625, 322.9842224121094, 275.8486328125], [63.55548095703125, 0.29256463050842285, 499.8367919921875, 333.2891845703125], [159.4718017578125, 160.1275634765625, 275.2250671386719, 294.36553955078125], [-0.18030405044555664, 160.7490234375, 162.70469665527344, 332.9051513671875], [-0.2933950126171112, 257.7231140136719, 14.590929985046387, 333.3839416503906], [342.5071105957031, 115.42037963867188, 402.6628723144531, 332.5860290527344], [333.0489501953125, -0.26554667949676514, 498.10589599609375, 17.137348175048828], [477.664306640625, 262.1697692871094, 499.58770751953125, 296.62847900390625], [0.29140710830688477, 0.7803080081939697, 500.2859802246094, 177.72836303710938], [477.899169921875, 262.2088928222656, 499.5648498535156, 296.0674133300781], [158.57603454589844, 161.37255859375, 310.4544372558594, 296.84942626953125], [25.716148376464844, 0.3560297191143036, 206.56219482421875, 168.9307098388672], [219.63992309570312, 243.06271362304688, 270.79541015625, 293.8184814453125], [157.93182373046875, 168.3813018798828, 219.78176879882812, 282.6513366699219], [346.0422668457031, -0.2946152091026306, 499.7907409667969, 17.970035552978516], [275.2659606933594, 234.7020721435547, 311.0658264160156, 288.1309814453125], [176.88623046875, -0.0650678426027298, 399.74835205078125, 127.4959716796875], [346.0422668457031, -0.2946152091026306, 499.7907409667969, 17.970035552978516], [-0.7233023643493652, 212.72540283203125, 499.2687683105469, 332.6531677246094], [389.0508728027344, 228.17527770996094, 499.14739990234375, 332.3082580566406], [219.63992309570312, 243.06271362304688, 270.79541015625, 293.8184814453125], [477.9394836425781, 261.8008728027344, 500.0040588378906, 328.8589172363281], [160.23629760742188, 154.02622985839844, 301.35675048828125, 296.71826171875], [399.081787109375, 227.67417907714844, 498.9832458496094, 332.8049011230469], [477.664306640625, 262.1697692871094, 499.58770751953125, 296.62847900390625], [176.88623046875, -0.0650678426027298, 399.74835205078125, 127.4959716796875], [399.081787109375, 227.67417907714844, 498.9832458496094, 332.8049011230469], [389.0508728027344, 228.17527770996094, 499.14739990234375, 332.3082580566406], [247.6003875732422, 0.471743106842041, 499.01861572265625, 50.76457977294922], [-0.2946034073829651, -0.1297287940979004, 111.0172348022461, 171.50025939941406], [211.5433349609375, 157.9703369140625, 246.1214141845703, 182.15406799316406], [342.2180480957031, 114.16886901855469, 499.76348876953125, 332.5663146972656], [157.6055450439453, 155.511962890625, 307.27099609375, 296.52069091796875], [65.31956481933594, 97.39144897460938, 494.7836608886719, 332.93316650390625], [256.02532958984375, 241.38381958007812, 275.49560546875, 288.8839416503906], [348.6394958496094, 8.1103515625, 500.0010681152344, 331.8780212402344], [477.2712097167969, 262.2100830078125, 497.223388671875, 275.36895751953125], [176.88623046875, -0.0650678426027298, 399.74835205078125, 127.4959716796875], [389.0508728027344, 228.17527770996094, 499.14739990234375, 332.3082580566406], [102.41739654541016, 0.6109321117401123, 499.3900146484375, 118.05177307128906], [63.55548095703125, 0.29256463050842285, 499.8367919921875, 333.2891845703125], [342.5071105957031, 115.42037963867188, 402.6628723144531, 332.5860290527344], [342.2180480957031, 114.16886901855469, 499.76348876953125, 332.5663146972656], [65.82373046875, 96.46993255615234, 376.9598693847656, 333.0760498046875], [477.9394836425781, 261.8008728027344, 500.0040588378906, 328.8589172363281], [64.07064056396484, 97.29051971435547, 499.49383544921875, 332.6909484863281], [477.899169921875, 262.2088928222656, 499.5648498535156, 296.0674133300781], [65.82373046875, 96.46993255615234, 376.9598693847656, 333.0760498046875], [356.7539367675781, 8.147533416748047, 499.3560791015625, 50.24277114868164], [103.38317108154297, -0.18479803204536438, 213.52178955078125, 103.35010528564453], [167.99012756347656, 168.3436737060547, 276.0464172363281, 295.2388000488281], [219.4153594970703, 243.001220703125, 270.8197937011719, 293.7929382324219], [278.5840759277344, 239.00819396972656, 311.2394104003906, 286.9321594238281], [399.3731994628906, 227.99002075195312, 484.8424377441406, 333.0406494140625], [167.99012756347656, 168.3436737060547, 276.0464172363281, 295.2388000488281], [158.57603454589844, 161.37255859375, 310.4544372558594, 296.84942626953125], [103.38317108154297, -0.18479803204536438, 213.52178955078125, 103.35010528564453], [103.49378204345703, -0.45812463760375977, 499.1681213378906, 104.32717895507812], [280.7566833496094, 0.4098237156867981, 400.7008972167969, 126.21904754638672], [63.83100128173828, -0.07899145781993866, 112.69131469726562, 105.2844467163086], [159.45437622070312, 157.26052856445312, 260.46649169921875, 293.83514404296875], [389.0508728027344, 228.17527770996094, 499.14739990234375, 332.3082580566406], [176.52650451660156, 0.4586605429649353, 399.89697265625, 126.65351104736328], [158.69554138183594, 171.04165649414062, 218.52621459960938, 289.5166931152344], [333.0489501953125, -0.26554667949676514, 498.10589599609375, 17.137348175048828], [356.7539367675781, 8.147533416748047, 499.3560791015625, 50.24277114868164], [255.78880310058594, 228.3745574951172, 310.21588134765625, 288.2612609863281], [279.589599609375, 238.22999572753906, 328.114501953125, 286.1009216308594], [381.7469787597656, 44.90682601928711, 500.2247619628906, 331.5015869140625], [-0.1310296356678009, 161.42425537109375, 87.73097229003906, 333.0216064453125], [481.77105712890625, 298.07464599609375, 499.9139404296875, 328.755859375], [219.4153594970703, 243.001220703125, 270.8197937011719, 293.7929382324219], [477.664306640625, 262.1697692871094, 499.58770751953125, 296.62847900390625], [338.4456787109375, 46.9923210144043, 499.3515625, 330.0691833496094], [344.3008117675781, 45.74862289428711, 500.25457763671875, 331.858154296875], [479.81463623046875, 282.0328369140625, 500.02593994140625, 302.5760498046875], [103.49378204345703, -0.45812463760375977, 499.1681213378906, 104.32717895507812], [235.09864807128906, 83.54209899902344, 265.1697082519531, 99.60413360595703], [104.2128677368164, 0.6819097995758057, 499.89300537109375, 108.05782318115234], [399.3731994628906, 227.99002075195312, 484.8424377441406, 333.0406494140625], [176.52650451660156, 0.4586605429649353, 399.89697265625, 126.65351104736328], [137.73175048828125, 173.33946228027344, 194.25042724609375, 302.1905517578125], [399.3731994628906, 227.99002075195312, 484.8424377441406, 333.0406494140625], [481.5839538574219, 298.03314208984375, 499.88311767578125, 329.0787658691406], [399.081787109375, 227.67417907714844, 498.9832458496094, 332.8049011230469], [159.7579345703125, 174.15748596191406, 184.073974609375, 224.28611755371094], [160.56298828125, 171.26495361328125, 216.62818908691406, 226.87942504882812], [2.8783531188964844, 158.74478149414062, 305.6668701171875, 332.5252380371094], [63.83100128173828, -0.07899145781993866, 112.69131469726562, 105.2844467163086]), Score: [0.9456599354743958, 0.9366196393966675, 0.4477512836456299, 0.3660487234592438, 0.2215908318758011, 0.18920285999774933, 0.1763576865196228, 0.16864363849163055, 0.12179345637559891, 0.12156502157449722, 0.11198088526725769, 0.11168751120567322, 0.10675951093435287, 0.10406051576137543, 0.10221311450004578, 0.10059506446123123, 0.09219960868358612, 0.09101686626672745, 0.08582417666912079, 0.08512557297945023, 0.08372807502746582, 0.08293305337429047, 0.08226125687360764, 0.08138258010149002, 0.07738547772169113, 0.06571532785892487, 0.06512186676263809, 0.06311793625354767, 0.06239934265613556, 0.06153147667646408, 0.06073680520057678, 0.060397516936063766, 0.05942035838961601, 0.05876131355762482, 0.05781572684645653, 0.056930605322122574, 0.05664763227105141, 0.05497286841273308, 0.054184313863515854, 0.05299695208668709, 0.051941681653261185, 0.051892928779125214, 0.05148749053478241, 0.05091659724712372, 0.050783563405275345, 0.049989596009254456, 0.049042947590351105, 0.048947423696517944, 0.04809713363647461, 0.04803545027971268, 0.04713011905550957, 0.046938322484493256, 0.04634635150432587, 0.046240877360105515, 0.04489409923553467, 0.04478670656681061, 0.04413890093564987, 0.04378679394721985, 0.04323829710483551, 0.042325347661972046, 0.042123597115278244, 0.0421144962310791, 0.04173668846487999, 0.04151196405291557, 0.04125719889998436, 0.04088896885514259, 0.040106356143951416, 0.039983540773391724, 0.039925750344991684, 0.039274752140045166, 0.03907575085759163, 0.038860712200403214, 0.03885367512702942, 0.03867867588996887, 0.03810843452811241, 0.03806507587432861, 0.037851732224226, 0.03754596784710884, 0.03752842918038368, 0.037314046174287796, 0.03727589547634125, 0.03689518943428993, 0.036795321851968765, 0.036361124366521835, 0.03634348511695862, 0.03625722974538803, 0.036234840750694275, 0.03621671721339226, 0.036115385591983795, 0.036042872816324234, 0.03595225512981415, 0.035678714513778687, 0.03557772561907768, 0.035405777394771576, 0.03539430722594261, 0.03514784574508667, 0.03512498736381531, 0.03492627665400505, 0.03477061539888382, 0.034733761101961136, 0.03468659147620201, 0.034630537033081055, 0.03462476655840874, 0.03441624343395233, 0.03433101251721382, 0.03426823019981384, 0.03393120691180229, 0.033870067447423935, 0.033858709037303925, 0.033673565834760666, 0.033510081470012665, 0.03332024812698364, 0.033254966139793396, 0.03305928409099579, 0.03295782208442688, 0.03293527290225029, 0.03265593573451042, 0.03260302171111107, 0.032475121319293976, 0.03245588019490242, 0.03236972168087959, 0.03232559189200401, 0.03185403347015381, 0.03170979395508766, 0.031667765229940414, 0.03141665458679199, 0.03097054734826088, 0.030637770891189575, 0.03058036044239998, 0.030494650825858116, 0.0304887592792511, 0.0304565392434597, 0.03040226362645626, 0.030221236869692802, 0.030199766159057617, 0.029990404844284058, 0.02976052835583687, 0.02970748394727707, 0.029658103361725807, 0.029525471851229668, 0.029179224744439125, 0.029093995690345764, 0.02907898835837841, 0.02907070517539978, 0.028964504599571228, 0.028943605720996857, 0.028841756284236908, 0.028819380328059196, 0.028659239411354065, 0.02862192690372467, 0.028589168563485146, 0.028578994795680046, 0.028524719178676605, 0.028415529057383537, 0.02838064916431904, 0.02812061831355095, 0.028095873072743416, 0.028028011322021484, 0.027862539514899254, 0.027659162878990173, 0.02735147438943386, 0.02733709290623665, 0.027306795120239258, 0.02709943987429142, 0.026906155049800873, 0.026853539049625397, 0.02668645977973938, 0.026442663744091988, 0.026249317452311516, 0.02619869075715542, 0.02616489864885807, 0.025868507102131844, 0.02566211111843586, 0.025600755587220192, 0.02529720403254032, 0.025153420865535736, 0.025150252506136894, 0.025125790387392044, 0.025066960602998734, 0.025021709501743317, 0.02496747113764286, 0.024946684017777443, 0.024927299469709396, 0.024876436218619347, 0.024807019159197807, 0.02478971518576145, 0.024565402418375015, 0.02454829216003418, 0.02451404370367527, 0.02443281002342701, 0.02435920760035515, 0.024293169379234314, 0.02426515519618988, 0.024237116798758507, 0.02416653372347355, 0.024095911532640457, 0.023998351767659187, 0.023954998701810837, 0.02390352264046669, 0.023887617513537407, 0.02377212606370449, 0.023732582107186317, 0.02349870651960373, 0.023443404585123062, 0.023408932611346245, 0.02337789535522461, 0.02337460033595562, 0.023320525884628296, 0.023264754563570023, 0.023232396692037582, 0.02318287268280983, 0.023080091923475266, 0.023076443001627922, 0.02283066138625145, 0.02279651165008545, 0.022794514894485474, 0.0227412860840559, 0.022698571905493736, 0.022689033299684525, 0.022652454674243927, 0.022642355412244797, 0.022581495344638824, 0.022494854405522346, 0.02245313860476017, 0.022431630641222, 0.022384045645594597, 0.02235761471092701, 0.02228606678545475, 0.02226993255317211, 0.0220660250633955, 0.02202671580016613, 0.02194555662572384, 0.021925007924437523, 0.021880704909563065, 0.021857766434550285, 0.021852750331163406, 0.02182132378220558, 0.021817941218614578, 0.021763144060969353, 0.02155277319252491, 0.0215208251029253, 0.021492715924978256, 0.021466493606567383, 0.021440742537379265, 0.021413840353488922, 0.021389193832874298, 0.021302836015820503, 0.021224230527877808, 0.02122076414525509, 0.021219713613390923, 0.02119416370987892, 0.02113487757742405, 0.021129190921783447, 0.02111852914094925, 0.021107135340571404, 0.02108914405107498, 0.02106821909546852, 0.02106725051999092, 0.02104235626757145, 0.021016277372837067, 0.02101566456258297, 0.020964598283171654, 0.020958228036761284, 0.020797248929739, 0.020789735019207, 0.02075209654867649, 0.020741041749715805, 0.020595090463757515, 0.020584484562277794, 0.020526399835944176, 0.020508788526058197, 0.020498080179095268, 0.02045648731291294, 0.02045082300901413, 0.02044742740690708, 0.02040521800518036, 0.020376499742269516, 0.02036857232451439, 0.02034229040145874, 0.02033982053399086, 0.020294062793254852, 0.02027076855301857, 0.020253745838999748, 0.020212359726428986, 0.020199371501803398, 0.020116742700338364, 0.020104067400097847, 0.020101794973015785, 0.020099390298128128, 0.019863063469529152, 0.019771963357925415, 0.019750172272324562, 0.019745120778679848, 0.019738882780075073, 0.019731247797608376, 0.01972709409892559, 0.019716206938028336, 0.019511660560965538, 0.019510680809617043, 0.019352881237864494]

Execution time: 0.4104 sec
