Label: tensor([ 0, 13, 48, 13, 17, 17, 13, 17, 20, 54, 20, 13, 13,  0, 13, 13, 46, 29,
        73, 13, 19, 13, 16, 13, 59, 57, 20,  7, 55, 16, 13, 16, 48,  0, 13, 16,
        52, 32, 56, 16, 13, 13, 13, 56, 17, 47, 16, 19, 13, 53, 17, 13,  0, 13,
        20, 73, 67, 48, 17, 19, 56, 13, 45, 13, 13, 13, 49, 13, 13, 13, 67, 17,
        57, 21, 16, 20, 13, 21,  0, 60, 13, 60, 39,  8,  8, 13, 59, 21, 13, 13,
         3, 48, 16, 41, 13, 51, 13, 67, 13, 56, 13, 17, 13, 67,  2, 14, 77, 60,
        20,  8, 13, 73, 56,  2, 13, 13, 56, 20, 23,  7, 14, 17, 56, 77, 56, 19,
        13, 60, 20, 13, 16,  0, 56, 35,  2,  8,  0,  2,  2, 56, 17, 50, 20, 13,
         0,  2, 13, 65, 59,  2, 57,  2, 16, 13, 20,  7, 13, 20, 17, 19, 32,  5,
        56,  0, 13, 57, 23,  7,  2, 59,  2, 56,  7, 13, 34, 56, 14,  0, 13, 37,
         0, 56, 59, 77, 67, 56, 56,  2, 13, 67,  2,  3, 27,  0, 49, 56, 56, 57,
        32, 13, 59, 56,  8, 13, 32, 56,  6, 16, 16, 59, 13, 79, 17, 57, 48, 20,
        34, 57, 56,  0,  0,  7,  2, 18, 21, 46, 13,  4,  2,  8, 73, 46,  0,  5,
        56, 32, 73, 21,  2, 57, 20, 27, 46, 58,  5,  5, 55, 57,  0, 59,  7, 56,
         2, 13, 13,  0, 20, 54,  7, 13,  0,  7, 56, 56, 59, 67, 16, 13, 56, 59,
        13, 74, 20, 20,  0, 57,  7, 13, 16,  7, 32, 17,  0, 28, 58, 21, 57, 74,
         2, 13, 59, 57, 17, 53, 16, 13, 77, 16, 59,  2]), Box: ([28.965160369873047, 10.499094009399414, 279.3004455566406, 374.73968505859375], [0.333636999130249, 312.42083740234375, 498.9068603515625, 375.0642395019531], [176.9020233154297, 14.476815223693848, 216.02317810058594, 68.21587371826172], [-0.06538629531860352, 317.04547119140625, 108.654541015625, 374.851318359375], [23.302152633666992, 11.534415245056152, 500.7779541015625, 374.8008117675781], [211.75843811035156, 109.1993637084961, 499.768310546875, 374.74078369140625], [0.42732805013656616, 316.87847900390625, 183.1542205810547, 375.0625915527344], [178.47817993164062, 13.45625114440918, 499.3584289550781, 375.44927978515625], [23.302152633666992, 11.534415245056152, 500.7779541015625, 374.8008117675781], [176.9020233154297, 14.476815223693848, 216.02317810058594, 68.21587371826172], [211.75843811035156, 109.1993637084961, 499.768310546875, 374.74078369140625], [2.5200321674346924, 315.6759948730469, 227.1251678466797, 374.84088134765625], [-0.12306869029998779, 279.87567138671875, 499.6625061035156, 374.9605712890625], [23.302152633666992, 11.534415245056152, 500.7779541015625, 374.8008117675781], [0.3083944320678711, 315.8703918457031, 272.985107421875, 375.03497314453125], [42.82307052612305, 172.06661987304688, 85.50914001464844, 284.78326416015625], [176.9020233154297, 14.476815223693848, 216.02317810058594, 68.21587371826172], [222.5914764404297, 207.49758911132812, 354.4751281738281, 305.1644592285156], [0.23527070879936218, 10.40117359161377, 64.81803894042969, 98.05303192138672], [4.509970664978027, 315.9914855957031, 453.7184143066406, 375.052978515625], [211.75843811035156, 109.1993637084961, 499.768310546875, 374.74078369140625], [0.1685619354248047, 266.5664367675781, 499.8277282714844, 375.1220703125], [211.75843811035156, 109.1993637084961, 499.768310546875, 374.74078369140625], [0.951230525970459, 141.16494750976562, 498.6374816894531, 375.19293212890625], [0.333636999130249, 312.42083740234375, 498.9068603515625, 375.0642395019531], [0.333636999130249, 312.42083740234375, 498.9068603515625, 375.0642395019531], [178.47817993164062, 13.45625114440918, 499.3584289550781, 375.44927978515625], [0.24953484535217285, 12.589327812194824, 500.244384765625, 374.3521728515625], [176.9020233154297, 14.476815223693848, 216.02317810058594, 68.21587371826172], [178.47817993164062, 13.45625114440918, 499.3584289550781, 375.44927978515625], [-0.034108757972717285, 137.9483184814453, 499.94677734375, 375.0078125], [23.302152633666992, 11.534415245056152, 500.7779541015625, 374.8008117675781], [176.44903564453125, 14.489893913269043, 228.1843719482422, 83.80135345458984], [178.47817993164062, 13.45625114440918, 499.3584289550781, 375.44927978515625], [0.11526048183441162, 249.39280700683594, 499.96710205078125, 375.0695495605469], [221.3369598388672, 271.3439025878906, 499.14044189453125, 375.4176330566406], [176.9020233154297, 14.476815223693848, 216.02317810058594, 68.21587371826172], [222.5914764404297, 207.49758911132812, 354.4751281738281, 305.1644592285156], [42.82307052612305, 172.06661987304688, 85.50914001464844, 284.78326416015625], [217.0473175048828, 206.26803588867188, 499.376708984375, 375.04461669921875], [0.4843771457672119, 148.14352416992188, 84.65557098388672, 285.2602844238281], [-0.05081295967102051, 271.0955810546875, 499.7939147949219, 375.3644104003906], [1.1619701385498047, 169.34425354003906, 167.29214477539062, 374.8003234863281], [-0.06538629531860352, 317.04547119140625, 108.654541015625, 374.851318359375], [217.0473175048828, 206.26803588867188, 499.376708984375, 375.04461669921875], [176.9020233154297, 14.476815223693848, 216.02317810058594, 68.21587371826172], [220.4861297607422, 265.8049621582031, 499.3534851074219, 375.337158203125], [23.302152633666992, 11.534415245056152, 500.7779541015625, 374.8008117675781], [0.03314018249511719, 263.52825927734375, 499.9682312011719, 375.2052917480469], [176.9020233154297, 14.476815223693848, 216.02317810058594, 68.21587371826172], [31.019895553588867, 123.06427764892578, 503.45050048828125, 374.92938232421875], [0.20298361778259277, 185.26336669921875, 500.1590270996094, 375.6495056152344], [32.934425354003906, 10.596726417541504, 271.6142883300781, 374.45318603515625], [0.28005242347717285, 215.87657165527344, 499.8963623046875, 375.89141845703125], [217.0473175048828, 206.26803588867188, 499.376708984375, 375.04461669921875], [0.44217145442962646, 19.07611083984375, 43.795249938964844, 97.53678894042969], [63.10661697387695, 50.43003463745117, 70.50142669677734, 68.63690948486328], [176.8096466064453, 14.865886688232422, 237.5552215576172, 117.10042572021484], [182.54307556152344, 56.53182601928711, 500.6144104003906, 375.6667175292969], [178.47817993164062, 13.45625114440918, 499.3584289550781, 375.44927978515625], [0.333636999130249, 312.42083740234375, 498.9068603515625, 375.0642395019531], [1.5949606895446777, 316.6033020019531, 275.3118896484375, 374.7266845703125], [222.5914764404297, 207.49758911132812, 354.4751281738281, 305.1644592285156], [-0.017911195755004883, 290.3483581542969, 499.880859375, 375.146728515625], [3.741398334503174, 274.41845703125, 496.52813720703125, 375.0978698730469], [0.4928708076477051, 250.54324340820312, 359.65283203125, 374.7101745605469], [176.9020233154297, 14.476815223693848, 216.02317810058594, 68.21587371826172], [0.06628036499023438, 275.08203125, 500.0513916015625, 375.1018371582031], [0.29528141021728516, 135.405029296875, 499.54766845703125, 375.1111755371094], [-0.12804009020328522, 315.7915344238281, 51.203407287597656, 374.6783447265625], [176.9020233154297, 14.476815223693848, 216.02317810058594, 68.21587371826172], [50.17180633544922, 87.15777587890625, 497.029052734375, 375.7665710449219], [-0.12306869029998779, 279.87567138671875, 499.6625061035156, 374.9605712890625], [23.302152633666992, 11.534415245056152, 500.7779541015625, 374.8008117675781], [50.17180633544922, 87.15777587890625, 497.029052734375, 375.7665710449219], [31.019895553588867, 123.06427764892578, 503.45050048828125, 374.92938232421875], [31.019895553588867, 123.06427764892578, 503.45050048828125, 374.92938232421875], [211.75843811035156, 109.1993637084961, 499.768310546875, 374.74078369140625], [211.75843811035156, 109.1993637084961, 499.768310546875, 374.74078369140625], [0.42732805013656616, 316.87847900390625, 183.1542205810547, 375.0625915527344], [-0.25953352451324463, 173.2970733642578, 268.9354553222656, 376.586181640625], [-0.06538629531860352, 317.04547119140625, 108.654541015625, 374.851318359375], [176.9020233154297, 14.476815223693848, 216.02317810058594, 68.21587371826172], [0.333636999130249, 312.42083740234375, 498.9068603515625, 375.0642395019531], [0.24953484535217285, 12.589327812194824, 500.244384765625, 374.3521728515625], [3.37257981300354, 268.7210388183594, 494.478515625, 375.1965637207031], [-0.12306869029998779, 279.87567138671875, 499.6625061035156, 374.9605712890625], [178.47817993164062, 13.45625114440918, 499.3584289550781, 375.44927978515625], [0.24953484535217285, 12.589327812194824, 500.244384765625, 374.3521728515625], [-0.04532933235168457, 286.1648254394531, 499.83465576171875, 375.200439453125], [23.302152633666992, 11.534415245056152, 500.7779541015625, 374.8008117675781], [176.93226623535156, 14.409743309020996, 237.67115783691406, 119.34913635253906], [31.019895553588867, 123.06427764892578, 503.45050048828125, 374.92938232421875], [176.9020233154297, 14.476815223693848, 216.02317810058594, 68.21587371826172], [0.05041062831878662, 270.75897216796875, 499.81683349609375, 374.8999938964844], [176.9020233154297, 14.476815223693848, 216.02317810058594, 68.21587371826172], [-4.1540117263793945, 289.0811462402344, 305.2333068847656, 375.72802734375], [120.45442199707031, 116.65638732910156, 128.64642333984375, 131.55885314941406], [35.93226623535156, 166.3844757080078, 273.23907470703125, 375.4908752441406], [0.951230525970459, 141.16494750976562, 498.6374816894531, 375.19293212890625], [380.6495361328125, 136.2019805908203, 500.4676513671875, 197.71266174316406], [159.762451171875, 14.975566864013672, 500.0824279785156, 374.3764343261719], [2.8485655784606934, 182.19049072265625, 495.962158203125, 375.86175537109375], [63.82456588745117, 52.026954650878906, 70.4979476928711, 69.1574935913086], [480.65423583984375, 143.25633239746094, 500.4505615234375, 263.1846008300781], [178.47817993164062, 13.45625114440918, 499.3584289550781, 375.44927978515625], [23.302152633666992, 11.534415245056152, 500.7779541015625, 374.8008117675781], [2.5200321674346924, 315.6759948730469, 227.1251678466797, 374.84088134765625], [221.3369598388672, 271.3439025878906, 499.14044189453125, 375.4176330566406], [23.302152633666992, 11.534415245056152, 500.7779541015625, 374.8008117675781], [-3.6024153232574463, 274.26025390625, 284.4089660644531, 376.6087341308594], [-0.01699104905128479, 10.689848899841309, 64.93035125732422, 147.8665771484375], [0.42732805013656616, 316.87847900390625, 183.1542205810547, 375.0625915527344], [0.951230525970459, 141.16494750976562, 498.6374816894531, 375.19293212890625], [-2.4015307426452637, 280.8630065917969, 376.46282958984375, 375.17724609375], [335.9542541503906, 135.5471649169922, 500.0824279785156, 199.04051208496094], [211.75843811035156, 109.1993637084961, 499.768310546875, 374.74078369140625], [50.17180633544922, 87.15777587890625, 497.029052734375, 375.7665710449219], [23.302152633666992, 11.534415245056152, 500.7779541015625, 374.8008117675781], [23.302152633666992, 11.534415245056152, 500.7779541015625, 374.8008117675781], [23.302152633666992, 11.534415245056152, 500.7779541015625, 374.8008117675781], [0.951230525970459, 141.16494750976562, 498.6374816894531, 375.19293212890625], [-0.12306869029998779, 279.87567138671875, 499.6625061035156, 374.9605712890625], [176.9020233154297, 14.476815223693848, 216.02317810058594, 68.21587371826172], [-0.034108757972717285, 137.9483184814453, 499.94677734375, 375.0078125], [217.0473175048828, 206.26803588867188, 499.376708984375, 375.04461669921875], [3.6673545837402344, 201.83868408203125, 366.2137145996094, 374.71820068359375], [0.333636999130249, 312.42083740234375, 498.9068603515625, 375.0642395019531], [220.4861297607422, 265.8049621582031, 499.3534851074219, 375.337158203125], [-0.5248785018920898, 116.89737701416016, 341.95989990234375, 374.9374084472656], [0.951230525970459, 141.16494750976562, 498.6374816894531, 375.19293212890625], [0.24953484535217285, 12.589327812194824, 500.244384765625, 374.3521728515625], [23.302152633666992, 11.534415245056152, 500.7779541015625, 374.8008117675781], [176.9020233154297, 14.476815223693848, 216.02317810058594, 68.21587371826172], [489.9786376953125, 70.53959655761719, 500.60809326171875, 108.17224884033203], [-0.12306869029998779, 279.87567138671875, 499.6625061035156, 374.9605712890625], [35.248992919921875, 11.382513046264648, 381.6784973144531, 374.3971862792969], [332.2042236328125, 63.515872955322266, 499.95703125, 196.72952270507812], [335.9542541503906, 135.5471649169922, 500.0824279785156, 199.04051208496094], [31.019895553588867, 123.06427764892578, 503.45050048828125, 374.92938232421875], [221.3369598388672, 271.3439025878906, 499.14044189453125, 375.4176330566406], [176.9020233154297, 14.476815223693848, 216.02317810058594, 68.21587371826172], [211.55345153808594, 112.08396911621094, 354.16705322265625, 305.8431396484375], [9.459763526916504, 168.3897705078125, 274.4008483886719, 376.3833923339844], [50.17180633544922, 87.15777587890625, 497.029052734375, 375.7665710449219], [490.60809326171875, 70.47492218017578, 500.33843994140625, 85.14432525634766], [-8.192062377929688, 229.59011840820312, 367.95013427734375, 374.8519287109375], [176.9020233154297, 14.476815223693848, 216.02317810058594, 68.21587371826172], [0.1685619354248047, 266.5664367675781, 499.8277282714844, 375.1220703125], [0.24953484535217285, 12.589327812194824, 500.244384765625, 374.3521728515625], [0.1685619354248047, 266.5664367675781, 499.8277282714844, 375.1220703125], [428.36029052734375, 70.41594696044922, 500.33251953125, 139.4816436767578], [0.333636999130249, 312.42083740234375, 498.9068603515625, 375.0642395019531], [6.699860095977783, 145.7095947265625, 498.4517822265625, 375.5011291503906], [0.333636999130249, 312.42083740234375, 498.9068603515625, 375.0642395019531], [0.951230525970459, 141.16494750976562, 498.6374816894531, 375.19293212890625], [6.166055679321289, 153.7253875732422, 95.26101684570312, 272.3340148925781], [212.65928649902344, 112.01634979248047, 354.44158935546875, 306.5309753417969], [188.22938537597656, 83.95923614501953, 500.15753173828125, 375.9617919921875], [31.019895553588867, 123.06427764892578, 503.45050048828125, 374.92938232421875], [176.9020233154297, 14.476815223693848, 216.02317810058594, 68.21587371826172], [332.2042236328125, 63.515872955322266, 499.95703125, 196.72952270507812], [0.4843771457672119, 148.14352416992188, 84.65557098388672, 285.2602844238281], [180.8162384033203, 15.634552001953125, 499.5513000488281, 372.70550537109375], [-0.021904706954956055, 277.7896728515625, 499.96051025390625, 372.7900085449219], [0.951230525970459, 141.16494750976562, 498.6374816894531, 375.19293212890625], [178.47817993164062, 13.45625114440918, 499.3584289550781, 375.44927978515625], [0.333636999130249, 312.42083740234375, 498.9068603515625, 375.0642395019531], [380.6495361328125, 136.2019805908203, 500.4676513671875, 197.71266174316406], [-0.05081295967102051, 271.0955810546875, 499.7939147949219, 375.3644104003906], [483.3309631347656, 138.9849853515625, 500.4298095703125, 204.52630615234375], [2.5200321674346924, 315.6759948730469, 227.1251678466797, 374.84088134765625], [332.2042236328125, 63.515872955322266, 499.95703125, 196.72952270507812], [23.302152633666992, 11.534415245056152, 500.7779541015625, 374.8008117675781], [42.82307052612305, 172.06661987304688, 85.50914001464844, 284.78326416015625], [0.24953484535217285, 12.589327812194824, 500.244384765625, 374.3521728515625], [211.75843811035156, 109.1993637084961, 499.768310546875, 374.74078369140625], [0.951230525970459, 141.16494750976562, 498.6374816894531, 375.19293212890625], [38.988426208496094, 167.0673828125, 211.35757446289062, 285.9772644042969], [222.5914764404297, 207.49758911132812, 354.4751281738281, 305.1644592285156], [31.019895553588867, 123.06427764892578, 503.45050048828125, 374.92938232421875], [217.0473175048828, 206.26803588867188, 499.376708984375, 375.04461669921875], [4.509970664978027, 315.9914855957031, 453.7184143066406, 375.052978515625], [211.75843811035156, 109.1993637084961, 499.768310546875, 374.74078369140625], [61.840980529785156, 30.09075927734375, 70.77703094482422, 70.19025421142578], [0.29528141021728516, 135.405029296875, 499.54766845703125, 375.1111755371094], [221.3369598388672, 271.3439025878906, 499.14044189453125, 375.4176330566406], [336.376220703125, 135.9957733154297, 500.44952392578125, 268.7703857421875], [95.80997467041016, 96.51927185058594, 121.67721557617188, 131.11630249023438], [66.88077545166016, 11.127453804016113, 103.09883880615234, 59.309654235839844], [23.302152633666992, 11.534415245056152, 500.7779541015625, 374.8008117675781], [211.75843811035156, 109.1993637084961, 499.768310546875, 374.74078369140625], [176.9020233154297, 14.476815223693848, 216.02317810058594, 68.21587371826172], [93.32482147216797, 48.00944137573242, 271.95709228515625, 374.8218688964844], [222.5914764404297, 207.49758911132812, 354.4751281738281, 305.1644592285156], [0.1685619354248047, 266.5664367675781, 499.8277282714844, 375.1220703125], [0.1869797706604004, 316.57684326171875, 107.22776794433594, 374.31689453125], [-0.05081295967102051, 271.0955810546875, 499.7939147949219, 375.3644104003906], [23.302152633666992, 11.534415245056152, 500.7779541015625, 374.8008117675781], [49.26908874511719, 175.52700805664062, 242.2616729736328, 374.964599609375], [0.03314018249511719, 263.52825927734375, 499.9682312011719, 375.2052917480469], [0.11526048183441162, 249.39280700683594, 499.96710205078125, 375.0695495605469], [0.951230525970459, 141.16494750976562, 498.6374816894531, 375.19293212890625], [1.0550469160079956, 299.10015869140625, 498.6535339355469, 375.2428283691406], [211.75843811035156, 109.1993637084961, 499.768310546875, 374.74078369140625], [0.20298361778259277, 185.26336669921875, 500.1590270996094, 375.6495056152344], [0.24953484535217285, 12.589327812194824, 500.244384765625, 374.3521728515625], [-0.12306869029998779, 279.87567138671875, 499.6625061035156, 374.9605712890625], [220.6848907470703, 272.4506530761719, 370.40765380859375, 374.6274719238281], [3.741398334503174, 274.41845703125, 496.52813720703125, 375.0978698730469], [31.462080001831055, 241.01368713378906, 280.3985595703125, 375.4099426269531], [176.9020233154297, 14.476815223693848, 216.02317810058594, 68.21587371826172], [220.4861297607422, 265.8049621582031, 499.3534851074219, 375.337158203125], [0.11526048183441162, 249.39280700683594, 499.96710205078125, 375.0695495605469], [66.88077545166016, 11.127453804016113, 103.09883880615234, 59.309654235839844], [222.5914764404297, 207.49758911132812, 354.4751281738281, 305.1644592285156], [30.37921714782715, 10.763704299926758, 120.6424560546875, 285.3984375], [-0.017911195755004883, 290.3483581542969, 499.880859375, 375.146728515625], [0.3083944320678711, 315.8703918457031, 272.985107421875, 375.03497314453125], [159.762451171875, 14.975566864013672, 500.0824279785156, 374.3764343261719], [212.65928649902344, 112.01634979248047, 354.44158935546875, 306.5309753417969], [480.65423583984375, 143.25633239746094, 500.4505615234375, 263.1846008300781], [-0.034108757972717285, 137.9483184814453, 499.94677734375, 375.0078125], [211.75843811035156, 109.1993637084961, 499.768310546875, 374.74078369140625], [31.019895553588867, 123.06427764892578, 503.45050048828125, 374.92938232421875], [176.8096466064453, 14.865886688232422, 237.5552215576172, 117.10042572021484], [483.3309631347656, 138.9849853515625, 500.4298095703125, 204.52630615234375], [0.24953484535217285, 12.589327812194824, 500.244384765625, 374.3521728515625], [487.6976013183594, 107.7040023803711, 500.3166809082031, 139.53590393066406], [0.1685619354248047, 266.5664367675781, 499.8277282714844, 375.1220703125], [1.4716330766677856, 56.21615982055664, 42.60145950317383, 96.69606018066406], [176.93226623535156, 14.409743309020996, 237.67115783691406, 119.34913635253906], [211.55345153808594, 112.08396911621094, 354.16705322265625, 305.8431396484375], [428.36029052734375, 70.41594696044922, 500.33251953125, 139.4816436767578], [-0.05081295967102051, 271.0955810546875, 499.7939147949219, 375.3644104003906], [212.65928649902344, 112.01634979248047, 354.44158935546875, 306.5309753417969], [95.80997467041016, 96.51927185058594, 121.67721557617188, 131.11630249023438], [50.17180633544922, 87.15777587890625, 497.029052734375, 375.7665710449219], [0.333636999130249, 312.42083740234375, 498.9068603515625, 375.0642395019531], [221.3369598388672, 271.3439025878906, 499.14044189453125, 375.4176330566406], [182.54307556152344, 56.53182601928711, 500.6144104003906, 375.6667175292969], [176.2181854248047, 15.89216136932373, 200.31494140625, 123.17383575439453], [176.44903564453125, 14.489893913269043, 228.1843719482422, 83.80135345458984], [0.4843771457672119, 148.14352416992188, 84.65557098388672, 285.2602844238281], [335.9542541503906, 135.5471649169922, 500.0824279785156, 199.04051208496094], [0.24953484535217285, 12.589327812194824, 500.244384765625, 374.3521728515625], [176.44903564453125, 14.489893913269043, 228.1843719482422, 83.80135345458984], [-0.034108757972717285, 137.9483184814453, 499.94677734375, 375.0078125], [29.95075225830078, 10.851725578308105, 399.14715576171875, 374.0787048339844], [0.11526048183441162, 249.39280700683594, 499.96710205078125, 375.0695495605469], [-0.034108757972717285, 137.9483184814453, 499.94677734375, 375.0078125], [95.80997467041016, 96.51927185058594, 121.67721557617188, 131.11630249023438], [486.4390563964844, 70.8923568725586, 500.2229309082031, 138.9713134765625], [30.159399032592773, 127.81954193115234, 385.77484130859375, 374.5307922363281], [30.527982711791992, 60.52127456665039, 102.19239807128906, 283.1066589355469], [99.41249084472656, 14.460034370422363, 270.09710693359375, 373.97027587890625], [0.951230525970459, 141.16494750976562, 498.6374816894531, 375.19293212890625], [176.44903564453125, 14.489893913269043, 228.1843719482422, 83.80135345458984], [483.3309631347656, 138.9849853515625, 500.4298095703125, 204.52630615234375], [0.6197988986968994, 124.98011016845703, 499.363037109375, 375.0816345214844], [182.98582458496094, 16.1677303314209, 402.7626037597656, 323.38812255859375], [335.9542541503906, 135.5471649169922, 500.0824279785156, 199.04051208496094], [482.62060546875, 151.578857421875, 500.0420837402344, 206.0264892578125], [0.28005242347717285, 215.87657165527344, 499.8963623046875, 375.89141845703125], [-0.017911195755004883, 290.3483581542969, 499.880859375, 375.146728515625], [62.71989822387695, 32.44949722290039, 69.54407501220703, 54.21152877807617], [182.54307556152344, 56.53182601928711, 500.6144104003906, 375.6667175292969], [0.23527070879936218, 10.40117359161377, 64.81803894042969, 98.05303192138672], [483.3309631347656, 138.9849853515625, 500.4298095703125, 204.52630615234375], [0.06628036499023438, 275.08203125, 500.0513916015625, 375.1018371582031], [33.92207717895508, 110.68910217285156, 456.6275329589844, 373.96087646484375], [337.4716491699219, 18.516498565673828, 350.15069580078125, 42.02104949951172], [159.762451171875, 14.975566864013672, 500.0824279785156, 374.3764343261719], [-0.12306869029998779, 279.87567138671875, 499.6625061035156, 374.9605712890625], [480.65423583984375, 143.25633239746094, 500.4505615234375, 263.1846008300781], [23.302152633666992, 11.534415245056152, 500.7779541015625, 374.8008117675781], [-0.12306869029998779, 279.87567138671875, 499.6625061035156, 374.9605712890625], [-0.41305646300315857, 10.72778034210205, 120.22884368896484, 147.16790771484375], [3.741398334503174, 274.41845703125, 496.52813720703125, 375.0978698730469], [380.6495361328125, 136.2019805908203, 500.4676513671875, 197.71266174316406], [211.55345153808594, 112.08396911621094, 354.16705322265625, 305.8431396484375], [180.8162384033203, 15.634552001953125, 499.5513000488281, 372.70550537109375], [176.23106384277344, 16.89776039123535, 495.05694580078125, 331.5028991699219], [-0.06538629531860352, 317.04547119140625, 108.654541015625, 374.851318359375], [23.302152633666992, 11.534415245056152, 500.7779541015625, 374.8008117675781], [217.0473175048828, 206.26803588867188, 499.376708984375, 375.04461669921875], [0.03314018249511719, 263.52825927734375, 499.9682312011719, 375.2052917480469], [23.302152633666992, 11.534415245056152, 500.7779541015625, 374.8008117675781], [482.62060546875, 151.578857421875, 500.0420837402344, 206.0264892578125], [0.8344501256942749, 124.11312866210938, 499.0344543457031, 375.0960998535156], [23.302152633666992, 11.534415245056152, 500.7779541015625, 374.8008117675781], [3.741398334503174, 274.41845703125, 496.52813720703125, 375.0978698730469], [-0.034108757972717285, 137.9483184814453, 499.94677734375, 375.0078125], [176.44903564453125, 14.489893913269043, 228.1843719482422, 83.80135345458984], [0.1685619354248047, 266.5664367675781, 499.8277282714844, 375.1220703125], [-0.01699104905128479, 10.689848899841309, 64.93035125732422, 147.8665771484375], [178.47817993164062, 13.45625114440918, 499.3584289550781, 375.44927978515625], [-0.034108757972717285, 137.9483184814453, 499.94677734375, 375.0078125], [3.37257981300354, 268.7210388183594, 494.478515625, 375.1965637207031], [31.019895553588867, 123.06427764892578, 503.45050048828125, 374.92938232421875]), Score: [0.9148063063621521, 0.2908807396888733, 0.28321969509124756, 0.27995195984840393, 0.27242279052734375, 0.23276503384113312, 0.20225372910499573, 0.19037382304668427, 0.18113228678703308, 0.17861032485961914, 0.16538695991039276, 0.15822084248065948, 0.1579308807849884, 0.15278668701648712, 0.13059386610984802, 0.125428706407547, 0.12388559430837631, 0.11999659985303879, 0.11836130917072296, 0.11627091467380524, 0.11510296165943146, 0.10960421711206436, 0.10253532975912094, 0.10228481143712997, 0.10060757398605347, 0.09890522807836533, 0.09854692220687866, 0.09799210727214813, 0.0977184921503067, 0.09591794013977051, 0.09547951817512512, 0.09253323078155518, 0.09141767024993896, 0.08987745642662048, 0.08876519650220871, 0.08702320605516434, 0.08662319928407669, 0.0835321694612503, 0.08329864591360092, 0.07942049950361252, 0.07941161096096039, 0.07919973880052567, 0.07869180291891098, 0.07830853015184402, 0.07802922278642654, 0.0763397216796875, 0.07397289574146271, 0.07368521392345428, 0.07326405495405197, 0.07305283844470978, 0.0718362107872963, 0.07155374437570572, 0.06831690669059753, 0.06760876625776291, 0.0666348934173584, 0.06562565267086029, 0.06483789533376694, 0.06441108137369156, 0.0629131942987442, 0.06268064677715302, 0.06245243549346924, 0.062378909438848495, 0.062278300523757935, 0.06146135926246643, 0.06095828488469124, 0.0609007366001606, 0.05976355820894241, 0.0594748854637146, 0.059216175228357315, 0.05898776277899742, 0.05894764885306358, 0.05887209251523018, 0.0574159100651741, 0.05726230517029762, 0.05710255727171898, 0.05481494218111038, 0.054563894867897034, 0.053704194724559784, 0.05349126085639, 0.05299638956785202, 0.0526215098798275, 0.05205994099378586, 0.05200197920203209, 0.051846593618392944, 0.051531463861465454, 0.05143539607524872, 0.05089088901877403, 0.05063273385167122, 0.05045539513230324, 0.0500476099550724, 0.04908984899520874, 0.048679158091545105, 0.048328697681427, 0.04803440719842911, 0.047932352870702744, 0.04743397235870361, 0.04742298647761345, 0.04716966673731804, 0.04672969505190849, 0.04563553258776665, 0.04555398225784302, 0.04526359960436821, 0.04507090896368027, 0.04476645216345787, 0.04470546543598175, 0.0445893257856369, 0.044574737548828125, 0.044294510036706924, 0.044188328087329865, 0.04414159432053566, 0.044044654816389084, 0.043854694813489914, 0.04383033514022827, 0.043479904532432556, 0.043300021439790726, 0.043039433658123016, 0.0429188497364521, 0.04271659255027771, 0.04251592233777046, 0.042396433651447296, 0.04208496958017349, 0.04184873029589653, 0.04180499538779259, 0.04155590012669563, 0.04145905002951622, 0.041428789496421814, 0.04123307764530182, 0.041024982929229736, 0.04052378982305527, 0.0398624949157238, 0.0398508682847023, 0.03961575776338577, 0.039590004831552505, 0.03957928717136383, 0.03954598680138588, 0.0394592359662056, 0.039413899183273315, 0.03916612267494202, 0.03868918865919113, 0.03860229626297951, 0.0382237546145916, 0.037890851497650146, 0.03747057542204857, 0.0373547226190567, 0.03728431463241577, 0.03711673989892006, 0.037028733640909195, 0.036681950092315674, 0.03666818514466286, 0.0360221229493618, 0.03588724508881569, 0.03552895411849022, 0.03544594347476959, 0.03538978099822998, 0.03537825867533684, 0.035278018563985825, 0.03527247533202171, 0.03510798141360283, 0.034983083605766296, 0.034899987280368805, 0.03456846997141838, 0.03451740741729736, 0.03439861163496971, 0.0343402624130249, 0.03430305793881416, 0.03414984792470932, 0.03414641320705414, 0.03410204499959946, 0.034027405083179474, 0.034004028886556625, 0.0339781790971756, 0.03396320343017578, 0.03374767675995827, 0.033517882227897644, 0.03349437937140465, 0.03343473747372627, 0.03323683515191078, 0.03319728747010231, 0.03302983194589615, 0.03280622884631157, 0.032773859798908234, 0.032750144600868225, 0.032744038850069046, 0.03272286057472229, 0.03271695598959923, 0.03260122612118721, 0.032590601593256, 0.03240222856402397, 0.03233521431684494, 0.03229762986302376, 0.03212938457727432, 0.03200646489858627, 0.03192613646388054, 0.03190743923187256, 0.031825706362724304, 0.03173094242811203, 0.0316682867705822, 0.03158632665872574, 0.03153584897518158, 0.03136466443538666, 0.03135001286864281, 0.03133460134267807, 0.03130905330181122, 0.03129304200410843, 0.03128735348582268, 0.03123975545167923, 0.031224651262164116, 0.03120061382651329, 0.031161189079284668, 0.031133359298110008, 0.031116528436541557, 0.031098728999495506, 0.030889537185430527, 0.030851421877741814, 0.03084295243024826, 0.030711259692907333, 0.03070821613073349, 0.030672553926706314, 0.03066796064376831, 0.030641678720712662, 0.030591249465942383, 0.030582034960389137, 0.030565189197659492, 0.030552778393030167, 0.03049854189157486, 0.030475467443466187, 0.030400944873690605, 0.030337883159518242, 0.030317220836877823, 0.0302902739495039, 0.0302361398935318, 0.030181922018527985, 0.030110856518149376, 0.030053062364459038, 0.02985433302819729, 0.029804542660713196, 0.029725100845098495, 0.029615700244903564, 0.02955378219485283, 0.02939024195075035, 0.029386509209871292, 0.029301228001713753, 0.02924860641360283, 0.02916778437793255, 0.0291668139398098, 0.02916104719042778, 0.02915186434984207, 0.029145903885364532, 0.029110068455338478, 0.02909814566373825, 0.029030025005340576, 0.02877720259130001, 0.02875683829188347, 0.028749490156769753, 0.028692521154880524, 0.028646346181631088, 0.02854335866868496, 0.028521135449409485, 0.028401188552379608, 0.02837950736284256, 0.028344672173261642, 0.02810394950211048, 0.02808125503361225, 0.028070827946066856, 0.02801951766014099, 0.028013400733470917, 0.027954813092947006, 0.02794361487030983, 0.02776670828461647, 0.027735644951462746, 0.027516843751072884, 0.02746792696416378, 0.027454974129796028, 0.027434203773736954, 0.02739129774272442, 0.027263890951871872, 0.027248935773968697, 0.027167214080691338, 0.027140196412801743, 0.027116285637021065, 0.02698701061308384, 0.026980480179190636, 0.026975169777870178, 0.026920126751065254, 0.02690907195210457, 0.02689145691692829, 0.026855750009417534, 0.026849761605262756, 0.02673547901213169, 0.02669636905193329, 0.026683134958148003, 0.026638222858309746, 0.026577843353152275, 0.02650163508951664, 0.026451244950294495, 0.026422690600156784, 0.02636450156569481, 0.026347791776061058, 0.026323765516281128, 0.026311520487070084]

Execution time: 0.4039 sec
