Label: tensor([ 0,  8,  8,  8,  8, 37, 37,  8,  8,  8, 37, 37, 30,  0,  8,  8, 37,  8,
        37,  8, 37,  8,  8,  8, 14,  8,  8, 37,  8,  0,  8,  8, 16, 16, 31, 50,
         8, 37, 37, 37,  8,  8, 37,  8, 37, 37,  8, 21,  6,  8,  8,  8,  0, 29,
        37,  8, 37, 37, 37,  8,  8,  8, 50,  8, 31, 37, 37, 30,  8, 37, 37, 14,
        30,  8,  8,  8,  8, 58, 16, 37, 37,  8, 37,  8,  8, 37,  8,  8, 14, 30,
        37, 14, 30,  8,  8,  8, 14,  8,  8, 17, 16,  8, 14,  8,  0,  8,  8, 37,
         8, 30,  8,  8, 31, 37,  8, 14, 14,  8, 29,  8, 37,  8,  8,  0, 37, 37,
        50,  8, 37, 36,  0, 31, 14, 37,  8,  8, 37,  8, 16, 37, 16, 31, 30,  8,
         8,  8,  8,  0,  8, 30, 36, 37,  8,  8,  8, 30,  8, 14,  8,  1,  0,  8,
        14,  8,  0,  8,  8, 16, 37,  0, 30, 37,  0,  8,  4,  8,  8, 14,  8,  0,
        30,  8,  8, 25, 13, 33, 30,  8, 32,  1, 31, 30, 31, 37, 30,  8,  0, 24,
        39,  2, 16,  8,  8, 30, 32,  6,  8,  8, 31,  8, 19, 29,  5, 31,  8,  0,
        25,  8, 37,  5,  8, 30,  8,  4, 31, 14, 50, 37,  8, 31, 16, 37, 31, 37,
        46, 50,  8, 37, 25,  8, 62, 30,  2,  8,  4, 21,  8, 17, 16, 29, 50,  8,
        37,  1, 22, 37,  8,  8, 31,  8,  8, 36, 58,  8, 32, 10,  1, 31,  8,  0,
         8, 37, 58, 74,  0, 58,  8, 37,  8,  8, 14, 14,  0, 30,  8,  8,  0,  2,
         8, 31,  7, 14, 30, 37, 37, 33,  8,  8,  8, 32]), Box: ([247.59103393554688, 114.41661834716797, 296.53570556640625, 220.57594299316406], [-0.19910186529159546, 9.07382583618164, 106.53128051757812, 94.99178314208984], [0.1257583498954773, 81.14745330810547, 105.73970794677734, 94.61534881591797], [347.363037109375, 85.33837127685547, 500.127685546875, 101.50830841064453], [-0.24018064141273499, 57.56913757324219, 105.84099578857422, 94.56780242919922], [254.368896484375, 215.51712036132812, 262.51031494140625, 225.74267578125], [253.6565704345703, 208.38441467285156, 288.2519226074219, 226.43223571777344], [17.664552688598633, 58.036678314208984, 39.357967376708984, 65.31776428222656], [0.12194737792015076, 55.75215148925781, 39.32280349731445, 66.6341781616211], [-0.13705435395240784, 55.18365478515625, 18.31239891052246, 77.72042083740234], [272.07159423828125, 208.70518493652344, 288.7839050292969, 224.0558624267578], [271.8277587890625, 209.67190551757812, 288.7239990234375, 224.26348876953125], [253.6565704345703, 208.38441467285156, 288.2519226074219, 226.43223571777344], [134.35272216796875, 209.11129760742188, 157.06216430664062, 256.119384765625], [-0.004223547875881195, 64.2717514038086, 17.564409255981445, 77.00785064697266], [0.04678219556808472, 28.799827575683594, 40.70903015136719, 78.26589965820312], [271.3643798828125, 220.33059692382812, 288.9376220703125, 227.37347412109375], [16.57489013671875, 58.04948806762695, 39.62345504760742, 69.24229431152344], [252.34860229492188, 212.68968200683594, 282.9070129394531, 234.5859832763672], [0.2246759831905365, 50.232887268066406, 41.13574981689453, 68.14020538330078], [253.85781860351562, 215.06292724609375, 274.3690185546875, 226.31651306152344], [96.09257507324219, 85.1173095703125, 107.50312042236328, 94.05978393554688], [0.0021131709218025208, 66.0420913696289, 17.124614715576172, 78.16809844970703], [16.842493057250977, 46.11455154418945, 43.0367431640625, 67.32162475585938], [120.50664520263672, 206.1089630126953, 171.5625762939453, 256.3454895019531], [347.46044921875, 94.80681610107422, 358.6922302246094, 98.89111328125], [0.4036426544189453, 1.3263161182403564, 248.18878173828125, 94.72887420654297], [155.78890991210938, 207.5026397705078, 171.15394592285156, 214.181884765625], [347.25201416015625, 86.65071868896484, 360.3959655761719, 99.00464630126953], [133.01052856445312, 208.9353485107422, 157.20082092285156, 257.2445983886719], [347.1036071777344, 5.089284896850586, 500.2303771972656, 101.63618469238281], [77.2380599975586, 84.18122863769531, 107.67088317871094, 94.32722473144531], [120.50664520263672, 206.1089630126953, 171.5625762939453, 256.3454895019531], [134.35272216796875, 209.11129760742188, 157.06216430664062, 256.119384765625], [254.368896484375, 215.51712036132812, 262.51031494140625, 225.74267578125], [120.50664520263672, 206.1089630126953, 171.5625762939453, 256.3454895019531], [77.49472045898438, 89.67976379394531, 107.6552505493164, 94.52450561523438], [254.7067413330078, 218.12562561035156, 285.2569274902344, 227.17076110839844], [230.7220916748047, 214.79852294921875, 262.61956787109375, 228.14161682128906], [230.87094116210938, 214.98941040039062, 262.7900695800781, 235.91671752929688], [97.2344741821289, 90.12773132324219, 107.41049194335938, 93.95825958251953], [-0.10643992573022842, 42.03962707519531, 18.566564559936523, 76.3040542602539], [252.74864196777344, 215.32220458984375, 264.0784606933594, 234.44664001464844], [0.4845261573791504, -0.012673169374465942, 500.4461364746094, 98.4535140991211], [254.33102416992188, 215.5738067626953, 270.4597473144531, 226.56788635253906], [271.2715759277344, 219.21969604492188, 287.1643371582031, 225.4652099609375], [0.008284114301204681, 55.33230972290039, 18.01881217956543, 67.24058532714844], [120.50664520263672, 206.1089630126953, 171.5625762939453, 256.3454895019531], [347.363037109375, 85.33837127685547, 500.127685546875, 101.50830841064453], [20.422115325927734, 45.51425552368164, 46.539283752441406, 55.74505615234375], [347.3092041015625, 86.949462890625, 379.3248291015625, 99.61600494384766], [-0.04272162914276123, 56.62281799316406, 40.245811462402344, 75.07097625732422], [120.50664520263672, 206.1089630126953, 171.5625762939453, 256.3454895019531], [249.03416442871094, 169.28753662109375, 257.2690734863281, 177.12216186523438], [234.46165466308594, 200.18421936035156, 287.9992980957031, 233.25588989257812], [32.63523864746094, 25.18609619140625, 48.04012680053711, 33.555328369140625], [246.05955505371094, 214.7541961669922, 263.1283264160156, 227.7000732421875], [273.8419494628906, 219.49356079101562, 287.822509765625, 225.06256103515625], [254.84422302246094, 185.2190399169922, 287.5120849609375, 226.26141357421875], [120.50664520263672, 206.1089630126953, 171.5625762939453, 256.3454895019531], [1.120060682296753, 1.031999945640564, 257.2738952636719, 94.25978088378906], [14.85291862487793, 28.487071990966797, 46.37180709838867, 65.58953857421875], [134.35272216796875, 209.11129760742188, 157.06216430664062, 256.119384765625], [-0.9709633588790894, 64.57695007324219, 63.395484924316406, 87.77943420410156], [253.6565704345703, 208.38441467285156, 288.2519226074219, 226.43223571777344], [255.2183837890625, 220.7671661376953, 286.5306701660156, 234.63992309570312], [254.82705688476562, 222.88421630859375, 272.8855285644531, 235.07073974609375], [254.368896484375, 215.51712036132812, 262.51031494140625, 225.74267578125], [0.7081329822540283, 56.45235824584961, 250.8612518310547, 93.84298706054688], [269.7502136230469, 220.7441864013672, 288.3548583984375, 228.3410186767578], [277.79266357421875, 209.60977172851562, 306.2360534667969, 225.98159790039062], [254.368896484375, 215.51712036132812, 262.51031494140625, 225.74267578125], [272.07159423828125, 208.70518493652344, 288.7839050292969, 224.0558624267578], [347.362060546875, 95.05696105957031, 353.1286926269531, 98.83425903320312], [61.23579406738281, 83.86713409423828, 106.5870590209961, 94.40394592285156], [-0.7601566314697266, 54.36534118652344, 39.08509063720703, 75.0838851928711], [-0.4133060574531555, 9.571208000183105, 43.67304229736328, 81.25725555419922], [120.50664520263672, 206.1089630126953, 171.5625762939453, 256.3454895019531], [133.01052856445312, 208.9353485107422, 157.20082092285156, 257.2445983886719], [271.3327941894531, 220.68898010253906, 299.73907470703125, 231.4209442138672], [255.83511352539062, 213.96017456054688, 280.3432312011719, 225.6901092529297], [53.61427688598633, 75.10173034667969, 101.296630859375, 93.87578582763672], [122.36593627929688, 206.72650146484375, 171.12733459472656, 227.1249237060547], [1.920037031173706, 46.79651641845703, 45.220802307128906, 55.52206802368164], [155.78890991210938, 207.5026397705078, 171.15394592285156, 214.181884765625], [281.75677490234375, 213.5859375, 321.41717529296875, 226.96527099609375], [68.74400329589844, 89.9045639038086, 107.50873565673828, 94.99852752685547], [-0.2084542065858841, 61.119407653808594, 36.41457748413086, 80.35176086425781], [139.80299377441406, 207.07470703125, 171.1356964111328, 227.3051300048828], [271.8277587890625, 209.67190551757812, 288.7239990234375, 224.26348876953125], [255.73202514648438, 221.48484802246094, 280.9953308105469, 227.84718322753906], [155.78890991210938, 207.5026397705078, 171.15394592285156, 214.181884765625], [253.85781860351562, 215.06292724609375, 274.3690185546875, 226.31651306152344], [347.3575744628906, 94.97479248046875, 372.5740966796875, 99.53485107421875], [-0.008409842848777771, 14.943860054016113, 55.82135009765625, 93.3001480102539], [155.93687438964844, 76.99919891357422, 167.86500549316406, 85.8087387084961], [122.36593627929688, 206.72650146484375, 171.12733459472656, 227.1249237060547], [348.3653259277344, 86.04022216796875, 430.3116455078125, 100.39877319335938], [-0.2765599489212036, 30.37261199951172, 37.94635772705078, 75.59122467041016], [120.50664520263672, 206.1089630126953, 171.5625762939453, 256.3454895019531], [254.368896484375, 215.51712036132812, 262.51031494140625, 225.74267578125], [53.50285720825195, 78.41055297851562, 99.96852111816406, 90.71338653564453], [166.58493041992188, 207.67184448242188, 170.96124267578125, 213.34127807617188], [25.456159591674805, 45.975669860839844, 43.96613693237305, 52.816043853759766], [140.0104522705078, 212.17430114746094, 155.92572021484375, 225.1796112060547], [233.1088409423828, 84.5272216796875, 251.61289978027344, 88.1107406616211], [59.75547790527344, 89.7551498413086, 107.24191284179688, 95.0468978881836], [140.8428192138672, 207.0620880126953, 171.0235137939453, 217.0862579345703], [346.955810546875, 1.6418651342391968, 500.1849060058594, 102.21866607666016], [230.7220916748047, 214.79852294921875, 262.61956787109375, 228.14161682128906], [72.25241088867188, 84.04540252685547, 107.24173736572266, 94.40814208984375], [122.36593627929688, 206.72650146484375, 171.12733459472656, 227.1249237060547], [272.07159423828125, 208.70518493652344, 288.7839050292969, 224.0558624267578], [254.16683959960938, 173.865966796875, 287.59228515625, 226.45077514648438], [347.4411315917969, 95.00589752197266, 378.87353515625, 99.97626495361328], [140.0104522705078, 212.17430114746094, 155.92572021484375, 225.1796112060547], [134.35272216796875, 209.11129760742188, 157.06216430664062, 256.119384765625], [71.7298583984375, 84.11447143554688, 98.29851531982422, 93.97962188720703], [251.4247589111328, 171.35006713867188, 257.96392822265625, 177.01882934570312], [191.2480010986328, 79.50286865234375, 249.53582763671875, 88.19783782958984], [270.6049499511719, 209.32054138183594, 288.0101013183594, 223.43724060058594], [241.72923278808594, 85.28988647460938, 251.55604553222656, 87.88763427734375], [20.092424392700195, 64.46916961669922, 35.728633880615234, 69.42804718017578], [166.58493041992188, 207.67184448242188, 170.96124267578125, 213.34127807617188], [272.052490234375, 221.06703186035156, 295.51068115234375, 228.1324920654297], [250.6884307861328, 197.3089599609375, 266.2240295410156, 227.33578491210938], [133.01052856445312, 208.9353485107422, 157.20082092285156, 257.2445983886719], [2.4893581867218018, 0.3044140934944153, 375.3900146484375, 95.0508804321289], [266.2267150878906, 207.9217071533203, 288.02264404296875, 224.6581573486328], [253.6565704345703, 208.38441467285156, 288.2519226074219, 226.43223571777344], [139.23794555664062, 210.4269561767578, 156.62294006347656, 228.29884338378906], [271.8277587890625, 209.67190551757812, 288.7239990234375, 224.26348876953125], [151.86056518554688, 207.37498474121094, 172.0279998779297, 230.15982055664062], [278.21197509765625, 219.6965789794922, 289.6129150390625, 225.17108154296875], [17.067045211791992, 64.43768310546875, 36.75685501098633, 70.708251953125], [5.6963114738464355, 0.21670424938201904, 469.7964782714844, 94.76399993896484], [255.93075561523438, 207.83941650390625, 269.7872314453125, 225.83079528808594], [-0.06797164678573608, 3.626779317855835, 177.49998474121094, 253.54608154296875], [139.80299377441406, 207.07470703125, 171.1356964111328, 227.3051300048828], [120.50664520263672, 206.1089630126953, 171.5625762939453, 256.3454895019531], [140.0104522705078, 212.17430114746094, 155.92572021484375, 225.1796112060547], [253.85781860351562, 215.06292724609375, 274.3690185546875, 226.31651306152344], [252.34860229492188, 212.68968200683594, 282.9070129394531, 234.5859832763672], [20.921527862548828, 47.649166107177734, 43.45566940307617, 54.30556869506836], [2.2896156311035156, 56.1720085144043, 116.9497299194336, 95.93710327148438], [253.6565704345703, 208.38441467285156, 288.2519226074219, 226.43223571777344], [-0.07192045450210571, 64.44767761230469, 56.04829025268555, 93.183349609375], [91.91121673583984, 175.8377685546875, 106.47560119628906, 203.2422332763672], [19.09488868713379, 30.08642578125, 48.79357147216797, 59.66208267211914], [254.33102416992188, 215.5738067626953, 270.4597473144531, 226.56788635253906], [254.368896484375, 215.51712036132812, 262.51031494140625, 225.74267578125], [0.1257583498954773, 81.14745330810547, 105.73970794677734, 94.61534881591797], [79.79126739501953, 51.42755126953125, 102.55193328857422, 92.68801879882812], [347.3572082519531, 95.1328353881836, 385.869873046875, 100.15685272216797], [83.52861022949219, 84.072265625, 107.33735656738281, 94.2770767211914], [254.84422302246094, 185.2190399169922, 287.5120849609375, 226.26141357421875], [55.284584045410156, 82.26863098144531, 99.6567611694336, 91.34465026855469], [133.01052856445312, 208.9353485107422, 157.20082092285156, 257.2445983886719], [25.886808395385742, 45.32113265991211, 47.31594467163086, 53.42265319824219], [133.82537841796875, 226.0269317626953, 151.78091430664062, 255.83824157714844], [254.368896484375, 215.51712036132812, 262.51031494140625, 225.74267578125], [30.136451721191406, 14.318619728088379, 50.442203521728516, 33.31740188598633], [139.23794555664062, 210.4269561767578, 156.62294006347656, 228.29884338378906], [0.6443150043487549, 82.17333984375, 98.22637176513672, 94.40736389160156], [249.68882751464844, 115.18370056152344, 295.47802734375, 212.30740356445312], [17.018144607543945, 45.9015007019043, 46.68235778808594, 66.5167007446289], [56.55050277709961, 82.21395111083984, 99.3702392578125, 91.7107925415039], [133.82537841796875, 226.0269317626953, 151.78091430664062, 255.83824157714844], [255.06207275390625, 223.4619903564453, 266.26397705078125, 234.80067443847656], [248.39573669433594, 113.82991790771484, 295.4465637207031, 176.16307067871094], [252.74864196777344, 215.32220458984375, 264.0784606933594, 234.44664001464844], [166.58493041992188, 207.67184448242188, 170.96124267578125, 213.34127807617188], [137.67247009277344, 193.77197265625, 156.5793914794922, 225.9012451171875], [0.15773437917232513, 60.23007583618164, 42.69352722167969, 80.90876007080078], [0.1257583498954773, 81.14745330810547, 105.73970794677734, 94.61534881591797], [-0.023987144231796265, 6.016827583312988, 57.39723205566406, 88.96622467041016], [53.90895462036133, 78.14059448242188, 63.36581802368164, 83.49040985107422], [140.8428192138672, 207.0620880126953, 171.0235137939453, 217.0862579345703], [53.88727951049805, 78.45122528076172, 64.27174377441406, 83.90262603759766], [133.82537841796875, 226.0269317626953, 151.78091430664062, 255.83824157714844], [254.7067413330078, 218.12562561035156, 285.2569274902344, 227.17076110839844], [5.07424783706665, 0.17700259387493134, 457.1723937988281, 94.94190979003906], [82.10338592529297, 83.9524917602539, 98.6948471069336, 92.40592193603516], [120.50664520263672, 206.1089630126953, 171.5625762939453, 256.3454895019531], [0.1257583498954773, 81.14745330810547, 105.73970794677734, 94.61534881591797], [120.50664520263672, 206.1089630126953, 171.5625762939453, 256.3454895019531], [246.05955505371094, 214.7541961669922, 263.1283264160156, 227.7000732421875], [54.10647201538086, 77.87319946289062, 99.4367446899414, 90.38780212402344], [254.368896484375, 215.51712036132812, 262.51031494140625, 225.74267578125], [120.50664520263672, 206.1089630126953, 171.5625762939453, 256.3454895019531], [230.7220916748047, 214.79852294921875, 262.61956787109375, 228.14161682128906], [230.87094116210938, 214.98941040039062, 262.7900695800781, 235.91671752929688], [254.84422302246094, 185.2190399169922, 287.5120849609375, 226.26141357421875], [130.8797607421875, 206.92471313476562, 171.1949462890625, 216.51502990722656], [271.3643798828125, 220.33059692382812, 288.9376220703125, 227.37347412109375], [16.473758697509766, 47.027198791503906, 44.236351013183594, 67.88334655761719], [139.6180419921875, 190.6270294189453, 154.150634765625, 210.13525390625], [140.0104522705078, 212.17430114746094, 155.92572021484375, 225.1796112060547], [254.368896484375, 215.51712036132812, 262.51031494140625, 225.74267578125], [120.50664520263672, 206.1089630126953, 171.5625762939453, 256.3454895019531], [122.36593627929688, 206.72650146484375, 171.12733459472656, 227.1249237060547], [0.13538822531700134, 30.37856674194336, 27.587177276611328, 50.0003776550293], [12.233904838562012, 63.08623504638672, 35.40693283081055, 71.49915313720703], [234.46165466308594, 200.18421936035156, 287.9992980957031, 233.25588989257812], [251.4247589111328, 171.35006713867188, 257.96392822265625, 177.01882934570312], [0.1257583498954773, 81.14745330810547, 105.73970794677734, 94.61534881591797], [-0.24526658654212952, 29.599760055541992, 27.26866340637207, 44.624629974365234], [0.18632039427757263, 57.8069953918457, 50.375431060791016, 89.23281860351562], [271.3643798828125, 220.33059692382812, 288.9376220703125, 227.37347412109375], [-0.7457267642021179, 64.04137420654297, 54.242767333984375, 86.712158203125], [120.50664520263672, 206.1089630126953, 171.5625762939453, 256.3454895019531], [254.368896484375, 215.51712036132812, 262.51031494140625, 225.74267578125], [0.1257583498954773, 81.14745330810547, 105.73970794677734, 94.61534881591797], [254.33102416992188, 215.5738067626953, 270.4597473144531, 226.56788635253906], [-1.6517043113708496, 77.24918365478516, 62.00248718261719, 86.61691284179688], [139.83889770507812, 210.92724609375, 150.37486267089844, 223.3479461669922], [122.36593627929688, 206.72650146484375, 171.12733459472656, 227.1249237060547], [23.08503532409668, 46.817569732666016, 47.227264404296875, 54.381595611572266], [283.9643859863281, 209.2169952392578, 296.0519104003906, 218.56846618652344], [347.363037109375, 85.33837127685547, 500.127685546875, 101.50830841064453], [94.71942901611328, 83.98531341552734, 99.50011444091797, 91.0321273803711], [155.78890991210938, 207.5026397705078, 171.15394592285156, 214.181884765625], [254.368896484375, 215.51712036132812, 262.51031494140625, 225.74267578125], [-0.19910186529159546, 9.07382583618164, 106.53128051757812, 94.99178314208984], [252.34860229492188, 212.68968200683594, 282.9070129394531, 234.5859832763672], [29.986183166503906, 5.836557865142822, 56.37892150878906, 33.387596130371094], [133.82537841796875, 226.0269317626953, 151.78091430664062, 255.83824157714844], [275.0272216796875, 207.43914794921875, 287.4031066894531, 216.35728454589844], [52.84614562988281, 71.17269134521484, 64.82839965820312, 84.15560150146484], [252.74864196777344, 215.32220458984375, 264.0784606933594, 234.44664001464844], [139.23794555664062, 210.4269561767578, 156.62294006347656, 228.29884338378906], [97.2344741821289, 90.12773132324219, 107.41049194335938, 93.95825958251953], [246.05955505371094, 214.7541961669922, 263.1283264160156, 227.7000732421875], [77.49472045898438, 89.67976379394531, 107.6552505493164, 94.52450561523438], [120.50664520263672, 206.1089630126953, 171.5625762939453, 256.3454895019531], [140.0104522705078, 212.17430114746094, 155.92572021484375, 225.1796112060547], [3.182433605194092, 83.90848541259766, 99.83963775634766, 94.56234741210938], [277.4433898925781, 211.33688354492188, 294.46575927734375, 225.10841369628906], [-0.19910186529159546, 9.07382583618164, 106.53128051757812, 94.99178314208984], [52.67721176147461, 69.80054473876953, 66.1288070678711, 84.62006378173828], [347.363037109375, 85.33837127685547, 500.127685546875, 101.50830841064453], [254.16683959960938, 173.865966796875, 287.59228515625, 226.45077514648438], [155.93687438964844, 76.99919891357422, 167.86500549316406, 85.8087387084961], [140.8428192138672, 207.0620880126953, 171.0235137939453, 217.0862579345703], [-0.24018064141273499, 57.56913757324219, 105.84099578857422, 94.56780242919922], [134.35272216796875, 209.11129760742188, 157.06216430664062, 256.119384765625], [102.70556640625, 186.31076049804688, 286.1469421386719, 260.3546142578125], [134.35272216796875, 209.11129760742188, 157.06216430664062, 256.119384765625], [151.86056518554688, 207.37498474121094, 172.0279998779297, 230.15982055664062], [285.2702331542969, 159.40869140625, 294.3543395996094, 169.092529296875], [122.36593627929688, 206.72650146484375, 171.12733459472656, 227.1249237060547], [54.58446502685547, 81.9392318725586, 100.03527069091797, 89.6035385131836], [139.80299377441406, 207.07470703125, 171.1356964111328, 227.3051300048828], [134.35272216796875, 209.11129760742188, 157.06216430664062, 256.119384765625], [120.50664520263672, 206.1089630126953, 171.5625762939453, 256.3454895019531], [254.33242797851562, 211.38580322265625, 287.160888671875, 225.8028106689453], [347.4867858886719, 85.61984252929688, 500.6771240234375, 100.58875274658203], [53.76035690307617, 78.36730194091797, 65.68065643310547, 84.54952239990234], [254.16683959960938, 173.865966796875, 287.59228515625, 226.45077514648438], [66.83342742919922, 84.1641616821289, 97.9480209350586, 94.28021240234375], [347.1626281738281, 86.69979858398438, 360.5065612792969, 98.99617004394531], [272.07159423828125, 208.70518493652344, 288.7839050292969, 224.0558624267578], [134.35272216796875, 209.11129760742188, 157.06216430664062, 256.119384765625], [154.84738159179688, 76.83506774902344, 182.44308471679688, 85.9265365600586], [249.03416442871094, 169.28753662109375, 257.2690734863281, 177.12216186523438], [134.35272216796875, 209.11129760742188, 157.06216430664062, 256.119384765625], [133.01052856445312, 208.9353485107422, 157.20082092285156, 257.2445983886719], [230.87094116210938, 214.98941040039062, 262.7900695800781, 235.91671752929688], [29.986183166503906, 5.836557865142822, 56.37892150878906, 33.387596130371094], [-0.10643992573022842, 42.03962707519531, 18.566564559936523, 76.3040542602539], [52.70802307128906, 78.80229949951172, 96.70320892333984, 87.20091247558594], [255.16015625, 173.02105712890625, 287.5047912597656, 225.18667602539062], [133.01052856445312, 208.9353485107422, 157.20082092285156, 257.2445983886719], [120.50664520263672, 206.1089630126953, 171.5625762939453, 256.3454895019531], [-0.004223547875881195, 64.2717514038086, 17.564409255981445, 77.00785064697266], [-0.19910186529159546, 9.07382583618164, 106.53128051757812, 94.99178314208984], [19.302785873413086, 58.721923828125, 38.76948547363281, 62.265499114990234], [254.90882873535156, 215.58718872070312, 261.50396728515625, 225.0876007080078], [166.58493041992188, 207.67184448242188, 170.96124267578125, 213.34127807617188], [360.70263671875, 87.61991882324219, 384.2123107910156, 99.63680267333984], [32.63523864746094, 25.18609619140625, 48.04012680053711, 33.555328369140625], [133.82537841796875, 226.0269317626953, 151.78091430664062, 255.83824157714844], [93.41082000732422, 176.1499481201172, 104.36944580078125, 191.16757202148438], [255.2183837890625, 220.7671661376953, 286.5306701660156, 234.63992309570312], [91.47651672363281, 181.7105255126953, 178.64901733398438, 258.23614501953125], [272.07159423828125, 208.70518493652344, 288.7839050292969, 224.0558624267578], [155.78890991210938, 207.5026397705078, 171.15394592285156, 214.181884765625], [17.664552688598633, 58.036678314208984, 39.357967376708984, 65.31776428222656], [347.0070495605469, 85.99560546875, 500.8343505859375, 100.62161254882812], [254.7067413330078, 218.12562561035156, 285.2569274902344, 227.17076110839844], [-0.24018064141273499, 57.56913757324219, 105.84099578857422, 94.56780242919922], [123.1974868774414, 207.2692413330078, 157.0145721435547, 232.71255493164062], [277.79266357421875, 209.60977172851562, 306.2360534667969, 225.98159790039062], [347.46044921875, 94.80681610107422, 358.6922302246094, 98.89111328125], [249.03416442871094, 169.28753662109375, 257.2690734863281, 177.12216186523438], [122.36593627929688, 206.72650146484375, 171.12733459472656, 227.1249237060547], [271.8277587890625, 209.67190551757812, 288.7239990234375, 224.26348876953125], [17.780479431152344, 64.1220474243164, 36.728065490722656, 69.93643188476562], [156.49581909179688, 85.9303207397461, 498.98004150390625, 103.0193862915039], [120.50664520263672, 206.1089630126953, 171.5625762939453, 256.3454895019531]), Score: [0.9087052345275879, 0.45520535111427307, 0.4359115958213806, 0.39599698781967163, 0.28142011165618896, 0.1839570552110672, 0.1590113341808319, 0.14650268852710724, 0.14367447793483734, 0.12177129089832306, 0.11385642737150192, 0.11136162281036377, 0.1085919663310051, 0.10638190060853958, 0.10067995637655258, 0.09611046314239502, 0.0929703563451767, 0.09257026761770248, 0.09145983308553696, 0.09108148515224457, 0.08493572473526001, 0.08445565402507782, 0.08437588810920715, 0.0837702825665474, 0.08163180947303772, 0.07943949848413467, 0.0793629139661789, 0.07842480391263962, 0.0778878703713417, 0.07695980370044708, 0.07517635077238083, 0.07415415346622467, 0.07385674864053726, 0.07329883426427841, 0.07187693566083908, 0.07186800986528397, 0.07134038954973221, 0.06952596455812454, 0.06705321371555328, 0.06653159856796265, 0.06646999716758728, 0.06476793438196182, 0.0621560774743557, 0.06192765384912491, 0.061079274863004684, 0.060213640332221985, 0.05997484177350998, 0.05911758914589882, 0.05866000056266785, 0.05821901187300682, 0.0581529401242733, 0.057999417185783386, 0.05666114389896393, 0.05470050126314163, 0.05430348217487335, 0.053869619965553284, 0.05348561331629753, 0.053283657878637314, 0.052901871502399445, 0.05273014307022095, 0.05221359059214592, 0.051499247550964355, 0.05141640454530716, 0.05050394684076309, 0.04993365705013275, 0.04982403293251991, 0.049804557114839554, 0.049718741327524185, 0.04922755807638168, 0.04915881156921387, 0.049082428216934204, 0.048648733645677567, 0.048449307680130005, 0.04828410968184471, 0.04793529212474823, 0.047562114894390106, 0.04753267392516136, 0.04728338494896889, 0.04682888463139534, 0.04680142551660538, 0.04572184756398201, 0.045549847185611725, 0.04436948150396347, 0.044339872896671295, 0.044297926127910614, 0.04427814483642578, 0.04412359371781349, 0.04402733966708183, 0.04375671595335007, 0.04369261488318443, 0.04358837381005287, 0.04350563511252403, 0.04274926334619522, 0.04241478815674782, 0.04118147864937782, 0.040767692029476166, 0.040591657161712646, 0.04037899151444435, 0.040007270872592926, 0.03980444744229317, 0.03942584618926048, 0.0390629842877388, 0.038934286683797836, 0.038899216800928116, 0.0388757549226284, 0.03839317336678505, 0.03811509534716606, 0.03791636973619461, 0.03790704905986786, 0.037901170551776886, 0.03784683719277382, 0.037629108875989914, 0.03729239106178284, 0.036693744361400604, 0.036686111241579056, 0.036622703075408936, 0.0365322045981884, 0.03605632111430168, 0.03593236953020096, 0.03541835397481918, 0.03518064692616463, 0.03499418497085571, 0.03495444729924202, 0.0349297970533371, 0.0344981849193573, 0.034369662404060364, 0.034202832728624344, 0.03404657170176506, 0.03381001576781273, 0.033404041081666946, 0.03334811329841614, 0.033328827470541, 0.033252403140068054, 0.03317362815141678, 0.033111125230789185, 0.03282563015818596, 0.032790541648864746, 0.03272322192788124, 0.03259299322962761, 0.032520901411771774, 0.03232695162296295, 0.03200911730527878, 0.03198599815368652, 0.031543612480163574, 0.0314716212451458, 0.031151242554187775, 0.031102389097213745, 0.030819429084658623, 0.0306575708091259, 0.03032291866838932, 0.030314257368445396, 0.030260825529694557, 0.030258825048804283, 0.030180059373378754, 0.03006068989634514, 0.030011067166924477, 0.029970450326800346, 0.02977578714489937, 0.029627051204442978, 0.02929382584989071, 0.029266808182001114, 0.029264234006404877, 0.029256436973810196, 0.029236814007163048, 0.02895326353609562, 0.028928302228450775, 0.02880975231528282, 0.02875140681862831, 0.028548508882522583, 0.028370138257741928, 0.027823178097605705, 0.027810830622911453, 0.027520718052983284, 0.027451729401946068, 0.027267582714557648, 0.027250338345766068, 0.027186617255210876, 0.027177564799785614, 0.02715650573372841, 0.02709110639989376, 0.026967810466885567, 0.026885543018579483, 0.026817604899406433, 0.02660432830452919, 0.026602303609251976, 0.026446713134646416, 0.026424134150147438, 0.026320600882172585, 0.026205874979496002, 0.02594197727739811, 0.025729726999998093, 0.025590872392058372, 0.025590473785996437, 0.025434032082557678, 0.02512017823755741, 0.02507282979786396, 0.02505786158144474, 0.024970674887299538, 0.024790769442915916, 0.024778887629508972, 0.024759553372859955, 0.02462638169527054, 0.024571046233177185, 0.024422932416200638, 0.024274572730064392, 0.02418464422225952, 0.02417634427547455, 0.024114353582262993, 0.023884547874331474, 0.023743348196148872, 0.023562876507639885, 0.023532452061772346, 0.023448415100574493, 0.023376239463686943, 0.023361656814813614, 0.023286957293748856, 0.02310432679951191, 0.023022662848234177, 0.02299586497247219, 0.022919924929738045, 0.0228299368172884, 0.022686557844281197, 0.02264094166457653, 0.022550426423549652, 0.022471658885478973, 0.022435693070292473, 0.02241476997733116, 0.022160202264785767, 0.022086557000875473, 0.02205704338848591, 0.021986667066812515, 0.021985886618494987, 0.02197139896452427, 0.021885911002755165, 0.021869875490665436, 0.021852027624845505, 0.02182113006711006, 0.021717388182878494, 0.021611714735627174, 0.02160278894007206, 0.021596064791083336, 0.021586550399661064, 0.021540669724345207, 0.021454114466905594, 0.021398989483714104, 0.021321624517440796, 0.021290209144353867, 0.0212375670671463, 0.021126586943864822, 0.02098955027759075, 0.02097170054912567, 0.020960189402103424, 0.020744631066918373, 0.020447280257940292, 0.020372873172163963, 0.020314496010541916, 0.020285462960600853, 0.0202348493039608, 0.020218640565872192, 0.020151231437921524, 0.020112739875912666, 0.02007349207997322, 0.020051680505275726, 0.019955186173319817, 0.01995333470404148, 0.019803903996944427, 0.019595032557845116, 0.019498173147439957, 0.019423160701990128, 0.01930135115981102, 0.019263658672571182, 0.01921199820935726, 0.0191270150244236, 0.019096165895462036, 0.018977466970682144, 0.018823131918907166, 0.0188127513974905, 0.01867027021944523, 0.018651487305760384, 0.0185964647680521, 0.018575649708509445, 0.01850789226591587, 0.01847972348332405, 0.018454186618328094, 0.018411584198474884, 0.018406707793474197, 0.018370743840932846, 0.018357621505856514, 0.018347222357988358, 0.018288524821400642, 0.018201975151896477, 0.018200263381004333, 0.01817815750837326, 0.018159784376621246, 0.018150722607970238, 0.01814013347029686, 0.018017491325736046, 0.017934713512659073, 0.01792174205183983, 0.01789066568017006]

Execution time: 0.4058 sec
