Label: tensor([19, 19, 19, 19, 19, 19, 19, 19, 19, 19, 19, 19, 13, 19, 19, 19, 13, 19,
        19, 19, 56, 19, 19, 19, 13, 19, 19, 60, 35, 13, 19, 19, 19, 56, 19, 19,
        24, 19, 13, 19, 19, 60, 14, 13, 13, 19, 19, 56, 19, 13, 19, 19, 56, 13,
        19, 19, 16, 19,  2, 13, 13, 19, 19, 19, 19, 19,  2, 19, 56, 19, 13, 56,
        13, 13, 19, 14, 14,  2, 56, 18, 19,  7, 19, 19, 19, 14, 19, 19, 14, 19,
        13, 19, 56, 14,  2,  0, 19, 13, 13, 13, 19,  0, 56, 19, 60, 19, 14, 19,
        19, 19, 14, 60, 23, 19,  2,  7, 19, 32, 18, 13, 19, 19, 19, 14,  2, 28,
        66,  3, 26, 13, 19, 19,  2, 19,  2, 19, 19, 60, 19, 13,  0, 19, 19,  0,
        19,  3, 56, 13,  7, 19, 19,  2, 13, 13, 13, 14, 19, 19, 13, 56, 19, 19,
        19, 13, 14, 13, 56, 24, 19,  7, 56, 56, 19, 19, 19,  2,  8, 13, 13, 19,
        15, 18, 56,  2,  0,  2, 19,  2,  2, 56, 13,  3, 19, 60,  2,  2, 19, 13,
        56, 56, 56, 13, 13,  1, 35, 19, 13, 19, 13, 13, 19, 19, 13, 19,  0, 19,
         3, 19, 13,  3, 19, 60, 19, 19, 19, 56, 19,  2, 19, 19, 20, 58,  2, 13,
         3, 19, 13, 45, 19, 14, 32, 19, 19, 13, 56,  0,  0, 18, 19, 56, 60, 19,
         7, 56, 18, 60, 14,  7, 21, 16,  7, 13, 19, 19, 56, 13, 19, 13, 19,  2,
         7,  0,  7, 19, 13, 56, 28, 18, 13, 62,  0, 56,  3, 47, 60, 19, 13,  7,
        56,  0, 17,  0, 13, 60, 13, 19, 13,  0,  2, 19]), Box: ([-0.16735494136810303, 0.09447318315505981, 474.9603271484375, 333.9511413574219], [352.166748046875, 0.5644352436065674, 500.0059509277344, 145.0150146484375], [459.4326477050781, 26.100006103515625, 499.93682861328125, 140.36257934570312], [354.09735107421875, 101.19288635253906, 418.79681396484375, 174.3538360595703], [140.30320739746094, 0.11283329129219055, 501.5831604003906, 148.74893188476562], [453.2272644042969, 26.128360748291016, 499.9193115234375, 145.55482482910156], [479.097412109375, 26.240949630737305, 500.03314208984375, 66.01789093017578], [225.65480041503906, 0.21402043104171753, 500.21820068359375, 150.1455841064453], [354.1453552246094, 24.829978942871094, 500.1097412109375, 174.73606872558594], [352.77288818359375, -0.07610312104225159, 500.2048645019531, 107.75895690917969], [76.01432800292969, 0.2860075831413269, 317.7784118652344, 146.36309814453125], [478.4930114746094, 26.222719192504883, 500.008056640625, 95.9519271850586], [230.62753295898438, 0.15197418630123138, 319.9774475097656, 20.838314056396484], [352.5426940917969, 0.1233023852109909, 499.9457092285156, 64.16547393798828], [0.7876604795455933, -0.4467642903327942, 320.41217041015625, 333.53778076171875], [443.6075134277344, 25.724945068359375, 499.86529541015625, 146.36517333984375], [225.65480041503906, 0.21402043104171753, 500.21820068359375, 150.1455841064453], [179.62135314941406, 0.125106543302536, 500.8357849121094, 137.53176879882812], [477.1580810546875, 25.982439041137695, 500.06158447265625, 136.17649841308594], [139.2534942626953, 0.29520007967948914, 318.2141418457031, 143.78834533691406], [-0.2838820219039917, -0.1418653130531311, 67.32846069335938, 31.20830726623535], [53.33720016479492, -0.04838627576828003, 318.4980773925781, 205.42645263671875], [230.62753295898438, 0.15197418630123138, 319.9774475097656, 20.838314056396484], [53.98870849609375, -0.08257818222045898, 318.88336181640625, 192.31192016601562], [352.166748046875, 0.5644352436065674, 500.0059509277344, 145.0150146484375], [351.18292236328125, 9.14456844329834, 500.8177795410156, 175.05575561523438], [0.7456839084625244, 0.4021008014678955, 318.0239562988281, 257.9687194824219], [230.62753295898438, 0.15197418630123138, 319.9774475097656, 20.838314056396484], [354.09735107421875, 101.19288635253906, 418.79681396484375, 174.3538360595703], [-0.24763494729995728, -0.11727400869131088, 151.075927734375, 30.49070930480957], [352.1708068847656, 0.2962004542350769, 411.5776062011719, 17.387304306030273], [0.4099905490875244, 118.21202850341797, 468.0545959472656, 334.5080261230469], [59.17784118652344, -0.017866142094135284, 151.18289184570312, 25.97822380065918], [230.62753295898438, 0.15197418630123138, 319.9774475097656, 20.838314056396484], [0.5752146244049072, 175.34011840820312, 468.4267578125, 334.2532958984375], [489.1388244628906, 26.321758270263672, 499.91925048828125, 59.56072998046875], [354.09735107421875, 101.19288635253906, 418.79681396484375, 174.3538360595703], [43.24309539794922, 0.5256595015525818, 503.364501953125, 159.2781982421875], [59.17784118652344, -0.017866142094135284, 151.18289184570312, 25.97822380065918], [352.3411865234375, 1.9875526428222656, 383.5740051269531, 17.283037185668945], [144.44778442382812, 0.3059404194355011, 500.0320739746094, 149.62594604492188], [225.65480041503906, 0.21402043104171753, 500.21820068359375, 150.1455841064453], [352.3411865234375, 1.9875526428222656, 383.5740051269531, 17.283037185668945], [-0.547461211681366, 0.0026577115058898926, 155.85995483398438, 122.11870574951172], [-0.2838820219039917, -0.1418653130531311, 67.32846069335938, 31.20830726623535], [0.6739646196365356, 0.9137799739837646, 500.1207580566406, 150.60824584960938], [-0.20140409469604492, -0.019828319549560547, 318.4782409667969, 144.38829040527344], [352.166748046875, 0.5644352436065674, 500.0059509277344, 145.0150146484375], [0.1405477523803711, 0.44406676292419434, 319.9407653808594, 213.2587890625], [352.248779296875, -0.24413618445396423, 499.20458984375, 17.685325622558594], [0.276714563369751, 1.2124440670013428, 500.0954895019531, 203.60833740234375], [2.1680593490600586, 1.1359875202178955, 498.65478515625, 211.7872314453125], [59.17784118652344, -0.017866142094135284, 151.18289184570312, 25.97822380065918], [224.8482666015625, 0.0012504681944847107, 407.5971984863281, 19.83094596862793], [2.2576749324798584, 0.6644079685211182, 317.86407470703125, 288.4053649902344], [397.8245849609375, 25.433452606201172, 500.41900634765625, 150.24952697753906], [354.09735107421875, 101.19288635253906, 418.79681396484375, 174.3538360595703], [224.8482666015625, 0.0012504681944847107, 407.5971984863281, 19.83094596862793], [230.62753295898438, 0.15197418630123138, 319.9774475097656, 20.838314056396484], [-0.224284827709198, -0.18337339162826538, 151.4847869873047, 37.80842590332031], [352.5426940917969, 0.1233023852109909, 499.9457092285156, 64.16547393798828], [478.9120788574219, 8.528951644897461, 500.3492126464844, 66.773193359375], [231.2129364013672, 0.7782018184661865, 500.4783935546875, 205.59176635742188], [449.96875, 25.473331451416016, 499.9259033203125, 108.05557250976562], [0.6268024444580078, 0.3559541702270508, 500.56915283203125, 334.3462829589844], [459.6085205078125, 47.54961395263672, 499.9595031738281, 139.8560791015625], [225.65480041503906, 0.21402043104171753, 500.21820068359375, 150.1455841064453], [460.2574768066406, 47.89939880371094, 499.7845153808594, 108.46810150146484], [-0.547461211681366, 0.0026577115058898926, 155.85995483398438, 122.11870574951172], [354.1163330078125, 101.9490966796875, 413.6818542480469, 150.1142120361328], [224.7738037109375, 0.2934008836746216, 499.964111328125, 60.543067932128906], [225.65480041503906, 0.21402043104171753, 500.21820068359375, 150.1455841064453], [224.5677947998047, 0.2673090398311615, 500.01513671875, 57.787899017333984], [140.30320739746094, 0.11283329129219055, 501.5831604003906, 148.74893188476562], [276.21844482421875, 3.1539769172668457, 501.005126953125, 186.201171875], [479.097412109375, 26.240949630737305, 500.03314208984375, 66.01789093017578], [354.09735107421875, 101.19288635253906, 418.79681396484375, 174.3538360595703], [-0.2838820219039917, -0.1418653130531311, 67.32846069335938, 31.20830726623535], [-0.24763494729995728, -0.11727400869131088, 151.075927734375, 30.49070930480957], [230.62753295898438, 0.15197418630123138, 319.9774475097656, 20.838314056396484], [142.84715270996094, 0.08457395434379578, 259.1900329589844, 142.31280517578125], [354.09735107421875, 101.19288635253906, 418.79681396484375, 174.3538360595703], [-0.24763494729995728, -0.11727400869131088, 151.075927734375, 30.49070930480957], [224.7738037109375, 0.2934008836746216, 499.964111328125, 60.543067932128906], [0.7777810096740723, 0.3151428699493408, 500.4742126464844, 334.31048583984375], [230.62753295898438, 0.15197418630123138, 319.9774475097656, 20.838314056396484], [430.8893737792969, 25.947078704833984, 499.2436218261719, 114.93098449707031], [66.08836364746094, 0.22384998202323914, 499.27325439453125, 151.2174530029297], [489.1388244628906, 26.321758270263672, 499.91925048828125, 59.56072998046875], [-0.2838820219039917, -0.1418653130531311, 67.32846069335938, 31.20830726623535], [57.589115142822266, 0.01169094443321228, 320.63201904296875, 25.438737869262695], [226.56109619140625, -0.1626678705215454, 500.1689147949219, 332.5188293457031], [-0.48322975635528564, 0.2623469829559326, 72.6259536743164, 120.25809478759766], [352.1708068847656, 0.2962004542350769, 411.5776062011719, 17.387304306030273], [352.166748046875, 0.5644352436065674, 500.0059509277344, 145.0150146484375], [59.17784118652344, -0.017866142094135284, 151.18289184570312, 25.97822380065918], [453.21197509765625, 25.77482032775879, 500.44293212890625, 185.72171020507812], [0.6739646196365356, 0.9137799739837646, 500.1207580566406, 150.60824584960938], [-0.5589798092842102, 0.12010964751243591, 153.0667266845703, 122.20404052734375], [352.77288818359375, -0.07610312104225159, 500.2048645019531, 107.75895690917969], [262.841796875, 103.07122802734375, 419.9635009765625, 176.5249786376953], [230.62753295898438, 0.15197418630123138, 319.9774475097656, 20.838314056396484], [-0.5589798092842102, 0.12010964751243591, 153.0667266845703, 122.20404052734375], [64.12428283691406, 0.5581293702125549, 500.28033447265625, 163.1118927001953], [224.5677947998047, 0.2673090398311615, 500.01513671875, 57.787899017333984], [302.4613037109375, -0.0036363117396831512, 366.6147766113281, 18.791519165039062], [352.3375244140625, 3.498675584793091, 366.33648681640625, 17.48661231994629], [224.5677947998047, 0.2673090398311615, 500.01513671875, 57.787899017333984], [47.73442459106445, -0.11083751916885376, 319.5630187988281, 246.1041259765625], [38.89669418334961, 1.066110610961914, 503.1763916015625, 167.56471252441406], [7.235301494598389, 104.0589828491211, 11.953391075134277, 108.92034149169922], [224.8482666015625, 0.0012504681944847107, 407.5971984863281, 19.83094596862793], [-0.16735494136810303, 0.09447318315505981, 474.9603271484375, 333.9511413574219], [141.49876403808594, 0.10919760167598724, 411.8009948730469, 39.6336669921875], [224.8482666015625, 0.0012504681944847107, 407.5971984863281, 19.83094596862793], [225.65480041503906, 0.21402043104171753, 500.21820068359375, 150.1455841064453], [142.28103637695312, 0.17169612646102905, 318.7369079589844, 141.5361785888672], [354.09735107421875, 101.19288635253906, 418.79681396484375, 174.3538360595703], [273.60797119140625, 0.15969909727573395, 316.889892578125, 20.47283363342285], [179.62135314941406, 0.125106543302536, 500.8357849121094, 137.53176879882812], [44.78144836425781, 0.3667144179344177, 319.78125, 251.9248504638672], [50.739749908447266, 0.24465876817703247, 319.07623291015625, 199.84915161132812], [140.83140563964844, -0.1386290192604065, 318.1718444824219, 137.64356994628906], [273.60797119140625, 0.15969909727573395, 316.889892578125, 20.47283363342285], [352.1708068847656, 0.2962004542350769, 411.5776062011719, 17.387304306030273], [354.09735107421875, 101.19288635253906, 418.79681396484375, 174.3538360595703], [-0.16735494136810303, 0.09447318315505981, 474.9603271484375, 333.9511413574219], [354.09735107421875, 101.19288635253906, 418.79681396484375, 174.3538360595703], [354.09735107421875, 101.19288635253906, 418.79681396484375, 174.3538360595703], [354.09735107421875, 101.19288635253906, 418.79681396484375, 174.3538360595703], [478.1876220703125, 47.22365951538086, 500.0854187011719, 100.96427917480469], [352.248779296875, -0.24413618445396423, 499.20458984375, 17.685325622558594], [-0.24763494729995728, -0.11727400869131088, 151.075927734375, 30.49070930480957], [229.64990234375, 0.8193714618682861, 500.3059997558594, 226.24441528320312], [354.09735107421875, 101.19288635253906, 418.79681396484375, 174.3538360595703], [351.9537658691406, -0.09178125858306885, 464.8561096191406, 17.643352508544922], [0.24503469467163086, 0.6736054420471191, 274.9585876464844, 168.1168975830078], [224.7738037109375, 0.2934008836746216, 499.964111328125, 60.543067932128906], [55.31208038330078, 0.7213347554206848, 500.3600158691406, 167.7562255859375], [231.2129364013672, 0.7782018184661865, 500.4783935546875, 205.59176635742188], [-0.2838820219039917, -0.1418653130531311, 67.32846069335938, 31.20830726623535], [51.01020812988281, 0.326151967048645, 319.2309265136719, 195.87161254882812], [44.46017837524414, 0.8755019307136536, 353.71942138671875, 143.62586975097656], [273.60797119140625, 0.15969909727573395, 316.889892578125, 20.47283363342285], [200.9675750732422, 0.22459155321121216, 500.1130065917969, 138.29090881347656], [352.166748046875, 0.5644352436065674, 500.0059509277344, 145.0150146484375], [-0.224284827709198, -0.18337339162826538, 151.4847869873047, 37.80842590332031], [0.276714563369751, 1.2124440670013428, 500.0954895019531, 203.60833740234375], [352.166748046875, 0.5644352436065674, 500.0059509277344, 145.0150146484375], [350.09576416015625, 0.520911455154419, 500.3807067871094, 333.9249572753906], [-0.5589798092842102, 0.12010964751243591, 153.0667266845703, 122.20404052734375], [352.5426940917969, 0.1233023852109909, 499.9457092285156, 64.16547393798828], [-4.905104637145996, -0.9215738773345947, 261.0012512207031, 32.33480453491211], [453.2272644042969, 26.128360748291016, 499.9193115234375, 145.55482482910156], [354.1453552246094, 24.829978942871094, 500.1097412109375, 174.73606872558594], [38.7553825378418, 68.3287582397461, 42.831932067871094, 73.62631225585938], [0.8052289485931396, 0.42039620876312256, 468.16912841796875, 334.1383972167969], [141.1741943359375, -0.028353899717330933, 317.372314453125, 124.2659912109375], [-0.20140409469604492, -0.019828319549560547, 318.4782409667969, 144.38829040527344], [273.60797119140625, 0.15969909727573395, 316.889892578125, 20.47283363342285], [352.2510070800781, 0.03624242544174194, 500.3052978515625, 107.31106567382812], [140.8910675048828, 0.08481907099485397, 272.9620361328125, 34.311798095703125], [141.99266052246094, -0.1289711743593216, 320.044189453125, 22.228105545043945], [352.1708068847656, 0.2962004542350769, 411.5776062011719, 17.387304306030273], [38.59422302246094, 68.05509948730469, 42.67044448852539, 73.6517333984375], [351.9537658691406, -0.09178125858306885, 464.8561096191406, 17.643352508544922], [352.5426940917969, 0.1233023852109909, 499.9457092285156, 64.16547393798828], [354.1163330078125, 101.9490966796875, 413.6818542480469, 150.1142120361328], [-0.224284827709198, -0.18337339162826538, 151.4847869873047, 37.80842590332031], [0.6739646196365356, 0.9137799739837646, 500.1207580566406, 150.60824584960938], [453.2272644042969, 26.128360748291016, 499.9193115234375, 145.55482482910156], [0.7777810096740723, 0.3151428699493408, 500.4742126464844, 334.31048583984375], [140.2527618408203, -1.2414648532867432, 247.07394409179688, 136.31715393066406], [-0.547461211681366, 0.0026577115058898926, 155.85995483398438, 122.11870574951172], [130.65000915527344, 0.14193499088287354, 411.6238708496094, 41.310821533203125], [224.7738037109375, 0.2934008836746216, 499.964111328125, 60.543067932128906], [230.62753295898438, 0.15197418630123138, 319.9774475097656, 20.838314056396484], [351.18292236328125, 9.14456844329834, 500.8177795410156, 175.05575561523438], [141.99266052246094, -0.1289711743593216, 320.044189453125, 22.228105545043945], [203.51365661621094, 0.37102946639060974, 318.3747253417969, 143.6280517578125], [354.09735107421875, 101.19288635253906, 418.79681396484375, 174.3538360595703], [-0.16735494136810303, 0.09447318315505981, 474.9603271484375, 333.9511413574219], [352.248779296875, -0.24413618445396423, 499.20458984375, 17.685325622558594], [179.62135314941406, 0.125106543302536, 500.8357849121094, 137.53176879882812], [142.84715270996094, 0.08457395434379578, 259.1900329589844, 142.31280517578125], [352.77288818359375, -0.07610312104225159, 500.2048645019531, 107.75895690917969], [446.7867431640625, 25.876136779785156, 500.27203369140625, 237.00514221191406], [-0.224284827709198, -0.18337339162826538, 151.4847869873047, 37.80842590332031], [352.3411865234375, 1.9875526428222656, 383.5740051269531, 17.283037185668945], [0.6268024444580078, 0.3559541702270508, 500.56915283203125, 334.3462829589844], [43.24309539794922, 0.5256595015525818, 503.364501953125, 159.2781982421875], [352.1708068847656, 0.2962004542350769, 411.5776062011719, 17.387304306030273], [130.5496063232422, 0.30298906564712524, 320.24652099609375, 179.97544860839844], [352.166748046875, 0.5644352436065674, 500.0059509277344, 145.0150146484375], [140.30320739746094, 0.11283329129219055, 501.5831604003906, 148.74893188476562], [352.248779296875, -0.24413618445396423, 499.20458984375, 17.685325622558594], [273.60797119140625, 0.15969909727573395, 316.889892578125, 20.47283363342285], [352.3411865234375, 1.9875526428222656, 383.5740051269531, 17.283037185668945], [354.09735107421875, 101.19288635253906, 418.79681396484375, 174.3538360595703], [352.77288818359375, -0.07610312104225159, 500.2048645019531, 107.75895690917969], [352.3411865234375, 1.9875526428222656, 383.5740051269531, 17.283037185668945], [59.67860794067383, -0.1766432523727417, 278.0545959472656, 42.375770568847656], [0.1201927661895752, 0.6109949350357056, 401.40679931640625, 69.71195220947266], [352.166748046875, 0.5644352436065674, 500.0059509277344, 145.0150146484375], [-0.16735494136810303, 0.09447318315505981, 474.9603271484375, 333.9511413574219], [334.2484130859375, 8.04601764678955, 500.5404357910156, 259.7846984863281], [0.5377307534217834, -0.2515195608139038, 161.4361114501953, 43.21388244628906], [140.3445281982422, 0.07191996276378632, 276.452880859375, 56.07225799560547], [224.090087890625, -0.1095733642578125, 418.48956298828125, 34.72940444946289], [302.4613037109375, -0.0036363117396831512, 366.6147766113281, 18.791519165039062], [2.0086021423339844, 1.3863201141357422, 497.7909851074219, 220.44886779785156], [93.50135803222656, 0.04540257155895233, 499.3753662109375, 56.379337310791016], [93.50135803222656, 0.04540257155895233, 499.3753662109375, 56.379337310791016], [0.015400350093841553, 175.72132873535156, 203.11134338378906, 333.1831970214844], [352.5426940917969, 0.1233023852109909, 499.9457092285156, 64.16547393798828], [1.0494738817214966, -0.06649255752563477, 238.12820434570312, 333.7808532714844], [351.18292236328125, 9.14456844329834, 500.8177795410156, 175.05575561523438], [0.1201927661895752, 0.6109949350357056, 401.40679931640625, 69.71195220947266], [0.7777810096740723, 0.3151428699493408, 500.4742126464844, 334.31048583984375], [354.1453552246094, 24.829978942871094, 500.1097412109375, 174.73606872558594], [65.66783905029297, -0.034201860427856445, 324.5277404785156, 249.4070281982422], [-0.24763494729995728, -0.11727400869131088, 151.075927734375, 30.49070930480957], [223.13412475585938, 0.018487021327018738, 321.33087158203125, 46.9585075378418], [0.18964707851409912, 195.8331298828125, 468.7584533691406, 334.01922607421875], [67.588134765625, 0.31553107500076294, 318.0714111328125, 163.60130310058594], [-0.7800496816635132, -0.15526211261749268, 101.56886291503906, 120.83732604980469], [353.7864074707031, 102.65877532958984, 399.4585876464844, 147.4982147216797], [224.5677947998047, 0.2673090398311615, 500.01513671875, 57.787899017333984], [57.24630355834961, 0.04229195415973663, 269.4718933105469, 46.89381790161133], [59.67860794067383, -0.1766432523727417, 278.0545959472656, 42.375770568847656], [230.62753295898438, 0.15197418630123138, 319.9774475097656, 20.838314056396484], [354.09735107421875, 101.19288635253906, 418.79681396484375, 174.3538360595703], [-0.20140409469604492, -0.019828319549560547, 318.4782409667969, 144.38829040527344], [0.6268024444580078, 0.3559541702270508, 500.56915283203125, 334.3462829589844], [225.65480041503906, 0.21402043104171753, 500.21820068359375, 150.1455841064453], [57.589115142822266, 0.01169094443321228, 320.63201904296875, 25.438737869262695], [229.64990234375, 0.8193714618682861, 500.3059997558594, 226.24441528320312], [354.09735107421875, 101.19288635253906, 418.79681396484375, 174.3538360595703], [59.739471435546875, 0.12209297716617584, 273.4158935546875, 77.91000366210938], [478.4930114746094, 26.222719192504883, 500.008056640625, 95.9519271850586], [352.3411865234375, 1.9875526428222656, 383.5740051269531, 17.283037185668945], [350.98785400390625, -0.030484050512313843, 500.98431396484375, 61.127254486083984], [-0.2332255244255066, -0.4290063977241516, 159.586669921875, 333.5649719238281], [2.1680593490600586, 1.1359875202178955, 498.65478515625, 211.7872314453125], [-0.9077638387680054, -0.09395557641983032, 122.56369018554688, 121.86886596679688], [-0.24763494729995728, -0.11727400869131088, 151.075927734375, 30.49070930480957], [352.3411865234375, 1.9875526428222656, 383.5740051269531, 17.283037185668945], [-0.2838820219039917, -0.1418653130531311, 67.32846069335938, 31.20830726623535], [0.9074807167053223, -0.07823824882507324, 347.8081359863281, 333.9164123535156], [352.1708068847656, 0.2962004542350769, 411.5776062011719, 17.387304306030273], [140.30320739746094, 0.11283329129219055, 501.5831604003906, 148.74893188476562], [53.66456604003906, 0.38562697172164917, 414.0828857421875, 54.128997802734375], [-0.20140409469604492, -0.019828319549560547, 318.4782409667969, 144.38829040527344], [140.30320739746094, 0.11283329129219055, 501.5831604003906, 148.74893188476562], [0.8052289485931396, 0.42039620876312256, 468.16912841796875, 334.1383972167969], [352.248779296875, -0.24413618445396423, 499.20458984375, 17.685325622558594], [453.2272644042969, 26.128360748291016, 499.9193115234375, 145.55482482910156], [-0.24763494729995728, -0.11727400869131088, 151.075927734375, 30.49070930480957], [354.09735107421875, 101.19288635253906, 418.79681396484375, 174.3538360595703], [230.62753295898438, 0.15197418630123138, 319.9774475097656, 20.838314056396484], [140.30320739746094, 0.11283329129219055, 501.5831604003906, 148.74893188476562], [223.13412475585938, 0.018487021327018738, 321.33087158203125, 46.9585075378418], [144.35708618164062, -1.6544491052627563, 392.9708557128906, 35.385765075683594], [224.090087890625, -0.1095733642578125, 418.48956298828125, 34.72940444946289], [231.2129364013672, 0.7782018184661865, 500.4783935546875, 205.59176635742188], [-0.2088099718093872, 0.48201629519462585, 317.8755187988281, 86.971923828125], [0.08804351091384888, 163.3848114013672, 92.91552734375, 332.939453125], [38.89669418334961, 1.066110610961914, 503.1763916015625, 167.56471252441406], [178.4327850341797, 0.060042381286621094, 317.6026306152344, 142.7836151123047], [59.17784118652344, -0.017866142094135284, 151.18289184570312, 25.97822380065918], [179.62135314941406, 0.125106543302536, 500.8357849121094, 137.53176879882812], [352.1708068847656, 0.2962004542350769, 411.5776062011719, 17.387304306030273], [352.1708068847656, 0.2962004542350769, 411.5776062011719, 17.387304306030273], [0.8212029933929443, 62.579769134521484, 326.3222961425781, 333.5878601074219], [443.6075134277344, 25.724945068359375, 499.86529541015625, 146.36517333984375], [354.1453552246094, 24.829978942871094, 500.1097412109375, 174.73606872558594], [354.1163330078125, 101.9490966796875, 413.6818542480469, 150.1142120361328], [59.17784118652344, -0.017866142094135284, 151.18289184570312, 25.97822380065918], [144.35708618164062, -1.6544491052627563, 392.9708557128906, 35.385765075683594], [-0.16735494136810303, 0.09447318315505981, 474.9603271484375, 333.9511413574219], [352.77288818359375, -0.07610312104225159, 500.2048645019531, 107.75895690917969], [443.6075134277344, 25.724945068359375, 499.86529541015625, 146.36517333984375], [352.77288818359375, -0.07610312104225159, 500.2048645019531, 107.75895690917969], [353.7864074707031, 102.65877532958984, 399.4585876464844, 147.4982147216797], [57.589115142822266, 0.01169094443321228, 320.63201904296875, 25.438737869262695], [-0.2088099718093872, 0.48201629519462585, 317.8755187988281, 86.971923828125], [53.66456604003906, 0.38562697172164917, 414.0828857421875, 54.128997802734375], [230.62753295898438, 0.15197418630123138, 319.9774475097656, 20.838314056396484], [179.62135314941406, 0.125106543302536, 500.8357849121094, 137.53176879882812], [140.2527618408203, -1.2414648532867432, 247.07394409179688, 136.31715393066406], [354.09735107421875, 101.19288635253906, 418.79681396484375, 174.3538360595703], [275.5478515625, 0.14529818296432495, 316.3665466308594, 20.52640151977539], [57.24630355834961, 0.04229195415973663, 269.4718933105469, 46.89381790161133], [0.6739646196365356, 0.9137799739837646, 500.1207580566406, 150.60824584960938], [144.44778442382812, 0.3059404194355011, 500.0320739746094, 149.62594604492188], [0.7038414478302002, 136.35000610351562, 340.60003662109375, 332.9582824707031], [-0.48322975635528564, 0.2623469829559326, 72.6259536743164, 120.25809478759766], [223.13412475585938, 0.018487021327018738, 321.33087158203125, 46.9585075378418], [0.6739646196365356, 0.9137799739837646, 500.1207580566406, 150.60824584960938], [46.26458740234375, 1.074233055114746, 476.2358703613281, 334.8124084472656]), Score: [0.9614545106887817, 0.10219648480415344, 0.09186248481273651, 0.0900476947426796, 0.08655699342489243, 0.0864468589425087, 0.08540186285972595, 0.08423572778701782, 0.07694225758314133, 0.0755160003900528, 0.07431487739086151, 0.0737498551607132, 0.0721016451716423, 0.07031069695949554, 0.06982553750276566, 0.0678057074546814, 0.06775493919849396, 0.06295394152402878, 0.06226775422692299, 0.06166934594511986, 0.061257731169462204, 0.061150822788476944, 0.0605929009616375, 0.05851825699210167, 0.05714955925941467, 0.05636121705174446, 0.0561346597969532, 0.05558701604604721, 0.05517099052667618, 0.054523296654224396, 0.053946297615766525, 0.053721874952316284, 0.05041548237204552, 0.049671720713377, 0.04922854155302048, 0.047402676194906235, 0.04719564691185951, 0.045987166464328766, 0.045752089470624924, 0.04470038041472435, 0.04431566223502159, 0.04386291280388832, 0.04366128519177437, 0.04319920763373375, 0.04292445257306099, 0.04287225753068924, 0.04244997352361679, 0.04217134043574333, 0.04162226989865303, 0.041425466537475586, 0.041324131190776825, 0.04122639074921608, 0.04121328145265579, 0.04112914204597473, 0.040987610816955566, 0.04087645933032036, 0.04051084816455841, 0.04032308608293533, 0.040200889110565186, 0.04019417613744736, 0.0401543453335762, 0.039712585508823395, 0.03946246951818466, 0.038815319538116455, 0.03873637318611145, 0.03871108964085579, 0.03834617882966995, 0.03823080286383629, 0.037704091519117355, 0.03757767751812935, 0.03733018413186073, 0.0369013212621212, 0.03614208474755287, 0.03609432652592659, 0.03602592274546623, 0.03572104126214981, 0.03564601391553879, 0.03544612228870392, 0.03542780131101608, 0.03540128469467163, 0.0353979617357254, 0.03514062613248825, 0.03482179716229439, 0.03460374101996422, 0.03398782014846802, 0.03397069871425629, 0.033814750611782074, 0.03372509777545929, 0.03353564813733101, 0.033533379435539246, 0.0334588959813118, 0.0329136997461319, 0.03259794041514397, 0.03246592357754707, 0.03244710713624954, 0.03223702684044838, 0.03214280679821968, 0.031987354159355164, 0.03195399418473244, 0.03149142488837242, 0.031374212354421616, 0.03135364130139351, 0.03109937161207199, 0.031014898791909218, 0.03080674260854721, 0.03068917617201805, 0.030521446838974953, 0.03031536191701889, 0.029969006776809692, 0.02990081161260605, 0.029792819172143936, 0.02970784716308117, 0.029688706621527672, 0.029663117602467537, 0.029610630124807358, 0.02960430271923542, 0.029480036348104477, 0.029057132080197334, 0.02896604686975479, 0.028866300359368324, 0.028846710920333862, 0.02883654087781906, 0.02872724086046219, 0.02854062058031559, 0.028316568583250046, 0.02822575345635414, 0.02809532918035984, 0.028077051043510437, 0.02806025929749012, 0.02800423838198185, 0.02788139507174492, 0.02780553326010704, 0.027805017307400703, 0.027685996145009995, 0.02762935496866703, 0.02737649343907833, 0.027356764301657677, 0.027317294850945473, 0.02731580100953579, 0.027233898639678955, 0.02720775455236435, 0.027132565155625343, 0.02708662487566471, 0.02689223177731037, 0.026875417679548264, 0.026594452559947968, 0.02642188034951687, 0.02641998790204525, 0.026412997394800186, 0.026268023997545242, 0.026106879115104675, 0.025931967422366142, 0.025724073871970177, 0.02559325098991394, 0.025396054610610008, 0.0253766942769289, 0.02535710111260414, 0.02509511262178421, 0.02497250959277153, 0.024919945746660233, 0.02478824555873871, 0.02477906458079815, 0.02472805790603161, 0.024704093113541603, 0.0246542077511549, 0.024585695937275887, 0.02456723153591156, 0.024546807631850243, 0.024498354643583298, 0.024464212357997894, 0.024414360523223877, 0.02439875900745392, 0.024349993094801903, 0.024348828941583633, 0.024337880313396454, 0.024330653250217438, 0.024224285036325455, 0.024113165214657784, 0.023983869701623917, 0.02396341785788536, 0.023870889097452164, 0.02386675775051117, 0.023815277963876724, 0.023753926157951355, 0.023643173277378082, 0.02364119328558445, 0.0236175786703825, 0.02346307784318924, 0.023455360904335976, 0.02337435632944107, 0.02336670644581318, 0.02329399064183235, 0.023277724161744118, 0.02326914295554161, 0.02313016541302204, 0.023054957389831543, 0.022988874465227127, 0.022922957316040993, 0.02269577793776989, 0.02266267128288746, 0.02255883812904358, 0.02248421311378479, 0.022478889673948288, 0.022469691932201385, 0.022436734288930893, 0.022398095577955246, 0.022303521633148193, 0.022231386974453926, 0.022214461117982864, 0.02205602452158928, 0.022007813677191734, 0.022003546357154846, 0.022002043202519417, 0.022001497447490692, 0.021986983716487885, 0.021979890763759613, 0.02186865545809269, 0.021865887567400932, 0.021864257752895355, 0.021857770159840584, 0.021848827600479126, 0.021815547719597816, 0.021805761381983757, 0.021805711090564728, 0.02174007147550583, 0.02173726260662079, 0.021736375987529755, 0.021704524755477905, 0.021692631766200066, 0.021620964631438255, 0.021576624363660812, 0.021505087614059448, 0.021481908857822418, 0.02132318541407585, 0.02082197740674019, 0.020766401663422585, 0.020747963339090347, 0.0206749327480793, 0.02052653208374977, 0.020504282787442207, 0.020479049533605576, 0.020446160808205605, 0.02043108269572258, 0.020409293472766876, 0.020366370677947998, 0.020365510135889053, 0.02034968137741089, 0.020104961469769478, 0.020014090463519096, 0.020001618191599846, 0.019963553175330162, 0.019920920953154564, 0.019917568191885948, 0.01983494497835636, 0.01979321986436844, 0.01975340023636818, 0.01969193108379841, 0.019593117758631706, 0.01956707052886486, 0.01954033598303795, 0.019378000870347023, 0.019374515861272812, 0.019361311569809914, 0.019349614158272743, 0.019329767674207687, 0.01920561119914055, 0.01915481686592102, 0.019017977640032768, 0.01896887645125389, 0.018889596685767174, 0.018884342163801193, 0.018858376890420914, 0.018760627135634422, 0.018723225221037865, 0.018695440143346786, 0.018668213859200478, 0.018650973215699196, 0.018634507432579994, 0.018625689670443535, 0.01859060488641262, 0.018579676747322083, 0.018576428294181824, 0.01850716583430767, 0.01844918727874756, 0.01840774342417717, 0.018354205414652824, 0.018351688981056213, 0.018330371007323265, 0.018321938812732697, 0.01828966848552227, 0.01827523484826088, 0.018162015825510025, 0.018147621303796768, 0.018128905445337296, 0.0180565994232893, 0.01803538203239441, 0.01802929677069187, 0.01801753044128418, 0.018016954883933067, 0.01800411194562912]

Execution time: 0.4530 sec
