Label: tensor([ 0, 60, 45, 45, 45, 55, 74, 55, 56, 45, 45, 41, 55, 55, 13, 55, 55, 55,
        56, 44, 43, 44, 56, 56, 53, 55, 56, 43, 56, 55, 55, 42, 41, 55, 55, 55,
        56, 55, 56, 42, 55, 55, 48, 48, 48, 48, 55, 44, 57, 41, 57, 55, 53, 13,
        53, 45, 57, 56, 44, 55, 60, 60, 56, 44, 44, 42, 48, 44, 45, 42, 60, 48,
        55, 62, 43,  0, 13, 43, 43, 43, 42, 43, 45, 42, 56, 42, 13, 74, 13, 48,
        56, 48, 42, 56, 60, 56, 55, 55, 55, 52, 57, 55, 45,  0, 44, 13, 48, 45,
        48,  0, 56, 45, 13, 55, 53, 53, 45, 43,  0, 41, 55, 57, 44, 56, 48, 48,
        57, 42, 57, 56, 56, 48, 44, 53, 43, 45, 45, 56, 43, 45, 45, 55, 60, 55,
        60, 60, 43, 56, 48, 48, 53, 54, 48, 53, 43, 53, 56, 43, 44,  0, 43, 48,
        42, 48, 45, 60, 43, 44, 55, 55, 45, 48, 48, 60, 56, 48, 42,  0, 43, 56,
        44, 60, 13, 48, 53, 53, 60, 43, 43, 60, 60, 55, 45, 48, 45, 56, 55, 54,
        52, 48, 55, 45, 53, 42, 45, 43, 60, 55, 56, 45, 45, 48, 57, 56, 74, 50,
        56, 73, 43, 56, 43, 60, 55, 45, 48, 53, 48, 48, 48, 42, 60, 46, 48, 48,
        44, 43, 42, 48, 43, 42, 53, 53, 41, 42, 60, 43, 48, 43, 43, 43, 42, 57,
        42, 62, 48, 42, 60, 45, 53, 42, 44, 44, 43, 52, 56, 53, 56, 45, 56, 60,
        44, 13, 44, 42, 42, 43, 45, 44, 45, 45, 60, 67, 55, 48, 53, 55, 53, 53,
        45, 53, 57, 44, 56, 43, 51, 44, 60, 40, 41, 57]), Box: ([36.176998138427734, 0.08316338062286377, 374.9690246582031, 275.33697509765625], [-0.22926181554794312, 256.63543701171875, 374.7595520019531, 499.85302734375], [-0.04739128053188324, 418.67230224609375, 112.95638275146484, 500.0400390625], [308.7125549316406, 281.5185852050781, 374.90655517578125, 351.5686340332031], [-0.050931237637996674, 266.43133544921875, 69.02006530761719, 349.6824645996094], [24.885435104370117, 310.99261474609375, 341.9609069824219, 457.0027770996094], [71.2616195678711, 20.755626678466797, 112.04724884033203, 68.75421905517578], [136.35157775878906, 315.7229919433594, 342.4942626953125, 457.7325134277344], [-0.09392481297254562, 137.083251953125, 89.99510955810547, 275.8313293457031], [298.5558776855469, 445.5162048339844, 374.99151611328125, 500.2947998046875], [0.06042374297976494, 316.4420166015625, 34.992591857910156, 350.173828125], [-0.15537813305854797, 418.5279235839844, 112.83438873291016, 500.2808532714844], [30.72810173034668, 313.1720886230469, 245.415771484375, 364.3429870605469], [137.33157348632812, 357.5009460449219, 342.3107604980469, 457.7017822265625], [-0.09392481297254562, 137.083251953125, 89.99510955810547, 275.8313293457031], [55.87886428833008, 352.47650146484375, 148.71502685546875, 419.02825927734375], [55.98234176635742, 348.9816589355469, 343.0730895996094, 455.4100341796875], [137.20266723632812, 359.45709228515625, 229.82440185546875, 418.1896667480469], [347.2082824707031, 43.17466735839844, 374.9468688964844, 92.85309600830078], [0.09828759729862213, 361.3321838378906, 41.068145751953125, 417.310302734375], [104.14064025878906, 298.3533630371094, 248.6971435546875, 319.66864013671875], [0.13214069604873657, 361.1085510253906, 76.09620666503906, 426.1023254394531], [358.72027587890625, 49.87457275390625, 374.9947509765625, 92.54291534423828], [352.597412109375, 50.31569290161133, 374.9525146484375, 92.89289855957031], [24.885435104370117, 310.99261474609375, 341.9609069824219, 457.0027770996094], [-0.021440908312797546, 266.4254455566406, 68.21815490722656, 330.818603515625], [88.9571533203125, 118.74198150634766, 103.88081359863281, 137.03273010253906], [0.13214069604873657, 361.1085510253906, 76.09620666503906, 426.1023254394531], [346.6794128417969, 42.94745635986328, 374.96307373046875, 127.05419921875], [136.1108856201172, 359.23406982421875, 238.60108947753906, 455.84747314453125], [184.13479614257812, 263.3731384277344, 262.9482727050781, 300.65374755859375], [0.09828759729862213, 361.3321838378906, 41.068145751953125, 417.310302734375], [-0.04739128053188324, 418.67230224609375, 112.95638275146484, 500.0400390625], [97.24581146240234, 262.1996154785156, 263.177490234375, 314.77520751953125], [234.961181640625, 323.601806640625, 327.3902282714844, 384.5901794433594], [218.97451782226562, 323.6098327636719, 342.4350891113281, 450.6394348144531], [-0.5000084638595581, 136.432373046875, 139.32330322265625, 279.48040771484375], [136.8456573486328, 359.2647705078125, 267.7663879394531, 457.0867614746094], [-0.17005205154418945, 136.4411163330078, 267.6077880859375, 275.84075927734375], [0.13214069604873657, 361.1085510253906, 76.09620666503906, 426.1023254394531], [54.493587493896484, 352.6543884277344, 148.7249755859375, 446.8420715332031], [132.09024047851562, 312.0051574707031, 246.37493896484375, 363.78277587890625], [184.13479614257812, 263.3731384277344, 262.9482727050781, 300.65374755859375], [55.87886428833008, 352.47650146484375, 148.71502685546875, 419.02825927734375], [97.24581146240234, 262.1996154785156, 263.177490234375, 314.77520751953125], [87.80817413330078, 261.8108215332031, 263.74139404296875, 324.7335205078125], [28.461042404174805, 262.721435546875, 342.9183349609375, 456.70001220703125], [10.509864807128906, 391.881591796875, 43.67304229736328, 420.16143798828125], [-0.10194629430770874, 137.28573608398438, 374.7630615234375, 279.89227294921875], [298.5558776855469, 445.5162048339844, 374.99151611328125, 500.2947998046875], [-0.09392481297254562, 137.083251953125, 89.99510955810547, 275.8313293457031], [33.67915725708008, 266.8354797363281, 342.2631530761719, 456.10150146484375], [30.72810173034668, 313.1720886230469, 245.415771484375, 364.3429870605469], [-0.1992127001285553, 137.2345733642578, 90.27989959716797, 272.9930114746094], [97.24581146240234, 262.1996154785156, 263.177490234375, 314.77520751953125], [-0.0293562188744545, 271.3022766113281, 35.49103927612305, 349.6694030761719], [-0.1265108585357666, 136.97982788085938, 374.8658142089844, 279.0308532714844], [-0.08506514132022858, 136.41696166992188, 146.37696838378906, 276.63958740234375], [10.230168342590332, 391.4796447753906, 62.87678527832031, 424.81591796875], [87.80817413330078, 261.8108215332031, 263.74139404296875, 324.7335205078125], [103.76615142822266, 456.83251953125, 306.1709289550781, 499.8270263671875], [104.083984375, 445.53350830078125, 374.5424499511719, 499.80615234375], [345.74102783203125, 43.10017013549805, 375.055419921875, 195.42971801757812], [0.38399454951286316, 370.921875, 71.32537841796875, 426.12567138671875], [10.431078910827637, 392.00408935546875, 53.32090759277344, 422.4875793457031], [10.509864807128906, 391.881591796875, 43.67304229736328, 420.16143798828125], [30.72810173034668, 313.1720886230469, 245.415771484375, 364.3429870605469], [0.44203922152519226, 360.34814453125, 92.47342681884766, 435.3024597167969], [0.004548579454421997, 319.49261474609375, 374.9387512207031, 499.6133117675781], [10.431078910827637, 392.00408935546875, 53.32090759277344, 422.4875793457031], [0.09056925773620605, 134.8901824951172, 375.0868225097656, 499.2987976074219], [136.35157775878906, 315.7229919433594, 342.4942626953125, 457.7325134277344], [181.6133575439453, 371.4823303222656, 341.3435974121094, 454.31707763671875], [71.2616195678711, 20.755626678466797, 112.04724884033203, 68.75421905517578], [85.1604232788086, 289.8890075683594, 149.3653564453125, 328.96044921875], [340.0729675292969, 8.180519104003906, 374.9919738769531, 45.76649475097656], [-0.10194629430770874, 137.28573608398438, 374.7630615234375, 279.89227294921875], [67.1544418334961, 307.35791015625, 148.80223083496094, 330.9231872558594], [0.09828759729862213, 361.3321838378906, 41.068145751953125, 417.310302734375], [0.38399454951286316, 370.921875, 71.32537841796875, 426.12567138671875], [10.230168342590332, 391.4796447753906, 62.87678527832031, 424.81591796875], [0.44203922152519226, 360.34814453125, 92.47342681884766, 435.3024597167969], [-0.16035698354244232, 360.3960876464844, 113.13651275634766, 499.9958190917969], [0.38399454951286316, 370.921875, 71.32537841796875, 426.12567138671875], [-0.3354605436325073, 137.60740661621094, 156.76043701171875, 278.4635925292969], [0.44203922152519226, 360.34814453125, 92.47342681884766, 435.3024597167969], [-0.1265108585357666, 136.97982788085938, 374.8658142089844, 279.0308532714844], [308.1434326171875, 214.49900817871094, 324.75360107421875, 233.67489624023438], [-0.17005205154418945, 136.4411163330078, 267.6077880859375, 275.84075927734375], [54.493587493896484, 352.6543884277344, 148.7249755859375, 446.8420715332031], [118.63094329833984, 186.39614868164062, 145.2056884765625, 226.45252990722656], [-0.021440908312797546, 266.4254455566406, 68.21815490722656, 330.818603515625], [104.14064025878906, 298.3533630371094, 248.6971435546875, 319.66864013671875], [125.83096313476562, 38.36294174194336, 375.0758056640625, 169.66954040527344], [97.94729614257812, 264.0867614746094, 375.6339416503906, 499.19305419921875], [129.1642303466797, 39.28682327270508, 375.8396301269531, 262.35369873046875], [30.75314712524414, 323.0223388671875, 105.75884246826172, 360.5878601074219], [87.98460388183594, 310.6873779296875, 246.64788818359375, 363.2806701660156], [28.19074249267578, 312.50164794921875, 250.2633819580078, 450.3399353027344], [30.72810173034668, 313.1720886230469, 245.415771484375, 364.3429870605469], [-0.17005205154418945, 136.4411163330078, 267.6077880859375, 275.84075927734375], [-0.050931237637996674, 266.43133544921875, 69.02006530761719, 349.6824645996094], [87.80817413330078, 261.8108215332031, 263.74139404296875, 324.7335205078125], [356.4998779296875, 12.099098205566406, 374.5142822265625, 41.94565200805664], [104.14064025878906, 298.3533630371094, 248.6971435546875, 319.66864013671875], [-0.5000084638595581, 136.432373046875, 139.32330322265625, 279.48040771484375], [30.75314712524414, 323.0223388671875, 105.75884246826172, 360.5878601074219], [-0.15537813305854797, 418.5279235839844, 112.83438873291016, 500.2808532714844], [24.885435104370117, 310.99261474609375, 341.9609069824219, 457.0027770996094], [342.3697509765625, 11.071823120117188, 374.60595703125, 43.2962532043457], [-0.10194629430770874, 137.28573608398438, 374.7630615234375, 279.89227294921875], [-0.22926181554794312, 256.63543701171875, 374.7595520019531, 499.85302734375], [-0.08506514132022858, 136.41696166992188, 146.37696838378906, 276.63958740234375], [324.7063903808594, 284.1505126953125, 374.83642578125, 330.26953125], [87.80817413330078, 261.8108215332031, 263.74139404296875, 324.7335205078125], [136.35157775878906, 315.7229919433594, 342.4942626953125, 457.7325134277344], [97.94729614257812, 264.0867614746094, 375.6339416503906, 499.19305419921875], [104.47982025146484, 301.17315673828125, 255.64883422851562, 320.2974853515625], [349.76416015625, 10.922087669372559, 371.6287841796875, 38.670860290527344], [0.6071599125862122, 424.112060546875, 88.21568298339844, 500.21075439453125], [24.95339584350586, 313.5746154785156, 251.00950622558594, 446.86065673828125], [-0.1992127001285553, 137.2345733642578, 90.27989959716797, 272.9930114746094], [11.05041790008545, 392.5123596191406, 27.7823543548584, 419.6044006347656], [-0.1265108585357666, 136.97982788085938, 374.8658142089844, 279.0308532714844], [33.67915725708008, 266.8354797363281, 342.2631530761719, 456.10150146484375], [137.20266723632812, 359.45709228515625, 229.82440185546875, 418.1896667480469], [-0.08506514132022858, 136.41696166992188, 146.37696838378906, 276.63958740234375], [11.05041790008545, 392.5123596191406, 27.7823543548584, 419.6044006347656], [-0.5000084638595581, 136.432373046875, 139.32330322265625, 279.48040771484375], [126.80841827392578, 43.85102462768555, 375.8614807128906, 264.4745788574219], [333.3766784667969, 36.09235763549805, 374.6117858886719, 93.76880645751953], [28.461042404174805, 262.721435546875, 342.9183349609375, 456.70001220703125], [10.739232063293457, 390.17327880859375, 89.92911529541016, 431.888671875], [55.98234176635742, 348.9816589355469, 343.0730895996094, 455.4100341796875], [104.31698608398438, 300.5377502441406, 248.7765655517578, 317.8332824707031], [-0.17779693007469177, 267.060791015625, 114.6620864868164, 499.2389831542969], [-0.021440908312797546, 266.4254455566406, 68.21815490722656, 330.818603515625], [117.20750427246094, 186.6874237060547, 170.71051025390625, 266.4582214355469], [10.230168342590332, 391.4796447753906, 62.87678527832031, 424.81591796875], [0.06683170795440674, 419.6443176269531, 375.0579833984375, 499.5602722167969], [-0.10498333722352982, 306.385009765625, 67.46029663085938, 351.52783203125], [27.18830108642578, 314.2210693359375, 260.1473083496094, 452.7970275878906], [244.42599487304688, 265.2453918457031, 375.2439880371094, 441.87677001953125], [-0.8428953886032104, 265.7987976074219, 374.1404113769531, 455.0309753417969], [247.48135375976562, 265.8376159667969, 374.88653564453125, 498.94476318359375], [347.2082824707031, 43.17466735839844, 374.9468688964844, 92.85309600830078], [30.72810173034668, 313.1720886230469, 245.415771484375, 364.3429870605469], [0.10262802243232727, 137.5422821044922, 97.23200225830078, 319.1259460449219], [-0.050931237637996674, 266.43133544921875, 69.02006530761719, 349.6824645996094], [28.87373924255371, 322.4861145019531, 152.06491088867188, 418.6376953125], [184.13479614257812, 263.3731384277344, 262.9482727050781, 300.65374755859375], [55.87886428833008, 352.47650146484375, 148.71502685546875, 419.02825927734375], [137.33157348632812, 357.5009460449219, 342.3107604980469, 457.7017822265625], [137.33157348632812, 357.5009460449219, 342.3107604980469, 457.7017822265625], [10.431078910827637, 392.00408935546875, 53.32090759277344, 422.4875793457031], [-0.021440908312797546, 266.4254455566406, 68.21815490722656, 330.818603515625], [118.72591400146484, 185.91976928710938, 169.3535919189453, 260.9735107421875], [104.77982330322266, 301.51922607421875, 247.6514129638672, 319.2053527832031], [0.659644603729248, 360.189453125, 145.81549072265625, 450.2453918457031], [363.0832824707031, 11.873065948486328, 375.0355529785156, 42.16001892089844], [104.16307067871094, 308.4542236328125, 149.59706115722656, 323.8778076171875], [24.95339584350586, 313.5746154785156, 251.00950622558594, 446.86065673828125], [0.659644603729248, 360.189453125, 145.81549072265625, 450.2453918457031], [29.88206672668457, 314.22479248046875, 340.61016845703125, 450.2742919921875], [103.57241821289062, 339.47052001953125, 373.8721008300781, 499.3878479003906], [359.4894104003906, 49.76060485839844, 375.167724609375, 62.04847717285156], [103.8348159790039, 309.36517333984375, 149.55755615234375, 329.19677734375], [85.1604232788086, 289.8890075683594, 149.3653564453125, 328.96044921875], [28.87373924255371, 322.4861145019531, 152.06491088867188, 418.6376953125], [88.72919464111328, 273.7977600097656, 263.52349853515625, 316.8433837890625], [0.2376660704612732, 420.015869140625, 374.9249572753906, 499.6733093261719], [28.19074249267578, 312.50164794921875, 250.2633819580078, 450.3399353027344], [136.1108856201172, 359.23406982421875, 238.60108947753906, 455.84747314453125], [-9.757898330688477, 258.1361999511719, 365.0875244140625, 361.5791931152344], [349.2061767578125, 43.04312515258789, 374.8397521972656, 59.1765251159668], [88.72919464111328, 273.7977600097656, 263.52349853515625, 316.8433837890625], [10.739232063293457, 390.17327880859375, 89.92911529541016, 431.888671875], [364.6039123535156, 11.13668155670166, 375.0457763671875, 37.20075988769531], [10.509864807128906, 391.881591796875, 43.67304229736328, 420.16143798828125], [-0.1992127001285553, 137.2345733642578, 90.27989959716797, 272.9930114746094], [0.5036378502845764, 269.727294921875, 27.95478057861328, 300.5995178222656], [0.24513155221939087, 135.7254180908203, 375.2269287109375, 499.04595947265625], [-0.3354605436325073, 137.60740661621094, 156.76043701171875, 278.4635925292969], [27.18830108642578, 314.2210693359375, 260.1473083496094, 452.7970275878906], [88.72919464111328, 273.7977600097656, 263.52349853515625, 316.8433837890625], [28.461042404174805, 262.721435546875, 342.9183349609375, 456.70001220703125], [237.4187774658203, 268.9762878417969, 375.3410949707031, 499.2197570800781], [102.89482116699219, 295.47808837890625, 142.03721618652344, 310.30902099609375], [104.2112045288086, 308.47125244140625, 149.49415588378906, 323.4978942871094], [349.2061767578125, 43.04312515258789, 374.8397521972656, 59.1765251159668], [103.57241821289062, 339.47052001953125, 373.8721008300781, 499.3878479003906], [85.58988952636719, 283.45477294921875, 144.30450439453125, 309.0030517578125], [-0.0019446015357971191, 390.800048828125, 374.9942626953125, 499.1725158691406], [136.8456573486328, 359.2647705078125, 267.7663879394531, 457.0867614746094], [0.6302688121795654, 358.1612854003906, 120.05748748779297, 499.8877868652344], [-0.2157166600227356, 136.1365509033203, 217.94805908203125, 277.08740234375], [30.987951278686523, 322.4240417480469, 159.14736938476562, 361.7413635253906], [184.13479614257812, 263.3731384277344, 262.9482727050781, 300.65374755859375], [55.87886428833008, 352.47650146484375, 148.71502685546875, 419.02825927734375], [55.98234176635742, 348.9816589355469, 343.0730895996094, 455.4100341796875], [29.88206672668457, 314.22479248046875, 340.61016845703125, 450.2742919921875], [0.2043396234512329, 262.7623291015625, 375.18780517578125, 498.3365173339844], [29.88206672668457, 314.22479248046875, 340.61016845703125, 450.2742919921875], [0.7388535737991333, 360.75054931640625, 116.1991958618164, 447.2084045410156], [86.15528106689453, 261.4848327636719, 264.72015380859375, 321.17822265625], [0.659644603729248, 360.189453125, 145.81549072265625, 450.2453918457031], [0.08860230445861816, 0.5086958408355713, 375.0848388671875, 499.9974670410156], [131.65652465820312, 278.8312072753906, 194.3944854736328, 304.0308532714844], [345.14599609375, 42.68733596801758, 361.383544921875, 58.88337707519531], [-0.8428953886032104, 265.7987976074219, 374.1404113769531, 455.0309753417969], [0.6071599125862122, 424.112060546875, 88.21568298339844, 500.21075439453125], [87.63285827636719, 261.02935791015625, 263.46856689453125, 327.6051940917969], [-0.3354605436325073, 137.60740661621094, 156.76043701171875, 278.4635925292969], [-0.058516860008239746, 26.37238883972168, 374.8499450683594, 278.0433349609375], [71.3721923828125, 21.59316635131836, 111.763671875, 68.50505065917969], [-0.021440908312797546, 266.4254455566406, 68.21815490722656, 330.818603515625], [359.4894104003906, 49.76060485839844, 375.167724609375, 62.04847717285156], [340.0729675292969, 8.180519104003906, 374.9919738769531, 45.76649475097656], [103.20922088623047, 299.6793212890625, 185.39285278320312, 313.58416748046875], [-0.23224018514156342, 137.14474487304688, 89.71983337402344, 194.34693908691406], [11.05041790008545, 392.5123596191406, 27.7823543548584, 419.6044006347656], [-0.005140900611877441, 263.50396728515625, 374.97259521484375, 362.0223388671875], [13.55234146118164, 261.9119567871094, 342.02392578125, 457.07366943359375], [-0.5879905223846436, 266.2268981933594, 142.7942352294922, 498.72900390625], [0.659644603729248, 360.189453125, 145.81549072265625, 450.2453918457031], [-0.8428953886032104, 265.7987976074219, 374.1404113769531, 455.0309753417969], [86.15528106689453, 261.4848327636719, 264.72015380859375, 321.17822265625], [234.961181640625, 323.601806640625, 327.3902282714844, 384.5901794433594], [-0.8428953886032104, 265.7987976074219, 374.1404113769531, 455.0309753417969], [0.5036378502845764, 269.727294921875, 27.95478057861328, 300.5995178222656], [0.06683170795440674, 419.6443176269531, 375.0579833984375, 499.5602722167969], [55.87886428833008, 352.47650146484375, 148.71502685546875, 419.02825927734375], [13.55234146118164, 261.9119567871094, 342.02392578125, 457.07366943359375], [86.19983673095703, 278.24285888671875, 186.70266723632812, 308.78887939453125], [14.122026443481445, 403.32696533203125, 72.75, 426.56390380859375], [103.81291961669922, 300.66583251953125, 177.72618103027344, 321.3531188964844], [97.24581146240234, 262.1996154785156, 263.177490234375, 314.77520751953125], [132.09024047851562, 312.0051574707031, 246.37493896484375, 363.78277587890625], [103.62899780273438, 299.8302001953125, 184.18783569335938, 315.3299560546875], [88.72919464111328, 273.7977600097656, 263.52349853515625, 316.8433837890625], [28.19074249267578, 312.50164794921875, 250.2633819580078, 450.3399353027344], [33.67915725708008, 266.8354797363281, 342.2631530761719, 456.10150146484375], [-0.16035698354244232, 360.3960876464844, 113.13651275634766, 499.9958190917969], [104.31698608398438, 300.5377502441406, 248.7765655517578, 317.8332824707031], [0.2376660704612732, 420.015869140625, 374.9249572753906, 499.6733093261719], [104.1597900390625, 300.5904235839844, 215.17474365234375, 320.6147155761719], [30.987951278686523, 322.4240417480469, 159.14736938476562, 361.7413635253906], [104.48905944824219, 300.0626525878906, 213.69512939453125, 314.5768127441406], [10.739232063293457, 390.17327880859375, 89.92911529541016, 431.888671875], [103.55037689208984, 300.1747131347656, 153.60879516601562, 321.513427734375], [104.47982025146484, 301.17315673828125, 255.64883422851562, 320.2974853515625], [-0.058516860008239746, 26.37238883972168, 374.8499450683594, 278.0433349609375], [86.02610778808594, 284.7149658203125, 143.80831909179688, 308.8333435058594], [340.0729675292969, 8.180519104003906, 374.9919738769531, 45.76649475097656], [131.65652465820312, 278.8312072753906, 194.3944854736328, 304.0308532714844], [85.1604232788086, 289.8890075683594, 149.3653564453125, 328.96044921875], [358.72027587890625, 49.87457275390625, 374.9947509765625, 92.54291534423828], [0.004537403583526611, 263.7403259277344, 375.00079345703125, 498.48089599609375], [30.987951278686523, 322.4240417480469, 159.14736938476562, 361.7413635253906], [104.77982330322266, 301.51922607421875, 247.6514129638672, 319.2053527832031], [104.31698608398438, 300.5377502441406, 248.7765655517578, 317.8332824707031], [16.658390045166016, 408.0062561035156, 72.7064437866211, 426.4997863769531], [97.24581146240234, 262.1996154785156, 263.177490234375, 314.77520751953125], [30.75314712524414, 323.0223388671875, 105.75884246826172, 360.5878601074219], [-1.047581434249878, 135.9324188232422, 213.09947204589844, 278.110107421875], [-0.050931237637996674, 266.43133544921875, 69.02006530761719, 349.6824645996094], [286.8435363769531, 3.0719637870788574, 375.0570373535156, 144.98350524902344], [54.493587493896484, 352.6543884277344, 148.7249755859375, 446.8420715332031], [0.9037368297576904, 31.708337783813477, 373.1183776855469, 275.93798828125], [352.597412109375, 50.31569290161133, 374.9525146484375, 92.89289855957031], [0.7388535737991333, 360.75054931640625, 116.1991958618164, 447.2084045410156], [0.10262802243232727, 137.5422821044922, 97.23200225830078, 319.1259460449219], [67.1544418334961, 307.35791015625, 148.80223083496094, 330.9231872558594], [86.19983673095703, 278.24285888671875, 186.70266723632812, 308.78887939453125], [85.58988952636719, 283.45477294921875, 144.30450439453125, 309.0030517578125], [104.89832305908203, 302.3796691894531, 247.55747985839844, 317.6318359375], [0.2282559871673584, 262.8668212890625, 264.1053771972656, 356.2337951660156], [16.432836532592773, 410.4514465332031, 57.509891510009766, 423.7508544921875], [55.87886428833008, 352.47650146484375, 148.71502685546875, 419.02825927734375], [33.67915725708008, 266.8354797363281, 342.2631530761719, 456.10150146484375], [98.60758209228516, 449.9970397949219, 313.0679626464844, 499.50042724609375], [71.2616195678711, 20.755626678466797, 112.04724884033203, 68.75421905517578], [86.19983673095703, 278.24285888671875, 186.70266723632812, 308.78887939453125], [85.3742446899414, 277.40802001953125, 189.0146942138672, 308.4642028808594], [30.75314712524414, 323.0223388671875, 105.75884246826172, 360.5878601074219], [86.02610778808594, 284.7149658203125, 143.80831909179688, 308.8333435058594], [136.8456573486328, 359.2647705078125, 267.7663879394531, 457.0867614746094], [27.18830108642578, 314.2210693359375, 260.1473083496094, 452.7970275878906], [0.659644603729248, 360.189453125, 145.81549072265625, 450.2453918457031], [24.95339584350586, 313.5746154785156, 251.00950622558594, 446.86065673828125], [-0.08891522884368896, 137.6265869140625, 374.9073181152344, 320.8528137207031], [104.77982330322266, 301.51922607421875, 247.6514129638672, 319.2053527832031], [339.15423583984375, 38.952842712402344, 361.57110595703125, 60.06386947631836], [88.72919464111328, 273.7977600097656, 263.52349853515625, 316.8433837890625], [0.13214069604873657, 361.1085510253906, 76.09620666503906, 426.1023254394531], [0.26206856966018677, 271.4275817871094, 29.75596809387207, 308.2470397949219], [340.0729675292969, 8.180519104003906, 374.9919738769531, 45.76649475097656], [-0.04739128053188324, 418.67230224609375, 112.95638275146484, 500.0400390625], [308.7030944824219, 282.2106628417969, 374.96160888671875, 350.7188415527344], [-1.047581434249878, 135.9324188232422, 213.09947204589844, 278.110107421875]), Score: [0.9723216891288757, 0.8337509036064148, 0.7414413690567017, 0.5987299680709839, 0.5313165783882141, 0.5163007378578186, 0.47955355048179626, 0.37702712416648865, 0.3698458969593048, 0.3552243709564209, 0.3134823739528656, 0.3107338547706604, 0.28044256567955017, 0.2759105861186981, 0.2720285654067993, 0.22180695831775665, 0.19659066200256348, 0.1940702497959137, 0.18403930962085724, 0.17744456231594086, 0.1733894646167755, 0.1725093424320221, 0.16490933299064636, 0.16410091519355774, 0.16166207194328308, 0.15660488605499268, 0.15626391768455505, 0.149567648768425, 0.14795775711536407, 0.14728493988513947, 0.1463298350572586, 0.14561009407043457, 0.1438126266002655, 0.14318767189979553, 0.14268705248832703, 0.14236167073249817, 0.1409052312374115, 0.14015312492847443, 0.13975343108177185, 0.13858991861343384, 0.13829012215137482, 0.1307390332221985, 0.1295873373746872, 0.12940208613872528, 0.12885436415672302, 0.12845627963542938, 0.12798984348773956, 0.127174511551857, 0.1243148222565651, 0.12429004907608032, 0.12381628900766373, 0.12199733406305313, 0.12112145125865936, 0.12103144079446793, 0.1205483004450798, 0.11990699172019958, 0.11911749094724655, 0.11864776909351349, 0.11844788491725922, 0.11818338930606842, 0.11814400553703308, 0.11809394508600235, 0.11765258014202118, 0.11758679151535034, 0.11730223894119263, 0.11717003583908081, 0.11664393544197083, 0.1165458932518959, 0.11634571850299835, 0.11554161459207535, 0.11529246717691422, 0.11522118002176285, 0.11462415009737015, 0.11430944502353668, 0.11243738979101181, 0.10999425500631332, 0.1095101609826088, 0.10920398682355881, 0.10883131623268127, 0.10818295180797577, 0.10783546417951584, 0.10657373815774918, 0.10628870129585266, 0.10580945014953613, 0.1052088513970375, 0.10425709187984467, 0.10415004938840866, 0.1016475185751915, 0.10090025514364243, 0.09956875443458557, 0.09917916357517242, 0.09891436994075775, 0.09870859980583191, 0.09651888906955719, 0.09607212990522385, 0.09549294412136078, 0.09532610327005386, 0.09509381651878357, 0.09406767785549164, 0.09391102939844131, 0.09379719197750092, 0.09368055313825607, 0.0935920923948288, 0.09295809268951416, 0.0928475633263588, 0.0928078293800354, 0.09277786314487457, 0.09155189245939255, 0.09131339192390442, 0.09123635292053223, 0.09084946662187576, 0.09069861471652985, 0.0904863178730011, 0.08979405462741852, 0.089632049202919, 0.08934624493122101, 0.08904686570167542, 0.08878714591264725, 0.0886729285120964, 0.08826351910829544, 0.08815199136734009, 0.08754879236221313, 0.08691752701997757, 0.0868287906050682, 0.0868108943104744, 0.08668260276317596, 0.08592326194047928, 0.08556168526411057, 0.08555687218904495, 0.0851285457611084, 0.08396060764789581, 0.08354348689317703, 0.08244559168815613, 0.0819864496588707, 0.08185147494077682, 0.08183232694864273, 0.08156604319810867, 0.08131947368383408, 0.08120978623628616, 0.0803082212805748, 0.08015509694814682, 0.080008864402771, 0.07999847084283829, 0.07992228120565414, 0.0792013481259346, 0.0789324939250946, 0.07885265350341797, 0.07872326672077179, 0.0783371850848198, 0.07817638665437698, 0.07768027484416962, 0.07674456387758255, 0.07602256536483765, 0.0760003924369812, 0.07599958777427673, 0.0753823071718216, 0.07460909336805344, 0.074116550385952, 0.07361439615488052, 0.07320809364318848, 0.07284829020500183, 0.0726531371474266, 0.0726456493139267, 0.07260452955961227, 0.07246173173189163, 0.07145943492650986, 0.0713503360748291, 0.07077666372060776, 0.0705559179186821, 0.07054921239614487, 0.07052596658468246, 0.06978677958250046, 0.06974270194768906, 0.06954191625118256, 0.06929391622543335, 0.06920698285102844, 0.06908681243658066, 0.06905190646648407, 0.06894811987876892, 0.06831538677215576, 0.06824842095375061, 0.0680222436785698, 0.06759262084960938, 0.06727330386638641, 0.06715825945138931, 0.06704192608594894, 0.06699264049530029, 0.06688893586397171, 0.06680095195770264, 0.0665767714381218, 0.06631013005971909, 0.06624084711074829, 0.06622079014778137, 0.06604459881782532, 0.06561849266290665, 0.06549294292926788, 0.06536736339330673, 0.06518732011318207, 0.06494496762752533, 0.06478191167116165, 0.06470651179552078, 0.06468243151903152, 0.06453287601470947, 0.06450145691633224, 0.06424760073423386, 0.06416527926921844, 0.06413734704256058, 0.06407937407493591, 0.0637330561876297, 0.06370271742343903, 0.06337808817625046, 0.06327589601278305, 0.06296993792057037, 0.06288044899702072, 0.06270936876535416, 0.06244397535920143, 0.06236420199275017, 0.062351565808057785, 0.06232490390539169, 0.06218232214450836, 0.06218229979276657, 0.06205310672521591, 0.06171172484755516, 0.06168927252292633, 0.06167801842093468, 0.0616316944360733, 0.06161424517631531, 0.06160035356879234, 0.06155114248394966, 0.060792118310928345, 0.06058570742607117, 0.060503039509058, 0.060241952538490295, 0.060219429433345795, 0.059843819588422775, 0.05978518724441528, 0.05975405499339104, 0.059718016535043716, 0.05970575660467148, 0.059473805129528046, 0.05931328609585762, 0.059259943664073944, 0.05922798439860344, 0.05919324979186058, 0.05911565572023392, 0.059050098061561584, 0.05899251252412796, 0.058479830622673035, 0.057805128395557404, 0.05767161771655083, 0.05761711671948433, 0.05758589133620262, 0.057437360286712646, 0.05725814774632454, 0.05717821046710014, 0.05694282427430153, 0.05680271238088608, 0.05658523365855217, 0.05649199336767197, 0.05641535669565201, 0.05616094172000885, 0.05612282082438469, 0.056077901273965836, 0.05603012070059776, 0.05588449537754059, 0.05562016740441322, 0.05558031424880028, 0.055549051612615585, 0.05545521154999733, 0.055283140391111374, 0.05523715168237686, 0.05522780492901802, 0.0551125630736351, 0.0548187792301178, 0.054692067205905914, 0.05455494299530983, 0.05429806560277939, 0.05421812832355499, 0.054211147129535675, 0.054140605032444, 0.05388617143034935, 0.05367659777402878, 0.05345006659626961, 0.05323970317840576, 0.053217656910419464, 0.053215332329273224, 0.05318500101566315, 0.05306496471166611, 0.05297466740012169, 0.05296991020441055, 0.05257813259959221, 0.05249401181936264, 0.05243918299674988, 0.05240375176072121, 0.05222788453102112, 0.05218639597296715, 0.05200327932834625, 0.051889773458242416, 0.0517062209546566, 0.051699139177799225]

Execution time: 0.4179 sec
