Label: tensor([ 5,  2, 56,  0,  2,  0, 56,  0, 56,  0,  9, 56,  0,  5,  0, 13,  0,  7,
         1, 40, 14, 56, 56,  0, 56,  0,  0,  7,  5, 56,  0,  5,  7,  2,  7, 56,
         0, 56, 56,  0,  0,  5, 41,  5,  0,  1,  0,  0,  0,  5, 56, 56, 12,  0,
         0,  0,  5, 56,  2,  0,  0,  0, 56,  2,  0,  0,  2,  1,  0,  0, 13, 14,
         1,  0, 40, 58, 11,  0, 13, 13, 13,  7,  2,  5,  1,  0,  5,  0, 19, 56,
         0,  0,  0,  0, 23, 28, 56,  0,  0, 13,  8, 13, 56,  0, 14,  0, 58, 38,
         0,  0,  0,  0, 39,  1, 39,  1, 16, 56,  0,  6,  0, 74,  0, 11,  0, 75,
        56, 13, 56,  0,  0,  0,  0,  0, 56, 17,  9,  2, 56,  1,  0,  5, 56,  5,
         0,  0,  0,  0,  5,  5,  5, 56, 72, 56,  0,  0,  0,  5,  0, 26, 56,  0,
        13,  1,  2,  0, 56,  0, 56, 57,  0,  0, 40,  0, 12, 15,  5, 56, 13, 56,
        56,  0, 58,  0,  5,  0, 57, 14, 36,  0, 56,  2,  0, 11,  5,  0,  0,  6,
        56, 13, 72,  5,  9, 56,  5,  2,  0,  5,  5,  5, 11,  0,  0,  5,  2, 56,
         5,  0,  0,  0,  0,  2,  7, 13, 11, 68, 24, 11,  0, 56,  0, 32, 56, 20,
        56, 25,  0,  0, 56,  0, 75,  2, 32, 19, 40, 56,  9, 17, 56, 56,  0,  5,
         9,  8,  5, 60,  8, 12,  0, 56, 60,  0, 56, 26,  1, 56,  6, 47,  0,  0,
        56, 18,  7,  0,  0, 56,  5, 25,  1, 13,  9,  5,  0, 58, 56, 14,  0, 11,
         5, 11, 56,  0,  7,  5,  9,  5, 49,  5, 37, 60]), Box: ([193.06202697753906, -0.029613733291625977, 499.987548828125, 332.46917724609375], [-0.25136953592300415, 210.43905639648438, 14.049880027770996, 253.85513305664062], [426.5931396484375, 83.50028991699219, 449.5332946777344, 111.25738525390625], [426.5931396484375, 83.50028991699219, 449.5332946777344, 111.25738525390625], [-0.17335918545722961, 210.01513671875, 15.109748840332031, 332.5076599121094], [411.3448791503906, 82.82439422607422, 449.10955810546875, 116.27975463867188], [426.7537536621094, 83.76155090332031, 448.4757080078125, 107.44755554199219], [370.3664855957031, 96.80736541748047, 387.2148742675781, 121.34176635742188], [425.8970642089844, 75.95697784423828, 450.13226318359375, 109.74095153808594], [426.7537536621094, 83.76155090332031, 448.4757080078125, 107.44755554199219], [0.0676475465297699, -0.37340012192726135, 12.482217788696289, 18.122228622436523], [411.3448791503906, 82.82439422607422, 449.10955810546875, 116.27975463867188], [203.7010040283203, 177.7473602294922, 210.75497436523438, 208.49058532714844], [-0.25136953592300415, 210.43905639648438, 14.049880027770996, 253.85513305664062], [203.36679077148438, 177.8831329345703, 210.46588134765625, 207.45989990234375], [-0.25136953592300415, 210.43905639648438, 14.049880027770996, 253.85513305664062], [200.7891082763672, 173.07327270507812, 211.07728576660156, 209.54762268066406], [193.65585327148438, 0.23821985721588135, 500.1645812988281, 333.1321105957031], [38.58671951293945, 235.03501892089844, 144.982177734375, 305.27545166015625], [370.3664855957031, 96.80736541748047, 387.2148742675781, 121.34176635742188], [437.2817687988281, 37.03190231323242, 453.6814880371094, 43.24140930175781], [-0.03466568887233734, 252.6848907470703, 16.621355056762695, 332.92755126953125], [427.67333984375, 84.5016098022461, 446.92730712890625, 104.0343017578125], [425.8970642089844, 75.95697784423828, 450.13226318359375, 109.74095153808594], [451.5314025878906, 76.54572296142578, 474.7685852050781, 109.78997802734375], [204.10202026367188, 178.04603576660156, 210.87484741210938, 209.03518676757812], [427.67333984375, 84.5016098022461, 446.92730712890625, 104.0343017578125], [193.06202697753906, -0.029613733291625977, 499.987548828125, 332.46917724609375], [-0.17335918545722961, 210.01513671875, 15.109748840332031, 332.5076599121094], [85.35762786865234, 235.54335021972656, 143.90887451171875, 303.9940185546875], [426.2484130859375, 75.68156433105469, 474.5259704589844, 111.24933624267578], [3.090202808380127, -0.93977952003479, 501.3009338378906, 331.6096496582031], [-0.25136953592300415, 210.43905639648438, 14.049880027770996, 253.85513305664062], [193.06202697753906, -0.029613733291625977, 499.987548828125, 332.46917724609375], [-0.17335918545722961, 210.01513671875, 15.109748840332031, 332.5076599121094], [370.3664855957031, 96.80736541748047, 387.2148742675781, 121.34176635742188], [50.11490249633789, 51.890995025634766, 57.55443572998047, 59.5113525390625], [416.8629150390625, 76.233154296875, 450.39129638671875, 113.49250793457031], [426.2484130859375, 75.68156433105469, 474.5259704589844, 111.24933624267578], [416.8629150390625, 76.233154296875, 450.39129638671875, 113.49250793457031], [451.5314025878906, 76.54572296142578, 474.7685852050781, 109.78997802734375], [193.65585327148438, 0.23821985721588135, 500.1645812988281, 333.1321105957031], [370.3664855957031, 96.80736541748047, 387.2148742675781, 121.34176635742188], [474.291259765625, -0.2172996997833252, 500.3744812011719, 332.3920593261719], [452.1805419921875, 59.62849426269531, 475.6298828125, 108.99371337890625], [-0.03466568887233734, 252.6848907470703, 16.621355056762695, 332.92755126953125], [381.20623779296875, 76.17320251464844, 449.33685302734375, 120.9632797241211], [425.0204162597656, 35.87128448486328, 456.64801025390625, 108.62913513183594], [386.1029968261719, 93.84848022460938, 428.4081726074219, 120.66226959228516], [194.08706665039062, 135.29270935058594, 237.272216796875, 210.56735229492188], [87.31842803955078, 235.62677001953125, 143.08682250976562, 303.71148681640625], [101.0352554321289, 235.934326171875, 128.39212036132812, 303.3708190917969], [-0.03466568887233734, 252.6848907470703, 16.621355056762695, 332.92755126953125], [452.3777160644531, 59.6815071105957, 475.79510498046875, 108.90326690673828], [424.2359619140625, 36.61202621459961, 454.59844970703125, 109.05682373046875], [-0.06448803842067719, 119.66287994384766, 8.8400297164917, 146.207275390625], [474.1914367675781, -0.09071686863899231, 500.2561950683594, 332.2230224609375], [386.1029968261719, 93.84848022460938, 428.4081726074219, 120.66226959228516], [-0.17194123566150665, 226.08810424804688, 13.640634536743164, 253.98802185058594], [488.2696533203125, 125.4096908569336, 499.97265625, 190.70802307128906], [369.16558837890625, 81.18902587890625, 388.79364013671875, 121.3605728149414], [382.9565734863281, 92.09635162353516, 405.7838439941406, 121.02128601074219], [38.58671951293945, 235.03501892089844, 144.982177734375, 305.27545166015625], [-0.10935869067907333, 226.4138641357422, 13.677799224853516, 252.31936645507812], [370.7247314453125, 79.8241958618164, 433.8161926269531, 121.56757354736328], [292.0948791503906, 141.4986114501953, 305.3835754394531, 175.72987365722656], [-0.03466568887233734, 252.6848907470703, 16.621355056762695, 332.92755126953125], [49.26911544799805, 235.87503051757812, 123.24896240234375, 304.7858581542969], [429.1260681152344, 84.74702453613281, 447.2966613769531, 103.74347686767578], [195.7191619873047, 163.7278289794922, 209.79266357421875, 204.9705810546875], [-0.03466568887233734, 252.6848907470703, 16.621355056762695, 332.92755126953125], [370.3664855957031, 96.80736541748047, 387.2148742675781, 121.34176635742188], [85.35762786865234, 235.54335021972656, 143.90887451171875, 303.9940185546875], [456.0279235839844, 59.52621078491211, 474.90411376953125, 81.52938079833984], [193.06202697753906, -0.029613733291625977, 499.987548828125, 332.46917724609375], [370.3664855957031, 96.80736541748047, 387.2148742675781, 121.34176635742188], [475.9979248046875, -0.010073035955429077, 500.4234924316406, 136.22119140625], [370.2119140625, 92.15635681152344, 403.7059020996094, 122.19109344482422], [25.621652603149414, 233.8636474609375, 187.0211181640625, 332.1043701171875], [38.58671951293945, 235.03501892089844, 144.982177734375, 305.27545166015625], [0.40128082036972046, 221.91973876953125, 188.46389770507812, 332.9130859375], [3.090202808380127, -0.93977952003479, 501.3009338378906, 331.6096496582031], [-0.8059190511703491, 195.7774200439453, 15.179983139038086, 271.0145568847656], [193.75167846679688, 0.22614213824272156, 500.16973876953125, 250.40106201171875], [87.31842803955078, 235.62677001953125, 143.08682250976562, 303.71148681640625], [368.9759826660156, 78.6694564819336, 435.1962890625, 121.50822448730469], [198.6629638671875, 0.5294497013092041, 496.2073974609375, 144.17481994628906], [385.08563232421875, 84.446044921875, 431.7069091796875, 120.32623291015625], [38.58671951293945, 235.03501892089844, 144.982177734375, 305.27545166015625], [418.8628234863281, 82.15418243408203, 447.7226867675781, 105.91267395019531], [384.3356628417969, 35.89919662475586, 456.77288818359375, 114.44013977050781], [407.2325744628906, 82.63045501708984, 450.15447998046875, 116.99939727783203], [383.45245361328125, 81.18928527832031, 432.1084289550781, 120.56398010253906], [-0.17335918545722961, 210.01513671875, 15.109748840332031, 332.5076599121094], [193.06202697753906, -0.029613733291625977, 499.987548828125, 332.46917724609375], [-0.03466568887233734, 252.6848907470703, 16.621355056762695, 332.92755126953125], [429.1260681152344, 84.74702453613281, 447.2966613769531, 103.74347686767578], [87.31842803955078, 235.62677001953125, 143.08682250976562, 303.71148681640625], [393.54248046875, 39.03279113769531, 452.92706298828125, 101.83650970458984], [-0.17194123566150665, 226.08810424804688, 13.640634536743164, 253.98802185058594], [193.65585327148438, 0.23821985721588135, 500.1645812988281, 333.1321105957031], [-0.10935869067907333, 226.4138641357422, 13.677799224853516, 252.31936645507812], [385.08563232421875, 84.446044921875, 431.7069091796875, 120.32623291015625], [369.4942626953125, 77.75212097167969, 389.503662109375, 100.1898193359375], [46.70981216430664, 319.9433288574219, 63.20823669433594, 333.0743103027344], [-0.03466568887233734, 252.6848907470703, 16.621355056762695, 332.92755126953125], [6.836851596832275, 110.16584014892578, 15.993026733398438, 126.29720306396484], [193.06202697753906, -0.029613733291625977, 499.987548828125, 332.46917724609375], [399.0185546875, 46.22813415527344, 451.43994140625, 96.85963439941406], [418.8628234863281, 82.15418243408203, 447.7226867675781, 105.91267395019531], [-0.07190322875976562, 119.88745880126953, 8.992405891418457, 152.0714569091797], [85.35762786865234, 235.54335021972656, 143.90887451171875, 303.9940185546875], [370.3664855957031, 96.80736541748047, 387.2148742675781, 121.34176635742188], [37.351661682128906, 233.9643096923828, 143.73175048828125, 305.33837890625], [193.06202697753906, -0.029613733291625977, 499.987548828125, 332.46917724609375], [57.04844665527344, 250.72833251953125, 129.05201721191406, 305.1804504394531], [38.58671951293945, 235.03501892089844, 144.982177734375, 305.27545166015625], [124.19600677490234, 236.69541931152344, 175.2589569091797, 303.9602355957031], [385.1290588378906, 2.5559709072113037, 477.57318115234375, 112.56307983398438], [193.06202697753906, -0.029613733291625977, 499.987548828125, 332.46917724609375], [68.01805877685547, 237.4481964111328, 102.18070983886719, 304.33331298828125], [370.3664855957031, 96.80736541748047, 387.2148742675781, 121.34176635742188], [280.0018615722656, 126.73190307617188, 292.3379211425781, 140.0831298828125], [0.0676475465297699, -0.37340012192726135, 12.482217788696289, 18.122228622436523], [363.2803649902344, 79.3244857788086, 377.33172607421875, 100.86363220214844], [370.3664855957031, 96.80736541748047, 387.2148742675781, 121.34176635742188], [75.99274444580078, 318.4810485839844, 114.1922836303711, 333.0384216308594], [-0.17335918545722961, 210.01513671875, 15.109748840332031, 332.5076599121094], [-0.17335918545722961, 210.01513671875, 15.109748840332031, 332.5076599121094], [46.70981216430664, 319.9433288574219, 63.20823669433594, 333.0743103027344], [360.5787048339844, 79.428466796875, 378.1193542480469, 101.75333404541016], [101.0352554321289, 235.934326171875, 128.39212036132812, 303.3708190917969], [397.0272216796875, 96.608154296875, 427.32159423828125, 119.04641723632812], [49.26911544799805, 235.87503051757812, 123.24896240234375, 304.7858581542969], [397.0272216796875, 96.608154296875, 427.32159423828125, 119.04641723632812], [38.58671951293945, 235.03501892089844, 144.982177734375, 305.27545166015625], [-0.03466568887233734, 252.6848907470703, 16.621355056762695, 332.92755126953125], [38.58671951293945, 235.03501892089844, 144.982177734375, 305.27545166015625], [49.26911544799805, 235.87503051757812, 123.24896240234375, 304.7858581542969], [101.0352554321289, 235.934326171875, 128.39212036132812, 303.3708190917969], [370.41876220703125, 74.48422241210938, 390.0304870605469, 100.53887176513672], [475.89532470703125, 0.20621439814567566, 500.3560791015625, 202.0846710205078], [407.2325744628906, 82.63045501708984, 450.15447998046875, 116.99939727783203], [198.1645050048828, 0.4609629511833191, 496.541748046875, 151.13150024414062], [371.4993591308594, 110.2547836303711, 385.086181640625, 120.52301025390625], [71.45555877685547, 257.1251220703125, 99.7809066772461, 304.5664978027344], [364.0689697265625, 80.28616333007812, 378.7242431640625, 101.22366333007812], [38.58671951293945, 235.03501892089844, 144.982177734375, 305.27545166015625], [193.4724578857422, 135.9407958984375, 252.48959350585938, 212.05145263671875], [335.1412048339844, -0.18872800469398499, 500.8883361816406, 332.6780700683594], [193.59378051757812, 135.36080932617188, 305.1539611816406, 209.435302734375], [-0.25136953592300415, 210.43905639648438, 14.049880027770996, 253.85513305664062], [193.06202697753906, -0.029613733291625977, 499.987548828125, 332.46917724609375], [488.2696533203125, 125.4096908569336, 499.97265625, 190.70802307128906], [475.9979248046875, -0.010073035955429077, 500.4234924316406, 136.22119140625], [72.4935302734375, 273.1340026855469, 98.69044494628906, 304.7657165527344], [375.5648193359375, 75.43402862548828, 468.50372314453125, 121.32640075683594], [4.443735122680664, -3.4224603176116943, 497.226806640625, 324.2899475097656], [347.0083923339844, 80.03055572509766, 388.6861572265625, 126.06250762939453], [46.70981216430664, 319.9433288574219, 63.20823669433594, 333.0743103027344], [408.97802734375, 95.21839141845703, 430.6515808105469, 116.15520477294922], [418.5146179199219, 0.8220242261886597, 500.071044921875, 134.10154724121094], [75.99274444580078, 318.4810485839844, 114.1922836303711, 333.0384216308594], [58.76878356933594, 273.0203552246094, 128.34046936035156, 304.7467041015625], [6.836851596832275, 110.16584014892578, 15.993026733398438, 126.29720306396484], [364.1575622558594, 62.438804626464844, 392.0585021972656, 101.86570739746094], [103.12752532958984, 235.87814331054688, 143.90768432617188, 272.3401184082031], [394.40972900390625, 46.3141975402832, 450.8861389160156, 95.19945526123047], [427.0594177246094, 75.53067016601562, 449.4950866699219, 85.86812591552734], [38.58671951293945, 235.03501892089844, 144.982177734375, 305.27545166015625], [437.2817687988281, 37.03190231323242, 453.6814880371094, 43.24140930175781], [290.07843017578125, 141.44041442871094, 306.5843811035156, 183.7082977294922], [369.16558837890625, 81.18902587890625, 388.79364013671875, 121.3605728149414], [408.97802734375, 95.21839141845703, 430.6515808105469, 116.15520477294922], [-0.17335918545722961, 210.01513671875, 15.109748840332031, 332.5076599121094], [46.70981216430664, 319.9433288574219, 63.20823669433594, 333.0743103027344], [195.34046936035156, 0.7704532742500305, 499.5677490234375, 263.8757629394531], [46.70981216430664, 319.9433288574219, 63.20823669433594, 333.0743103027344], [124.19600677490234, 236.69541931152344, 175.2589569091797, 303.9602355957031], [412.5215759277344, 93.66565704345703, 430.9189758300781, 115.3226089477539], [383.45245361328125, 81.18928527832031, 432.1084289550781, 120.56398010253906], [344.054931640625, 1.0098540782928467, 498.2618103027344, 128.02980041503906], [238.19688415527344, 121.1581802368164, 275.93829345703125, 144.06890869140625], [447.617431640625, 36.584503173828125, 474.5640563964844, 106.28924560546875], [476.09967041015625, 0.5200663805007935, 500.42205810546875, 182.95985412597656], [389.8076171875, -1.0087227821350098, 500.44305419921875, 331.87841796875], [193.06202697753906, -0.029613733291625977, 499.987548828125, 332.46917724609375], [464.1273498535156, 217.700439453125, 476.45611572265625, 227.1860809326172], [193.06202697753906, -0.029613733291625977, 499.987548828125, 332.46917724609375], [370.6837158203125, 91.241943359375, 409.14154052734375, 121.69627380371094], [382.9565734863281, 92.09635162353516, 405.7838439941406, 121.02128601074219], [193.65585327148438, 0.23821985721588135, 500.1645812988281, 333.1321105957031], [467.1789245605469, 59.21654510498047, 474.84710693359375, 78.6288833618164], [193.65585327148438, 0.23821985721588135, 500.1645812988281, 333.1321105957031], [464.4437255859375, -0.0879281759262085, 500.4382019042969, 332.66839599609375], [190.0303955078125, 152.39559936523438, 199.54571533203125, 192.58132934570312], [282.7232971191406, 132.21771240234375, 291.79620361328125, 140.41734313964844], [193.65585327148438, 0.23821985721588135, 500.1645812988281, 333.1321105957031], [381.20623779296875, 76.17320251464844, 449.33685302734375, 120.9632797241211], [29.90338897705078, 252.33981323242188, 176.49478149414062, 313.55126953125], [-0.17335918545722961, 210.01513671875, 15.109748840332031, 332.5076599121094], [195.17762756347656, 0.7149672508239746, 499.31646728515625, 194.4294891357422], [193.06202697753906, -0.029613733291625977, 499.987548828125, 332.46917724609375], [452.1805419921875, 59.62849426269531, 475.6298828125, 108.99371337890625], [-0.8059190511703491, 195.7774200439453, 15.179983139038086, 271.0145568847656], [-0.06448803842067719, 119.66287994384766, 8.8400297164917, 146.207275390625], [367.3299560546875, 79.93575286865234, 387.2561950683594, 121.40567779541016], [194.8144989013672, 1.7179239988327026, 498.04705810546875, 242.00942993164062], [201.72894287109375, 0.4768863022327423, 489.9310607910156, 133.0663604736328], [475.9979248046875, -0.010073035955429077, 500.4234924316406, 136.22119140625], [-0.03466568887233734, 252.6848907470703, 16.621355056762695, 332.92755126953125], [425.7842102050781, 0.41452279686927795, 500.37371826171875, 331.60296630859375], [412.5215759277344, 93.66565704345703, 430.9189758300781, 115.3226089477539], [189.8457489013672, 151.4359588623047, 200.68202209472656, 194.84576416015625], [-0.46955934166908264, 210.95501708984375, 13.742698669433594, 233.84397888183594], [369.16558837890625, 81.18902587890625, 388.79364013671875, 121.3605728149414], [344.7458190917969, 0.41531673073768616, 500.0799865722656, 171.6415557861328], [281.2247619628906, 158.8101043701172, 289.0779113769531, 171.65911865234375], [82.9513168334961, 236.74131774902344, 117.69706726074219, 303.80584716796875], [347.28076171875, 95.3350601196289, 393.4099426269531, 142.26629638671875], [464.4437255859375, -0.0879281759262085, 500.4382019042969, 332.66839599609375], [58.76878356933594, 273.0203552246094, 128.34046936035156, 304.7467041015625], [-0.8059190511703491, 195.7774200439453, 15.179983139038086, 271.0145568847656], [12.24986457824707, 239.9761962890625, 172.1641082763672, 306.64703369140625], [193.06202697753906, -0.029613733291625977, 499.987548828125, 332.46917724609375], [193.06202697753906, -0.029613733291625977, 499.987548828125, 332.46917724609375], [46.70981216430664, 319.9433288574219, 63.20823669433594, 333.0743103027344], [476.09967041015625, 0.5200663805007935, 500.42205810546875, 182.95985412597656], [362.2140808105469, 1.4340579509735107, 477.2734069824219, 110.35426330566406], [370.7247314453125, 79.8241958618164, 433.8161926269531, 121.56757354736328], [413.9547424316406, -2.3260674476623535, 500.243896484375, 325.61517333984375], [193.06202697753906, -0.029613733291625977, 499.987548828125, 332.46917724609375], [490.62347412109375, 151.5681915283203, 500.25384521484375, 190.48818969726562], [193.06202697753906, -0.029613733291625977, 499.987548828125, 332.46917724609375], [128.45620727539062, 236.6427459716797, 143.55081176757812, 271.3684997558594], [193.06202697753906, -0.029613733291625977, 499.987548828125, 332.46917724609375], [130.31195068359375, 244.91700744628906, 141.75100708007812, 255.9058837890625], [393.00628662109375, 0.9125971794128418, 500.8271484375, 219.29922485351562], [0.40128082036972046, 221.91973876953125, 188.46389770507812, 332.9130859375], [391.4638977050781, 98.03347778320312, 416.8186340332031, 120.1042251586914], [193.06202697753906, -0.029613733291625977, 499.987548828125, 332.46917724609375], [464.1273498535156, 217.700439453125, 476.45611572265625, 227.1860809326172], [464.1273498535156, 217.700439453125, 476.45611572265625, 227.1860809326172], [193.06202697753906, -0.029613733291625977, 499.987548828125, 332.46917724609375], [101.0352554321289, 235.934326171875, 128.39212036132812, 303.3708190917969], [25.621652603149414, 233.8636474609375, 187.0211181640625, 332.1043701171875], [203.7010040283203, 177.7473602294922, 210.75497436523438, 208.49058532714844], [193.06202697753906, -0.029613733291625977, 499.987548828125, 332.46917724609375], [452.3777160644531, 59.6815071105957, 475.79510498046875, 108.90326690673828], [88.86909484863281, 240.20443725585938, 123.38410186767578, 305.7004089355469], [-0.25136953592300415, 210.43905639648438, 14.049880027770996, 253.85513305664062], [1.989513635635376, 15.335577011108398, 199.92965698242188, 328.7469787597656], [474.291259765625, -0.2172996997833252, 500.3744812011719, 332.3920593261719], [-0.25136953592300415, 210.43905639648438, 14.049880027770996, 253.85513305664062], [308.5043640136719, 0.010033339262008667, 500.15972900390625, 332.4813537597656], [193.65585327148438, 0.23821985721588135, 500.1645812988281, 333.1321105957031], [193.06202697753906, -0.029613733291625977, 499.987548828125, 332.46917724609375], [0.0676475465297699, -0.37340012192726135, 12.482217788696289, 18.122228622436523], [189.8457489013672, 151.4359588623047, 200.68202209472656, 194.84576416015625], [102.46094512939453, 274.2134704589844, 126.94599914550781, 303.9073181152344], [-0.17335918545722961, 210.01513671875, 15.109748840332031, 332.5076599121094], [465.6094055175781, -25.839113235473633, 498.6398620605469, 301.84197998046875], [37.351661682128906, 233.9643096923828, 143.73175048828125, 305.33837890625], [-0.03466568887233734, 252.6848907470703, 16.621355056762695, 332.92755126953125], [75.99274444580078, 318.4810485839844, 114.1922836303711, 333.0384216308594], [375.5648193359375, 75.43402862548828, 468.50372314453125, 121.32640075683594], [-0.25136953592300415, 210.43905639648438, 14.049880027770996, 253.85513305664062], [464.1273498535156, 217.700439453125, 476.45611572265625, 227.1860809326172], [128.45620727539062, 236.6427459716797, 143.55081176757812, 271.3684997558594], [387.1033935546875, 69.73882293701172, 420.12890625, 98.08063507080078], [417.7091064453125, 95.83914947509766, 427.9002685546875, 105.19844055175781], [38.58671951293945, 235.03501892089844, 144.982177734375, 305.27545166015625], [-0.03466568887233734, 252.6848907470703, 16.621355056762695, 332.92755126953125], [487.6409912109375, 125.37964630126953, 500.0414123535156, 218.866943359375], [414.1942443847656, 0.61870276927948, 499.6895446777344, 189.9920654296875], [107.61973571777344, 240.9772491455078, 126.36199951171875, 302.6826477050781], [197.604736328125, 135.6129608154297, 500.3863525390625, 330.0918273925781], [475.9979248046875, -0.010073035955429077, 500.4234924316406, 136.22119140625], [-0.17335918545722961, 210.01513671875, 15.109748840332031, 332.5076599121094], [58.76878356933594, 273.0203552246094, 128.34046936035156, 304.7467041015625], [204.10202026367188, 178.04603576660156, 210.87484741210938, 209.03518676757812], [190.42333984375, 143.99026489257812, 209.19725036621094, 208.10455322265625], [3.090202808380127, -0.93977952003479, 501.3009338378906, 331.6096496582031], [193.06202697753906, -0.029613733291625977, 499.987548828125, 332.46917724609375], [57.04844665527344, 250.72833251953125, 129.05201721191406, 305.1804504394531], [-0.06448803842067719, 119.66287994384766, 8.8400297164917, 146.207275390625], [335.1412048339844, -0.18872800469398499, 500.8883361816406, 332.6780700683594], [475.89532470703125, 0.20621439814567566, 500.3560791015625, 202.0846710205078], [199.35122680664062, 134.89642333984375, 236.99769592285156, 152.30604553222656], [488.2696533203125, 125.4096908569336, 499.97265625, 190.70802307128906], [88.134521484375, 271.2357482910156, 127.10758972167969, 303.5762634277344], [389.6132507324219, 0.8616961240768433, 496.2215270996094, 296.6738586425781], [38.58671951293945, 235.03501892089844, 144.982177734375, 305.27545166015625], [478.8061828613281, -1.353141188621521, 498.4356689453125, 193.29598999023438], [203.36679077148438, 177.8831329345703, 210.46588134765625, 207.45989990234375], [211.21884155273438, 124.4040298461914, 499.89306640625, 283.63427734375], [193.06202697753906, -0.029613733291625977, 499.987548828125, 332.46917724609375], [190.0303955078125, 152.39559936523438, 199.54571533203125, 192.58132934570312], [193.65585327148438, 0.23821985721588135, 500.1645812988281, 333.1321105957031], [3.090202808380127, -0.93977952003479, 501.3009338378906, 331.6096496582031]), Score: [0.9810842871665955, 0.07253559678792953, 0.05888121575117111, 0.05850498750805855, 0.051510222256183624, 0.043787550181150436, 0.04200875014066696, 0.04137830808758736, 0.039441291242837906, 0.03680919110774994, 0.03673237934708595, 0.03404058888554573, 0.03403795510530472, 0.033594761043787, 0.03241972625255585, 0.03164352476596832, 0.031449999660253525, 0.030985914170742035, 0.030578488484025, 0.030448416247963905, 0.030169574543833733, 0.029961049556732178, 0.029163721948862076, 0.028789572417736053, 0.028669124469161034, 0.028429895639419556, 0.02835117094218731, 0.02823750674724579, 0.028110871091485023, 0.028092360123991966, 0.02765711024403572, 0.0276503786444664, 0.027224713936448097, 0.026633426547050476, 0.026433154940605164, 0.026237983256578445, 0.025514930486679077, 0.025145648047327995, 0.024885280057787895, 0.024011041969060898, 0.023624693974852562, 0.023590561002492905, 0.02337820455431938, 0.023368120193481445, 0.02324523776769638, 0.022832194343209267, 0.022631773725152016, 0.02256195619702339, 0.022516818717122078, 0.022274058312177658, 0.02226589061319828, 0.021985718980431557, 0.02148181013762951, 0.021465416997671127, 0.021236447617411613, 0.021229585632681847, 0.0210646353662014, 0.02106325514614582, 0.021035805344581604, 0.020930415019392967, 0.020876353606581688, 0.02084665186703205, 0.02082773856818676, 0.02075250633060932, 0.02060437947511673, 0.020525768399238586, 0.020517852157354355, 0.02044244296848774, 0.020396245643496513, 0.02020488865673542, 0.020118435844779015, 0.02008853293955326, 0.020006610080599785, 0.019999558106064796, 0.019978756085038185, 0.019804449751973152, 0.019722405821084976, 0.019538836553692818, 0.019442183896899223, 0.019432654604315758, 0.019238419830799103, 0.019115464761853218, 0.019076067954301834, 0.018951479345560074, 0.018906818702816963, 0.018889784812927246, 0.018616244196891785, 0.018609484657645226, 0.018489161506295204, 0.018342090770602226, 0.01824706234037876, 0.01821727305650711, 0.018207114189863205, 0.018095077946782112, 0.018081633374094963, 0.01804547943174839, 0.01802075281739235, 0.017993025481700897, 0.017875824123620987, 0.01787296123802662, 0.017846181988716125, 0.017836052924394608, 0.01782643422484398, 0.017820265144109726, 0.017718514427542686, 0.017646389082074165, 0.017406849190592766, 0.017363447695970535, 0.01727994531393051, 0.017081234604120255, 0.016473064199090004, 0.01643700897693634, 0.01639566384255886, 0.0163811594247818, 0.01623855158686638, 0.01615624502301216, 0.016066471114754677, 0.016012068837881088, 0.01598837599158287, 0.01594332978129387, 0.01583908684551716, 0.015837332233786583, 0.0157955139875412, 0.015712814405560493, 0.01563260890543461, 0.015582645311951637, 0.015542962588369846, 0.015510870143771172, 0.015461309812963009, 0.015377603471279144, 0.01522523257881403, 0.01509504858404398, 0.014968978241086006, 0.014932055026292801, 0.014915019273757935, 0.01482349168509245, 0.014753185212612152, 0.01468716748058796, 0.014681309461593628, 0.014663130976259708, 0.014657387509942055, 0.014605728909373283, 0.014523924328386784, 0.014514141716063023, 0.014454399235546589, 0.014401674270629883, 0.014393310062587261, 0.014370234683156013, 0.014356558211147785, 0.01429535262286663, 0.014292551204562187, 0.014139990322291851, 0.014090536162257195, 0.014045799151062965, 0.013976743444800377, 0.013959233649075031, 0.013953342102468014, 0.013841318897902966, 0.013827851973474026, 0.01377363596111536, 0.013717745430767536, 0.013691963627934456, 0.013679674826562405, 0.013609698973596096, 0.01360562164336443, 0.013580291531980038, 0.01357507985085249, 0.013498466461896896, 0.01343552116304636, 0.013408389873802662, 0.013396630063652992, 0.013383627869188786, 0.01335328258574009, 0.013299775309860706, 0.013291467912495136, 0.013291223905980587, 0.013245823793113232, 0.01324475184082985, 0.013231310993432999, 0.01322912611067295, 0.013214698992669582, 0.013101324439048767, 0.01305239275097847, 0.013012121431529522, 0.012986543588340282, 0.012947690673172474, 0.012941921129822731, 0.012907525524497032, 0.012866939418017864, 0.012858184985816479, 0.01285484991967678, 0.012853785417973995, 0.012789459899067879, 0.012739411555230618, 0.012723397463560104, 0.012711524963378906, 0.012650718912482262, 0.01265046838670969, 0.012534198351204395, 0.012502450495958328, 0.012480593286454678, 0.012445561587810516, 0.012444074265658855, 0.012371130287647247, 0.012322165071964264, 0.012260611169040203, 0.012113690376281738, 0.01211269199848175, 0.012049084529280663, 0.0120075149461627, 0.011997681111097336, 0.01196689810603857, 0.011962411925196648, 0.011905594728887081, 0.01187379751354456, 0.011869926005601883, 0.011808579787611961, 0.011802705004811287, 0.01179998554289341, 0.01179726142436266, 0.011752589605748653, 0.011677194386720657, 0.011644018813967705, 0.011600926518440247, 0.011484966613352299, 0.011455354280769825, 0.011437371373176575, 0.011424746364355087, 0.011373649351298809, 0.011370866559445858, 0.011353634297847748, 0.011330701410770416, 0.011225184425711632, 0.011212785728275776, 0.011189727112650871, 0.011184410192072392, 0.011175253428518772, 0.01115958858281374, 0.011140766553580761, 0.011117702350020409, 0.011017748154699802, 0.011003940366208553, 0.01098186057060957, 0.010977967642247677, 0.010899572633206844, 0.010866454802453518, 0.010856254026293755, 0.010854477994143963, 0.010846232995390892, 0.010780681855976582, 0.010771908797323704, 0.010771303437650204, 0.010722722858190536, 0.010679193772375584, 0.010653948411345482, 0.010629614815115929, 0.010623528622090816, 0.010612327605485916, 0.01059974916279316, 0.010581974871456623, 0.010547666810452938, 0.010487963445484638, 0.010486810468137264, 0.010466097854077816, 0.01046285405755043, 0.010461476631462574, 0.010444993153214455, 0.010436715558171272, 0.010434170253574848, 0.01043365802615881, 0.010416671633720398, 0.010416136123239994, 0.010407513938844204, 0.01036026794463396, 0.01034014392644167, 0.010316387750208378, 0.01030699722468853, 0.010306909680366516, 0.010298662818968296, 0.010196044109761715, 0.010188991203904152, 0.010177061893045902, 0.010159631259739399, 0.010146462358534336, 0.01013866811990738, 0.010109304450452328, 0.010105186142027378, 0.010088139213621616, 0.010082758963108063, 0.010050888173282146, 0.010032203048467636, 0.01002512127161026, 0.010015750303864479, 0.01000162772834301, 0.0099722845479846, 0.009970909915864468, 0.00996627938002348, 0.009942016564309597, 0.009938305243849754, 0.009934715926647186]

Execution time: 0.4106 sec
