Label: tensor([ 0, 24, 28, 28, 26, 28, 26, 28, 28, 24, 26, 28, 26, 24, 26, 26, 28, 24,
        28, 28, 24, 11, 28, 26, 26, 24, 28, 26, 26, 24, 26, 26,  3, 13, 24, 26,
        28, 28, 28, 24, 28, 13, 28, 26, 24, 24, 28, 26,  1, 26, 39,  1, 24, 24,
        24,  1, 24, 26, 24, 28, 28, 26, 16, 28, 28, 39, 13, 28,  0, 31, 28, 28,
        28, 24,  1, 28, 28, 13, 26, 28, 67, 26, 39,  1,  1, 28, 28,  1, 26, 26,
        24, 26,  1, 26, 28, 31,  1, 36, 28, 28, 16, 36, 28,  1,  1,  2, 56, 28,
        26,  3, 24, 24, 26, 26, 13, 28, 39, 16, 24, 26, 24, 26, 16, 28, 26, 12,
        28, 26, 13, 26, 25, 28, 28, 28,  0, 26,  2, 16, 24, 56, 26, 17, 28, 24,
        26, 13, 26, 36, 24, 26, 24, 26, 26, 28,  1, 12, 67, 26, 56, 28, 39, 16,
        13, 16, 24, 26, 24, 24,  1, 28, 26, 16, 28,  2,  0, 26, 28, 30, 67, 36,
        26, 13, 13, 39, 67, 12,  0, 24, 31, 28, 11, 28, 56,  1,  1, 24, 26, 28,
        37, 24, 24, 56,  1, 28, 13, 30, 26, 24, 26, 24, 26, 13, 11, 24, 28,  0,
        28, 15, 24, 28, 13, 57, 31, 16, 11, 39,  1, 36, 28, 24, 28, 35,  1, 25,
         0, 36, 24, 37, 26, 11, 30, 36,  1, 35, 11, 28, 17, 36, 11, 39, 13, 39,
         3,  0, 67,  1, 24, 28,  1, 57,  0, 24, 24, 43, 26, 15, 37,  2, 16, 26,
        24, 39, 28, 19, 52, 31, 13,  1, 26, 28,  0, 28, 31,  1, 27, 13,  2, 13,
         1, 56, 36, 17, 39, 30, 26,  2, 31, 60, 67,  0]), Box: ([31.68931007385254, 52.158714294433594, 202.1928253173828, 498.6236572265625], [139.57579040527344, 240.3711395263672, 299.4402770996094, 428.4719543457031], [139.57579040527344, 240.3711395263672, 299.4402770996094, 428.4719543457031], [139.4879150390625, 240.360595703125, 299.1232604980469, 427.73626708984375], [139.4879150390625, 240.360595703125, 299.1232604980469, 427.73626708984375], [166.67901611328125, 240.4139404296875, 299.28759765625, 369.9166564941406], [167.3450927734375, 240.45184326171875, 299.3561706542969, 370.5569763183594], [139.7938690185547, 338.1327819824219, 267.3144836425781, 428.1790466308594], [167.3450927734375, 240.45184326171875, 299.3561706542969, 370.5569763183594], [140.25123596191406, 239.038818359375, 299.1222229003906, 500.0606689453125], [166.67901611328125, 240.4139404296875, 299.28759765625, 369.9166564941406], [187.2257080078125, 240.99468994140625, 299.0597229003906, 344.7995300292969], [187.2257080078125, 240.99468994140625, 299.0597229003906, 344.7995300292969], [165.3323974609375, 260.64410400390625, 211.35426330566406, 370.9975891113281], [167.991455078125, 274.025634765625, 211.14927673339844, 371.0459899902344], [165.3323974609375, 260.64410400390625, 211.35426330566406, 370.9975891113281], [139.46273803710938, 250.25186157226562, 268.6910400390625, 427.3896484375], [166.67901611328125, 240.4139404296875, 299.28759765625, 369.9166564941406], [165.3323974609375, 260.64410400390625, 211.35426330566406, 370.9975891113281], [170.59910583496094, 240.57159423828125, 298.9620056152344, 341.69384765625], [187.2257080078125, 240.99468994140625, 299.0597229003906, 344.7995300292969], [239.34237670898438, 40.38893508911133, 266.11785888671875, 84.95033264160156], [140.25123596191406, 239.038818359375, 299.1222229003906, 500.0606689453125], [139.7938690185547, 338.1327819824219, 267.3144836425781, 428.1790466308594], [170.59910583496094, 240.57159423828125, 298.9620056152344, 341.69384765625], [167.991455078125, 274.025634765625, 211.14927673339844, 371.0459899902344], [167.991455078125, 274.025634765625, 211.14927673339844, 371.0459899902344], [174.15176391601562, 240.70755004882812, 298.99432373046875, 424.5246276855469], [140.25123596191406, 239.038818359375, 299.1222229003906, 500.0606689453125], [167.3450927734375, 240.45184326171875, 299.3561706542969, 370.5569763183594], [139.46273803710938, 250.25186157226562, 268.6910400390625, 427.3896484375], [230.6922607421875, 240.8126678466797, 299.06646728515625, 318.4066467285156], [139.57579040527344, 240.3711395263672, 299.4402770996094, 428.4719543457031], [140.25123596191406, 239.038818359375, 299.1222229003906, 500.0606689453125], [139.7938690185547, 338.1327819824219, 267.3144836425781, 428.1790466308594], [169.17845153808594, 281.3599853515625, 211.01202392578125, 371.0703125], [174.15176391601562, 240.70755004882812, 298.99432373046875, 424.5246276855469], [185.95623779296875, 240.8348846435547, 297.37921142578125, 499.97998046875], [192.16000366210938, 328.0867004394531, 270.81109619140625, 499.80267333984375], [139.55654907226562, 350.62030029296875, 190.8756866455078, 427.2793273925781], [186.2946319580078, 337.05584716796875, 267.3440856933594, 425.015869140625], [137.59071350097656, 314.4093017578125, 272.5044860839844, 499.806884765625], [137.59071350097656, 314.4093017578125, 272.5044860839844, 499.806884765625], [169.5091094970703, 287.8499755859375, 211.0817413330078, 371.10076904296875], [139.2652587890625, 260.828369140625, 211.0104522705078, 427.44140625], [169.17845153808594, 281.3599853515625, 211.01202392578125, 371.0703125], [169.17845153808594, 281.3599853515625, 211.01202392578125, 371.0703125], [139.55654907226562, 350.62030029296875, 190.8756866455078, 427.2793273925781], [194.96298217773438, 390.4321594238281, 214.67327880859375, 496.5032043457031], [139.2652587890625, 260.828369140625, 211.0104522705078, 427.44140625], [167.991455078125, 274.025634765625, 211.14927673339844, 371.0459899902344], [192.16000366210938, 328.0867004394531, 270.81109619140625, 499.80267333984375], [170.59910583496094, 240.57159423828125, 298.9620056152344, 341.69384765625], [174.15176391601562, 240.70755004882812, 298.99432373046875, 424.5246276855469], [185.95623779296875, 240.8348846435547, 297.37921142578125, 499.97998046875], [140.25123596191406, 239.038818359375, 299.1222229003906, 500.0606689453125], [169.5091094970703, 287.8499755859375, 211.0817413330078, 371.10076904296875], [186.2946319580078, 337.05584716796875, 267.3440856933594, 425.015869140625], [230.6922607421875, 240.8126678466797, 299.06646728515625, 318.4066467285156], [169.5091094970703, 287.8499755859375, 211.0817413330078, 371.10076904296875], [137.3492889404297, 50.729915618896484, 296.6501159667969, 498.6077575683594], [165.9099884033203, 224.46824645996094, 223.2722930908203, 369.6659240722656], [192.5833740234375, 402.1072998046875, 245.15493774414062, 498.4980773925781], [139.2652587890625, 260.828369140625, 211.0104522705078, 427.44140625], [165.9099884033203, 224.46824645996094, 223.2722930908203, 369.6659240722656], [169.17845153808594, 281.3599853515625, 211.01202392578125, 371.0703125], [137.3492889404297, 50.729915618896484, 296.6501159667969, 498.6077575683594], [138.69920349121094, 240.95330810546875, 298.65948486328125, 429.0077819824219], [243.39491271972656, 179.15452575683594, 261.55645751953125, 247.40304565429688], [139.57579040527344, 240.3711395263672, 299.4402770996094, 428.4719543457031], [138.9175567626953, 258.79132080078125, 209.73622131347656, 425.7850036621094], [139.55654907226562, 350.62030029296875, 190.8756866455078, 427.2793273925781], [159.0390167236328, 260.2059631347656, 192.27151489257812, 351.3202819824219], [186.2946319580078, 337.05584716796875, 267.3440856933594, 425.015869140625], [191.5378875732422, 339.248046875, 246.45008850097656, 495.7616882324219], [159.23211669921875, 260.7660827636719, 192.48394775390625, 353.353515625], [140.98822021484375, 184.64974975585938, 294.1207275390625, 498.5434265136719], [192.16000366210938, 328.0867004394531, 270.81109619140625, 499.80267333984375], [194.97091674804688, 241.42169189453125, 298.88690185546875, 320.4573974609375], [230.6922607421875, 240.8126678466797, 299.06646728515625, 318.4066467285156], [167.98947143554688, 260.27850341796875, 191.80615234375, 287.6505432128906], [185.95623779296875, 240.8348846435547, 297.37921142578125, 499.97998046875], [169.5091094970703, 287.8499755859375, 211.0817413330078, 371.10076904296875], [195.73695373535156, 398.612060546875, 214.2277374267578, 481.99310302734375], [192.5833740234375, 402.1072998046875, 245.15493774414062, 498.4980773925781], [194.97091674804688, 241.42169189453125, 298.88690185546875, 320.4573974609375], [138.9224853515625, 61.2794303894043, 299.06707763671875, 496.5098571777344], [185.95623779296875, 240.8348846435547, 297.37921142578125, 499.97998046875], [159.0390167236328, 260.2059631347656, 192.27151489257812, 351.3202819824219], [189.06790161132812, 249.4766082763672, 258.57110595703125, 346.8407897949219], [139.46273803710938, 250.25186157226562, 268.6910400390625, 427.3896484375], [138.69920349121094, 240.95330810546875, 298.65948486328125, 429.0077819824219], [137.3492889404297, 50.729915618896484, 296.6501159667969, 498.6077575683594], [138.9175567626953, 258.79132080078125, 209.73622131347656, 425.7850036621094], [193.49862670898438, 387.94354248046875, 270.9630126953125, 499.58392333984375], [139.4879150390625, 240.360595703125, 299.1232604980469, 427.73626708984375], [192.3851318359375, 334.6288757324219, 218.68641662597656, 493.0508117675781], [139.4879150390625, 240.360595703125, 299.1232604980469, 427.73626708984375], [144.47085571289062, 258.267578125, 211.1226348876953, 369.21124267578125], [242.09361267089844, 327.6018371582031, 271.2933349609375, 499.96221923828125], [191.5378875732422, 339.248046875, 246.45008850097656, 495.7616882324219], [242.09361267089844, 327.6018371582031, 271.2933349609375, 499.96221923828125], [166.20465087890625, 260.64306640625, 193.50001525878906, 353.03973388671875], [137.59071350097656, 314.4093017578125, 272.5044860839844, 499.806884765625], [333.1036682128906, 0.4405304789543152, 374.7429504394531, 51.9536247253418], [298.30816650390625, 128.34027099609375, 338.01593017578125, 175.12986755371094], [140.25123596191406, 239.038818359375, 299.1222229003906, 500.0606689453125], [166.11962890625, 249.05076599121094, 245.91400146484375, 370.74151611328125], [139.57579040527344, 240.3711395263672, 299.4402770996094, 428.4719543457031], [140.25123596191406, 239.038818359375, 299.1222229003906, 500.0606689453125], [159.0390167236328, 260.2059631347656, 192.27151489257812, 351.3202819824219], [159.23211669921875, 260.7660827636719, 192.48394775390625, 353.353515625], [159.23211669921875, 260.7660827636719, 192.48394775390625, 353.353515625], [140.9071807861328, 346.0280456542969, 264.28814697265625, 428.4919128417969], [140.98822021484375, 184.64974975585938, 294.1207275390625, 498.5434265136719], [191.5378875732422, 339.248046875, 246.45008850097656, 495.7616882324219], [165.3323974609375, 260.64410400390625, 211.35426330566406, 370.9975891113281], [140.25123596191406, 239.038818359375, 299.1222229003906, 500.0606689453125], [165.9099884033203, 224.46824645996094, 223.2722930908203, 369.6659240722656], [144.47085571289062, 258.267578125, 211.1226348876953, 369.21124267578125], [139.55665588378906, 348.5396728515625, 216.19898986816406, 427.5212707519531], [139.55665588378906, 348.5396728515625, 216.19898986816406, 427.5212707519531], [192.16000366210938, 328.0867004394531, 270.81109619140625, 499.80267333984375], [139.55665588378906, 348.5396728515625, 216.19898986816406, 427.5212707519531], [140.29696655273438, 348.75128173828125, 233.986328125, 427.20965576171875], [239.34237670898438, 40.38893508911133, 266.11785888671875, 84.95033264160156], [140.29696655273438, 348.75128173828125, 233.986328125, 427.20965576171875], [168.65216064453125, 241.542236328125, 299.06317138671875, 368.19683837890625], [32.9575309753418, 331.93115234375, 271.80438232421875, 499.3798522949219], [166.11962890625, 249.05076599121094, 245.91400146484375, 370.74151611328125], [192.3851318359375, 334.6288757324219, 218.68641662597656, 493.0508117675781], [235.1240997314453, 240.73593139648438, 297.8752136230469, 499.7039489746094], [140.9071807861328, 346.0280456542969, 264.28814697265625, 428.4919128417969], [189.06790161132812, 249.4766082763672, 258.57110595703125, 346.8407897949219], [58.65158462524414, 15.095473289489746, 65.5800552368164, 32.797096252441406], [136.1631622314453, 254.60487365722656, 211.8123016357422, 426.8918151855469], [139.4879150390625, 240.360595703125, 299.1232604980469, 427.73626708984375], [194.96298217773438, 390.4321594238281, 214.67327880859375, 496.5032043457031], [139.4879150390625, 240.360595703125, 299.1232604980469, 427.73626708984375], [139.4879150390625, 240.360595703125, 299.1232604980469, 427.73626708984375], [139.10487365722656, 240.61013793945312, 299.2098388671875, 428.4873046875], [140.25123596191406, 239.038818359375, 299.1222229003906, 500.0606689453125], [139.8196258544922, 338.3769226074219, 266.678466796875, 429.1783142089844], [189.06790161132812, 249.4766082763672, 258.57110595703125, 346.8407897949219], [149.9736328125, 354.2997131347656, 188.00401306152344, 420.4241638183594], [185.95623779296875, 240.8348846435547, 297.37921142578125, 499.97998046875], [258.318359375, 241.80677795410156, 298.9040832519531, 317.69964599609375], [139.7938690185547, 338.1327819824219, 267.3144836425781, 428.1790466308594], [138.9175567626953, 258.79132080078125, 209.73622131347656, 425.7850036621094], [191.5378875732422, 339.248046875, 246.45008850097656, 495.7616882324219], [166.11962890625, 249.05076599121094, 245.91400146484375, 370.74151611328125], [189.9677276611328, 250.75877380371094, 254.60220336914062, 346.5966491699219], [140.98822021484375, 184.64974975585938, 294.1207275390625, 498.5434265136719], [192.2074737548828, 385.72125244140625, 271.11248779296875, 499.3663330078125], [140.98822021484375, 184.64974975585938, 294.1207275390625, 498.5434265136719], [194.1923828125, 86.49420928955078, 218.8069610595703, 202.4464874267578], [199.7794189453125, 223.3487091064453, 220.60238647460938, 257.9814147949219], [139.8734130859375, 259.3096618652344, 232.13363647460938, 427.7458190917969], [192.16000366210938, 328.0867004394531, 270.81109619140625, 499.80267333984375], [149.9736328125, 354.2997131347656, 188.00401306152344, 420.4241638183594], [200.90635681152344, 88.21698760986328, 215.4561767578125, 127.7073745727539], [166.67901611328125, 240.4139404296875, 299.28759765625, 369.9166564941406], [193.49862670898438, 387.94354248046875, 270.9630126953125, 499.58392333984375], [195.73695373535156, 398.612060546875, 214.2277374267578, 481.99310302734375], [192.16000366210938, 328.0867004394531, 270.81109619140625, 499.80267333984375], [137.59071350097656, 314.4093017578125, 272.5044860839844, 499.806884765625], [191.5378875732422, 339.248046875, 246.45008850097656, 495.7616882324219], [243.39491271972656, 179.15452575683594, 261.55645751953125, 247.40304565429688], [196.0802764892578, 417.80908203125, 212.90774536132812, 477.7869567871094], [32.9575309753418, 331.93115234375, 271.80438232421875, 499.3798522949219], [134.8553466796875, 260.26849365234375, 192.89881896972656, 363.90045166015625], [167.3450927734375, 240.45184326171875, 299.3561706542969, 370.5569763183594], [134.8553466796875, 260.26849365234375, 192.89881896972656, 363.90045166015625], [139.57579040527344, 240.3711395263672, 299.4402770996094, 428.4719543457031], [322.1416320800781, 136.2329559326172, 337.9734802246094, 171.17466735839844], [192.16000366210938, 328.0867004394531, 270.81109619140625, 499.80267333984375], [168.65216064453125, 241.542236328125, 299.06317138671875, 368.19683837890625], [140.25123596191406, 239.038818359375, 299.1222229003906, 500.0606689453125], [185.17820739746094, 66.02098083496094, 197.09173583984375, 83.52864074707031], [192.16000366210938, 328.0867004394531, 270.81109619140625, 499.80267333984375], [139.8196258544922, 338.3769226074219, 266.678466796875, 429.1783142089844], [242.09361267089844, 327.6018371582031, 271.2933349609375, 499.96221923828125], [29.341461181640625, 239.42868041992188, 52.63151168823242, 254.89369201660156], [199.7794189453125, 223.3487091064453, 220.60238647460938, 257.9814147949219], [51.045082092285156, 95.73961639404297, 67.76486206054688, 111.88134765625], [198.469970703125, 87.25901794433594, 218.03176879882812, 201.36361694335938], [139.4879150390625, 240.360595703125, 299.1232604980469, 427.73626708984375], [166.20465087890625, 260.64306640625, 193.50001525878906, 353.03973388671875], [137.3492889404297, 50.729915618896484, 296.6501159667969, 498.6077575683594], [139.8734130859375, 259.3096618652344, 232.13363647460938, 427.7458190917969], [185.02304077148438, 44.10708236694336, 266.3945617675781, 103.94194793701172], [159.54151916503906, 298.8544921875, 174.23434448242188, 352.5083923339844], [185.95623779296875, 240.8348846435547, 297.37921142578125, 499.97998046875], [138.9224853515625, 61.2794303894043, 299.06707763671875, 496.5098571777344], [242.09361267089844, 327.6018371582031, 271.2933349609375, 499.96221923828125], [194.97091674804688, 241.42169189453125, 298.88690185546875, 320.4573974609375], [235.1240997314453, 240.73593139648438, 297.8752136230469, 499.7039489746094], [239.88575744628906, 251.7779998779297, 276.5236511230469, 499.4505615234375], [139.4879150390625, 240.360595703125, 299.1232604980469, 427.73626708984375], [144.47085571289062, 258.267578125, 211.1226348876953, 369.21124267578125], [136.1631622314453, 254.60487365722656, 211.8123016357422, 426.8918151855469], [137.59071350097656, 314.4093017578125, 272.5044860839844, 499.806884765625], [239.88575744628906, 251.7779998779297, 276.5236511230469, 499.4505615234375], [243.39491271972656, 179.15452575683594, 261.55645751953125, 247.40304565429688], [21.201465606689453, 238.36392211914062, 52.540199279785156, 257.60235595703125], [137.3492889404297, 50.729915618896484, 296.6501159667969, 498.6077575683594], [166.20465087890625, 260.64306640625, 193.50001525878906, 353.03973388671875], [137.59071350097656, 314.4093017578125, 272.5044860839844, 499.806884765625], [165.75755310058594, 260.70513916015625, 211.3551025390625, 371.0897216796875], [48.36369705200195, 193.7158966064453, 158.69261169433594, 289.5972900390625], [255.89776611328125, 241.5129852294922, 299.2005920410156, 317.7547302246094], [138.9224853515625, 61.2794303894043, 299.06707763671875, 496.5098571777344], [252.71688842773438, 18.937829971313477, 267.08856201171875, 49.523738861083984], [192.8658447265625, 181.13743591308594, 299.7124938964844, 341.6617431640625], [136.1631622314453, 254.60487365722656, 211.8123016357422, 426.8918151855469], [200.90635681152344, 88.21698760986328, 215.4561767578125, 127.7073745727539], [139.10487365722656, 240.61013793945312, 299.2098388671875, 428.4873046875], [192.5833740234375, 402.1072998046875, 245.15493774414062, 498.4980773925781], [137.3492889404297, 50.729915618896484, 296.6501159667969, 498.6077575683594], [192.8658447265625, 181.13743591308594, 299.7124938964844, 341.6617431640625], [38.4774284362793, 340.17449951171875, 270.57403564453125, 499.565185546875], [139.57579040527344, 240.3711395263672, 299.4402770996094, 428.4719543457031], [139.7938690185547, 338.1327819824219, 267.3144836425781, 428.1790466308594], [196.0802764892578, 417.80908203125, 212.90774536132812, 477.7869567871094], [194.1923828125, 86.49420928955078, 218.8069610595703, 202.4464874267578], [198.30682373046875, 223.32322692871094, 221.28598022460938, 260.4235534667969], [186.2946319580078, 337.05584716796875, 267.3440856933594, 425.015869140625], [139.46273803710938, 250.25186157226562, 268.6910400390625, 427.3896484375], [193.90042114257812, 169.7572021484375, 287.9827575683594, 498.3334045410156], [131.00714111328125, 120.58648681640625, 209.72987365722656, 420.5269470214844], [228.28814697265625, 325.0029602050781, 271.0113220214844, 498.9000549316406], [165.3323974609375, 260.64410400390625, 211.35426330566406, 370.9975891113281], [193.49862670898438, 387.94354248046875, 270.9630126953125, 499.58392333984375], [194.96298217773438, 390.4321594238281, 214.67327880859375, 496.5032043457031], [167.991455078125, 274.025634765625, 211.14927673339844, 371.0459899902344], [165.3323974609375, 260.64410400390625, 211.35426330566406, 370.9975891113281], [138.69920349121094, 240.95330810546875, 298.65948486328125, 429.0077819824219], [139.57579040527344, 240.3711395263672, 299.4402770996094, 428.4719543457031], [34.32553482055664, 269.00830078125, 179.95652770996094, 364.28155517578125], [199.2751007080078, 125.13843536376953, 216.5921173095703, 196.30519104003906], [185.95623779296875, 240.8348846435547, 297.37921142578125, 499.97998046875], [186.2946319580078, 337.05584716796875, 267.3440856933594, 425.015869140625], [198.30682373046875, 223.32322692871094, 221.28598022460938, 260.4235534667969], [167.991455078125, 274.025634765625, 211.14927673339844, 371.0459899902344], [198.469970703125, 87.25901794433594, 218.03176879882812, 201.36361694335938], [192.5833740234375, 402.1072998046875, 245.15493774414062, 498.4980773925781], [191.5378875732422, 339.248046875, 246.45008850097656, 495.7616882324219], [167.3450927734375, 240.45184326171875, 299.3561706542969, 370.5569763183594], [239.21661376953125, 39.384185791015625, 273.2025146484375, 237.32867431640625], [194.1923828125, 86.49420928955078, 218.8069610595703, 202.4464874267578], [19.92055320739746, 236.02183532714844, 52.42889404296875, 258.26885986328125], [183.6862030029297, 56.097164154052734, 218.7577667236328, 202.5402069091797], [137.3492889404297, 50.729915618896484, 296.6501159667969, 498.6077575683594], [30.05215072631836, 47.32523727416992, 365.28466796875, 496.83343505859375], [167.991455078125, 274.025634765625, 211.14927673339844, 371.0459899902344], [235.1240997314453, 240.73593139648438, 297.8752136230469, 499.7039489746094], [258.318359375, 241.80677795410156, 298.9040832519531, 317.69964599609375], [167.66122436523438, 223.96067810058594, 221.28343200683594, 286.4544982910156], [193.90042114257812, 169.7572021484375, 287.9827575683594, 498.3334045410156], [140.25123596191406, 239.038818359375, 299.1222229003906, 500.0606689453125], [169.17845153808594, 281.3599853515625, 211.01202392578125, 371.0703125], [159.54151916503906, 298.8544921875, 174.23434448242188, 352.5083923339844], [140.98822021484375, 184.64974975585938, 294.1207275390625, 498.5434265136719], [199.7794189453125, 223.3487091064453, 220.60238647460938, 257.9814147949219], [44.82233428955078, 222.17037963867188, 180.27198791503906, 360.7744140625], [166.67901611328125, 240.4139404296875, 299.28759765625, 369.9166564941406], [139.7938690185547, 338.1327819824219, 267.3144836425781, 428.1790466308594], [297.9354553222656, 127.17103576660156, 337.5260009765625, 146.8197479248047], [187.2257080078125, 240.99468994140625, 299.0597229003906, 344.7995300292969], [192.8658447265625, 181.13743591308594, 299.7124938964844, 341.6617431640625], [149.9736328125, 354.2997131347656, 188.00401306152344, 420.4241638183594], [243.39491271972656, 179.15452575683594, 261.55645751953125, 247.40304565429688], [189.9677276611328, 250.75877380371094, 254.60220336914062, 346.5966491699219], [140.25123596191406, 239.038818359375, 299.1222229003906, 500.0606689453125], [139.57579040527344, 240.3711395263672, 299.4402770996094, 428.4719543457031], [193.90042114257812, 169.7572021484375, 287.9827575683594, 498.3334045410156], [18.1883487701416, 228.8032684326172, 51.68385314941406, 241.4055633544922], [139.4879150390625, 240.360595703125, 299.1232604980469, 427.73626708984375], [188.92874145507812, 254.98733520507812, 244.26576232910156, 344.49151611328125], [167.98947143554688, 260.27850341796875, 191.80615234375, 287.6505432128906], [55.8161735534668, 24.319372177124023, 78.37015533447266, 54.20056915283203], [194.1923828125, 86.49420928955078, 218.8069610595703, 202.4464874267578], [239.88575744628906, 251.7779998779297, 276.5236511230469, 499.4505615234375], [192.2074737548828, 385.72125244140625, 271.11248779296875, 499.3663330078125], [167.991455078125, 274.025634765625, 211.14927673339844, 371.0459899902344], [17.944087982177734, 221.32113647460938, 46.33579635620117, 240.6305694580078], [366.29852294921875, 198.42601013183594, 375.1033630371094, 213.2614288330078], [30.10472297668457, 248.3591766357422, 51.58190155029297, 256.0505065917969], [199.7794189453125, 223.3487091064453, 220.60238647460938, 257.9814147949219], [140.98822021484375, 184.64974975585938, 294.1207275390625, 498.5434265136719], [167.991455078125, 274.025634765625, 211.14927673339844, 371.0459899902344], [192.5833740234375, 402.1072998046875, 245.15493774414062, 498.4980773925781], [165.9099884033203, 224.46824645996094, 223.2722930908203, 369.6659240722656], [139.57579040527344, 240.3711395263672, 299.4402770996094, 428.4719543457031], [159.54151916503906, 298.8544921875, 174.23434448242188, 352.5083923339844], [297.13470458984375, 127.4620132446289, 338.24993896484375, 176.6169891357422], [167.3450927734375, 240.45184326171875, 299.3561706542969, 370.5569763183594], [140.25123596191406, 239.038818359375, 299.1222229003906, 500.0606689453125], [228.02330017089844, 410.5851745605469, 239.2490692138672, 427.1437072753906], [192.16000366210938, 328.0867004394531, 270.81109619140625, 499.80267333984375]), Score: [0.958705484867096, 0.6705802083015442, 0.21913385391235352, 0.19425959885120392, 0.1884137988090515, 0.1874151974916458, 0.16801024973392487, 0.16480080783367157, 0.16438627243041992, 0.1606091409921646, 0.1573673039674759, 0.15646687150001526, 0.15417996048927307, 0.14478018879890442, 0.13486738502979279, 0.13159070909023285, 0.1288665384054184, 0.12455879151821136, 0.12287483364343643, 0.12206259369850159, 0.11675126105546951, 0.11505617946386337, 0.11438532918691635, 0.1107059195637703, 0.10944433510303497, 0.10934808850288391, 0.10637164115905762, 0.10411390662193298, 0.10233746469020844, 0.10094485431909561, 0.10027831792831421, 0.0969584733247757, 0.09656276553869247, 0.09518352895975113, 0.09470617771148682, 0.09245910495519638, 0.09245676547288895, 0.08748390525579453, 0.08727355301380157, 0.0857180804014206, 0.08427450805902481, 0.0825255960226059, 0.08160707354545593, 0.08114174008369446, 0.07868760079145432, 0.07834548503160477, 0.0775357112288475, 0.0749257281422615, 0.0723501518368721, 0.07226094603538513, 0.0718599185347557, 0.07097917050123215, 0.06920161098241806, 0.06880821287631989, 0.0687541514635086, 0.0682864710688591, 0.06686823815107346, 0.0657728835940361, 0.06410465389490128, 0.06356459856033325, 0.06333209574222565, 0.06257907301187515, 0.061614833772182465, 0.06157877296209335, 0.05960090458393097, 0.0580856129527092, 0.05734378844499588, 0.057025350630283356, 0.05528285354375839, 0.05443187803030014, 0.0540190115571022, 0.05391661822795868, 0.05389821529388428, 0.05384527146816254, 0.052818410098552704, 0.05225818604230881, 0.05202744901180267, 0.051297590136528015, 0.050861656665802, 0.05070564150810242, 0.050442885607481, 0.04982521012425423, 0.04927306994795799, 0.04842482879757881, 0.04840307682752609, 0.04735713452100754, 0.04699297249317169, 0.04584712162613869, 0.045391760766506195, 0.045269258320331573, 0.04513786360621452, 0.04504382982850075, 0.04469456896185875, 0.04405165836215019, 0.04397584870457649, 0.043911244720220566, 0.04371429607272148, 0.04318951070308685, 0.04255063459277153, 0.041167039424180984, 0.040994033217430115, 0.0408964678645134, 0.04088655486702919, 0.040421728044748306, 0.04003056138753891, 0.03991130366921425, 0.039726197719573975, 0.03908449783921242, 0.03894863650202751, 0.03819110244512558, 0.03819048032164574, 0.037893105298280716, 0.037472665309906006, 0.03745805099606514, 0.0374511294066906, 0.03730645775794983, 0.037141840904951096, 0.03682315722107887, 0.0367540642619133, 0.036268092691898346, 0.03616255521774292, 0.03586525842547417, 0.035809241235256195, 0.0355682373046875, 0.035314012318849564, 0.03531084582209587, 0.03506988286972046, 0.03477274999022484, 0.03462778031826019, 0.03397390618920326, 0.033850960433483124, 0.033828865736722946, 0.033796124160289764, 0.03375503793358803, 0.033658936619758606, 0.03352053835988045, 0.03264949843287468, 0.032564979046583176, 0.03230509161949158, 0.03215344622731209, 0.03183407709002495, 0.031700219959020615, 0.03155415132641792, 0.03138096630573273, 0.03133885934948921, 0.031178148463368416, 0.031104596331715584, 0.030816132202744484, 0.03081499971449375, 0.030759265646338463, 0.030674029141664505, 0.030634086579084396, 0.030632175505161285, 0.030602093786001205, 0.03038198873400688, 0.030099933966994286, 0.03009108267724514, 0.03001607023179531, 0.030013784766197205, 0.029997583478689194, 0.02979646623134613, 0.029766123741865158, 0.029725167900323868, 0.02969149313867092, 0.02959650754928589, 0.029482273384928703, 0.029339663684368134, 0.029060374945402145, 0.028977999463677406, 0.0288256723433733, 0.02874946780502796, 0.028726840391755104, 0.028429578989744186, 0.028412751853466034, 0.028400933369994164, 0.028277430683374405, 0.028239116072654724, 0.028207821771502495, 0.028050927445292473, 0.02803133800625801, 0.028013557195663452, 0.027900146320462227, 0.02787274494767189, 0.02774987556040287, 0.027699362486600876, 0.02768971398472786, 0.027447877451777458, 0.027403412386775017, 0.027221262454986572, 0.02721032314002514, 0.027201062068343163, 0.027072014287114143, 0.02672153152525425, 0.026643088087439537, 0.026639891788363457, 0.02649581804871559, 0.02645718678832054, 0.026303386315703392, 0.0262843556702137, 0.026273837313055992, 0.026249229907989502, 0.026216518133878708, 0.026184918358922005, 0.025863952934741974, 0.025844985619187355, 0.025842949748039246, 0.025797275826334953, 0.025730038061738014, 0.025572294369339943, 0.025525681674480438, 0.025480257347226143, 0.02540251798927784, 0.025393368676304817, 0.025254013016819954, 0.02524072863161564, 0.025043554604053497, 0.024951161816716194, 0.024943089112639427, 0.02492077462375164, 0.024877550080418587, 0.024770373478531837, 0.02471759542822838, 0.02466193214058876, 0.024432426318526268, 0.024360787123441696, 0.02435462176799774, 0.024192290380597115, 0.024103369563817978, 0.024100657552480698, 0.023991571739315987, 0.023991266265511513, 0.023842446506023407, 0.023834718391299248, 0.023500768467783928, 0.023457976058125496, 0.023449614644050598, 0.023315638303756714, 0.02327730692923069, 0.02300749160349369, 0.022983858361840248, 0.02291901595890522, 0.022830180823802948, 0.02283003367483616, 0.022809382528066635, 0.02275284193456173, 0.02270970679819584, 0.0226850938051939, 0.022615430876612663, 0.02248476818203926, 0.022313663735985756, 0.022151585668325424, 0.022095853462815285, 0.02205837145447731, 0.02193654142320156, 0.021892046555876732, 0.02182786911725998, 0.021825436502695084, 0.021717458963394165, 0.02171066775918007, 0.021705837920308113, 0.021651141345500946, 0.021603738889098167, 0.021587297320365906, 0.021533316001296043, 0.02149898186326027, 0.021495681256055832, 0.02146786078810692, 0.021460367366671562, 0.02144012227654457, 0.02141215279698372, 0.021366899833083153, 0.021355703473091125, 0.021348321810364723, 0.021282872185111046, 0.021197158843278885, 0.021119730547070503, 0.02111380733549595, 0.021107183769345284, 0.021046403795480728, 0.021031906828284264, 0.02093874104321003, 0.02092917263507843, 0.02088865451514721, 0.020841848105192184, 0.020840441808104515, 0.020823664963245392, 0.020823556929826736, 0.02074156329035759, 0.020679665729403496, 0.020623208954930305, 0.020607853308320045, 0.020581383258104324, 0.020540043711662292, 0.020518604665994644, 0.020480474457144737, 0.020478421822190285, 0.020456770434975624, 0.02039618417620659, 0.020358005538582802, 0.020322633907198906]

Execution time: 0.4065 sec
