Label: tensor([60, 56, 56, 75, 42, 56, 58, 42, 58, 43, 45, 56, 44, 56, 56, 56, 60, 44,
        75, 44, 56, 42, 56, 58, 56, 45, 44, 43, 41, 56, 60, 56, 43, 55, 56, 42,
        42, 56, 56, 56, 56, 44, 56, 56, 56, 43, 56, 60, 56, 43, 56, 45, 44, 75,
        45, 60, 58, 44, 58, 56, 44, 44, 41, 42, 56, 42, 44, 67, 42, 44, 41, 56,
        56, 56, 56, 56, 43, 56, 44, 56, 56, 43, 44, 42, 43, 45, 44, 44, 56, 56,
        44, 41, 40, 60, 56, 56, 56, 56, 75, 44, 56, 42, 56, 42, 56, 56, 58, 55,
        42, 56, 56, 44, 44, 56, 42, 56, 43, 40, 43, 56, 43, 56, 13, 56, 42, 56,
        43, 58, 42, 43, 56, 43, 56, 42, 75, 43, 42, 58, 45, 44, 56, 45, 56, 56,
        56, 44, 56, 42, 75, 44, 56, 56, 43, 42, 56, 42, 56, 40, 56, 42, 56, 56,
        43, 57, 58, 43, 73, 43, 65, 42, 58, 44, 56, 13, 56, 60, 45, 42, 56, 43,
        44, 56, 56, 42, 56, 75, 43, 56, 75, 56, 13, 58, 58, 56, 43, 56, 42, 26,
        42, 56, 45, 53, 44, 39, 73, 57, 60, 60, 13, 56, 43, 56, 58, 57, 39, 75,
        44, 56, 56, 43, 56, 48, 73, 56, 56, 56, 75, 43, 13, 56, 56, 41, 56, 43,
        75, 44, 60, 42, 45, 56, 56, 41, 42, 43, 56, 43, 56, 56, 75, 39, 75, 44,
        43, 43, 56, 41, 57, 42, 58, 44, 58, 60, 45, 42, 41, 44, 40, 56, 73, 41,
        39, 56, 57, 75, 13, 60, 45, 56, 56, 74, 60, 44, 57, 56, 58, 45, 54, 60,
        41, 44, 56, 58, 75, 57, 58, 40, 42, 44, 75, 56]), Box: ([0.588066816329956, 235.33963012695312, 294.5628967285156, 497.2998962402344], [198.85430908203125, 160.8831024169922, 332.8301696777344, 398.8550109863281], [159.3563690185547, 177.6612548828125, 298.90625, 489.6741027832031], [47.21103286743164, 205.69467163085938, 65.84832763671875, 260.840576171875], [175.14288330078125, 276.61700439453125, 199.713623046875, 300.00042724609375], [0.1223452091217041, 346.76507568359375, 163.93399047851562, 499.52618408203125], [28.318225860595703, 151.8649444580078, 79.75759887695312, 260.2412109375], [81.9477310180664, 245.25747680664062, 135.6477508544922, 260.5007019042969], [231.71275329589844, -0.05095824599266052, 310.6941833496094, 110.97820281982422], [81.9477310180664, 245.25747680664062, 135.6477508544922, 260.5007019042969], [130.03330993652344, 252.48255920410156, 167.1357879638672, 273.33148193359375], [0.3732779324054718, 338.60589599609375, 229.252685546875, 500.16534423828125], [175.14288330078125, 276.61700439453125, 199.713623046875, 300.00042724609375], [156.83934020996094, 179.3076629638672, 298.1507873535156, 263.0114440917969], [198.79281616210938, 159.96865844726562, 332.9255676269531, 262.66448974609375], [201.05471801757812, 178.171142578125, 298.29241943359375, 262.5442810058594], [0.2845161259174347, 238.41600036621094, 294.2621765136719, 319.9350280761719], [175.48805236816406, 277.0465087890625, 199.6376953125, 296.9361572265625], [284.13238525390625, 141.09515380859375, 295.6389465332031, 168.9803466796875], [81.9477310180664, 245.25747680664062, 135.6477508544922, 260.5007019042969], [160.94720458984375, 161.23001098632812, 329.8356628417969, 487.8904113769531], [173.50973510742188, 246.9771728515625, 231.55650329589844, 257.0801696777344], [287.171630859375, 120.140869140625, 314.990234375, 166.8157501220703], [276.58599853515625, 96.7319564819336, 306.6997375488281, 168.10086059570312], [313.2590637207031, 122.99537658691406, 333.0334777832031, 164.14820861816406], [173.39918518066406, 246.6953582763672, 234.14549255371094, 261.90899658203125], [173.50973510742188, 246.9771728515625, 231.55650329589844, 257.0801696777344], [175.48805236816406, 277.0465087890625, 199.6376953125, 296.9361572265625], [130.03330993652344, 252.48255920410156, 167.1357879638672, 273.33148193359375], [130.64620971679688, 178.09825134277344, 298.42413330078125, 443.6730651855469], [293.16729736328125, 160.86767578125, 333.04327392578125, 186.05996704101562], [288.6387023925781, 176.5727081298828, 332.9754943847656, 398.47979736328125], [175.14288330078125, 276.61700439453125, 199.713623046875, 300.00042724609375], [130.03330993652344, 252.48255920410156, 167.1357879638672, 273.33148193359375], [198.94137573242188, 161.37066650390625, 298.34930419921875, 261.5477294921875], [173.38031005859375, 247.32839965820312, 231.72988891601562, 257.42108154296875], [173.39918518066406, 246.6953582763672, 234.14549255371094, 261.90899658203125], [157.41180419921875, 183.6974639892578, 206.52435302734375, 243.8443603515625], [155.38865661621094, 174.6080322265625, 299.6342468261719, 440.17059326171875], [158.8475799560547, 178.12448120117188, 298.3740539550781, 428.7888488769531], [288.82861328125, 262.60504150390625, 332.9200439453125, 399.3306579589844], [81.80901336669922, 245.69570922851562, 135.5521240234375, 259.9118957519531], [-0.12714354693889618, 233.89158630371094, 159.55613708496094, 499.0367431640625], [-0.1759357452392578, 151.2344512939453, 228.04220581054688, 499.3851318359375], [199.62380981445312, 160.5923614501953, 306.2767639160156, 188.04933166503906], [81.85865783691406, 257.45928955078125, 127.3731918334961, 265.2467346191406], [198.99404907226562, 160.18075561523438, 333.046630859375, 211.19810485839844], [291.5367736816406, 160.40707397460938, 332.9107971191406, 222.01268005371094], [1.439154028892517, 236.59652709960938, 231.7637481689453, 498.6100158691406], [105.14559173583984, 245.64898681640625, 135.99679565429688, 256.54150390625], [312.44500732421875, 103.79169464111328, 332.9576721191406, 164.03103637695312], [173.05979919433594, 247.02069091796875, 234.52584838867188, 265.991943359375], [173.38031005859375, 247.32839965820312, 231.72988891601562, 257.42108154296875], [281.2024230957031, 130.91957092285156, 297.2356262207031, 168.95013427734375], [135.06536865234375, 241.95864868164062, 161.91647338867188, 252.13638305664062], [290.4974365234375, 160.7681884765625, 332.9544677734375, 272.2266540527344], [267.4814147949219, 0.3418363630771637, 309.7597351074219, 106.78094482421875], [180.9392547607422, 250.5963134765625, 234.0712890625, 261.96441650390625], [43.8825569152832, 0.4313141107559204, 135.6953125, 164.51544189453125], [290.4974365234375, 160.7681884765625, 332.9544677734375, 272.2266540527344], [105.14559173583984, 245.64898681640625, 135.99679565429688, 256.54150390625], [81.87498474121094, 245.62950134277344, 135.2579803466797, 258.6133117675781], [320.45513916015625, 161.42031860351562, 332.91485595703125, 175.0940399169922], [81.85865783691406, 257.45928955078125, 127.3731918334961, 265.2467346191406], [0.10772442072629929, 185.57566833496094, 52.679813385009766, 395.87628173828125], [180.9392547607422, 250.5963134765625, 234.0712890625, 261.96441650390625], [174.97482299804688, 277.4493408203125, 199.4722137451172, 300.4204406738281], [32.643917083740234, 238.99937438964844, 58.75510025024414, 268.58544921875], [105.14559173583984, 245.64898681640625, 135.99679565429688, 256.54150390625], [81.85865783691406, 257.45928955078125, 127.3731918334961, 265.2467346191406], [318.4354248046875, 161.39854431152344, 332.88287353515625, 184.50454711914062], [155.60350036621094, 156.0817413330078, 296.5487060546875, 437.2167663574219], [0.16504892706871033, 417.5856628417969, 151.66635131835938, 498.99774169921875], [157.21435546875, 178.6908416748047, 298.1081848144531, 346.45794677734375], [-0.04431143403053284, 148.07411193847656, 232.9227294921875, 498.4449768066406], [-0.32725954055786133, 145.09237670898438, 237.82130432128906, 496.5814208984375], [80.30106353759766, 245.67330932617188, 136.46730041503906, 264.07275390625], [0.3392777144908905, 419.3363342285156, 228.51953125, 500.2659606933594], [173.38807678222656, 247.8559112548828, 208.51507568359375, 256.7379455566406], [0.6391639113426208, 327.1163024902344, 50.44978332519531, 396.1573791503906], [84.34305572509766, 486.8489685058594, 129.456787109375, 500.1256408691406], [173.50973510742188, 246.9771728515625, 231.55650329589844, 257.0801696777344], [173.5557098388672, 247.0105743408203, 232.40673828125, 257.27105712890625], [173.5557098388672, 247.0105743408203, 232.40673828125, 257.27105712890625], [82.00753021240234, 240.75723266601562, 166.98809814453125, 261.8116149902344], [318.4354248046875, 161.39854431152344, 332.88287353515625, 184.50454711914062], [82.03776550292969, 246.8810272216797, 136.06190490722656, 260.416748046875], [173.1505126953125, 247.13015747070312, 197.26846313476562, 256.5328369140625], [292.9039611816406, 161.68133544921875, 321.10400390625, 172.45797729492188], [0.18969188630580902, 186.40330505371094, 30.962968826293945, 395.234619140625], [81.43133544921875, 246.76434326171875, 134.5064239501953, 259.6085205078125], [135.06536865234375, 241.95864868164062, 161.91647338867188, 252.13638305664062], [318.4354248046875, 161.39854431152344, 332.88287353515625, 184.50454711914062], [198.99404907226562, 160.18075561523438, 333.046630859375, 211.19810485839844], [163.23545837402344, 312.1460876464844, 292.5577697753906, 487.9811096191406], [199.05194091796875, 162.29798889160156, 233.23095703125, 183.08401489257812], [53.196048736572266, 137.24208068847656, 222.267822265625, 246.13136291503906], [287.62774658203125, 189.41146850585938, 332.95562744140625, 399.67645263671875], [48.09563064575195, 193.2335662841797, 60.80902099609375, 209.14222717285156], [81.67378997802734, 252.02960205078125, 122.18267822265625, 262.3984069824219], [0.09745414555072784, 186.29351806640625, 28.267602920532227, 273.7715759277344], [80.30106353759766, 245.67330932617188, 136.46730041503906, 264.07275390625], [199.2018585205078, 160.78707885742188, 287.1242370605469, 183.6555938720703], [173.38807678222656, 247.8559112548828, 208.51507568359375, 256.7379455566406], [289.05010986328125, 313.9932556152344, 333.0056457519531, 398.70611572265625], [199.30113220214844, 103.48982238769531, 333.08233642578125, 260.62139892578125], [198.4456787109375, 0.39543211460113525, 332.93231201171875, 266.81005859375], [129.6851348876953, 251.73321533203125, 146.10752868652344, 266.58251953125], [81.20049285888672, 246.76722717285156, 130.40533447265625, 258.37493896484375], [27.841516494750977, 179.39588928222656, 49.939659118652344, 247.25616455078125], [-0.8097728490829468, 147.67701721191406, 332.1868591308594, 495.8508605957031], [182.58001708984375, 250.24652099609375, 231.93026733398438, 257.58135986328125], [81.20049285888672, 246.76722717285156, 130.40533447265625, 258.37493896484375], [163.0184326171875, 315.8785705566406, 247.7354278564453, 429.6082763671875], [175.48805236816406, 277.0465087890625, 199.6376953125, 296.9361572265625], [0.24360868334770203, 221.29425048828125, 53.5621337890625, 395.44842529296875], [81.87498474121094, 245.62950134277344, 135.2579803466797, 258.6133117675781], [287.171630859375, 120.140869140625, 314.990234375, 166.8157501220703], [81.80901336669922, 245.69570922851562, 135.5521240234375, 259.9118957519531], [199.1689910888672, 160.7744140625, 314.83697509765625, 214.31845092773438], [180.9392547607422, 250.5963134765625, 234.0712890625, 261.96441650390625], [-0.09933105111122131, 418.9999084472656, 146.46823120117188, 499.0070495605469], [52.63371658325195, 152.33425903320312, 332.9604187011719, 258.28851318359375], [290.46942138671875, 161.39120483398438, 332.9986572265625, 329.30303955078125], [173.1505126953125, 247.13015747070312, 197.26846313476562, 256.5328369140625], [0.10874909162521362, 269.74005126953125, 174.8568878173828, 498.4751892089844], [173.38031005859375, 247.32839965820312, 231.72988891601562, 257.42108154296875], [269.06427001953125, 59.07320785522461, 308.138916015625, 106.68474578857422], [129.6851348876953, 251.73321533203125, 146.10752868652344, 266.58251953125], [81.67378997802734, 252.02960205078125, 122.18267822265625, 262.3984069824219], [251.6084442138672, 162.1083526611328, 332.72314453125, 494.9859924316406], [174.97482299804688, 277.4493408203125, 199.4722137451172, 300.4204406738281], [156.9720001220703, 161.64236450195312, 271.3630676269531, 243.1529541015625], [182.58001708984375, 250.24652099609375, 231.93026733398438, 257.58135986328125], [257.8193054199219, 67.45407104492188, 270.7076416015625, 110.04288482666016], [81.20049285888672, 246.76722717285156, 130.40533447265625, 258.37493896484375], [95.66769409179688, 259.1418762207031, 129.6074981689453, 265.6258239746094], [277.5119934082031, 105.42032623291016, 305.29876708984375, 141.87643432617188], [320.45513916015625, 161.42031860351562, 332.91485595703125, 175.0940399169922], [208.04054260253906, 251.86688232421875, 234.47235107421875, 262.18890380859375], [26.212966918945312, 149.37234497070312, 296.89886474609375, 417.4029235839844], [129.50927734375, 252.60475158691406, 167.36114501953125, 274.02642822265625], [199.09278869628906, 162.29461669921875, 232.9987335205078, 183.00233459472656], [161.568603515625, 107.49105834960938, 332.44024658203125, 489.2746276855469], [198.94271850585938, 101.93933868408203, 332.9493103027344, 185.28564453125], [173.39918518066406, 246.6953582763672, 234.14549255371094, 261.90899658203125], [1.4459123611450195, 155.1499786376953, 164.3062286376953, 413.68310546875], [82.00753021240234, 240.75723266601562, 166.98809814453125, 261.8116149902344], [287.171630859375, 120.140869140625, 314.990234375, 166.8157501220703], [81.79849243164062, 248.17596435546875, 113.36546325683594, 258.3154296875], [227.65362548828125, 487.8115539550781, 314.10302734375, 500.0464782714844], [159.68089294433594, 107.8508529663086, 332.45263671875, 402.7976379394531], [81.43133544921875, 246.76434326171875, 134.5064239501953, 259.6085205078125], [81.80901336669922, 245.69570922851562, 135.5521240234375, 259.9118957519531], [322.0826416015625, 123.86019897460938, 332.93115234375, 163.44822692871094], [81.79849243164062, 248.17596435546875, 113.36546325683594, 258.3154296875], [0.18417777121067047, 283.2985534667969, 101.43711853027344, 497.757568359375], [320.45513916015625, 161.42031860351562, 332.91485595703125, 175.0940399169922], [286.70989990234375, 224.82797241210938, 332.6954345703125, 398.6722412109375], [81.43133544921875, 246.76434326171875, 134.5064239501953, 259.6085205078125], [56.47744369506836, 140.82418823242188, 191.1102752685547, 246.0315704345703], [0.5639064311981201, 151.75596618652344, 80.5394515991211, 395.3503723144531], [173.39918518066406, 246.6953582763672, 234.14549255371094, 261.90899658203125], [52.63371658325195, 152.33425903320312, 332.9604187011719, 258.28851318359375], [-0.1759357452392578, 151.2344512939453, 228.04220581054688, 499.3851318359375], [81.79849243164062, 248.17596435546875, 113.36546325683594, 258.3154296875], [19.496105194091797, 238.62863159179688, 58.952030181884766, 269.8973388671875], [104.07540130615234, 241.478271484375, 167.13314819335938, 256.8643493652344], [32.643917083740234, 238.99937438964844, 58.75510025024414, 268.58544921875], [81.87498474121094, 245.62950134277344, 135.2579803466797, 258.6133117675781], [269.45123291015625, 77.12373352050781, 308.2184753417969, 106.26982116699219], [95.66769409179688, 259.1418762207031, 129.6074981689453, 265.6258239746094], [54.60029602050781, 181.21641540527344, 175.40744018554688, 245.0333251953125], [50.46891784667969, 99.00968933105469, 331.87872314453125, 251.38949584960938], [199.3059844970703, 160.2413787841797, 332.5581359863281, 324.21563720703125], [0.16586270928382874, 239.87307739257812, 294.6703796386719, 381.06365966796875], [293.16729736328125, 160.86767578125, 333.04327392578125, 186.05996704101562], [208.04054260253906, 251.86688232421875, 234.47235107421875, 262.18890380859375], [0.48080140352249146, 240.4322967529297, 138.10755920410156, 398.0227355957031], [173.5557098388672, 247.0105743408203, 232.40673828125, 257.27105712890625], [103.61770629882812, 245.74606323242188, 135.4031219482422, 257.1385498046875], [0.18182078003883362, 263.97491455078125, 97.58321380615234, 497.6856689453125], [83.73314666748047, 241.15374755859375, 221.6648406982422, 394.08807373046875], [67.51927947998047, 245.54281616210938, 113.08977508544922, 259.8214416503906], [66.65754699707031, 238.21290588378906, 238.73765563964844, 497.84625244140625], [280.0216369628906, 135.4453125, 287.3641357421875, 164.83251953125], [52.71213912963867, 244.867919921875, 135.6753692626953, 269.8300476074219], [293.16729736328125, 160.86767578125, 333.04327392578125, 186.05996704101562], [47.92989730834961, 188.3269805908203, 63.88391876220703, 209.7085723876953], [161.635009765625, 214.19049072265625, 294.1578674316406, 422.205322265625], [53.196048736572266, 137.24208068847656, 222.267822265625, 246.13136291503906], [-0.04431143403053284, 148.07411193847656, 232.9227294921875, 498.4449768066406], [158.1070556640625, 0.51761794090271, 320.2122802734375, 119.32355499267578], [291.5367736816406, 160.40707397460938, 332.9107971191406, 222.01268005371094], [95.66769409179688, 259.1418762207031, 129.6074981689453, 265.6258239746094], [302.4645080566406, 103.20295715332031, 333.4701232910156, 163.66891479492188], [81.67378997802734, 252.02960205078125, 122.18267822265625, 262.3984069824219], [19.496105194091797, 238.62863159179688, 58.952030181884766, 269.8973388671875], [104.07540130615234, 241.478271484375, 167.13314819335938, 256.8643493652344], [47.69175720214844, 161.37570190429688, 322.9288330078125, 494.00091552734375], [129.97067260742188, 252.4664764404297, 166.87278747558594, 272.93804931640625], [130.03330993652344, 252.48255920410156, 167.1357879638672, 273.33148193359375], [80.30106353759766, 245.67330932617188, 136.46730041503906, 264.07275390625], [28.886266708374023, 150.5372772216797, 44.412498474121094, 182.6824493408203], [27.841516494750977, 179.39588928222656, 49.939659118652344, 247.25616455078125], [50.46891784667969, 99.00968933105469, 331.87872314453125, 251.38949584960938], [162.8450164794922, 246.70864868164062, 294.3755798339844, 487.59759521484375], [198.79281616210938, 159.96865844726562, 332.9255676269531, 262.66448974609375], [52.793575286865234, 148.77638244628906, 331.8380432128906, 313.49822998046875], [-0.03418629616498947, 186.5373077392578, 64.11869812011719, 277.9250183105469], [67.51927947998047, 245.54281616210938, 113.08977508544922, 259.8214416503906], [313.50799560546875, 124.0667495727539, 333.00146484375, 185.63360595703125], [47.547340393066406, 0.2688504755496979, 126.84333038330078, 53.6264533996582], [52.793575286865234, 148.77638244628906, 331.8380432128906, 313.49822998046875], [47.22765350341797, 205.79385375976562, 65.4345474243164, 261.04766845703125], [28.318225860595703, 151.8649444580078, 79.75759887695312, 260.2412109375], [129.6851348876953, 251.73321533203125, 146.10752868652344, 266.58251953125], [-0.46711844205856323, 159.65664672851562, 79.74303436279297, 397.244140625], [0.2696596384048462, 282.2699890136719, 232.1166534423828, 499.4991760253906], [82.03776550292969, 246.8810272216797, 136.06190490722656, 260.416748046875], [-0.10479182749986649, 393.6816101074219, 51.251548767089844, 486.95037841796875], [130.03330993652344, 252.48255920410156, 167.1357879638672, 273.33148193359375], [32.643917083740234, 238.99937438964844, 58.75510025024414, 268.58544921875], [48.454063415527344, 162.2803497314453, 325.4871520996094, 490.9137878417969], [83.07363891601562, 427.0079650878906, 324.7018737792969, 500.2008056640625], [293.3633728027344, 162.03628540039062, 322.8499755859375, 173.03298950195312], [54.89333724975586, 204.21063232421875, 65.90998077392578, 259.76678466796875], [182.58001708984375, 250.24652099609375, 231.93026733398438, 257.58135986328125], [-0.8097728490829468, 147.67701721191406, 332.1868591308594, 495.8508605957031], [162.8450164794922, 246.70864868164062, 294.3755798339844, 487.59759521484375], [260.22119140625, 168.5566864013672, 332.89715576171875, 495.1815490722656], [129.6851348876953, 251.73321533203125, 146.10752868652344, 266.58251953125], [52.63371658325195, 152.33425903320312, 332.9604187011719, 258.28851318359375], [129.6851348876953, 251.73321533203125, 146.10752868652344, 266.58251953125], [269.45123291015625, 77.12373352050781, 308.2184753417969, 106.26982116699219], [82.06014251708984, 246.1798553466797, 135.4292755126953, 259.273681640625], [290.46942138671875, 161.39120483398438, 332.9986572265625, 329.30303955078125], [130.03330993652344, 252.48255920410156, 167.1357879638672, 273.33148193359375], [129.64865112304688, 252.5957794189453, 168.03317260742188, 274.23858642578125], [198.92733764648438, 160.58847045898438, 332.6985168457031, 330.52642822265625], [122.41241455078125, 442.3901062011719, 228.97512817382812, 499.9122314453125], [292.9039611816406, 161.68133544921875, 321.10400390625, 172.45797729492188], [52.71213912963867, 244.867919921875, 135.6753692626953, 269.8300476074219], [173.38807678222656, 247.8559112548828, 208.51507568359375, 256.7379455566406], [121.1844253540039, 355.00146484375, 228.89149475097656, 499.4205017089844], [208.04054260253906, 251.86688232421875, 234.47235107421875, 262.18890380859375], [299.2288513183594, 102.35104370117188, 333.15679931640625, 131.95458984375], [3.4619088172912598, 239.1334228515625, 294.942138671875, 495.8461608886719], [47.22765350341797, 205.79385375976562, 65.4345474243164, 261.04766845703125], [47.09941864013672, 203.67428588867188, 65.62014770507812, 262.1595458984375], [56.08526611328125, 205.03466796875, 63.13153839111328, 243.2484893798828], [81.87089538574219, 253.38270568847656, 112.7907485961914, 260.9599609375], [81.87089538574219, 253.38270568847656, 112.7907485961914, 260.9599609375], [173.1505126953125, 247.13015747070312, 197.26846313476562, 256.5328369140625], [228.66720581054688, 161.25253295898438, 332.6954345703125, 495.5308837890625], [28.48055076599121, 215.75253295898438, 39.51266860961914, 248.3074493408203], [52.236473083496094, 137.04327392578125, 315.0826110839844, 253.80230712890625], [103.61770629882812, 245.74606323242188, 135.4031219482422, 257.1385498046875], [0.07947278022766113, -0.23065507411956787, 299.5395812988281, 499.4136657714844], [82.00753021240234, 240.75723266601562, 166.98809814453125, 261.8116149902344], [160.83578491210938, -1.5516430139541626, 317.8270263671875, 498.4225158691406], [0.5813580751419067, 239.57180786132812, 245.5710906982422, 313.86810302734375], [129.7205047607422, 241.97288513183594, 171.3365020751953, 255.14700317382812], [82.03776550292969, 246.8810272216797, 136.06190490722656, 260.416748046875], [129.97067260742188, 252.4664764404297, 166.87278747558594, 272.93804931640625], [173.28831481933594, 249.08033752441406, 233.67893981933594, 262.1986083984375], [293.16729736328125, 160.86767578125, 333.04327392578125, 186.05996704101562], [-0.13654670119285583, 204.02047729492188, 68.38634490966797, 497.1749572753906], [173.05979919433594, 247.02069091796875, 234.52584838867188, 265.991943359375], [287.171630859375, 120.140869140625, 314.990234375, 166.8157501220703], [27.841516494750977, 179.39588928222656, 49.939659118652344, 247.25616455078125], [23.20115852355957, 239.32606506347656, 291.835693359375, 486.81585693359375], [8.492342948913574, 102.11532592773438, 328.2945556640625, 321.3707275390625], [28.886266708374023, 150.5372772216797, 44.412498474121094, 182.6824493408203], [52.236473083496094, 137.04327392578125, 315.0826110839844, 253.80230712890625], [-0.04431143403053284, 148.07411193847656, 232.9227294921875, 498.4449768066406], [180.9392547607422, 250.5963134765625, 234.0712890625, 261.96441650390625], [157.07772827148438, 180.32196044921875, 271.6943664550781, 245.19935607910156], [23.220609664916992, 164.7314453125, 170.85464477539062, 459.563720703125], [32.643917083740234, 238.99937438964844, 58.75510025024414, 268.58544921875], [199.30113220214844, 103.48982238769531, 333.08233642578125, 260.62139892578125], [72.87571716308594, 272.7326354980469, 110.68135833740234, 284.5768127441406], [198.80313110351562, 160.98629760742188, 332.92138671875, 399.7656555175781], [5.277764797210693, 239.5728302001953, 188.70957946777344, 391.9662170410156], [46.17106628417969, 0.018718652427196503, 75.06401824951172, 21.95724105834961], [292.9039611816406, 161.68133544921875, 321.10400390625, 172.45797729492188], [130.03330993652344, 252.48255920410156, 167.1357879638672, 273.33148193359375], [160.94720458984375, 161.23001098632812, 329.8356628417969, 487.8904113769531], [32.643917083740234, 238.99937438964844, 58.75510025024414, 268.58544921875], [67.51927947998047, 245.54281616210938, 113.08977508544922, 259.8214416503906], [154.7752685546875, 176.9633331298828, 299.8039855957031, 262.9159851074219], [33.325645446777344, 153.71670532226562, 78.89472198486328, 193.10064697265625], [27.841516494750977, 179.39588928222656, 49.939659118652344, 247.25616455078125], [-0.8097728490829468, 147.67701721191406, 332.1868591308594, 495.8508605957031], [-0.32725954055786133, 145.09237670898438, 237.82130432128906, 496.5814208984375], [292.9039611816406, 161.68133544921875, 321.10400390625, 172.45797729492188], [174.97482299804688, 277.4493408203125, 199.4722137451172, 300.4204406738281], [175.42404174804688, 247.90951538085938, 208.84552001953125, 255.9081573486328], [32.643917083740234, 238.99937438964844, 58.75510025024414, 268.58544921875], [-0.04699096083641052, 125.33901977539062, 332.901123046875, 398.9033203125]), Score: [0.8180395364761353, 0.7429829835891724, 0.73331218957901, 0.6831668615341187, 0.6337457895278931, 0.5740872621536255, 0.4600301682949066, 0.45366278290748596, 0.43770894408226013, 0.42556723952293396, 0.42001253366470337, 0.39704275131225586, 0.3442208170890808, 0.3315766453742981, 0.2742236256599426, 0.2636321187019348, 0.2602565884590149, 0.2553107440471649, 0.25492197275161743, 0.25348785519599915, 0.2429872453212738, 0.22935591638088226, 0.22334924340248108, 0.22065679728984833, 0.21756941080093384, 0.20915044844150543, 0.20202255249023438, 0.19958509504795074, 0.19777709245681763, 0.19722670316696167, 0.1971961408853531, 0.19464489817619324, 0.19186003506183624, 0.1894635260105133, 0.18817779421806335, 0.1840173602104187, 0.18123911321163177, 0.18001240491867065, 0.17817354202270508, 0.17751570045948029, 0.17750975489616394, 0.17718197405338287, 0.17354479432106018, 0.17313316464424133, 0.17286542057991028, 0.17184610664844513, 0.1715988963842392, 0.17065392434597015, 0.17013512551784515, 0.16964633762836456, 0.16542823612689972, 0.1634014993906021, 0.15989691019058228, 0.15920396149158478, 0.1584720015525818, 0.15681560337543488, 0.15553882718086243, 0.15552951395511627, 0.1544886827468872, 0.15420904755592346, 0.15385623276233673, 0.15270227193832397, 0.15167874097824097, 0.15156179666519165, 0.15140026807785034, 0.1510685235261917, 0.14919620752334595, 0.14760755002498627, 0.14656051993370056, 0.14585553109645844, 0.14570613205432892, 0.14568468928337097, 0.14444062113761902, 0.1417706161737442, 0.13977128267288208, 0.13795346021652222, 0.13685409724712372, 0.13167056441307068, 0.13132300972938538, 0.13095258176326752, 0.13075824081897736, 0.12986166775226593, 0.1296246200799942, 0.12901204824447632, 0.12850871682167053, 0.12802603840827942, 0.1277984231710434, 0.1269364207983017, 0.12649354338645935, 0.12624956667423248, 0.12574206292629242, 0.12562023103237152, 0.12549661099910736, 0.12520457804203033, 0.12497105449438095, 0.1244313195347786, 0.12426043301820755, 0.12370254099369049, 0.12316125631332397, 0.12196747958660126, 0.12183436751365662, 0.12075386941432953, 0.12051337212324142, 0.12016715854406357, 0.11831951886415482, 0.11772779375314713, 0.11690987646579742, 0.11583436280488968, 0.11532812565565109, 0.11465241014957428, 0.11440681666135788, 0.1103280633687973, 0.11012649536132812, 0.10920432209968567, 0.10911405086517334, 0.10891188681125641, 0.1082535907626152, 0.10790176689624786, 0.10766183584928513, 0.10736741870641708, 0.10644860565662384, 0.10611940920352936, 0.10573014616966248, 0.10510145872831345, 0.10459840297698975, 0.10450553894042969, 0.10440952330827713, 0.10426507890224457, 0.10391678661108017, 0.10382784903049469, 0.10333885997533798, 0.10278461128473282, 0.10211263597011566, 0.10201945155858994, 0.10158363729715347, 0.10152635723352432, 0.10138777643442154, 0.10134555399417877, 0.10116445273160934, 0.10101895034313202, 0.10100783407688141, 0.10039637982845306, 0.10017793625593185, 0.09993993490934372, 0.0999123603105545, 0.09976465255022049, 0.09921062737703323, 0.09913857281208038, 0.09868287295103073, 0.0980648547410965, 0.0979812890291214, 0.09744662791490555, 0.09699203819036484, 0.09602835029363632, 0.09591951221227646, 0.09566301852464676, 0.09543535858392715, 0.09502014517784119, 0.09432573616504669, 0.0939350351691246, 0.09370136260986328, 0.09263363480567932, 0.09248483180999756, 0.09238160401582718, 0.09159038960933685, 0.09072146564722061, 0.09018339216709137, 0.08940847218036652, 0.08925214409828186, 0.08864033967256546, 0.08835162222385406, 0.08818922191858292, 0.08729647845029831, 0.08676699548959732, 0.08655011653900146, 0.08638320118188858, 0.08587855100631714, 0.08569061756134033, 0.08552242815494537, 0.0848797857761383, 0.08439639955759048, 0.08400976657867432, 0.08399944007396698, 0.08338724076747894, 0.08320069313049316, 0.08288958668708801, 0.0828336700797081, 0.08241985738277435, 0.08182702213525772, 0.08069463819265366, 0.08066605776548386, 0.08008256554603577, 0.08007729798555374, 0.08002845197916031, 0.07950955629348755, 0.0794253870844841, 0.07937627285718918, 0.07935867458581924, 0.07918179780244827, 0.07845651358366013, 0.07839280366897583, 0.07834536582231522, 0.07810541987419128, 0.07795155048370361, 0.07789291441440582, 0.07777825742959976, 0.07751008868217468, 0.07733071595430374, 0.07717340439558029, 0.07708103954792023, 0.07694417238235474, 0.07666722685098648, 0.07597780227661133, 0.07524425536394119, 0.07466287165880203, 0.07439711689949036, 0.07415273040533066, 0.07400981336832047, 0.07342231273651123, 0.07308685034513474, 0.072425477206707, 0.07207310944795609, 0.071931853890419, 0.07185648381710052, 0.0712013840675354, 0.07071467489004135, 0.07061590254306793, 0.07060571759939194, 0.07018660008907318, 0.06982729583978653, 0.06904151290655136, 0.06839698553085327, 0.06757324188947678, 0.06757228076457977, 0.06715564429759979, 0.06706511974334717, 0.06665549427270889, 0.06664429605007172, 0.06660410016775131, 0.06642039865255356, 0.06628149747848511, 0.06607578694820404, 0.06561781466007233, 0.06520163267850876, 0.06518427282571793, 0.06501400470733643, 0.06478455662727356, 0.06452511250972748, 0.06376831978559494, 0.06353556364774704, 0.063391774892807, 0.06337816268205643, 0.06238948181271553, 0.06238912418484688, 0.062235571444034576, 0.06210245564579964, 0.062042269855737686, 0.06155042350292206, 0.060764189809560776, 0.0606638565659523, 0.06058657541871071, 0.06037167087197304, 0.06020166724920273, 0.06018976494669914, 0.05988583713769913, 0.059400588274002075, 0.05937677249312401, 0.0593523308634758, 0.059235572814941406, 0.05907702073454857, 0.05871906131505966, 0.05842898413538933, 0.058302704244852066, 0.05795040726661682, 0.05761731415987015, 0.05744434520602226, 0.057206571102142334, 0.05718916282057762, 0.05702125281095505, 0.05669007450342178, 0.05598537623882294, 0.05595657229423523, 0.055949848145246506, 0.05592614784836769, 0.05590047687292099, 0.05568957328796387, 0.05565915256738663, 0.05564896762371063, 0.055638063699007034, 0.055150389671325684, 0.05513332039117813, 0.05512376129627228, 0.055103711783885956, 0.05491584539413452, 0.05490657314658165, 0.05471435934305191, 0.05470030754804611, 0.05468409135937691, 0.05463820695877075, 0.05413804575800896]

Execution time: 0.4108 sec
