Label: tensor([ 0, 63,  0, 57, 65, 32, 57, 57,  0,  0,  0, 57,  0, 57,  0, 67, 47, 56,
        56, 66,  0, 57, 56,  0, 56, 56, 57,  0, 59, 56, 66, 57, 56, 65,  0, 57,
        57, 60, 24, 57,  0, 56, 64,  0,  0, 60,  0, 57, 57, 66, 57, 67,  0,  0,
        65, 56,  0,  0, 64, 57, 57, 57, 57, 56, 24, 59, 59, 57, 57, 56,  0, 57,
        66,  0, 56, 56, 60, 57, 59, 56,  0,  0, 56, 24, 65, 56, 56, 56, 57, 57,
        57, 74,  0, 56,  0, 57, 57,  0, 56, 67, 57, 66, 60, 57, 56, 56, 73, 64,
        57, 57,  0, 64, 57, 56, 64,  0, 64, 56, 56,  0, 56, 56, 64, 56, 57, 56,
        56, 57, 59, 74, 77, 56,  0, 59, 57, 57, 56, 60, 66, 60, 57, 77, 56, 56,
        57, 56, 57, 57, 57, 57, 26,  0, 56,  0,  0, 59,  0,  0, 57, 64, 65, 57,
         0, 57,  0, 41, 56, 57, 57, 24, 57, 62, 57,  0, 57, 59, 56, 59, 56,  0,
        64,  0,  0, 57, 57, 57, 57, 56, 65, 64, 57,  0,  0, 56,  0, 59, 56,  0,
         0,  0,  0, 56,  0, 59, 24, 57, 57, 66, 59, 59, 57, 60, 59, 57, 57, 65,
        59, 56, 65, 60, 56, 57,  0, 73, 65, 57, 39,  0, 57, 59, 56, 56, 56, 56,
        59, 57, 57, 57, 28, 75, 56, 57, 56,  0, 59, 73, 57, 56, 57,  0, 56, 14,
        57, 59, 57, 56,  0, 59, 56, 57, 57, 57, 56, 59, 56, 63, 57, 56, 59, 56,
         0, 65, 63, 57, 57, 57, 64, 56, 62, 26,  0,  0,  0, 57, 57, 63, 56,  0,
        57, 57, 57, 59, 57, 60,  0, 73, 56, 56, 57,  0]), Box: ([0.017583370208740234, 6.040223121643066, 345.99273681640625, 375.0901184082031], [268.41253662109375, 124.75000762939453, 444.94610595703125, 254.6941375732422], [157.9962615966797, 104.38170623779297, 346.4576416015625, 374.540771484375], [0.056236982345581055, 82.9085693359375, 498.69873046875, 374.85870361328125], [97.39412689208984, 339.36065673828125, 124.62769317626953, 374.9519958496094], [430.6462707519531, 138.33580017089844, 500.1127624511719, 268.166259765625], [-0.11511147022247314, 82.66615295410156, 259.9880676269531, 375.2449645996094], [0.6329044699668884, 82.45771789550781, 235.39508056640625, 374.99517822265625], [187.9299774169922, 104.478515625, 481.3236083984375, 374.53570556640625], [191.48529052734375, 104.80196380615234, 313.35430908203125, 231.2005615234375], [191.86135864257812, 104.61766052246094, 346.795166015625, 232.63914489746094], [-0.6188005208969116, 82.96720886230469, 327.8289489746094, 374.8771057128906], [162.7650146484375, 104.13426208496094, 441.365478515625, 375.2324523925781], [0.33912062644958496, 82.10388946533203, 212.0032501220703, 375.3140563964844], [193.99993896484375, 105.05575561523438, 458.73516845703125, 256.24017333984375], [97.39412689208984, 339.36065673828125, 124.62769317626953, 374.9519958496094], [388.9925231933594, 170.52061462402344, 403.4553527832031, 198.56741333007812], [384.8760986328125, 138.20387268066406, 500.0442199707031, 374.3298034667969], [328.4151916503906, 137.2904510498047, 500.1178894042969, 374.4837951660156], [262.06768798828125, 220.22467041015625, 338.9524230957031, 244.97988891601562], [194.14920043945312, 107.2934341430664, 499.1734619140625, 373.8744812011719], [-5.9604644775390625e-05, 84.02363586425781, 499.9084167480469, 268.5099182128906], [-0.11511147022247314, 82.66615295410156, 259.9880676269531, 375.2449645996094], [-0.6188005208969116, 82.96720886230469, 327.8289489746094, 374.8771057128906], [0.6329044699668884, 82.45771789550781, 235.39508056640625, 374.99517822265625], [-0.6188005208969116, 82.96720886230469, 327.8289489746094, 374.8771057128906], [-0.28406456112861633, 83.54232788085938, 95.68275451660156, 374.4805908203125], [127.24432373046875, 104.94462585449219, 347.4137878417969, 374.86029052734375], [0.056236982345581055, 82.9085693359375, 498.69873046875, 374.85870361328125], [0.33912062644958496, 82.10388946533203, 212.0032501220703, 375.3140563964844], [300.6831970214844, 219.65090942382812, 339.43731689453125, 234.91168212890625], [-0.2834498882293701, 82.00448608398438, 190.44564819335938, 375.2326965332031], [0.056236982345581055, 82.9085693359375, 498.69873046875, 374.85870361328125], [96.1488037109375, 339.3907165527344, 124.6264877319336, 374.7546691894531], [-0.11511147022247314, 82.66615295410156, 259.9880676269531, 375.2449645996094], [-0.3401339054107666, 84.16107177734375, 93.69050598144531, 145.97653198242188], [194.14920043945312, 107.2934341430664, 499.1734619140625, 373.8744812011719], [172.0291748046875, 238.78428649902344, 482.78033447265625, 374.1910400390625], [294.6692199707031, 171.73681640625, 351.3199157714844, 225.41380310058594], [1.3634264469146729, 84.86176300048828, 472.6383056640625, 293.3758544921875], [193.930419921875, 105.34452056884766, 466.2977294921875, 257.71630859375], [323.2100524902344, 128.52017211914062, 500.3774719238281, 374.454833984375], [260.4761047363281, 221.82025146484375, 289.6241455078125, 231.6201934814453], [190.1282196044922, 104.8331527709961, 484.0232238769531, 285.7700500488281], [176.89764404296875, 111.61688995361328, 498.9182434082031, 374.4495544433594], [324.2474060058594, 241.2313232421875, 480.75653076171875, 374.9291687011719], [0.2872943878173828, 78.22335052490234, 299.5379638671875, 376.5613098144531], [-0.2407766878604889, 84.218994140625, 94.14647674560547, 288.0187683105469], [169.04058837890625, 119.35328674316406, 234.30067443847656, 228.51321411132812], [272.0401306152344, 232.6021728515625, 336.32373046875, 246.25657653808594], [-0.1611262559890747, 84.25960540771484, 93.65257263183594, 197.76675415039062], [260.4761047363281, 221.82025146484375, 289.6241455078125, 231.6201934814453], [0.6329044699668884, 82.45771789550781, 235.39508056640625, 374.99517822265625], [135.5877227783203, 105.7154769897461, 411.5727233886719, 374.6113586425781], [260.4761047363281, 221.82025146484375, 289.6241455078125, 231.6201934814453], [-0.2834498882293701, 82.00448608398438, 190.44564819335938, 375.2326965332031], [0.056236982345581055, 82.9085693359375, 498.69873046875, 374.85870361328125], [0.12928247451782227, 83.32427215576172, 208.03562927246094, 375.57666015625], [239.4620819091797, 246.6974639892578, 312.7808532714844, 259.25811767578125], [-0.16300752758979797, 83.36973571777344, 94.46199035644531, 351.81317138671875], [0.887453556060791, 90.88724517822266, 338.8199462890625, 374.7178649902344], [0.12928247451782227, 83.32427215576172, 208.03562927246094, 375.57666015625], [176.89764404296875, 111.61688995361328, 498.9182434082031, 374.4495544433594], [176.89764404296875, 111.61688995361328, 498.9182434082031, 374.4495544433594], [430.6462707519531, 138.33580017089844, 500.1127624511719, 268.166259765625], [194.14920043945312, 107.2934341430664, 499.1734619140625, 373.8744812011719], [386.65118408203125, 261.9881591796875, 499.9079895019531, 374.72149658203125], [0.2872943878173828, 78.22335052490234, 299.5379638671875, 376.5613098144531], [179.43405151367188, 112.39105987548828, 489.2101745605469, 268.5318298339844], [-0.5869865417480469, 84.70060729980469, 499.4072265625, 374.1751403808594], [84.181396484375, 104.69686889648438, 347.66937255859375, 374.8824157714844], [172.60157775878906, 111.65283203125, 495.1654052734375, 269.9332580566406], [296.5908203125, 230.4690704345703, 337.0401916503906, 243.0543212890625], [0.887453556060791, 90.88724517822266, 338.8199462890625, 374.7178649902344], [-0.28406456112861633, 83.54232788085938, 95.68275451660156, 374.4805908203125], [194.14920043945312, 107.2934341430664, 499.1734619140625, 373.8744812011719], [178.1586151123047, 213.84048461914062, 481.5836181640625, 287.160888671875], [155.7428741455078, 112.64840698242188, 499.69757080078125, 374.616455078125], [176.89764404296875, 111.61688995361328, 498.9182434082031, 374.4495544433594], [412.72412109375, 138.47039794921875, 500.4161682128906, 355.5475769042969], [0.17051398754119873, 90.44302368164062, 272.3047790527344, 375.2351989746094], [129.5797576904297, 108.55432891845703, 478.03076171875, 374.8766174316406], [386.65118408203125, 261.9881591796875, 499.9079895019531, 374.72149658203125], [412.72412109375, 138.47039794921875, 500.4161682128906, 355.5475769042969], [191.4453582763672, 86.01225280761719, 214.0515594482422, 119.83843994140625], [187.9299774169922, 104.478515625, 481.3236083984375, 374.53570556640625], [0.1259446144104004, 81.48556518554688, 264.5987548828125, 374.8038024902344], [-0.4485100507736206, 81.67486572265625, 366.8447265625, 374.7802429199219], [0.3062635660171509, 82.10875701904297, 231.81121826171875, 374.93896484375], [-0.17613917589187622, 84.80951690673828, 129.6099090576172, 374.84527587890625], [129.5797576904297, 108.55432891845703, 478.03076171875, 374.8766174316406], [142.3546142578125, 321.0282287597656, 151.27732849121094, 336.62884521484375], [0.33912062644958496, 82.10388946533203, 212.0032501220703, 375.3140563964844], [-0.3401339054107666, 84.16107177734375, 93.69050598144531, 145.97653198242188], [198.2559051513672, 105.56398010253906, 357.4388122558594, 373.8354797363281], [174.04513549804688, 110.84290313720703, 498.64501953125, 273.9637756347656], [386.65118408203125, 261.9881591796875, 499.9079895019531, 374.72149658203125], [-0.7319599390029907, 10.276022911071777, 499.24249267578125, 374.4078674316406], [0.12928247451782227, 83.32427215576172, 208.03562927246094, 375.57666015625], [96.1488037109375, 339.3907165527344, 124.6264877319336, 374.7546691894531], [-0.7303208112716675, 48.03626251220703, 344.7157287597656, 380.1664733886719], [266.05828857421875, 218.65676879882812, 435.9992370605469, 250.25238037109375], [202.20404052734375, 237.25025939941406, 479.7023620605469, 286.1220703125], [0.17051398754119873, 90.44302368164062, 272.3047790527344, 375.2351989746094], [0.3062635660171509, 82.10875701904297, 231.81121826171875, 374.93896484375], [-0.17613917589187622, 84.80951690673828, 129.6099090576172, 374.84527587890625], [202.20404052734375, 237.25025939941406, 479.7023620605469, 286.1220703125], [224.61647033691406, 218.6617889404297, 279.72100830078125, 257.754638671875], [323.2100524902344, 128.52017211914062, 500.3774719238281, 374.454833984375], [0.527799129486084, 243.54708862304688, 497.926025390625, 375.37109375], [-0.7346272468566895, 4.982583045959473, 499.26031494140625, 374.35919189453125], [226.44906616210938, 240.93687438964844, 265.4031066894531, 257.2413024902344], [-0.8195340633392334, 83.95394134521484, 310.1860656738281, 229.1331787109375], [332.80853271484375, 264.7228698730469, 465.4180603027344, 375.2268371582031], [226.57562255859375, 235.79690551757812, 333.8795471191406, 258.29461669921875], [-0.2834498882293701, 82.00448608398438, 190.44564819335938, 375.2326965332031], [226.63409423828125, 239.9047088623047, 266.0270080566406, 257.28436279296875], [-0.1611262559890747, 84.25960540771484, 93.65257263183594, 197.76675415039062], [0.2872943878173828, 78.22335052490234, 299.5379638671875, 376.5613098144531], [199.7684326171875, 104.47974395751953, 380.081298828125, 374.5324401855469], [286.41741943359375, 125.31088256835938, 499.9526062011719, 374.33038330078125], [335.7817687988281, 282.150146484375, 430.04254150390625, 374.9452819824219], [253.633056640625, 223.19815063476562, 281.5098571777344, 255.7102813720703], [333.833984375, 253.60626220703125, 499.80206298828125, 374.9830627441406], [186.97210693359375, 107.3488540649414, 499.2913818359375, 267.4129333496094], [430.6462707519531, 138.33580017089844, 500.1127624511719, 268.166259765625], [-0.2407766878604889, 84.218994140625, 94.14647674560547, 288.0187683105469], [0.9166896343231201, 207.73873901367188, 489.0940856933594, 375.3951416015625], [-0.7319599390029907, 10.276022911071777, 499.24249267578125, 374.4078674316406], [191.4453582763672, 86.01225280761719, 214.0515594482422, 119.83843994140625], [430.6462707519531, 138.33580017089844, 500.1127624511719, 268.166259765625], [324.2474060058594, 241.2313232421875, 480.75653076171875, 374.9291687011719], [317.31634521484375, 292.7604675292969, 340.8248291015625, 332.5508117675781], [418.7570495605469, 207.68731689453125, 499.6632080078125, 372.6330261230469], [165.1917266845703, 116.90478515625, 255.8041229248047, 221.68711853027344], [-0.7319599390029907, 10.276022911071777, 499.24249267578125, 374.4078674316406], [-0.4988759756088257, 84.1253433227539, 499.4742126464844, 370.2886657714844], [332.80853271484375, 264.7228698730469, 465.4180603027344, 375.2268371582031], [337.0797119140625, 241.70008850097656, 465.7886047363281, 263.9360046386719], [180.66644287109375, 228.10047912597656, 479.7408447265625, 285.2469177246094], [-0.18846243619918823, 83.89360809326172, 214.46946716308594, 155.44210815429688], [412.72412109375, 138.47039794921875, 500.4161682128906, 355.5475769042969], [299.2166748046875, 127.46440887451172, 499.95196533203125, 374.17413330078125], [-1.9631534814834595, 84.88992309570312, 439.57977294921875, 375.0704650878906], [0.028673559427261353, 314.9688415527344, 99.15177154541016, 375.2353210449219], [296.9523010253906, 124.25428009033203, 450.0188293457031, 374.51312255859375], [187.9299774169922, 104.478515625, 481.3236083984375, 374.53570556640625], [-0.02568960189819336, 273.1885681152344, 351.5926818847656, 375.4644775390625], [-0.23907050490379333, 351.07562255859375, 79.37567138671875, 375.2033996582031], [173.3975372314453, 109.06072998046875, 449.71197509765625, 260.74700927734375], [294.6692199707031, 171.73681640625, 351.3199157714844, 225.41380310058594], [86.4070816040039, 105.11949157714844, 416.4281005859375, 374.4858703613281], [-0.16300752758979797, 83.36973571777344, 94.46199035644531, 351.81317138671875], [128.96543884277344, 280.3173828125, 343.3820495605469, 374.9317321777344], [-0.28406456112861633, 83.54232788085938, 95.68275451660156, 374.4805908203125], [0.527799129486084, 243.54708862304688, 497.926025390625, 375.37109375], [-0.17613917589187622, 84.80951690673828, 129.6099090576172, 374.84527587890625], [-0.4389062523841858, 17.586517333984375, 237.4671630859375, 374.5841369628906], [286.41741943359375, 125.31088256835938, 499.9526062011719, 374.33038330078125], [224.2816925048828, 229.77163696289062, 295.81524658203125, 257.6961975097656], [304.1766357421875, 171.20838928222656, 351.3730773925781, 186.29763793945312], [0.5395412445068359, 161.99551391601562, 337.58917236328125, 375.3589172363281], [186.97210693359375, 107.3488540649414, 499.2913818359375, 267.4129333496094], [-0.20443275570869446, 84.13214874267578, 93.4979019165039, 245.71524047851562], [0.4252120852470398, 314.638916015625, 126.14664459228516, 375.14434814453125], [97.39412689208984, 339.36065673828125, 124.62769317626953, 374.9519958496094], [155.7428741455078, 112.64840698242188, 499.69757080078125, 374.616455078125], [299.2166748046875, 127.46440887451172, 499.95196533203125, 374.17413330078125], [0.6356239318847656, 260.3465270996094, 290.99969482421875, 375.3467102050781], [430.6048278808594, 138.16139221191406, 500.1715393066406, 269.1555480957031], [0.4252120852470398, 314.638916015625, 126.14664459228516, 375.14434814453125], [271.1509094238281, 125.55140686035156, 443.4513854980469, 251.20359802246094], [174.71804809570312, 110.69535064697266, 446.521240234375, 232.8853302001953], [0.03600120544433594, 9.248312950134277, 342.3104248046875, 375.295166015625], [128.96543884277344, 280.3173828125, 343.3820495605469, 374.9317321777344], [155.7428741455078, 112.64840698242188, 499.69757080078125, 374.616455078125], [0.887453556060791, 90.88724517822266, 338.8199462890625, 374.7178649902344], [-0.7346272468566895, 4.982583045959473, 499.26031494140625, 374.35919189453125], [383.78448486328125, 269.48712158203125, 434.3959045410156, 374.17669677734375], [0.2334117889404297, 18.143634796142578, 349.2804260253906, 375.0127258300781], [256.8837890625, 245.46810913085938, 278.5830993652344, 256.0297546386719], [0.10747462511062622, 49.2662353515625, 222.6400146484375, 372.67938232421875], [91.27189636230469, 106.4632568359375, 309.4071960449219, 374.40411376953125], [86.4070816040039, 105.11949157714844, 416.4281005859375, 374.4858703613281], [-0.12030452489852905, 200.11976623535156, 125.53474426269531, 375.1427001953125], [384.8760986328125, 138.20387268066406, 500.0442199707031, 374.3298034667969], [328.4151916503906, 137.2904510498047, 500.1178894042969, 374.4837951660156], [-0.393792986869812, 80.13610076904297, 499.57769775390625, 375.1726379394531], [224.61647033691406, 218.6617889404297, 279.72100830078125, 257.754638671875], [260.30712890625, 245.2587127685547, 278.5438232421875, 255.9820556640625], [-0.5189031362533569, 20.611177444458008, 342.52197265625, 374.0544738769531], [-6.497964382171631, 81.35159301757812, 345.2080993652344, 374.9599914550781], [183.6844940185547, 105.36305236816406, 321.5840148925781, 258.31109619140625], [0.3244727849960327, 82.61353302001953, 357.5345153808594, 374.65289306640625], [-0.23907050490379333, 351.07562255859375, 79.37567138671875, 375.2033996582031], [384.9407958984375, 260.3357238769531, 499.92132568359375, 374.83331298828125], [129.5797576904297, 108.55432891845703, 478.03076171875, 374.8766174316406], [0.028673559427261353, 314.9688415527344, 99.15177154541016, 375.2353210449219], [0.1315772533416748, 10.428082466125488, 341.59381103515625, 375.0663757324219], [-0.7303208112716675, 48.03626251220703, 344.7157287597656, 380.1664733886719], [187.1904754638672, 107.403564453125, 457.0198669433594, 257.18798828125], [384.9407958984375, 260.3357238769531, 499.92132568359375, 374.83331298828125], [126.98030090332031, 261.2580261230469, 344.05645751953125, 374.9616394042969], [-0.11511147022247314, 82.66615295410156, 259.9880676269531, 375.2449645996094], [400.2463073730469, 138.49549865722656, 500.5740051269531, 357.8961486816406], [418.7570495605469, 207.68731689453125, 499.6632080078125, 372.6330261230469], [418.7166442871094, 262.3416442871094, 500.0498352050781, 354.122802734375], [226.57562255859375, 235.79690551757812, 333.8795471191406, 258.29461669921875], [333.833984375, 253.60626220703125, 499.80206298828125, 374.9830627441406], [187.9299774169922, 104.478515625, 481.3236083984375, 374.53570556640625], [-0.6499290466308594, 146.3798065185547, 497.5967712402344, 375.533935546875], [333.833984375, 253.60626220703125, 499.80206298828125, 374.9830627441406], [0.9166896343231201, 207.73873901367188, 489.0940856933594, 375.3951416015625], [126.98030090332031, 261.2580261230469, 344.05645751953125, 374.9616394042969], [118.25825500488281, 254.46380615234375, 423.7608947753906, 374.814697265625], [197.7063446044922, 213.88328552246094, 278.9452209472656, 258.345947265625], [384.8760986328125, 138.20387268066406, 500.0442199707031, 374.3298034667969], [0.4213005304336548, 80.06256103515625, 205.46632385253906, 374.90875244140625], [404.43682861328125, 270.19842529296875, 427.3023681640625, 296.5296325683594], [303.3179931640625, 236.79541015625, 499.8120422363281, 374.73199462890625], [418.7570495605469, 207.68731689453125, 499.6632080078125, 372.6330261230469], [-0.7821246981620789, 79.55992126464844, 198.2220458984375, 374.9685363769531], [179.25125122070312, 106.19386291503906, 343.7720031738281, 260.3397216796875], [97.39412689208984, 339.36065673828125, 124.62769317626953, 374.9519958496094], [325.8514709472656, 171.82627868652344, 351.5979919433594, 179.46876525878906], [0.4228353500366211, 259.8608703613281, 342.8098449707031, 375.24560546875], [388.9925231933594, 170.52061462402344, 403.4553527832031, 198.56741333007812], [412.72412109375, 138.47039794921875, 500.4161682128906, 355.5475769042969], [0.22947043180465698, 82.33074951171875, 218.04446411132812, 227.2130584716797], [418.7166442871094, 262.3416442871094, 500.0498352050781, 354.122802734375], [397.5563659667969, 335.28558349609375, 425.54534912109375, 374.88214111328125], [-0.18846243619918823, 83.89360809326172, 214.46946716308594, 155.44210815429688], [-0.7896497845649719, 83.76262664794922, 93.17322540283203, 374.0181884765625], [-0.7821246981620789, 79.55992126464844, 198.2220458984375, 374.9685363769531], [0.6329044699668884, 82.45771789550781, 235.39508056640625, 374.99517822265625], [94.673095703125, 259.1445007324219, 342.52459716796875, 375.52447509765625], [0.1259446144104004, 81.48556518554688, 264.5987548828125, 374.8038024902344], [0.10747462511062622, 49.2662353515625, 222.6400146484375, 372.67938232421875], [430.6462707519531, 138.33580017089844, 500.1127624511719, 268.166259765625], [430.6462707519531, 138.33580017089844, 500.1127624511719, 268.166259765625], [172.0291748046875, 238.78428649902344, 482.78033447265625, 374.1910400390625], [-0.4485100507736206, 81.67486572265625, 366.8447265625, 374.7802429199219], [169.04058837890625, 119.35328674316406, 234.30067443847656, 228.51321411132812], [94.673095703125, 259.1445007324219, 342.52459716796875, 375.52447509765625], [328.4151916503906, 137.2904510498047, 500.1178894042969, 374.4837951660156], [271.1509094238281, 125.55140686035156, 443.4513854980469, 251.20359802246094], [-6.497964382171631, 81.35159301757812, 345.2080993652344, 374.9599914550781], [118.25825500488281, 254.46380615234375, 423.7608947753906, 374.814697265625], [421.7792663574219, 263.2427978515625, 500.3302001953125, 354.3256530761719], [-0.5189031362533569, 20.611177444458008, 342.52197265625, 374.0544738769531], [383.8722229003906, 334.87884521484375, 425.6913146972656, 375.02154541015625], [388.9925231933594, 170.52061462402344, 403.4553527832031, 198.56741333007812], [294.6692199707031, 171.73681640625, 351.3199157714844, 225.41380310058594], [-0.6188005208969116, 82.96720886230469, 327.8289489746094, 374.8771057128906], [0.882372260093689, 277.1567687988281, 497.92266845703125, 375.8406066894531], [315.92669677734375, 131.5653533935547, 499.9750671386719, 374.2382507324219], [-1.9631534814834595, 84.88992309570312, 439.57977294921875, 375.0704650878906], [0.33912062644958496, 82.10388946533203, 212.0032501220703, 375.3140563964844], [-0.20443275570869446, 84.13214874267578, 93.4979019165039, 245.71524047851562], [-0.6645321846008301, 80.92739868164062, 403.51605224609375, 377.82763671875], [-0.4988759756088257, 84.1253433227539, 499.4742126464844, 370.2886657714844], [-0.7346272468566895, 4.982583045959473, 499.26031494140625, 374.35919189453125], [176.59506225585938, 247.19949340820312, 421.3965148925781, 374.48675537109375], [273.8450622558594, 208.45632934570312, 499.08447265625, 374.08233642578125], [-0.1566559076309204, 83.63924407958984, 108.41567993164062, 374.7772521972656], [193.99993896484375, 105.05575561523438, 458.73516845703125, 256.24017333984375], [-0.054173171520233154, 204.1707763671875, 127.9932861328125, 375.2995910644531], [305.0782165527344, 281.160400390625, 374.1487731933594, 374.4508972167969], [323.2100524902344, 128.52017211914062, 500.3774719238281, 374.454833984375], [-0.2683401107788086, 81.62297058105469, 319.693115234375, 374.59515380859375], [418.7570495605469, 207.68731689453125, 499.6632080078125, 372.6330261230469], [174.2882537841797, 86.02922821044922, 214.13995361328125, 121.92362213134766], [296.9523010253906, 124.25428009033203, 450.0188293457031, 374.51312255859375], [333.833984375, 253.60626220703125, 499.80206298828125, 374.9830627441406], [-0.1566559076309204, 83.63924407958984, 108.41567993164062, 374.7772521972656], [-0.393792986869812, 80.13610076904297, 499.57769775390625, 375.1726379394531], [230.23240661621094, 243.67413330078125, 337.13323974609375, 260.0853271484375], [128.96543884277344, 280.3173828125, 343.3820495605469, 374.9317321777344], [338.9151611328125, 124.89529418945312, 445.1158142089844, 249.41908264160156], [412.72412109375, 138.47039794921875, 500.4161682128906, 355.5475769042969], [-0.12030452489852905, 200.11976623535156, 125.53474426269531, 375.1427001953125], [180.64114379882812, 267.2637634277344, 345.8271179199219, 374.9719543457031], [155.7428741455078, 112.64840698242188, 499.69757080078125, 374.616455078125], [0.3387033939361572, 254.248779296875, 343.3498840332031, 375.43084716796875], [-0.567212700843811, 276.8648986816406, 466.10748291015625, 375.4794921875], [202.20404052734375, 237.25025939941406, 479.7023620605469, 286.1220703125], [126.98030090332031, 261.2580261230469, 344.05645751953125, 374.9616394042969], [184.63314819335938, 108.15724182128906, 444.26263427734375, 242.23507690429688], [-0.9013265371322632, 90.76216125488281, 498.9818420410156, 265.15765380859375], [384.9407958984375, 260.3357238769531, 499.92132568359375, 374.83331298828125], [-0.9023696184158325, 87.44414520263672, 473.6334228515625, 283.0428466796875], [299.2166748046875, 127.46440887451172, 499.95196533203125, 374.17413330078125], [-0.5869865417480469, 84.70060729980469, 499.4072265625, 374.1751403808594], [0.527799129486084, 243.54708862304688, 497.926025390625, 375.37109375], [0.4228353500366211, 259.8608703613281, 342.8098449707031, 375.24560546875], [178.1586151123047, 213.84048461914062, 481.5836181640625, 287.160888671875], [0.17051398754119873, 90.44302368164062, 272.3047790527344, 375.2351989746094], [-0.7303208112716675, 48.03626251220703, 344.7157287597656, 380.1664733886719], [0.19477307796478271, 261.99566650390625, 213.5388641357422, 375.146728515625], [-0.02568960189819336, 273.1885681152344, 351.5926818847656, 375.4644775390625]), Score: [0.9665514230728149, 0.9119581580162048, 0.5794636011123657, 0.5596204996109009, 0.5285512208938599, 0.5033870339393616, 0.3438803553581238, 0.3122877776622772, 0.3062591552734375, 0.29312676191329956, 0.2774510383605957, 0.27191296219825745, 0.2716987729072571, 0.26053762435913086, 0.25698229670524597, 0.2535082995891571, 0.25056734681129456, 0.24627231061458588, 0.20313972234725952, 0.1966308206319809, 0.19534321129322052, 0.18989403545856476, 0.18398721516132355, 0.18307527899742126, 0.18074581027030945, 0.18020516633987427, 0.1790899932384491, 0.17698439955711365, 0.17518350481987, 0.17281466722488403, 0.1675906926393509, 0.16732878983020782, 0.16357822716236115, 0.16237403452396393, 0.15577055513858795, 0.15569809079170227, 0.15468049049377441, 0.15390542149543762, 0.15140342712402344, 0.1492520421743393, 0.1451142132282257, 0.14377640187740326, 0.14303745329380035, 0.14046363532543182, 0.14031898975372314, 0.13861845433712006, 0.13263756036758423, 0.12982910871505737, 0.12728038430213928, 0.12667596340179443, 0.12546584010124207, 0.12520697712898254, 0.12192466109991074, 0.12128973752260208, 0.12120825052261353, 0.12101486325263977, 0.12044142186641693, 0.11927547305822372, 0.11825777590274811, 0.11805060505867004, 0.11781223118305206, 0.11758887767791748, 0.11472337692975998, 0.11449939012527466, 0.11406628787517548, 0.1139618530869484, 0.11173608154058456, 0.11087828129529953, 0.11025357246398926, 0.109949491918087, 0.10939965397119522, 0.1089794859290123, 0.10896342992782593, 0.10656830668449402, 0.10631732642650604, 0.10608702898025513, 0.10559365898370743, 0.10551395267248154, 0.10389328002929688, 0.10386303067207336, 0.10354829579591751, 0.10262329876422882, 0.10228274762630463, 0.10173212736845016, 0.10127190500497818, 0.10103999823331833, 0.09955252707004547, 0.0995255559682846, 0.09950879216194153, 0.09852615743875504, 0.0984896644949913, 0.0984325259923935, 0.09820152819156647, 0.09741483628749847, 0.09597018361091614, 0.0956249013543129, 0.09553856402635574, 0.09506276249885559, 0.09419633448123932, 0.09418869018554688, 0.09398916363716125, 0.09360458701848984, 0.09172976762056351, 0.09096457064151764, 0.09091009199619293, 0.08990577608346939, 0.08944831043481827, 0.08935146033763885, 0.08931109309196472, 0.0892072319984436, 0.08892031759023666, 0.08858803659677505, 0.08857861906290054, 0.08844263106584549, 0.08826778084039688, 0.08760230988264084, 0.08678743243217468, 0.08655509352684021, 0.08655203133821487, 0.08610309660434723, 0.0857071727514267, 0.08562486618757248, 0.08552443981170654, 0.08547190576791763, 0.08527357131242752, 0.08499133586883545, 0.08480200916528702, 0.08465920388698578, 0.0846560001373291, 0.08413389325141907, 0.0837230309844017, 0.0836663469672203, 0.08298388123512268, 0.08270696550607681, 0.08255652338266373, 0.0821446031332016, 0.08163325488567352, 0.08141956478357315, 0.08126769214868546, 0.08047991991043091, 0.08020284026861191, 0.08011262118816376, 0.08001382648944855, 0.07958555966615677, 0.07956525683403015, 0.0784062072634697, 0.078404501080513, 0.07828901708126068, 0.0775579884648323, 0.07716449350118637, 0.07699607312679291, 0.07692043483257294, 0.07687597721815109, 0.07572933286428452, 0.07496467232704163, 0.07488548010587692, 0.07485806196928024, 0.07340904325246811, 0.07328908145427704, 0.07213976234197617, 0.07193618267774582, 0.07160905003547668, 0.07155846804380417, 0.07137454301118851, 0.07107299566268921, 0.07051420956850052, 0.07051242142915726, 0.07047883421182632, 0.07044968008995056, 0.07044655829668045, 0.07018046826124191, 0.07012102752923965, 0.07008529454469681, 0.06996700167655945, 0.06944198161363602, 0.06898299604654312, 0.06878115236759186, 0.06844961643218994, 0.06820420175790787, 0.06816661357879639, 0.06796616315841675, 0.067853644490242, 0.06774457544088364, 0.06771884858608246, 0.06761620193719864, 0.06731817126274109, 0.06721634417772293, 0.0669824630022049, 0.06685353815555573, 0.06673815846443176, 0.06634517014026642, 0.06627621501684189, 0.06614396721124649, 0.06583534181118011, 0.06563270092010498, 0.06562992185354233, 0.0656028762459755, 0.06528985500335693, 0.06501708924770355, 0.06494265049695969, 0.06489841639995575, 0.06454690545797348, 0.0643434002995491, 0.06434126198291779, 0.06425692141056061, 0.06425213068723679, 0.06419693678617477, 0.06391651183366776, 0.06361275166273117, 0.06353462487459183, 0.06343982368707657, 0.06341330707073212, 0.06340448558330536, 0.06333420425653458, 0.06307251006364822, 0.0630481168627739, 0.06297796964645386, 0.06297117471694946, 0.062122706323862076, 0.06190649792551994, 0.06160244345664978, 0.061572905629873276, 0.06125439330935478, 0.061240170150995255, 0.06116282567381859, 0.061106640845537186, 0.06094447523355484, 0.060896847397089005, 0.06087549403309822, 0.06062531843781471, 0.06035139411687851, 0.06018056720495224, 0.06009957194328308, 0.05986172333359718, 0.05943866819143295, 0.059438325464725494, 0.0590825080871582, 0.0588713064789772, 0.05853601545095444, 0.058527734130620956, 0.05846872553229332, 0.058375291526317596, 0.058337535709142685, 0.05830993503332138, 0.05812740698456764, 0.05801104009151459, 0.05787038803100586, 0.05777585878968239, 0.05767254903912544, 0.057462215423583984, 0.057223498821258545, 0.05718604475259781, 0.05708710104227066, 0.05686916783452034, 0.056512072682380676, 0.05647056922316551, 0.05620170012116432, 0.0561923012137413, 0.056158751249313354, 0.056090980768203735, 0.05599891394376755, 0.05594263970851898, 0.05592801421880722, 0.05591806396842003, 0.05589091405272484, 0.05573100224137306, 0.05571228265762329, 0.055553991347551346, 0.05525720492005348, 0.05492069572210312, 0.05461808294057846, 0.05460479110479355, 0.05444720759987831, 0.05427895858883858, 0.05404496565461159, 0.05378805473446846, 0.05375531315803528, 0.0537218414247036, 0.05363084003329277, 0.05359543487429619, 0.053571879863739014, 0.05356220901012421, 0.053546465933322906, 0.05343932658433914, 0.053322143852710724, 0.05326850339770317, 0.05325380340218544, 0.05309963598847389, 0.05272010341286659, 0.05258510261774063, 0.0525500662624836, 0.052481453865766525, 0.05240154638886452, 0.05225422978401184, 0.05215005949139595, 0.05214083194732666, 0.051899150013923645, 0.05188370868563652, 0.051873791962862015, 0.05180395767092705]

Execution time: 0.4117 sec
