Label: tensor([ 6,  0,  7,  8,  0,  0,  0,  2,  2,  7,  0,  7,  0,  2,  0,  0,  2,  7,
         6,  5,  0,  1,  0,  7, 13,  0,  0,  2,  1,  0,  7,  0,  0,  6,  0,  0,
         2,  0,  6,  0,  1, 13,  0,  0,  1, 13,  2,  5,  4,  0,  0,  0,  6,  0,
         0,  2,  6,  9,  8,  0, 17,  2,  2,  7,  0,  2, 13,  0,  0,  2,  0,  0,
         0,  2,  0,  0,  0,  0,  0,  2,  2,  2,  0,  0,  2,  2,  0,  0, 28,  7,
         0,  0,  0,  8,  0,  2,  0, 13,  8,  0, 13,  0,  2, 13,  2,  0,  9,  0,
         0,  0, 14,  2,  2,  9,  0,  7,  0,  7,  7,  0,  0,  6,  6,  1,  0, 28,
        10,  0,  0, 13,  0,  2, 16,  5,  0,  0, 13,  0,  0, 13,  2,  0,  2, 13,
         0,  7,  6,  0,  0,  2,  6,  9,  2,  0, 13,  2,  0,  1,  0,  6,  6,  9,
         0,  2,  0,  0,  0,  7,  0,  0, 45,  0,  2,  7,  7,  0,  7,  0,  0,  1,
        17,  7, 13, 13,  0,  2,  0,  3, 17, 56,  0,  7, 13, 13,  2,  3,  0,  0,
         0, 56,  0,  2,  6,  0, 56,  1,  0,  6, 13,  9,  0,  0,  5,  0,  0,  6,
         0,  0,  2,  8,  0, 56,  2,  0,  7,  3,  6, 56,  2,  0,  2,  2,  3, 13,
         2,  2,  0,  2,  0,  6,  9,  2,  0,  0, 13,  6,  2,  0, 15, 13,  2,  0,
         1, 58, 17,  0,  0,  0,  0,  0,  7,  0, 10,  2, 13,  0,  0,  7,  0, 13,
         2,  1,  2,  7,  2,  6,  9,  0, 58,  0,  2,  6, 35,  0,  7,  2,  0,  7,
         2,  7,  9,  3,  6,  0,  6,  0, 10,  2,  0, 52]), Box: ([32.81863021850586, 72.06607818603516, 415.0692138671875, 252.71046447753906], [469.8481750488281, 187.36752319335938, 474.0494079589844, 197.36863708496094], [0.11541135609149933, 179.89169311523438, 37.69986343383789, 196.90415954589844], [0.11541135609149933, 179.89169311523438, 37.69986343383789, 196.90415954589844], [306.040771484375, 197.63514709472656, 316.2621154785156, 225.34017944335938], [171.99755859375, 97.20686340332031, 188.8887481689453, 116.55316925048828], [76.12816619873047, 177.38819885253906, 94.98735809326172, 197.158935546875], [0.11541135609149933, 179.89169311523438, 37.69986343383789, 196.90415954589844], [18.497425079345703, 191.044921875, 50.43748092651367, 220.19607543945312], [19.85995101928711, 200.28091430664062, 46.30205535888672, 220.1735382080078], [83.07135009765625, 178.06027221679688, 94.90943145751953, 193.96099853515625], [18.497425079345703, 191.044921875, 50.43748092651367, 220.19607543945312], [445.3335266113281, 179.80511474609375, 452.3470458984375, 196.8924560546875], [19.85995101928711, 200.28091430664062, 46.30205535888672, 220.1735382080078], [30.69657325744629, 215.36016845703125, 41.1150016784668, 231.71630859375], [479.1044616699219, 183.3404541015625, 483.9470520019531, 196.03660583496094], [17.63243865966797, 188.86117553710938, 67.43708801269531, 220.4283447265625], [428.30145263671875, 184.62864685058594, 437.7612609863281, 196.72598266601562], [0.11541135609149933, 179.89169311523438, 37.69986343383789, 196.90415954589844], [0.11541135609149933, 179.89169311523438, 37.69986343383789, 196.90415954589844], [20.541210174560547, 202.2292938232422, 29.082443237304688, 220.02577209472656], [231.86785888671875, 206.13894653320312, 261.27923583984375, 229.16818237304688], [67.20256805419922, 182.83740234375, 73.69989013671875, 191.4627227783203], [17.63243865966797, 188.86117553710938, 67.43708801269531, 220.4283447265625], [19.85995101928711, 200.28091430664062, 46.30205535888672, 220.1735382080078], [67.82701110839844, 182.84042358398438, 75.69482421875, 192.65460205078125], [475.5608215332031, 183.42176818847656, 481.060546875, 196.85824584960938], [0.19069015979766846, 179.6932373046875, 37.78485870361328, 196.91383361816406], [204.3448028564453, 204.38037109375, 261.11285400390625, 231.75967407226562], [476.31646728515625, 189.21058654785156, 481.18389892578125, 196.86412048339844], [0.19069015979766846, 179.6932373046875, 37.78485870361328, 196.91383361816406], [199.2222442626953, 114.81953430175781, 207.1558380126953, 122.21419525146484], [471.74066162109375, 189.18661499023438, 475.1143493652344, 197.15545654296875], [18.497425079345703, 191.044921875, 50.43748092651367, 220.19607543945312], [474.2397766113281, 186.1768035888672, 479.7095642089844, 197.084716796875], [67.77923583984375, 182.83619689941406, 77.16093444824219, 196.52439880371094], [34.946048736572266, 188.2227325439453, 43.81248092651367, 194.8345489501953], [479.21856689453125, 183.27886962890625, 483.0016784667969, 191.78094482421875], [19.85995101928711, 200.28091430664062, 46.30205535888672, 220.1735382080078], [332.31927490234375, 162.18914794921875, 340.87774658203125, 173.9253387451172], [205.32730102539062, 202.64154052734375, 260.753173828125, 230.92018127441406], [18.497425079345703, 191.044921875, 50.43748092651367, 220.19607543945312], [69.92377471923828, 176.68057250976562, 95.34126281738281, 220.79214477539062], [15.524794578552246, 202.89659118652344, 19.917905807495117, 218.40933227539062], [183.89382934570312, 200.45962524414062, 260.13214111328125, 235.00921630859375], [184.09410095214844, 200.0024871826172, 229.04867553710938, 235.1034698486328], [39.646812438964844, 188.0795440673828, 66.09663391113281, 201.39309692382812], [0.19069015979766846, 179.6932373046875, 37.78485870361328, 196.91383361816406], [0.11541135609149933, 179.89169311523438, 37.69986343383789, 196.90415954589844], [479.7785949707031, 187.5052947998047, 484.2494812011719, 196.36712646484375], [469.37109375, 186.70472717285156, 472.65618896484375, 197.1578826904297], [74.24005889892578, 182.1075439453125, 85.01470184326172, 196.98281860351562], [17.63243865966797, 188.86117553710938, 67.43708801269531, 220.4283447265625], [74.57923889160156, 183.65040588378906, 85.53050231933594, 197.20657348632812], [421.7452392578125, 190.9251708984375, 426.5382995605469, 199.7398223876953], [42.71916961669922, 187.1388702392578, 68.46406555175781, 200.17782592773438], [-0.2558194100856781, 188.9530029296875, 70.53534698486328, 253.67648315429688], [171.99755859375, 97.20686340332031, 188.8887481689453, 116.55316925048828], [0.28145498037338257, 188.6689910888672, 29.587793350219727, 197.06895446777344], [56.61268615722656, 176.68896484375, 95.06879425048828, 252.59446716308594], [171.99755859375, 97.20686340332031, 188.8887481689453, 116.55316925048828], [374.94732666015625, 190.9017791748047, 405.74273681640625, 209.5848846435547], [374.4584045410156, 190.54103088378906, 405.50604248046875, 209.53355407714844], [-0.2558194100856781, 188.9530029296875, 70.53534698486328, 253.67648315429688], [445.4217529296875, 185.21151733398438, 450.84906005859375, 196.64715576171875], [428.30145263671875, 184.62864685058594, 437.7612609863281, 196.72598266601562], [0.11541135609149933, 179.89169311523438, 37.69986343383789, 196.90415954589844], [493.72998046875, 184.62464904785156, 499.3458557128906, 194.23802185058594], [424.02545166015625, 190.38705444335938, 428.1764221191406, 198.35910034179688], [-0.09272061288356781, 231.7418975830078, 15.197933197021484, 257.3663330078125], [305.8085021972656, 211.1868133544922, 313.79119873046875, 225.39906311035156], [308.3596496582031, 141.777099609375, 320.86370849609375, 167.5732421875], [219.24020385742188, 117.63512420654297, 227.2871856689453, 134.2056427001953], [22.369306564331055, 191.48875427246094, 49.528526306152344, 219.41604614257812], [475.4071960449219, 183.3245849609375, 479.6685485839844, 190.70748901367188], [30.88601303100586, 213.61416625976562, 49.569618225097656, 231.59405517578125], [458.1141357421875, 185.4197998046875, 462.9123229980469, 193.30181884765625], [219.81146240234375, 117.90057373046875, 227.2041778564453, 129.46388244628906], [176.32769775390625, 97.523193359375, 187.5262908935547, 108.14305877685547], [38.65279006958008, 189.41708374023438, 57.20726013183594, 201.5611572265625], [44.555545806884766, 189.93148803710938, 68.4103775024414, 216.53147888183594], [385.1041564941406, 192.5194091796875, 405.8154602050781, 207.57476806640625], [37.35531997680664, 189.0513458251953, 44.36146545410156, 201.00177001953125], [44.1954345703125, 176.8798828125, 94.88858795166016, 252.3461151123047], [184.09410095214844, 200.0024871826172, 229.04867553710938, 235.1034698486328], [351.89862060546875, 195.249755859375, 377.5777893066406, 211.94654846191406], [446.78106689453125, 185.18670654296875, 453.9578857421875, 196.99049377441406], [190.24081420898438, 113.62443542480469, 196.35867309570312, 124.59548950195312], [19.85995101928711, 200.28091430664062, 46.30205535888672, 220.1735382080078], [22.369306564331055, 191.48875427246094, 49.528526306152344, 219.41604614257812], [220.53871154785156, 118.76399230957031, 226.66543579101562, 125.7787094116211], [423.9178161621094, 190.3662872314453, 428.80718994140625, 199.10508728027344], [221.57205200195312, 207.618408203125, 231.81484985351562, 231.42893981933594], [0.19069015979766846, 179.6932373046875, 37.78485870361328, 196.91383361816406], [440.278076171875, 185.49749755859375, 444.08233642578125, 196.72491455078125], [-0.2558194100856781, 188.9530029296875, 70.53534698486328, 253.67648315429688], [70.23377227783203, 182.8032684326172, 77.56059265136719, 193.80589294433594], [18.202890396118164, 198.2163543701172, 47.81450653076172, 230.93359375], [0.09710434824228287, 186.17567443847656, 28.038848876953125, 197.0216827392578], [59.83881378173828, 182.5435791015625, 73.10831451416016, 194.42352294921875], [428.30145263671875, 184.62864685058594, 437.7612609863281, 196.72598266601562], [460.2586975097656, 180.73895263671875, 465.4747009277344, 192.58982849121094], [20.541210174560547, 202.2292938232422, 29.082443237304688, 220.02577209472656], [30.88601303100586, 213.61416625976562, 49.569618225097656, 231.59405517578125], [45.23579788208008, 193.50222778320312, 67.5006103515625, 217.2493133544922], [309.13323974609375, 141.26007080078125, 320.9339904785156, 156.08917236328125], [20.541210174560547, 202.2292938232422, 29.082443237304688, 220.02577209472656], [31.369264602661133, 216.06446838378906, 38.02871322631836, 231.08563232421875], [413.9223327636719, 184.0136260986328, 419.46490478515625, 199.58642578125], [27.76310157775879, 192.4219512939453, 48.72792434692383, 231.6837158203125], [171.99755859375, 97.20686340332031, 188.8887481689453, 116.55316925048828], [35.78248596191406, 186.9190216064453, 65.43048095703125, 194.89784240722656], [0.09710434824228287, 186.17567443847656, 28.038848876953125, 197.0216827392578], [446.4759216308594, 179.27337646484375, 451.21453857421875, 185.8945770263672], [178.17459106445312, 97.60454559326172, 187.93394470214844, 108.23717498779297], [31.36475372314453, 72.9655532836914, 415.00579833984375, 251.22634887695312], [189.91070556640625, 115.18441009521484, 196.8895721435547, 125.51941680908203], [18.124961853027344, 189.29649353027344, 50.760528564453125, 220.1284637451172], [428.23968505859375, 185.41192626953125, 437.4516906738281, 196.7109832763672], [46.750972747802734, 191.6029052734375, 53.798038482666016, 201.27366638183594], [172.76527404785156, 103.97920989990234, 186.48959350585938, 116.5096206665039], [428.30145263671875, 184.62864685058594, 437.7612609863281, 196.72598266601562], [-0.576104998588562, 177.97637939453125, 94.76861572265625, 253.68284606933594], [184.66708374023438, 198.80760192871094, 259.688720703125, 234.125], [381.0082092285156, 195.67550659179688, 389.6639404296875, 210.13320922851562], [20.541210174560547, 202.2292938232422, 29.082443237304688, 220.02577209472656], [469.8481750488281, 187.36752319335938, 474.0494079589844, 197.36863708496094], [0.14109444618225098, 232.04568481445312, 12.28620719909668, 242.04931640625], [64.68964385986328, 182.55613708496094, 69.4967269897461, 191.72940063476562], [476.31646728515625, 189.21058654785156, 481.18389892578125, 196.86412048339844], [43.490966796875, 177.5821075439453, 95.21775817871094, 217.09849548339844], [378.5692443847656, 195.4368438720703, 392.15380859375, 210.30958557128906], [171.99755859375, 97.20686340332031, 188.8887481689453, 116.55316925048828], [31.36475372314453, 72.9655532836914, 415.00579833984375, 251.22634887695312], [378.5692443847656, 195.4368438720703, 392.15380859375, 210.30958557128906], [74.34454345703125, 188.3503875732422, 84.10749053955078, 197.3857421875], [0.20750239491462708, 226.01026916503906, 46.807212829589844, 248.05865478515625], [87.40235900878906, 182.2230224609375, 95.44317626953125, 193.80177307128906], [405.1942443847656, 187.6991729736328, 411.2381591796875, 200.93724060058594], [469.8481750488281, 187.36752319335938, 474.0494079589844, 197.36863708496094], [30.14864158630371, 191.5634002685547, 68.81510162353516, 232.13882446289062], [313.5777282714844, 197.61721801757812, 323.3442687988281, 217.79525756835938], [0.14507538080215454, 182.08143615722656, 8.754857063293457, 195.2245330810547], [-0.19511394202709198, 214.4797821044922, 49.60959243774414, 250.31695556640625], [224.3756103515625, 207.23245239257812, 233.27333068847656, 232.48175048828125], [0.029804185032844543, 179.42115783691406, 48.681640625, 249.4556884765625], [31.36475372314453, 72.9655532836914, 415.00579833984375, 251.22634887695312], [248.72348022460938, 168.42431640625, 256.173095703125, 188.28477478027344], [84.48353576660156, 182.48284912109375, 93.88302612304688, 195.7724609375], [0.20750239491462708, 226.01026916503906, 46.807212829589844, 248.05865478515625], [230.8983154296875, 141.0929718017578, 414.0823974609375, 227.7723388671875], [447.4756774902344, 178.98240661621094, 452.45654296875, 185.2015380859375], [0.28145498037338257, 188.6689910888672, 29.587793350219727, 197.06895446777344], [494.473388671875, 186.36300659179688, 499.26287841796875, 194.5519561767578], [-0.09272061288356781, 231.7418975830078, 15.197933197021484, 257.3663330078125], [43.490966796875, 177.5821075439453, 95.21775817871094, 217.09849548339844], [310.4228210449219, 141.1675262451172, 319.69354248046875, 149.0183563232422], [206.0772247314453, 211.24205017089844, 229.1685333251953, 232.5242919921875], [42.697166442871094, 190.68783569335938, 72.40010833740234, 246.4701690673828], [232.044189453125, 143.69784545898438, 414.0838623046875, 224.3247833251953], [341.3497009277344, 143.09100341796875, 414.48651123046875, 211.70692443847656], [67.20256805419922, 182.83740234375, 73.69989013671875, 191.4627227783203], [376.5629577636719, 194.67596435546875, 383.8609924316406, 208.74330139160156], [44.23215103149414, 187.80209350585938, 63.4066162109375, 193.27671813964844], [190.10366821289062, 112.57832336425781, 203.81350708007812, 123.73782348632812], [446.4759216308594, 179.27337646484375, 451.21453857421875, 185.8945770263672], [76.74606323242188, 179.73512268066406, 86.32011413574219, 192.4532012939453], [-0.576104998588562, 177.97637939453125, 94.76861572265625, 253.68284606933594], [405.8128967285156, 188.218994140625, 411.48712158203125, 200.86329650878906], [412.3852233886719, 183.43138122558594, 417.8120422363281, 199.7723846435547], [0.11541135609149933, 179.89169311523438, 37.69986343383789, 196.90415954589844], [435.1046447753906, 185.17864990234375, 439.0617370605469, 196.74485778808594], [183.89382934570312, 200.45962524414062, 260.13214111328125, 235.00921630859375], [20.541210174560547, 202.2292938232422, 29.082443237304688, 220.02577209472656], [184.09410095214844, 200.0024871826172, 229.04867553710938, 235.1034698486328], [206.0772247314453, 211.24205017089844, 229.1685333251953, 232.5242919921875], [0.09710434824228287, 186.17567443847656, 28.038848876953125, 197.0216827392578], [488.0412902832031, 184.19485473632812, 494.6579895019531, 193.8995361328125], [245.73641967773438, 186.8935546875, 257.7601623535156, 207.88453674316406], [233.2781524658203, 214.87435913085938, 246.4082489013672, 228.5873565673828], [172.76527404785156, 103.97920989990234, 186.48959350585938, 116.5096206665039], [341.3497009277344, 143.09100341796875, 414.48651123046875, 211.70692443847656], [183.89382934570312, 200.45962524414062, 260.13214111328125, 235.00921630859375], [-0.29978156089782715, 214.56495666503906, 69.86454772949219, 254.5369110107422], [24.9833927154541, 203.39454650878906, 30.794126510620117, 219.64071655273438], [493.72998046875, 184.62464904785156, 499.3458557128906, 194.23802185058594], [173.59120178222656, 98.33773040771484, 187.32693481445312, 116.21369171142578], [231.86785888671875, 206.13894653320312, 261.27923583984375, 229.16818237304688], [469.8481750488281, 187.36752319335938, 474.0494079589844, 197.36863708496094], [30.88601303100586, 213.61416625976562, 49.569618225097656, 231.59405517578125], [190.3286895751953, 112.95980072021484, 203.75967407226562, 126.19367980957031], [26.975170135498047, 180.7063751220703, 215.1116485595703, 249.29470825195312], [-0.6194654703140259, 213.47665405273438, 40.20692443847656, 230.51028442382812], [-0.2558194100856781, 188.9530029296875, 70.53534698486328, 253.67648315429688], [-0.19511394202709198, 214.4797821044922, 49.60959243774414, 250.31695556640625], [205.32730102539062, 202.64154052734375, 260.753173828125, 230.92018127441406], [314.4154357910156, 141.85040283203125, 321.43310546875, 155.53550720214844], [309.06103515625, 199.85133361816406, 315.7956237792969, 225.187255859375], [305.0813903808594, 210.6339111328125, 312.1280517578125, 225.38877868652344], [428.30145263671875, 184.62864685058594, 437.7612609863281, 196.72598266601562], [72.25769805908203, 177.87965393066406, 82.03746032714844, 191.73007202148438], [176.35610961914062, 181.07931518554688, 259.4916076660156, 234.67173767089844], [0.029804185032844543, 179.42115783691406, 48.681640625, 249.4556884765625], [415.4847717285156, 185.54896545410156, 420.34698486328125, 199.4447021484375], [19.85995101928711, 200.28091430664062, 46.30205535888672, 220.1735382080078], [184.09410095214844, 200.0024871826172, 229.04867553710938, 235.1034698486328], [339.463134765625, 185.0552520751953, 352.6816101074219, 214.4591827392578], [0.19069015979766846, 179.6932373046875, 37.78485870361328, 196.91383361816406], [17.63243865966797, 188.86117553710938, 67.43708801269531, 220.4283447265625], [469.8481750488281, 187.36752319335938, 474.0494079589844, 197.36863708496094], [44.04708480834961, 182.07322692871094, 88.22454833984375, 250.9369354248047], [22.564313888549805, 201.9500274658203, 27.948942184448242, 210.2911834716797], [19.85995101928711, 200.28091430664062, 46.30205535888672, 220.1735382080078], [374.3584899902344, 194.33802795410156, 382.988037109375, 209.5104522705078], [462.2917175292969, 181.17767333984375, 466.37420654296875, 192.52207946777344], [22.369306564331055, 191.48875427246094, 49.528526306152344, 219.41604614257812], [190.31338500976562, 112.7760238647461, 203.7470245361328, 121.16183471679688], [338.8190002441406, 161.8456268310547, 347.20477294921875, 174.64743041992188], [26.975170135498047, 180.7063751220703, 215.1116485595703, 249.29470825195312], [18.497425079345703, 191.044921875, 50.43748092651367, 220.19607543945312], [-0.09272061288356781, 231.7418975830078, 15.197933197021484, 257.3663330078125], [332.31927490234375, 162.18914794921875, 340.87774658203125, 173.9253387451172], [29.196420669555664, 191.56398010253906, 68.64543151855469, 241.2786102294922], [207.36167907714844, 198.41578674316406, 233.50994873046875, 232.6776580810547], [374.4584045410156, 190.54103088378906, 405.50604248046875, 209.53355407714844], [183.89382934570312, 200.45962524414062, 260.13214111328125, 235.00921630859375], [-0.29978156089782715, 214.56495666503906, 69.86454772949219, 254.5369110107422], [30.69657325744629, 215.36016845703125, 41.1150016784668, 231.71630859375], [7.518716335296631, 186.1262969970703, 124.76451110839844, 251.5515594482422], [203.91427612304688, 115.44380187988281, 207.62542724609375, 121.6596450805664], [0.14109444618225098, 232.04568481445312, 12.28620719909668, 242.04931640625], [-0.29978156089782715, 214.56495666503906, 69.86454772949219, 254.5369110107422], [204.3448028564453, 204.38037109375, 261.11285400390625, 231.75967407226562], [27.76310157775879, 192.4219512939453, 48.72792434692383, 231.6837158203125], [67.82701110839844, 182.84042358398438, 75.69482421875, 192.65460205078125], [76.12816619873047, 177.38819885253906, 94.98735809326172, 197.158935546875], [18.202890396118164, 198.2163543701172, 47.81450653076172, 230.93359375], [476.31646728515625, 189.21058654785156, 481.18389892578125, 196.86412048339844], [447.4756774902344, 178.98240661621094, 452.45654296875, 185.2015380859375], [36.598323822021484, 145.76153564453125, 358.3369140625, 250.0330047607422], [67.82701110839844, 182.84042358398438, 75.69482421875, 192.65460205078125], [184.66708374023438, 198.80760192871094, 259.688720703125, 234.125], [57.32233428955078, 186.197021484375, 65.96627044677734, 193.44386291503906], [312.5161437988281, 197.62899780273438, 317.8346862792969, 218.98121643066406], [22.369306564331055, 191.48875427246094, 49.528526306152344, 219.41604614257812], [209.42137145996094, 100.27565002441406, 415.3008117675781, 226.05177307128906], [231.86785888671875, 206.13894653320312, 261.27923583984375, 229.16818237304688], [313.6325988769531, 197.52566528320312, 318.57061767578125, 218.8934326171875], [171.99755859375, 97.20686340332031, 188.8887481689453, 116.55316925048828], [34.946048736572266, 188.2227325439453, 43.81248092651367, 194.8345489501953], [37.35531997680664, 189.0513458251953, 44.36146545410156, 201.00177001953125], [219.35292053222656, 209.06198120117188, 228.5598907470703, 230.02748107910156], [234.49990844726562, 213.89227294921875, 256.99322509765625, 228.6146697998047], [469.8481750488281, 187.36752319335938, 474.0494079589844, 197.36863708496094], [18.202890396118164, 198.2163543701172, 47.81450653076172, 230.93359375], [18.497425079345703, 191.044921875, 50.43748092651367, 220.19607543945312], [38.5200080871582, 192.75782775878906, 47.9592399597168, 215.50379943847656], [336.9207458496094, 163.6619873046875, 341.50140380859375, 174.11575317382812], [307.8918762207031, 141.08157348632812, 319.3102111816406, 155.79444885253906], [44.555545806884766, 189.93148803710938, 68.4103775024414, 216.53147888183594], [374.94732666015625, 190.9017791748047, 405.74273681640625, 209.5848846435547], [21.017065048217773, 202.8419647216797, 26.57777214050293, 219.71981811523438], [20.541210174560547, 202.2292938232422, 29.082443237304688, 220.02577209472656], [390.56793212890625, 196.17686462402344, 404.6430358886719, 207.16278076171875], [231.86785888671875, 206.13894653320312, 261.27923583984375, 229.16818237304688], [18.54705238342285, 201.8197784423828, 27.327863693237305, 219.77403259277344], [30.762449264526367, 213.4950408935547, 69.7730712890625, 247.60438537597656], [0.28145498037338257, 188.6689910888672, 29.587793350219727, 197.06895446777344], [64.67567443847656, 182.92721557617188, 82.74156188964844, 219.62982177734375], [30.14864158630371, 191.5634002685547, 68.81510162353516, 232.13882446289062], [-0.576104998588562, 177.97637939453125, 94.76861572265625, 253.68284606933594], [30.69657325744629, 215.36016845703125, 41.1150016784668, 231.71630859375], [332.31927490234375, 162.18914794921875, 340.87774658203125, 173.9253387451172], [7.518716335296631, 186.1262969970703, 124.76451110839844, 251.5515594482422], [204.3448028564453, 204.38037109375, 261.11285400390625, 231.75967407226562], [246.43707275390625, 140.071533203125, 414.8599548339844, 223.33970642089844], [76.12816619873047, 177.38819885253906, 94.98735809326172, 197.158935546875], [172.10772705078125, 101.87743377685547, 186.27169799804688, 116.25745391845703], [476.31646728515625, 189.21058654785156, 481.18389892578125, 196.86412048339844], [313.94171142578125, 140.96121215820312, 320.4511413574219, 150.05874633789062], [46.227291107177734, 196.3480987548828, 66.68842315673828, 217.24813842773438], [15.291213989257812, 177.10508728027344, 351.8030700683594, 249.9539337158203], [171.99755859375, 97.20686340332031, 188.8887481689453, 116.55316925048828], [257.87091064453125, 210.1671905517578, 272.7159729003906, 225.55775451660156], [18.202890396118164, 198.2163543701172, 47.81450653076172, 230.93359375], [205.32730102539062, 202.64154052734375, 260.753173828125, 230.92018127441406], [44.72761154174805, 192.61654663085938, 57.3165397644043, 215.37709045410156], [0.05988031625747681, 181.3743133544922, 106.06484985351562, 254.7160186767578], [0.029804185032844543, 179.42115783691406, 48.681640625, 249.4556884765625], [39.646812438964844, 188.0795440673828, 66.09663391113281, 201.39309692382812], [19.85995101928711, 200.28091430664062, 46.30205535888672, 220.1735382080078], [184.66708374023438, 198.80760192871094, 259.688720703125, 234.125], [38.470924377441406, 155.756591796875, 404.7532958984375, 229.84474182128906], [36.82878875732422, 214.19271850585938, 69.56036376953125, 247.62594604492188], [26.975170135498047, 180.7063751220703, 215.1116485595703, 249.29470825195312], [0.14507538080215454, 182.08143615722656, 8.754857063293457, 195.2245330810547], [15.524794578552246, 202.89659118652344, 19.917905807495117, 218.40933227539062], [18.202890396118164, 198.2163543701172, 47.81450653076172, 230.93359375], [85.3213882446289, 182.94024658203125, 93.41384887695312, 194.67864990234375], [32.81863021850586, 72.06607818603516, 415.0692138671875, 252.71046447753906]), Score: [0.9203621745109558, 0.3153516352176666, 0.2553253769874573, 0.24572665989398956, 0.23950982093811035, 0.23147271573543549, 0.20023992657661438, 0.17478689551353455, 0.13660351932048798, 0.12949292361736298, 0.12690675258636475, 0.12229689210653305, 0.11635306477546692, 0.11036413162946701, 0.1064760684967041, 0.1031477227807045, 0.10166976600885391, 0.09878088533878326, 0.09849461913108826, 0.09745807945728302, 0.09065522253513336, 0.09030415117740631, 0.08945479989051819, 0.08620648831129074, 0.08366300165653229, 0.08170259743928909, 0.08146584033966064, 0.07736264169216156, 0.07581912726163864, 0.07541237026453018, 0.07530193030834198, 0.07454647123813629, 0.07444947957992554, 0.07430538535118103, 0.07354354113340378, 0.06785117089748383, 0.06778081506490707, 0.06772206723690033, 0.0675230398774147, 0.06249893456697464, 0.06235789880156517, 0.06020881608128548, 0.05972985550761223, 0.05963845178484917, 0.05772611126303673, 0.05741497501730919, 0.05665998160839081, 0.053853362798690796, 0.05366036295890808, 0.053433313965797424, 0.053414784371852875, 0.05321994796395302, 0.053182706236839294, 0.05301510915160179, 0.05280115455389023, 0.05261906981468201, 0.05247367173433304, 0.05198116600513458, 0.051183655858039856, 0.050661634653806686, 0.05049969628453255, 0.05003552883863449, 0.0495535247027874, 0.0490235909819603, 0.049004968255758286, 0.04891392961144447, 0.04820292815566063, 0.04739021137356758, 0.04730992019176483, 0.04689498618245125, 0.04624748229980469, 0.045992136001586914, 0.04588938131928444, 0.045682989060878754, 0.04560156911611557, 0.04552217200398445, 0.044769950211048126, 0.044386234134435654, 0.043857939541339874, 0.043621230870485306, 0.043469611555337906, 0.04312077537178993, 0.04289504885673523, 0.0424942672252655, 0.042302679270505905, 0.04227590188384056, 0.042151253670454025, 0.04213729500770569, 0.041707683354616165, 0.04096361622214317, 0.04095219448208809, 0.04094618186354637, 0.04074374586343765, 0.04061447083950043, 0.040369872003793716, 0.04028036445379257, 0.039998773485422134, 0.039670564234256744, 0.03952481970191002, 0.038467902690172195, 0.0382552370429039, 0.038110461086034775, 0.037973448634147644, 0.03783588111400604, 0.03775365278124809, 0.03748752921819687, 0.037256427109241486, 0.037248190492391586, 0.03716946020722389, 0.03709353506565094, 0.036844804883003235, 0.03680258244276047, 0.036769576370716095, 0.036461636424064636, 0.03601810708642006, 0.03569899871945381, 0.035587772727012634, 0.0355568565428257, 0.03519231826066971, 0.03512345999479294, 0.035078950226306915, 0.03417464345693588, 0.03400463983416557, 0.033900320529937744, 0.033583223819732666, 0.03349374607205391, 0.033422552049160004, 0.033052001148462296, 0.032773882150650024, 0.03265422582626343, 0.03264247998595238, 0.03260156139731407, 0.03247130662202835, 0.03227055445313454, 0.03214222937822342, 0.03192568197846413, 0.031776312738657, 0.03172364830970764, 0.0316985584795475, 0.031512342393398285, 0.03124692663550377, 0.031214643269777298, 0.03089679777622223, 0.030817320570349693, 0.030782975256443024, 0.030676765367388725, 0.030607350170612335, 0.0305810384452343, 0.030558034777641296, 0.030347315594553947, 0.029839985072612762, 0.029791833832859993, 0.02979166805744171, 0.02957393415272236, 0.02942606620490551, 0.02936815842986107, 0.029335424304008484, 0.0291387140750885, 0.028823303058743477, 0.02862994559109211, 0.028466176241636276, 0.02844790555536747, 0.028447851538658142, 0.028367437422275543, 0.028338158503174782, 0.02826528064906597, 0.028243880718946457, 0.02822314016520977, 0.028193872421979904, 0.028156999498605728, 0.028131110593676567, 0.028042331337928772, 0.02801026776432991, 0.0276511050760746, 0.02760315127670765, 0.02733750455081463, 0.027269911020994186, 0.027211256325244904, 0.027103550732135773, 0.02707815170288086, 0.02693522721529007, 0.026819802820682526, 0.026664279401302338, 0.02651897631585598, 0.026417318731546402, 0.026397747918963432, 0.026340723037719727, 0.026275690644979477, 0.026179879903793335, 0.02616715244948864, 0.026112142950296402, 0.025972340255975723, 0.025942767038941383, 0.02581331506371498, 0.025722797960042953, 0.02562948688864708, 0.02556491829454899, 0.025164706632494926, 0.02498764358460903, 0.02493751235306263, 0.0249226875603199, 0.024841906502842903, 0.024732030928134918, 0.024717718362808228, 0.024580564349889755, 0.024527262896299362, 0.024507921189069748, 0.02444392442703247, 0.024409698322415352, 0.024398459121584892, 0.02438797429203987, 0.024329833686351776, 0.02417978271842003, 0.024051958695054054, 0.02398032136261463, 0.02397557720541954, 0.02388535626232624, 0.023839611560106277, 0.02376370131969452, 0.023723777383565903, 0.02346716821193695, 0.023439500480890274, 0.023329323157668114, 0.023263784125447273, 0.023201225325465202, 0.023172518238425255, 0.02316536009311676, 0.02313503995537758, 0.023103637620806694, 0.023028207942843437, 0.02301042154431343, 0.022810999304056168, 0.022806324064731598, 0.022705702111124992, 0.022698385640978813, 0.022653061896562576, 0.02263302356004715, 0.022541310638189316, 0.022524727508425713, 0.022515874356031418, 0.022475317120552063, 0.022448930889368057, 0.022400496527552605, 0.022293023765087128, 0.022235123440623283, 0.02216622605919838, 0.022047780454158783, 0.022031905129551888, 0.02202434279024601, 0.02202332764863968, 0.022023122757673264, 0.021901218220591545, 0.021755989640951157, 0.02173241786658764, 0.021726496517658234, 0.02172001264989376, 0.02148837223649025, 0.02137402445077896, 0.02125304937362671, 0.02124200388789177, 0.021196918562054634, 0.021182389929890633, 0.020937109366059303, 0.02090008556842804, 0.020893296226859093, 0.020868781954050064, 0.020800167694687843, 0.020795492455363274, 0.020781034603714943, 0.020746339112520218, 0.020737675949931145, 0.0207314882427454, 0.020705580711364746, 0.020693136379122734, 0.020655252039432526, 0.020404407754540443, 0.020403068512678146, 0.020340675488114357, 0.020284704864025116, 0.020222723484039307, 0.02015467919409275, 0.020135067403316498, 0.020033642649650574, 0.01995197869837284, 0.019823962822556496, 0.01978345215320587, 0.019783254712820053, 0.01973525993525982, 0.019704552367329597, 0.019606919959187508, 0.019598759710788727, 0.01959819160401821, 0.019572503864765167, 0.019478052854537964, 0.019462406635284424, 0.019412072375416756, 0.019402066245675087, 0.019373120740056038, 0.01937275007367134, 0.019372722133994102]

Execution time: 0.4159 sec
