Label: tensor([15, 15, 13, 57, 28, 59, 13, 56, 57, 71,  2, 59, 28, 15, 57, 56, 59, 60,
        57, 73, 13, 59, 59, 13, 56, 57, 57, 59, 59, 60, 15, 63, 60, 59, 57, 56,
        57, 58, 28, 59, 59, 59, 15, 57, 59, 71, 28, 13, 16, 62, 56, 59, 26, 13,
        57, 57, 57, 60, 71, 28, 56, 56, 28, 57,  2, 62, 56, 59, 62, 15, 62, 13,
        56, 28, 45, 59,  2, 28, 71, 59, 71, 57, 71, 15, 15, 56, 66, 16, 57, 13,
        13, 57, 15, 13, 15, 15, 26, 57, 60, 57,  1, 13, 15, 15, 15, 71, 15, 15,
        71, 66, 66, 57, 57,  2, 71, 63, 15, 59,  7, 16, 15, 73, 71, 13, 71, 63,
        15, 62, 59, 59, 59, 59, 57, 63, 73, 15, 60, 59, 66, 57, 63,  2, 15,  2,
        15, 15, 13, 15, 56, 16, 16, 57, 61, 15, 15, 28, 15, 28, 59,  6, 28, 25,
        15, 62, 15, 56, 15, 15, 59, 15, 57, 57, 56, 15, 73, 56, 56, 57, 56, 63,
        28, 15, 53, 15, 63, 66, 56, 43, 15, 71, 59, 66, 15, 13, 57, 57, 15, 15,
        15, 28, 59, 59, 28, 59, 16, 62, 57, 56, 59, 15, 15, 15, 57, 59, 15, 15,
        72, 59, 15, 57, 73, 16, 15, 73, 26, 15, 71, 60, 15, 73, 59, 28, 15, 59,
        59, 61, 15, 58, 63, 15, 28, 59, 63, 59, 60, 57, 15, 57, 15, 73, 56, 24,
        63, 57, 15, 28, 56, 60, 28, 68,  6, 15, 57, 18, 58, 15, 56, 15, 56, 57,
        63, 53, 15, 58, 15, 62, 15, 72, 23,  2, 71, 56, 71, 15,  0, 41, 15, 66,
        60, 63, 53, 57,  7, 59,  0, 71, 15, 69, 28, 13]), Box: ([0.4422217607498169, 0.6776225566864014, 289.2972106933594, 299.97894287109375], [259.5633544921875, 27.384159088134766, 500.1176452636719, 276.24407958984375], [0.13393163681030273, 0.2986977696418762, 499.9564208984375, 333.2731018066406], [0.13393163681030273, 0.2986977696418762, 499.9564208984375, 333.2731018066406], [0.13393163681030273, 0.2986977696418762, 499.9564208984375, 333.2731018066406], [0.13393163681030273, 0.2986977696418762, 499.9564208984375, 333.2731018066406], [0.3068000078201294, 243.5064697265625, 500.1026916503906, 333.1697692871094], [0.13393163681030273, 0.2986977696418762, 499.9564208984375, 333.2731018066406], [-0.08878111839294434, 0.22188962996006012, 499.8523864746094, 120.61590576171875], [0.13393163681030273, 0.2986977696418762, 499.9564208984375, 333.2731018066406], [0.13393163681030273, 0.2986977696418762, 499.9564208984375, 333.2731018066406], [-0.08878111839294434, 0.22188962996006012, 499.8523864746094, 120.61590576171875], [0.3068000078201294, 243.5064697265625, 500.1026916503906, 333.1697692871094], [0.5417913198471069, 1.5400034189224243, 500.2747802734375, 298.9349670410156], [-0.241890549659729, 0.623610258102417, 499.71258544921875, 135.7378387451172], [0.4699528217315674, -0.054940223693847656, 500.46490478515625, 332.9412841796875], [-0.018849968910217285, 0.18204903602600098, 499.80401611328125, 288.01513671875], [0.3068000078201294, 243.5064697265625, 500.1026916503906, 333.1697692871094], [-0.018849968910217285, 0.18204903602600098, 499.80401611328125, 288.01513671875], [0.3068000078201294, 243.5064697265625, 500.1026916503906, 333.1697692871094], [0.1945197582244873, 181.32177734375, 500.1895446777344, 332.5522766113281], [-0.241890549659729, 0.623610258102417, 499.71258544921875, 135.7378387451172], [0.3068000078201294, 243.5064697265625, 500.1026916503906, 333.1697692871094], [-0.03534555435180664, 140.10858154296875, 499.95965576171875, 332.48419189453125], [0.38376450538635254, -0.2697291076183319, 500.37872314453125, 332.7018127441406], [0.38376450538635254, -0.2697291076183319, 500.37872314453125, 332.7018127441406], [0.08407235145568848, 1.7847137451171875, 500.07904052734375, 243.45223999023438], [0.4699528217315674, -0.054940223693847656, 500.46490478515625, 332.9412841796875], [-0.03534555435180664, 140.10858154296875, 499.95965576171875, 332.48419189453125], [0.1945197582244873, 181.32177734375, 500.1895446777344, 332.5522766113281], [-0.018849968910217285, 0.18204903602600098, 499.80401611328125, 288.01513671875], [0.13393163681030273, 0.2986977696418762, 499.9564208984375, 333.2731018066406], [-0.03534555435180664, 140.10858154296875, 499.95965576171875, 332.48419189453125], [0.1945197582244873, 181.32177734375, 500.1895446777344, 332.5522766113281], [0.4699528217315674, -0.054940223693847656, 500.46490478515625, 332.9412841796875], [0.3068000078201294, 243.5064697265625, 500.1026916503906, 333.1697692871094], [-0.19171833992004395, 0.698006808757782, 499.80328369140625, 172.74913024902344], [0.13393163681030273, 0.2986977696418762, 499.9564208984375, 333.2731018066406], [-0.018849968910217285, 0.18204903602600098, 499.80401611328125, 288.01513671875], [0.08407235145568848, 1.7847137451171875, 500.07904052734375, 243.45223999023438], [-0.19171833992004395, 0.698006808757782, 499.80328369140625, 172.74913024902344], [0.38376450538635254, -0.2697291076183319, 500.37872314453125, 332.7018127441406], [0.13393163681030273, 0.2986977696418762, 499.9564208984375, 333.2731018066406], [-0.1611262559890747, 0.5353893041610718, 499.8338928222656, 160.0078582763672], [-0.1611262559890747, 0.5353893041610718, 499.8338928222656, 160.0078582763672], [-0.018849968910217285, 0.18204903602600098, 499.80401611328125, 288.01513671875], [-0.08878111839294434, 0.22188962996006012, 499.8523864746094, 120.61590576171875], [0.08225440979003906, 209.2458953857422, 500.0772399902344, 332.7623596191406], [0.1366138458251953, 1.0363714694976807, 287.197021484375, 298.6587829589844], [-0.08878111839294434, 0.22188962996006012, 499.8523864746094, 120.61590576171875], [-0.018849968910217285, 0.18204903602600098, 499.80401611328125, 288.01513671875], [0.5417913198471069, 1.5400034189224243, 500.2747802734375, 298.9349670410156], [0.3068000078201294, 243.5064697265625, 500.1026916503906, 333.1697692871094], [-0.08878111839294434, 0.22188962996006012, 499.8523864746094, 120.61590576171875], [0.3068000078201294, 243.5064697265625, 500.1026916503906, 333.1697692871094], [-0.03534555435180664, 140.10858154296875, 499.95965576171875, 332.48419189453125], [0.1945197582244873, 181.32177734375, 500.1895446777344, 332.5522766113281], [0.08225440979003906, 209.2458953857422, 500.0772399902344, 332.7623596191406], [0.3068000078201294, 243.5064697265625, 500.1026916503906, 333.1697692871094], [0.1945197582244873, 181.32177734375, 500.1895446777344, 332.5522766113281], [-0.08878111839294434, 0.22188962996006012, 499.8523864746094, 120.61590576171875], [-0.03534555435180664, 140.10858154296875, 499.95965576171875, 332.48419189453125], [-0.03534555435180664, 140.10858154296875, 499.95965576171875, 332.48419189453125], [-0.1475512981414795, 0.4048368036746979, 499.8474426269531, 152.0828399658203], [-0.08878111839294434, 0.22188962996006012, 499.8523864746094, 120.61590576171875], [-0.241890549659729, 0.623610258102417, 499.71258544921875, 135.7378387451172], [0.1945197582244873, 181.32177734375, 500.1895446777344, 332.5522766113281], [0.1043081283569336, 132.65005493164062, 500.09930419921875, 327.4620666503906], [0.13393163681030273, 0.2986977696418762, 499.9564208984375, 333.2731018066406], [254.9800262451172, 0.6921416521072388, 500.70404052734375, 272.2552185058594], [0.08407235145568848, 1.7847137451171875, 500.07904052734375, 243.45223999023438], [0.38376450538635254, -0.2697291076183319, 500.37872314453125, 332.7018127441406], [0.08407235145568848, 1.7847137451171875, 500.07904052734375, 243.45223999023438], [0.08407235145568848, 1.7847137451171875, 500.07904052734375, 243.45223999023438], [0.3068000078201294, 243.5064697265625, 500.1026916503906, 333.1697692871094], [0.08225440979003906, 209.2458953857422, 500.0772399902344, 332.7623596191406], [0.3068000078201294, 243.5064697265625, 500.1026916503906, 333.1697692871094], [-0.241890549659729, 0.623610258102417, 499.71258544921875, 135.7378387451172], [-0.03534555435180664, 140.10858154296875, 499.95965576171875, 332.48419189453125], [-0.1475512981414795, 0.4048368036746979, 499.8474426269531, 152.0828399658203], [0.08407235145568848, 1.7847137451171875, 500.07904052734375, 243.45223999023438], [284.26080322265625, -0.010842159390449524, 500.4491882324219, 123.71516418457031], [-0.08878111839294434, 0.22188962996006012, 499.8523864746094, 120.61590576171875], [73.5186767578125, 1.8070827722549438, 497.7348937988281, 251.5251922607422], [-0.08878111839294434, 0.22188962996006012, 499.8523864746094, 120.61590576171875], [-0.241890549659729, 0.623610258102417, 499.71258544921875, 135.7378387451172], [-0.08878111839294434, 0.22188962996006012, 499.8523864746094, 120.61590576171875], [0.13393163681030273, 0.2986977696418762, 499.9564208984375, 333.2731018066406], [46.194122314453125, 1.0779141187667847, 499.4980163574219, 224.97140502929688], [-0.241890549659729, 0.623610258102417, 499.71258544921875, 135.7378387451172], [0.4699528217315674, -0.054940223693847656, 500.46490478515625, 332.9412841796875], [-0.14522671699523926, 0.054235607385635376, 499.8497619628906, 115.29348754882812], [0.22311508655548096, 1.8211750984191895, 162.17361450195312, 298.6421203613281], [-0.018849968910217285, 0.18204903602600098, 499.80401611328125, 288.01513671875], [71.38355255126953, 2.197082996368408, 495.4751281738281, 279.3555908203125], [16.14282989501953, 6.868252277374268, 498.0716552734375, 295.1203308105469], [0.13393163681030273, 0.2986977696418762, 499.9564208984375, 333.2731018066406], [106.90544891357422, 1.5634046792984009, 498.9217529296875, 272.8633117675781], [0.1043081283569336, 132.65005493164062, 500.09930419921875, 327.4620666503906], [266.1289978027344, -0.09895889461040497, 500.2275695800781, 117.36644744873047], [0.13393163681030273, 0.2986977696418762, 499.9564208984375, 333.2731018066406], [0.08407235145568848, 1.7847137451171875, 500.07904052734375, 243.45223999023438], [0.11946260929107666, 130.69613647460938, 288.34246826171875, 299.3917236328125], [46.194122314453125, 1.0779141187667847, 499.4980163574219, 224.97140502929688], [-0.40878355503082275, 64.56751251220703, 286.9811096191406, 297.4526062011719], [260.50531005859375, 10.460962295532227, 499.6855163574219, 207.00892639160156], [-0.241890549659729, 0.623610258102417, 499.71258544921875, 135.7378387451172], [0.38376450538635254, -0.2697291076183319, 500.37872314453125, 332.7018127441406], [-0.241890549659729, 0.623610258102417, 499.71258544921875, 135.7378387451172], [0.3068000078201294, 243.5064697265625, 500.1026916503906, 333.1697692871094], [0.08407235145568848, 1.7847137451171875, 500.07904052734375, 243.45223999023438], [73.5186767578125, 1.8070827722549438, 497.7348937988281, 251.5251922607422], [0.1602768898010254, -0.5396864414215088, 500.15521240234375, 265.1441650390625], [0.1945197582244873, 181.32177734375, 500.1895446777344, 332.5522766113281], [-0.19171833992004395, 0.698006808757782, 499.80328369140625, 172.74913024902344], [-0.018849968910217285, 0.18204903602600098, 499.80401611328125, 288.01513671875], [106.90544891357422, 1.5634046792984009, 498.9217529296875, 272.8633117675781], [-0.14522671699523926, 0.054235607385635376, 499.8497619628906, 115.29348754882812], [0.13393163681030273, 0.2986977696418762, 499.9564208984375, 333.2731018066406], [0.38376450538635254, -0.2697291076183319, 500.37872314453125, 332.7018127441406], [1.8789023160934448, 55.17317199707031, 499.8972473144531, 281.5175476074219], [0.08225440979003906, 209.2458953857422, 500.0772399902344, 332.7623596191406], [0.1945197582244873, 181.32177734375, 500.1895446777344, 332.5522766113281], [-0.19171833992004395, 0.698006808757782, 499.80328369140625, 172.74913024902344], [0.1043081283569336, 132.65005493164062, 500.09930419921875, 327.4620666503906], [-0.08878111839294434, 0.22188962996006012, 499.8523864746094, 120.61590576171875], [5.282059192657471, 43.127708435058594, 499.013427734375, 282.295654296875], [-0.018849968910217285, 0.18204903602600098, 499.80401611328125, 288.01513671875], [-0.05571544170379639, 184.96017456054688, 499.93927001953125, 320.6647033691406], [148.47769165039062, 0.9828305840492249, 499.1184997558594, 331.1484375], [106.90544891357422, 1.5634046792984009, 498.9217529296875, 272.8633117675781], [46.194122314453125, 1.0779141187667847, 499.4980163574219, 224.97140502929688], [0.27126073837280273, 0.1121927797794342, 500.2448425292969, 333.0467529296875], [-0.241890549659729, 0.623610258102417, 499.71258544921875, 135.7378387451172], [0.1945197582244873, 181.32177734375, 500.1895446777344, 332.5522766113281], [0.22796913981437683, 61.09724044799805, 72.33089447021484, 296.7304992675781], [-0.08878111839294434, 0.22188962996006012, 499.8523864746094, 120.61590576171875], [0.1602768898010254, -0.5396864414215088, 500.15521240234375, 265.1441650390625], [-0.241890549659729, 0.623610258102417, 499.71258544921875, 135.7378387451172], [0.14728307723999023, 1.2079505920410156, 500.14227294921875, 222.66285705566406], [0.08407235145568848, 1.7847137451171875, 500.07904052734375, 243.45223999023438], [-0.03534555435180664, 140.10858154296875, 499.95965576171875, 332.48419189453125], [0.08407235145568848, 1.7847137451171875, 500.07904052734375, 243.45223999023438], [-0.241890549659729, 0.623610258102417, 499.71258544921875, 135.7378387451172], [0.4699528217315674, -0.054940223693847656, 500.46490478515625, 332.9412841796875], [0.1366138458251953, 1.0363714694976807, 287.197021484375, 298.6587829589844], [-0.1611262559890747, 0.5353893041610718, 499.8338928222656, 160.0078582763672], [148.47769165039062, 0.9828305840492249, 499.1184997558594, 331.1484375], [-0.19171833992004395, 0.698006808757782, 499.80328369140625, 172.74913024902344], [0.4699528217315674, -0.054940223693847656, 500.46490478515625, 332.9412841796875], [0.5417913198471069, 1.5400034189224243, 500.2747802734375, 298.9349670410156], [236.4764404296875, 0.020344555377960205, 499.4158020019531, 137.36590576171875], [0.13393163681030273, 0.2986977696418762, 499.9564208984375, 333.2731018066406], [0.393599271774292, 144.27879333496094, 287.8860168457031, 299.6302185058594], [22.6107234954834, 4.626193046569824, 464.4203796386719, 292.1513366699219], [0.08225440979003906, 209.2458953857422, 500.0772399902344, 332.7623596191406], [0.15154853463172913, 60.5753173828125, 68.18183135986328, 295.6560363769531], [284.26080322265625, -0.010842159390449524, 500.4491882324219, 123.71516418457031], [121.50788116455078, 1.9601929187774658, 499.21429443359375, 329.2358093261719], [-0.08878111839294434, 0.22188962996006012, 499.8523864746094, 120.61590576171875], [0.38376450538635254, -0.2697291076183319, 500.37872314453125, 332.7018127441406], [0.13393163681030273, 0.2986977696418762, 499.9564208984375, 333.2731018066406], [30.828773498535156, 1.7002490758895874, 498.6564636230469, 280.7696228027344], [-0.19171833992004395, 0.698006808757782, 499.80328369140625, 172.74913024902344], [193.38075256347656, 0.49198096990585327, 500.41497802734375, 271.41265869140625], [284.26080322265625, -0.010842159390449524, 500.4491882324219, 123.71516418457031], [124.49333190917969, 132.7186737060547, 501.09375, 280.8389892578125], [-0.06649643182754517, 87.15214538574219, 164.92483520507812, 298.3779296875], [73.5186767578125, 1.8070827722549438, 497.7348937988281, 251.5251922607422], [264.9646911621094, 124.58979797363281, 500.391357421875, 276.07720947265625], [0.08225440979003906, 209.2458953857422, 500.0772399902344, 332.7623596191406], [254.9800262451172, 0.6921416521072388, 500.70404052734375, 272.2552185058594], [254.9800262451172, 0.6921416521072388, 500.70404052734375, 272.2552185058594], [-0.6639212369918823, 1.392897367477417, 159.71861267089844, 263.50286865234375], [0.594019889831543, 278.10821533203125, 500.58807373046875, 333.11480712890625], [0.1602768898010254, -0.5396864414215088, 500.15521240234375, 265.1441650390625], [-0.1611262559890747, 0.5353893041610718, 499.8338928222656, 160.0078582763672], [148.47769165039062, 0.9828305840492249, 499.1184997558594, 331.1484375], [266.1289978027344, -0.09895889461040497, 500.2275695800781, 117.36644744873047], [106.90544891357422, 1.5634046792984009, 498.9217529296875, 272.8633117675781], [-0.19171833992004395, 0.698006808757782, 499.80328369140625, 172.74913024902344], [0.0825151801109314, 1.0794522762298584, 170.0775604248047, 266.24517822265625], [0.3068000078201294, 243.5064697265625, 500.1026916503906, 333.1697692871094], [145.97923278808594, 132.8001708984375, 501.4763488769531, 283.4614562988281], [46.194122314453125, 1.0779141187667847, 499.4980163574219, 224.97140502929688], [-0.018849968910217285, 0.18204903602600098, 499.80401611328125, 288.01513671875], [0.08225440979003906, 209.2458953857422, 500.0772399902344, 332.7623596191406], [0.3068000078201294, 243.5064697265625, 500.1026916503906, 333.1697692871094], [386.3270568847656, 38.06956481933594, 500.9272155761719, 270.1658630371094], [264.29681396484375, 4.3555908203125, 499.8403015136719, 166.59205627441406], [0.10260939598083496, 130.5818634033203, 500.0976257324219, 318.6441345214844], [-0.19171833992004395, 0.698006808757782, 499.80328369140625, 172.74913024902344], [39.309844970703125, 8.658374786376953, 470.7525329589844, 289.73004150390625], [0.1043081283569336, 132.65005493164062, 500.09930419921875, 327.4620666503906], [-0.2701338529586792, -0.030348122119903564, 61.36674499511719, 89.89775848388672], [0.18906593322753906, -0.11810758709907532, 500.1840515136719, 267.5901794433594], [271.4305419921875, 152.5865936279297, 500.3398132324219, 276.41455078125], [-0.030547380447387695, 180.00257873535156, 165.48765563964844, 299.4292907714844], [0.4955008625984192, 2.00631046295166, 184.8306121826172, 297.2739562988281], [266.1289978027344, -0.09895889461040497, 500.2275695800781, 117.36644744873047], [0.5427002906799316, 98.65506744384766, 500.4610290527344, 305.19451904296875], [0.6591230630874634, 111.69978332519531, 500.0458984375, 310.2012634277344], [0.4699528217315674, -0.054940223693847656, 500.46490478515625, 332.9412841796875], [0.14728307723999023, 1.2079505920410156, 500.14227294921875, 222.66285705566406], [-0.018849968910217285, 0.18204903602600098, 499.80401611328125, 288.01513671875], [-0.1611262559890747, 0.5353893041610718, 499.8338928222656, 160.0078582763672], [162.0429229736328, 0.05546124279499054, 499.9917297363281, 123.43327331542969], [236.4764404296875, 0.020344555377960205, 499.4158020019531, 137.36590576171875], [0.4713982343673706, 180.09063720703125, 500.2023620605469, 309.9284362792969], [0.41069090366363525, 1.0534906387329102, 168.5379180908203, 268.9285888671875], [0.018134713172912598, 104.65786743164062, 164.88079833984375, 298.52252197265625], [-0.19171833992004395, 0.698006808757782, 499.80328369140625, 172.74913024902344], [193.38075256347656, 0.49198096990585327, 500.41497802734375, 271.41265869140625], [0.5314350128173828, 98.41463470458984, 500.5148620605469, 302.97900390625], [0.7572919130325317, 163.71121215820312, 287.7180480957031, 298.4627990722656], [-0.03921240568161011, 1.2869865894317627, 138.80345153808594, 295.77459716796875], [0.13393163681030273, 0.2986977696418762, 499.9564208984375, 333.2731018066406], [254.9800262451172, 0.6921416521072388, 500.70404052734375, 272.2552185058594], [121.50788116455078, 1.9601929187774658, 499.21429443359375, 329.2358093261719], [-0.27251243591308594, -0.9956129193305969, 499.72247314453125, 138.88665771484375], [0.13393163681030273, 0.2986977696418762, 499.9564208984375, 333.2731018066406], [262.9413757324219, 28.1982479095459, 498.8457336425781, 274.44024658203125], [0.5314350128173828, 98.41463470458984, 500.5148620605469, 302.97900390625], [0.9911954402923584, 292.345947265625, 500.98455810546875, 333.1735534667969], [0.1945197582244873, 181.32177734375, 500.1895446777344, 332.5522766113281], [162.0429229736328, 0.05546124279499054, 499.9917297363281, 123.43327331542969], [0.5417913198471069, 1.5400034189224243, 500.2747802734375, 298.9349670410156], [-0.241890549659729, 0.623610258102417, 499.71258544921875, 135.7378387451172], [155.21963500976562, 144.19680786132812, 500.40130615234375, 287.0470275878906], [-0.03534555435180664, 140.10858154296875, 499.95965576171875, 332.48419189453125], [1.0078102350234985, 83.24039459228516, 499.6986389160156, 309.8534851074219], [193.38075256347656, 0.49198096990585327, 500.41497802734375, 271.41265869140625], [31.81290626525879, 6.858129978179932, 450.88031005859375, 290.6009826660156], [266.1289978027344, -0.09895889461040497, 500.2275695800781, 117.36644744873047], [0.34299492835998535, 99.92536926269531, 500.3247375488281, 310.4072570800781], [0.4699528217315674, -0.054940223693847656, 500.46490478515625, 332.9412841796875], [44.91648864746094, 145.7333526611328, 289.23284912109375, 288.78619384765625], [0.5417913198471069, 1.5400034189224243, 500.2747802734375, 298.9349670410156], [0.4699528217315674, -0.054940223693847656, 500.46490478515625, 332.9412841796875], [266.1289978027344, -0.09895889461040497, 500.2275695800781, 117.36644744873047], [106.90544891357422, 1.5634046792984009, 498.9217529296875, 272.8633117675781], [0.18906593322753906, -0.11810758709907532, 500.1840515136719, 267.5901794433594], [254.9800262451172, 0.6921416521072388, 500.70404052734375, 272.2552185058594], [284.26080322265625, -0.010842159390449524, 500.4491882324219, 123.71516418457031], [-0.05571544170379639, 184.96017456054688, 499.93927001953125, 320.6647033691406], [0.012129545211791992, -0.33068835735321045, 500.00714111328125, 96.29997253417969], [137.890625, 4.660778999328613, 288.5462646484375, 284.0158386230469], [121.50788116455078, 1.9601929187774658, 499.21429443359375, 329.2358093261719], [-0.054582953453063965, 1.5127418041229248, 126.51844024658203, 262.757080078125], [0.8812844753265381, 285.1763916015625, 500.8751220703125, 333.1277160644531], [73.5186767578125, 1.8070827722549438, 497.7348937988281, 251.5251922607422], [0.13393163681030273, 0.2986977696418762, 499.9564208984375, 333.2731018066406], [260.50531005859375, 10.460962295532227, 499.6855163574219, 207.00892639160156], [0.027626752853393555, -0.486408531665802, 500.02264404296875, 96.88688659667969], [-0.10400265455245972, 92.51370239257812, 164.72640991210938, 298.2076721191406], [254.9800262451172, 0.6921416521072388, 500.70404052734375, 272.2552185058594], [106.90544891357422, 1.5634046792984009, 498.9217529296875, 272.8633117675781], [0.09319186210632324, 182.9124755859375, 500.0882263183594, 332.7856750488281], [46.194122314453125, 1.0779141187667847, 499.4980163574219, 224.97140502929688], [0.13393163681030273, 0.2986977696418762, 499.9564208984375, 333.2731018066406], [-0.241890549659729, 0.623610258102417, 499.71258544921875, 135.7378387451172], [0.5607753992080688, 192.65208435058594, 164.86280822753906, 299.5791320800781], [0.5417913198471069, 1.5400034189224243, 500.2747802734375, 298.9349670410156], [0.13393163681030273, 0.2986977696418762, 499.9564208984375, 333.2731018066406], [259.5633544921875, 27.384159088134766, 500.1176452636719, 276.24407958984375], [-0.29223039746284485, 1.4079127311706543, 87.02770233154297, 297.3296203613281], [46.194122314453125, 1.0779141187667847, 499.4980163574219, 224.97140502929688], [142.3733673095703, 179.88800048828125, 498.81719970703125, 293.12249755859375], [193.38075256347656, 0.49198096990585327, 500.41497802734375, 271.41265869140625], [9.607776641845703, 0.4999426305294037, 497.4023742675781, 76.753662109375], [0.38376450538635254, -0.2697291076183319, 500.37872314453125, 332.7018127441406], [-0.03534555435180664, 140.10858154296875, 499.95965576171875, 332.48419189453125], [0.19432604312896729, 117.19261169433594, 290.451416015625, 297.6834411621094], [0.3068000078201294, 243.5064697265625, 500.1026916503906, 333.1697692871094], [0.5427002906799316, 98.65506744384766, 500.4610290527344, 305.19451904296875], [260.50531005859375, 10.460962295532227, 499.6855163574219, 207.00892639160156], [0.039771199226379395, 82.1263427734375, 289.01715087890625, 299.1305847167969], [-0.08878111839294434, 0.22188962996006012, 499.8523864746094, 120.61590576171875], [0.4422217607498169, 0.6776225566864014, 289.2972106933594, 299.97894287109375], [0.08225440979003906, 209.2458953857422, 500.0772399902344, 332.7623596191406], [-0.05571544170379639, 184.96017456054688, 499.93927001953125, 320.6647033691406], [0.18906593322753906, -0.11810758709907532, 500.1840515136719, 267.5901794433594], [-0.1611262559890747, 0.5353893041610718, 499.8338928222656, 160.0078582763672], [0.5355924367904663, 143.37405395507812, 287.2403259277344, 300.085693359375], [0.13393163681030273, 0.2986977696418762, 499.9564208984375, 333.2731018066406], [259.5633544921875, 27.384159088134766, 500.1176452636719, 276.24407958984375], [-0.25215744972229004, 1.174664855003357, 90.1539306640625, 296.22900390625], [-0.03534555435180664, 140.10858154296875, 499.95965576171875, 332.48419189453125], [0.13393163681030273, 0.2986977696418762, 499.9564208984375, 333.2731018066406], [193.38075256347656, 0.49198096990585327, 500.41497802734375, 271.41265869140625], [0.1945197582244873, 181.32177734375, 500.1895446777344, 332.5522766113281], [0.1043081283569336, 132.65005493164062, 500.09930419921875, 327.4620666503906], [-0.08878111839294434, 0.22188962996006012, 499.8523864746094, 120.61590576171875], [193.38075256347656, 0.49198096990585327, 500.41497802734375, 271.41265869140625], [0.5417913198471069, 1.5400034189224243, 500.2747802734375, 298.9349670410156], [254.9800262451172, 0.6921416521072388, 500.70404052734375, 272.2552185058594], [0.021852552890777588, 81.06156158447266, 148.18382263183594, 298.23419189453125], [0.13393163681030273, 0.2986977696418762, 499.9564208984375, 333.2731018066406], [73.5186767578125, 1.8070827722549438, 497.7348937988281, 251.5251922607422], [-0.1475512981414795, 0.4048368036746979, 499.8474426269531, 152.0828399658203]), Score: [0.9480254650115967, 0.9069830179214478, 0.2123895287513733, 0.17352841794490814, 0.1637200564146042, 0.1620408594608307, 0.11875345557928085, 0.11696702241897583, 0.11528212577104568, 0.11514301598072052, 0.10910904407501221, 0.09823402017354965, 0.09166455268859863, 0.08117382228374481, 0.08114337176084518, 0.08028584718704224, 0.07982327044010162, 0.07964363694190979, 0.07812338322401047, 0.07734984159469604, 0.07515084743499756, 0.07418185472488403, 0.07247566431760788, 0.07121079415082932, 0.06970247626304626, 0.06611348688602448, 0.06493739783763885, 0.06392895430326462, 0.06358788907527924, 0.0613103024661541, 0.058989692479372025, 0.05892535671591759, 0.05872129276394844, 0.05831488221883774, 0.05814206600189209, 0.05640987679362297, 0.05637960508465767, 0.05536847189068794, 0.05490534007549286, 0.054895393550395966, 0.05427763611078262, 0.054176244884729385, 0.053758539259433746, 0.053225766867399216, 0.05198793113231659, 0.05013936758041382, 0.04634198918938637, 0.043768417090177536, 0.042673394083976746, 0.04144726321101189, 0.04130404815077782, 0.041000574827194214, 0.04063750058412552, 0.04055175930261612, 0.03977952152490616, 0.039481550455093384, 0.03877238929271698, 0.038531236350536346, 0.0382477268576622, 0.038138072937726974, 0.0370386466383934, 0.03674693405628204, 0.03666752576828003, 0.03633815795183182, 0.03599172458052635, 0.03501129522919655, 0.03500176966190338, 0.03477820008993149, 0.034724827855825424, 0.03465612232685089, 0.034566186368465424, 0.03449253737926483, 0.03447135165333748, 0.034428294748067856, 0.03426206111907959, 0.03422361612319946, 0.034135766327381134, 0.03345314413309097, 0.033427271991968155, 0.03281400352716446, 0.032720744609832764, 0.03244851529598236, 0.03233226016163826, 0.03229927644133568, 0.03224433213472366, 0.032004427164793015, 0.031863436102867126, 0.03156214579939842, 0.031318917870521545, 0.030950596556067467, 0.03086118772625923, 0.03083687461912632, 0.03078506514430046, 0.030724357813596725, 0.03058643825352192, 0.030438227578997612, 0.030367467552423477, 0.030280886217951775, 0.030216697603464127, 0.02992912568151951, 0.02933374047279358, 0.02927522175014019, 0.02919178083539009, 0.02894883044064045, 0.028822610154747963, 0.02869478240609169, 0.02866550348699093, 0.028638500720262527, 0.02861602231860161, 0.028338421136140823, 0.028284087777137756, 0.02827233448624611, 0.028218187391757965, 0.02820650115609169, 0.028180371969938278, 0.027854830026626587, 0.02781890332698822, 0.027818890288472176, 0.027547268196940422, 0.027504602447152138, 0.027429141104221344, 0.02741418406367302, 0.027273016050457954, 0.027266671881079674, 0.02716175839304924, 0.02713596820831299, 0.027124013751745224, 0.027098434045910835, 0.026913566514849663, 0.02652386948466301, 0.026457371190190315, 0.026408342644572258, 0.026407871395349503, 0.02633890137076378, 0.026327775791287422, 0.026208309456706047, 0.026169905439019203, 0.026001760736107826, 0.025992674753069878, 0.025909140706062317, 0.025906985625624657, 0.025900645181536674, 0.02579333446919918, 0.025669526308774948, 0.02562866546213627, 0.025225846096873283, 0.02515249140560627, 0.025069979950785637, 0.025058088824152946, 0.024717360734939575, 0.024595441296696663, 0.024541733786463737, 0.024458495900034904, 0.024385137483477592, 0.024351319298148155, 0.024338481947779655, 0.02424224652349949, 0.024163128808140755, 0.02414671517908573, 0.024038618430495262, 0.024025214836001396, 0.02402251586318016, 0.02401016652584076, 0.023931508883833885, 0.023917166516184807, 0.02390621416270733, 0.0238188486546278, 0.023743925616145134, 0.023728234693408012, 0.023670295253396034, 0.02362733893096447, 0.023556003347039223, 0.023457936942577362, 0.023443059995770454, 0.02340572327375412, 0.02340111695230007, 0.023397283628582954, 0.023365749046206474, 0.02332036755979061, 0.02328847534954548, 0.023237401619553566, 0.02320443093776703, 0.02318733185529709, 0.02317975088953972, 0.022977979853749275, 0.02295006811618805, 0.022812604904174805, 0.022801248356699944, 0.02279728651046753, 0.022705882787704468, 0.02269916981458664, 0.02269131690263748, 0.02268926426768303, 0.02266434207558632, 0.02260509505867958, 0.022592801600694656, 0.02257583476603031, 0.022542934864759445, 0.022461935877799988, 0.0224391408264637, 0.02229425124824047, 0.022275350987911224, 0.022267678752541542, 0.022205406799912453, 0.022137271240353584, 0.02203965373337269, 0.02194076217710972, 0.021861044690012932, 0.021857907995581627, 0.02183271013200283, 0.021784108132123947, 0.021686337888240814, 0.021599873900413513, 0.0213454719632864, 0.02134404331445694, 0.021316714584827423, 0.021276982501149178, 0.021149829030036926, 0.021029777824878693, 0.020954176783561707, 0.020899219438433647, 0.020882684737443924, 0.02084231562912464, 0.02075725607573986, 0.020744886249303818, 0.02072317525744438, 0.02069939486682415, 0.020664498209953308, 0.02066044695675373, 0.02063610963523388, 0.02062627486884594, 0.020593026652932167, 0.02057100087404251, 0.020561419427394867, 0.020451821386814117, 0.02031138353049755, 0.020308228209614754, 0.02028595469892025, 0.020240304991602898, 0.020199719816446304, 0.02016400173306465, 0.020134493708610535, 0.020120898261666298, 0.020118853077292442, 0.020108897238969803, 0.020108751952648163, 0.020086349919438362, 0.020082874223589897, 0.020053723827004433, 0.02001398429274559, 0.019883645698428154, 0.019857702776789665, 0.019854914397001266, 0.019654985517263412, 0.01950807124376297, 0.019507601857185364, 0.01948079653084278, 0.019394248723983765, 0.01937088370323181, 0.01931217685341835, 0.01928774081170559, 0.019253460690379143, 0.019194724038243294, 0.019123755395412445, 0.019092760980129242, 0.019088923931121826, 0.01907653547823429, 0.01904229260981083, 0.018973998725414276, 0.01897035911679268, 0.018889330327510834, 0.018869109451770782, 0.018836690112948418, 0.018798643723130226, 0.01878431998193264, 0.018769459798932076, 0.018759002909064293, 0.01868569105863571, 0.018676728010177612, 0.01866430975496769, 0.018639691174030304, 0.01861005835235119, 0.018515361472964287, 0.01850464567542076, 0.018503891304135323, 0.018481437116861343, 0.01846008002758026, 0.018453700467944145, 0.01844635047018528, 0.018383456394076347, 0.018343323841691017, 0.018303105607628822, 0.01825142465531826, 0.018217043951153755, 0.018190091475844383, 0.018162744119763374, 0.01815139874815941, 0.018147263675928116, 0.018111063167452812, 0.018103810027241707]

Execution time: 0.4064 sec
