Label: tensor([14, 14, 23, 14, 14, 14, 14, 14, 65, 14, 14, 38, 14, 14, 14, 14, 14, 14,
        14, 68, 14,  0, 14, 18, 14, 39, 14,  8, 14, 14, 14, 14, 44, 15, 50, 26,
        32, 14, 74, 21, 14, 42, 14, 14, 14, 25, 19, 14,  1, 14, 14, 12, 14, 40,
        13,  4, 14, 14, 14, 14, 14, 14, 46, 14, 14, 14, 14, 14, 14, 14, 14, 14,
        14, 14, 16, 14, 72, 14, 14, 14, 14, 14, 14, 22, 14, 14, 14, 14, 14, 14,
        14, 14, 14,  9, 58, 14, 14, 14, 10, 14, 14, 14, 14, 14, 14, 14, 14, 14,
        20, 39, 14, 14, 14, 14, 64, 46, 14, 14, 50, 75, 14, 14, 47, 14, 79, 53,
        49, 14, 14, 14, 73, 56, 14, 14, 14, 14, 50, 14, 77, 14, 46, 74, 14, 14,
        14, 14, 44, 34, 14, 14, 39, 14, 14, 14, 14, 39, 14, 14, 33, 14, 14, 14,
        14, 14, 37, 14, 15, 15, 39, 14,  8, 14, 14, 14, 62, 50, 14, 14, 14, 17,
        14, 39, 14, 46, 14, 15, 43, 14, 14, 26, 74, 14,  2, 14, 14, 14, 14, 14,
        47, 18, 14, 13, 14, 14, 14, 21, 14, 14, 14, 21, 14, 14, 39, 14, 14, 14,
        58, 14, 14, 39, 21, 23, 14, 14, 74, 27, 14, 72,  0, 18, 62, 60, 39, 14,
        72, 14, 42, 14, 58, 14, 26,  0, 72, 15, 21, 44, 47, 14, 21, 21, 58, 26,
        14, 14, 58, 35, 53,  8, 12, 14, 13, 15, 14, 39, 14, 50, 14, 50, 15, 14,
        12, 50, 79, 14, 14, 14, 14, 14, 14, 40, 76, 14, 13, 58, 15, 44, 67, 14,
        12, 50, 14, 15, 72, 45, 39, 21, 14, 14, 58, 20]), Box: ([18.182809829711914, 48.8016471862793, 454.36444091796875, 499.9015808105469], [217.8206787109375, 125.65879821777344, 453.1669921875, 498.8212585449219], [18.182809829711914, 48.8016471862793, 454.36444091796875, 499.9015808105469], [220.99285888671875, 253.90464782714844, 453.9647521972656, 500.69921875], [221.0512237548828, 188.70921325683594, 453.82110595703125, 501.3450927734375], [120.05127716064453, 48.81265640258789, 453.7313232421875, 498.1529541015625], [18.45358657836914, 49.358741760253906, 292.8096923828125, 497.78521728515625], [124.28826141357422, 49.2875862121582, 453.293701171875, 497.4766540527344], [18.182809829711914, 48.8016471862793, 454.36444091796875, 499.9015808105469], [118.31563568115234, 48.34322738647461, 452.8167419433594, 498.3338623046875], [191.3468017578125, 75.85234832763672, 453.5197448730469, 500.3091735839844], [18.182809829711914, 48.8016471862793, 454.36444091796875, 499.9015808105469], [18.538963317871094, 268.28082275390625, 244.20498657226562, 498.5803527832031], [222.1124267578125, 195.16366577148438, 453.830322265625, 500.7711181640625], [18.587182998657227, 241.45437622070312, 245.13507080078125, 497.8169860839844], [19.88425636291504, 114.1666488647461, 451.7958068847656, 497.29510498046875], [197.78048706054688, 120.71320343017578, 453.80499267578125, 498.6954650878906], [21.664907455444336, 49.98947525024414, 452.9855041503906, 498.1806335449219], [17.035974502563477, 49.652828216552734, 328.3407287597656, 498.4971923828125], [18.182809829711914, 48.8016471862793, 454.36444091796875, 499.9015808105469], [18.568424224853516, 217.83615112304688, 244.7462921142578, 499.3095397949219], [18.182809829711914, 48.8016471862793, 454.36444091796875, 499.9015808105469], [221.38832092285156, 332.6258544921875, 454.254638671875, 499.2911682128906], [18.182809829711914, 48.8016471862793, 454.36444091796875, 499.9015808105469], [203.8439178466797, 100.9277114868164, 453.5877380371094, 499.49444580078125], [18.182809829711914, 48.8016471862793, 454.36444091796875, 499.9015808105469], [18.200624465942383, 49.41813659667969, 268.5960693359375, 498.7222595214844], [18.182809829711914, 48.8016471862793, 454.36444091796875, 499.9015808105469], [19.081157684326172, 231.41342163085938, 453.6365966796875, 499.9324645996094], [17.446134567260742, 163.1892547607422, 244.1944122314453, 499.3097229003906], [195.42269897460938, 130.84771728515625, 452.4120178222656, 495.5177001953125], [18.392732620239258, 49.4926872253418, 268.6768493652344, 498.8525695800781], [18.182809829711914, 48.8016471862793, 454.36444091796875, 499.9015808105469], [18.182809829711914, 48.8016471862793, 454.36444091796875, 499.9015808105469], [18.182809829711914, 48.8016471862793, 454.36444091796875, 499.9015808105469], [18.182809829711914, 48.8016471862793, 454.36444091796875, 499.9015808105469], [18.182809829711914, 48.8016471862793, 454.36444091796875, 499.9015808105469], [18.510967254638672, 223.10415649414062, 244.7480926513672, 499.1462707519531], [18.182809829711914, 48.8016471862793, 454.36444091796875, 499.9015808105469], [18.182809829711914, 48.8016471862793, 454.36444091796875, 499.9015808105469], [221.49942016601562, 272.3179016113281, 331.36285400390625, 498.6519470214844], [18.182809829711914, 48.8016471862793, 454.36444091796875, 499.9015808105469], [221.30361938476562, 157.4042510986328, 453.9650573730469, 499.6836853027344], [18.960506439208984, 49.667999267578125, 266.94842529296875, 499.0487060546875], [221.57374572753906, 267.44561767578125, 385.2193603515625, 497.96051025390625], [18.182809829711914, 48.8016471862793, 454.36444091796875, 499.9015808105469], [18.182809829711914, 48.8016471862793, 454.36444091796875, 499.9015808105469], [17.951128005981445, 50.11445236206055, 334.5052490234375, 498.4728088378906], [18.182809829711914, 48.8016471862793, 454.36444091796875, 499.9015808105469], [312.4021911621094, 347.9970703125, 454.5807189941406, 498.96014404296875], [313.1178894042969, 321.4432678222656, 454.8557434082031, 498.9991149902344], [18.182809829711914, 48.8016471862793, 454.36444091796875, 499.9015808105469], [221.27232360839844, 371.30548095703125, 453.9537658691406, 499.6014709472656], [18.182809829711914, 48.8016471862793, 454.36444091796875, 499.9015808105469], [18.182809829711914, 48.8016471862793, 454.36444091796875, 499.9015808105469], [18.182809829711914, 48.8016471862793, 454.36444091796875, 499.9015808105469], [113.08399963378906, 59.82382583618164, 395.032958984375, 341.2615661621094], [245.6984100341797, 231.42991638183594, 454.1766052246094, 500.3211364746094], [188.5101776123047, 257.22308349609375, 453.3164978027344, 499.451171875], [221.25595092773438, 364.1134948730469, 454.03033447265625, 499.5187072753906], [112.47327423095703, 49.29970169067383, 396.4208679199219, 357.7306213378906], [292.0465393066406, 287.760986328125, 455.1835021972656, 498.65728759765625], [18.182809829711914, 48.8016471862793, 454.36444091796875, 499.9015808105469], [309.806884765625, 237.79962158203125, 453.2922668457031, 498.1151428222656], [221.15199279785156, 353.53643798828125, 371.9857482910156, 498.496826171875], [315.04144287109375, 356.7644348144531, 454.4096374511719, 498.9996032714844], [19.29802703857422, 49.93900680541992, 278.0257263183594, 498.3271789550781], [309.65869140625, 312.47125244140625, 454.99322509765625, 498.56884765625], [302.367919921875, 327.07366943359375, 454.88037109375, 500.152587890625], [18.427947998046875, 156.94927978515625, 299.1939392089844, 498.4806823730469], [301.20166015625, 122.83426666259766, 453.25213623046875, 494.8935546875], [113.4592056274414, 49.17573928833008, 430.2514953613281, 380.73663330078125], [311.25933837890625, 332.93218994140625, 454.896240234375, 499.0015869140625], [113.61808776855469, 50.97885513305664, 393.72137451171875, 286.6679382324219], [18.182809829711914, 48.8016471862793, 454.36444091796875, 499.9015808105469], [18.911304473876953, 146.5709686279297, 247.7118377685547, 501.2939453125], [18.182809829711914, 48.8016471862793, 454.36444091796875, 499.9015808105469], [19.083581924438477, 258.94537353515625, 168.56129455566406, 498.4166259765625], [191.6553192138672, 101.02556610107422, 453.8816223144531, 499.8820495605469], [167.701171875, 52.95756530761719, 452.1006164550781, 497.8788757324219], [324.0072937011719, 370.81134033203125, 341.1436767578125, 391.63214111328125], [42.21401596069336, 200.37977600097656, 449.8612976074219, 498.7042541503906], [19.14784049987793, 293.7509460449219, 159.44223022460938, 498.55792236328125], [18.182809829711914, 48.8016471862793, 454.36444091796875, 499.9015808105469], [18.21099090576172, 279.63287353515625, 291.1618957519531, 498.3716735839844], [18.755311965942383, 228.12106323242188, 171.04776000976562, 498.63189697265625], [18.846689224243164, 211.1003875732422, 245.05287170410156, 498.80224609375], [221.39918518066406, 332.6809387207031, 375.3613586425781, 498.4427795410156], [19.105472564697266, 292.8111877441406, 139.20834350585938, 498.330810546875], [129.7669219970703, 307.0091552734375, 456.2215270996094, 498.6235046386719], [221.7137908935547, 311.839599609375, 454.3748779296875, 497.34063720703125], [18.59478187561035, 171.4107208251953, 174.77442932128906, 499.91851806640625], [221.11647033691406, 315.1743469238281, 326.12652587890625, 497.7887878417969], [18.182809829711914, 48.8016471862793, 454.36444091796875, 499.9015808105469], [18.182809829711914, 48.8016471862793, 454.36444091796875, 499.9015808105469], [222.21923828125, 297.88201904296875, 389.8759765625, 498.4499816894531], [292.5852355957031, 367.1911926269531, 455.21331787109375, 498.5587463378906], [345.70855712890625, 121.52803039550781, 454.0257568359375, 495.84197998046875], [18.182809829711914, 48.8016471862793, 454.36444091796875, 499.9015808105469], [18.816946029663086, 146.82388305664062, 171.2087860107422, 498.3227844238281], [89.11056518554688, 79.57002258300781, 454.1359558105469, 498.0533447265625], [115.08165740966797, 90.68238067626953, 396.2928161621094, 316.5074768066406], [234.6248016357422, 254.38436889648438, 453.5630798339844, 498.49542236328125], [236.27017211914062, 322.2198181152344, 452.2684020996094, 499.95867919921875], [19.034692764282227, 50.085933685302734, 264.20123291015625, 498.6241149902344], [318.5581359863281, 370.8177185058594, 341.01434326171875, 392.61932373046875], [177.372802734375, 94.03853607177734, 399.6480407714844, 310.0289306640625], [220.68458557128906, 324.19805908203125, 385.2557067871094, 498.65411376953125], [18.182809829711914, 48.8016471862793, 454.36444091796875, 499.9015808105469], [217.8206787109375, 125.65879821777344, 453.1669921875, 498.8212585449219], [203.18887329101562, 120.61124420166016, 435.33831787109375, 333.6819152832031], [19.56266212463379, 181.3378143310547, 453.50927734375, 500.0822448730469], [348.88525390625, 376.18255615234375, 454.8681945800781, 499.20355224609375], [161.65087890625, 118.90367126464844, 389.361572265625, 337.4134826660156], [18.182809829711914, 48.8016471862793, 454.36444091796875, 499.9015808105469], [220.99285888671875, 253.90464782714844, 453.9647521972656, 500.69921875], [351.7000427246094, 390.74920654296875, 454.3638916015625, 500.0265197753906], [172.35728454589844, 78.91588592529297, 395.71441650390625, 299.87994384765625], [217.8206787109375, 125.65879821777344, 453.1669921875, 498.8212585449219], [18.182809829711914, 48.8016471862793, 454.36444091796875, 499.9015808105469], [222.67208862304688, 220.23214721679688, 452.65032958984375, 498.52197265625], [19.188852310180664, 294.6974792480469, 124.05045318603516, 498.37322998046875], [18.182809829711914, 48.8016471862793, 454.36444091796875, 499.9015808105469], [294.1466979980469, 315.23175048828125, 456.244873046875, 498.3178405761719], [18.182809829711914, 48.8016471862793, 454.36444091796875, 499.9015808105469], [18.182809829711914, 48.8016471862793, 454.36444091796875, 499.9015808105469], [18.182809829711914, 48.8016471862793, 454.36444091796875, 499.9015808105469], [255.36570739746094, 303.1779479980469, 455.7428894042969, 498.3251037597656], [315.77886962890625, 450.2228088378906, 371.0475769042969, 500.1967468261719], [20.351804733276367, 126.59935760498047, 249.12794494628906, 495.3453063964844], [18.182809829711914, 48.8016471862793, 454.36444091796875, 499.9015808105469], [18.182809829711914, 48.8016471862793, 454.36444091796875, 499.9015808105469], [17.844797134399414, 327.21209716796875, 320.96942138671875, 498.9859924316406], [285.3919372558594, 374.2356262207031, 381.161865234375, 499.74322509765625], [233.92031860351562, 155.63552856445312, 420.0159912109375, 325.2891540527344], [218.83177185058594, 280.19207763671875, 380.2139892578125, 498.88348388671875], [220.99285888671875, 253.90464782714844, 453.9647521972656, 500.69921875], [18.872974395751953, 336.76470947265625, 312.9150085449219, 498.9443664550781], [18.182809829711914, 48.8016471862793, 454.36444091796875, 499.9015808105469], [21.254175186157227, 382.00384521484375, 455.15179443359375, 499.1769104003906], [217.8206787109375, 125.65879821777344, 453.1669921875, 498.8212585449219], [220.99285888671875, 253.90464782714844, 453.9647521972656, 500.69921875], [19.580345153808594, 243.19937133789062, 456.8623352050781, 499.1866149902344], [22.916316986083984, 374.09185791015625, 454.9562683105469, 499.1316833496094], [17.599882125854492, 296.9815673828125, 462.8630676269531, 498.6907958984375], [178.7775115966797, 104.62332153320312, 394.3284912109375, 276.8244323730469], [217.8206787109375, 125.65879821777344, 453.1669921875, 498.8212585449219], [18.182809829711914, 48.8016471862793, 454.36444091796875, 499.9015808105469], [17.994932174682617, 248.40245056152344, 151.6638946533203, 498.9127197265625], [165.42405700683594, 329.2192077636719, 448.843017578125, 498.5290832519531], [17.035974502563477, 49.652828216552734, 328.3407287597656, 498.4971923828125], [119.1253662109375, 100.06412506103516, 395.8097229003906, 307.8904724121094], [288.0262451171875, 392.82647705078125, 393.4985046386719, 499.680419921875], [113.84455871582031, 49.250789642333984, 259.5712890625, 225.4117431640625], [117.47440338134766, 122.64179229736328, 317.4879455566406, 257.7420654296875], [18.45358657836914, 49.358741760253906, 292.8096923828125, 497.78521728515625], [120.57801818847656, 107.85450744628906, 395.13555908203125, 285.57269287109375], [15.621707916259766, 309.3975830078125, 470.6444396972656, 498.6829833984375], [18.182809829711914, 48.8016471862793, 454.36444091796875, 499.9015808105469], [114.63922119140625, 94.07048034667969, 313.00537109375, 210.673583984375], [284.8098449707031, 328.68048095703125, 387.5840759277344, 497.67913818359375], [351.7138977050781, 396.6711730957031, 454.68377685546875, 500.7331237792969], [18.518924713134766, 206.59739685058594, 173.1539306640625, 498.63916015625], [21.304887771606445, 49.76601791381836, 430.830810546875, 498.2690124511719], [18.182809829711914, 48.8016471862793, 454.36444091796875, 499.9015808105469], [262.0389099121094, 307.6647644042969, 390.5474853515625, 497.4859924316406], [217.8206787109375, 125.65879821777344, 453.1669921875, 498.8212585449219], [220.99285888671875, 253.90464782714844, 453.9647521972656, 500.69921875], [120.05127716064453, 48.81265640258789, 453.7313232421875, 498.1529541015625], [18.700786590576172, 258.8914794921875, 136.01797485351562, 498.5028076171875], [220.99285888671875, 253.90464782714844, 453.9647521972656, 500.69921875], [118.02301788330078, 48.430667877197266, 453.04364013671875, 498.8048095703125], [19.453306198120117, 133.152587890625, 246.5579376220703, 495.3455810546875], [221.3910369873047, 396.0568542480469, 454.47442626953125, 499.6642150878906], [18.182809829711914, 48.8016471862793, 454.36444091796875, 499.9015808105469], [221.0512237548828, 188.70921325683594, 453.82110595703125, 501.3450927734375], [162.28135681152344, 132.12551879882812, 320.7784729003906, 285.9014892578125], [186.54356384277344, 98.7354507446289, 453.3431091308594, 498.6893005371094], [308.1749267578125, 368.8677062988281, 341.697998046875, 393.3758850097656], [18.182809829711914, 48.8016471862793, 454.36444091796875, 499.9015808105469], [20.289947509765625, 377.455078125, 457.4277038574219, 499.2196960449219], [220.99285888671875, 253.90464782714844, 453.9647521972656, 500.69921875], [220.79446411132812, 273.1614685058594, 347.1390380859375, 496.9215393066406], [221.0512237548828, 188.70921325683594, 453.82110595703125, 501.3450927734375], [21.487789154052734, 376.095458984375, 147.38571166992188, 499.7898864746094], [221.0512237548828, 188.70921325683594, 453.82110595703125, 501.3450927734375], [18.182809829711914, 48.8016471862793, 454.36444091796875, 499.9015808105469], [166.65487670898438, 53.65761947631836, 451.8938293457031, 496.5113220214844], [116.19477844238281, 48.984737396240234, 453.35601806640625, 497.9185791015625], [220.99285888671875, 253.90464782714844, 453.9647521972656, 500.69921875], [217.8206787109375, 125.65879821777344, 453.1669921875, 498.8212585449219], [192.35650634765625, 115.64788055419922, 395.0263671875, 287.8875732421875], [18.182809829711914, 48.8016471862793, 454.36444091796875, 499.9015808105469], [179.6136016845703, 90.01519012451172, 396.8956298828125, 280.2111511230469], [18.6735782623291, 302.52191162109375, 244.49081420898438, 497.0722351074219], [112.81183624267578, 127.59478759765625, 243.8583984375, 488.7629089355469], [185.39199829101562, 95.8202133178711, 394.3874206542969, 287.296875], [19.574634552001953, 118.83358764648438, 452.8682861328125, 497.6975402832031], [220.99285888671875, 253.90464782714844, 453.9647521972656, 500.69921875], [120.05127716064453, 48.81265640258789, 453.7313232421875, 498.1529541015625], [222.42050170898438, 185.99575805664062, 452.8667297363281, 500.4033508300781], [220.99285888671875, 253.90464782714844, 453.9647521972656, 500.69921875], [18.56901741027832, 341.8415222167969, 82.77334594726562, 500.14019775390625], [19.18724250793457, 51.16477584838867, 267.8740234375, 495.96319580078125], [-1.3446236848831177, 51.067710876464844, 497.4225769042969, 498.7884826660156], [217.8206787109375, 125.65879821777344, 453.1669921875, 498.8212585449219], [217.77218627929688, 119.32176208496094, 455.52423095703125, 486.5247497558594], [247.63375854492188, 178.97109985351562, 442.9475402832031, 349.2423400878906], [17.797082901000977, 168.40081787109375, 177.22784423828125, 495.9068298339844], [120.05127716064453, 48.81265640258789, 453.7313232421875, 498.1529541015625], [223.15203857421875, 211.35272216796875, 452.55108642578125, 493.8812255859375], [18.101835250854492, 309.1514587402344, 124.0615005493164, 496.6015930175781], [17.951128005981445, 50.11445236206055, 334.5052490234375, 498.4728088378906], [21.66886329650879, 50.1299934387207, 437.2868957519531, 497.9084777832031], [19.06424903869629, 310.7930908203125, 86.41160583496094, 498.4915771484375], [182.67129516601562, 115.24112701416016, 389.8481140136719, 287.1848449707031], [220.99285888671875, 253.90464782714844, 453.9647521972656, 500.69921875], [22.719064712524414, 49.512088775634766, 430.1202697753906, 497.616455078125], [120.34135437011719, 116.49170684814453, 381.5251770019531, 314.4136657714844], [21.664907455444336, 49.98947525024414, 452.9855041503906, 498.1806335449219], [220.99285888671875, 253.90464782714844, 453.9647521972656, 500.69921875], [18.45358657836914, 49.358741760253906, 292.8096923828125, 497.78521728515625], [111.5019302368164, 137.1557159423828, 299.36431884765625, 370.84234619140625], [213.46707153320312, 145.10348510742188, 325.01995849609375, 347.3649597167969], [221.0512237548828, 188.70921325683594, 453.82110595703125, 501.3450927734375], [18.182809829711914, 48.8016471862793, 454.36444091796875, 499.9015808105469], [19.386943817138672, 151.8916015625, 244.4200439453125, 487.4166259765625], [120.05127716064453, 48.81265640258789, 453.7313232421875, 498.1529541015625], [21.664907455444336, 49.98947525024414, 452.9855041503906, 498.1806335449219], [217.8206787109375, 125.65879821777344, 453.1669921875, 498.8212585449219], [-1.3446236848831177, 51.067710876464844, 497.4225769042969, 498.7884826660156], [18.182809829711914, 48.8016471862793, 454.36444091796875, 499.9015808105469], [221.0512237548828, 188.70921325683594, 453.82110595703125, 501.3450927734375], [305.5115051269531, 350.1127624511719, 425.6611633300781, 474.58477783203125], [18.45358657836914, 49.358741760253906, 292.8096923828125, 497.78521728515625], [300.6933898925781, 345.9057922363281, 405.1947326660156, 424.9275817871094], [217.8206787109375, 125.65879821777344, 453.1669921875, 498.8212585449219], [22.42265510559082, 35.798057556152344, 267.3861999511719, 494.36474609375], [18.538963317871094, 268.28082275390625, 244.20498657226562, 498.5803527832031], [226.36398315429688, 251.44398498535156, 357.87872314453125, 429.37152099609375], [217.8206787109375, 125.65879821777344, 453.1669921875, 498.8212585449219], [217.8206787109375, 125.65879821777344, 453.1669921875, 498.8212585449219], [17.035974502563477, 49.652828216552734, 328.3407287597656, 498.4971923828125], [18.45358657836914, 49.358741760253906, 292.8096923828125, 497.78521728515625], [118.31563568115234, 48.34322738647461, 452.8167419433594, 498.3338623046875], [120.05127716064453, 48.81265640258789, 453.7313232421875, 498.1529541015625], [217.8206787109375, 125.65879821777344, 453.1669921875, 498.8212585449219], [290.1097717285156, 221.5955810546875, 419.60113525390625, 319.0277099609375], [21.664907455444336, 49.98947525024414, 452.9855041503906, 498.1806335449219], [124.28826141357422, 49.2875862121582, 453.293701171875, 497.4766540527344], [18.587182998657227, 241.45437622070312, 245.13507080078125, 497.8169860839844], [221.0512237548828, 188.70921325683594, 453.82110595703125, 501.3450927734375], [183.24484252929688, 185.97158813476562, 232.4683837890625, 284.04742431640625], [185.0426025390625, 191.94483947753906, 231.97543334960938, 266.05804443359375], [221.0512237548828, 188.70921325683594, 453.82110595703125, 501.3450927734375], [18.182809829711914, 48.8016471862793, 454.36444091796875, 499.9015808105469], [217.8206787109375, 125.65879821777344, 453.1669921875, 498.8212585449219], [221.0512237548828, 188.70921325683594, 453.82110595703125, 501.3450927734375], [17.035974502563477, 49.652828216552734, 328.3407287597656, 498.4971923828125], [237.34799194335938, 327.4448547363281, 443.2103576660156, 490.83148193359375], [221.0512237548828, 188.70921325683594, 453.82110595703125, 501.3450927734375], [120.05127716064453, 48.81265640258789, 453.7313232421875, 498.1529541015625], [220.97642517089844, 283.39605712890625, 364.4107666015625, 473.36578369140625], [124.28826141357422, 49.2875862121582, 453.293701171875, 497.4766540527344], [306.319580078125, 344.3004150390625, 394.1150817871094, 421.2746887207031], [18.45358657836914, 49.358741760253906, 292.8096923828125, 497.78521728515625], [140.1728515625, 124.17550659179688, 245.9774169921875, 393.9176940917969], [315.77886962890625, 450.2228088378906, 371.0475769042969, 500.1967468261719], [17.035974502563477, 49.652828216552734, 328.3407287597656, 498.4971923828125], [233.615478515625, 239.70884704589844, 453.5415954589844, 405.78460693359375], [18.45358657836914, 49.358741760253906, 292.8096923828125, 497.78521728515625], [17.035974502563477, 49.652828216552734, 328.3407287597656, 498.4971923828125], [18.45358657836914, 49.358741760253906, 292.8096923828125, 497.78521728515625], [266.9881286621094, 207.28567504882812, 395.58184814453125, 318.85687255859375], [213.7972412109375, 137.7555389404297, 367.6774597167969, 281.8377380371094], [17.63550567626953, 284.5076904296875, 244.34849548339844, 473.3874206542969], [20.427656173706055, 23.2811279296875, 451.9339904785156, 518.828857421875], [10.3594331741333, 387.7059326171875, 475.8194274902344, 499.09930419921875], [181.2372283935547, 191.45066833496094, 220.34320068359375, 289.8696594238281], [220.99285888671875, 253.90464782714844, 453.9647521972656, 500.69921875], [18.182809829711914, 48.8016471862793, 454.36444091796875, 499.9015808105469], [234.1121063232422, 239.517822265625, 455.9354248046875, 402.6749267578125], [217.8206787109375, 125.65879821777344, 453.1669921875, 498.8212585449219], [17.446134567260742, 163.1892547607422, 244.1944122314453, 499.3097229003906], [18.587182998657227, 241.45437622070312, 245.13507080078125, 497.8169860839844], [18.45358657836914, 49.358741760253906, 292.8096923828125, 497.78521728515625], [18.182809829711914, 48.8016471862793, 454.36444091796875, 499.9015808105469], [293.7794189453125, 354.52960205078125, 344.7406311035156, 391.4617614746094], [217.8206787109375, 125.65879821777344, 453.1669921875, 498.8212585449219], [18.587182998657227, 241.45437622070312, 245.13507080078125, 497.8169860839844], [191.9166717529297, 124.25228881835938, 362.6680603027344, 258.0090026855469], [197.78048706054688, 120.71320343017578, 453.80499267578125, 498.6954650878906], [217.8206787109375, 125.65879821777344, 453.1669921875, 498.8212585449219], [220.99285888671875, 253.90464782714844, 453.9647521972656, 500.69921875], [18.200624465942383, 49.41813659667969, 268.5960693359375, 498.7222595214844], [221.0512237548828, 188.70921325683594, 453.82110595703125, 501.3450927734375], [186.5616912841797, 190.96580505371094, 250.71585083007812, 267.2999267578125], [219.08811950683594, 149.57154846191406, 339.54119873046875, 284.06756591796875], [18.568424224853516, 217.83615112304688, 244.7462921142578, 499.3095397949219], [220.99285888671875, 253.90464782714844, 453.9647521972656, 500.69921875]), Score: [0.9686778783798218, 0.12662899494171143, 0.0988488718867302, 0.09233392030000687, 0.08206231147050858, 0.07935186475515366, 0.047752004116773605, 0.04193812981247902, 0.03583257645368576, 0.03498630225658417, 0.03315495327115059, 0.03076590783894062, 0.030393972992897034, 0.030104337260127068, 0.029738320037722588, 0.029446104541420937, 0.029380498453974724, 0.027022235095500946, 0.026773642748594284, 0.026624280959367752, 0.025297533720731735, 0.02512340061366558, 0.024247504770755768, 0.022963153198361397, 0.022922679781913757, 0.022771550342440605, 0.02267143502831459, 0.02220948040485382, 0.02202230505645275, 0.021952174603939056, 0.021453792229294777, 0.021381117403507233, 0.021216891705989838, 0.020640233531594276, 0.020567428320646286, 0.020146584138274193, 0.019868165254592896, 0.018801501020789146, 0.018088797107338905, 0.017616499215364456, 0.017615608870983124, 0.01752818003296852, 0.017481476068496704, 0.017468450590968132, 0.017392858862876892, 0.01713271625339985, 0.016988573595881462, 0.01670384220778942, 0.01621406525373459, 0.016154607757925987, 0.014951684512197971, 0.014919771812856197, 0.014883555471897125, 0.014760957099497318, 0.014595883898437023, 0.01452782191336155, 0.014428162015974522, 0.014222251251339912, 0.014182508923113346, 0.014080509543418884, 0.013965089805424213, 0.013919483870267868, 0.013884348794817924, 0.013873377814888954, 0.01386707741767168, 0.013859430328011513, 0.013349581509828568, 0.013328997418284416, 0.013180561363697052, 0.013140184804797173, 0.013104572892189026, 0.013081436976790428, 0.01293492503464222, 0.012910369783639908, 0.012889591045677662, 0.012872518971562386, 0.01284178625792265, 0.012832565233111382, 0.012805098667740822, 0.012780636548995972, 0.012588363140821457, 0.012553694657981396, 0.012527341954410076, 0.012449588626623154, 0.012372412718832493, 0.012332824058830738, 0.01232879888266325, 0.01230937521904707, 0.012134166434407234, 0.012069485150277615, 0.01203432958573103, 0.011914819478988647, 0.011862970888614655, 0.011791686527431011, 0.011751990765333176, 0.011701845563948154, 0.011683640070259571, 0.011609218083322048, 0.011339914053678513, 0.011339368298649788, 0.011304397135972977, 0.011268459260463715, 0.011186097748577595, 0.011177429929375648, 0.011033434420824051, 0.010929031297564507, 0.010861529968678951, 0.010712414048612118, 0.010706402361392975, 0.01060488075017929, 0.010570837184786797, 0.010538841597735882, 0.010462528094649315, 0.010422877036035061, 0.010366454720497131, 0.010333862155675888, 0.010253643617033958, 0.010125072672963142, 0.010115484707057476, 0.010087867267429829, 0.010081483982503414, 0.010018988512456417, 0.009987601079046726, 0.00997528899461031, 0.009940242394804955, 0.00993254967033863, 0.009917199611663818, 0.009858394041657448, 0.009824361652135849, 0.009771973825991154, 0.009690104983747005, 0.009669216349720955, 0.009659066796302795, 0.009635540656745434, 0.009623929858207703, 0.009615262970328331, 0.009457296691834927, 0.009436904452741146, 0.009409423917531967, 0.009401063434779644, 0.009337113238871098, 0.009330173023045063, 0.009268341585993767, 0.009223385713994503, 0.009191435761749744, 0.009176552295684814, 0.009170051664113998, 0.009153075516223907, 0.009130454622209072, 0.00907218549400568, 0.009069128893315792, 0.00892261415719986, 0.008872189559042454, 0.008837479166686535, 0.00868165586143732, 0.00865333154797554, 0.008638949133455753, 0.008626575581729412, 0.008601503446698189, 0.008565045893192291, 0.008495744317770004, 0.00848951656371355, 0.008336922153830528, 0.008326060138642788, 0.008276978507637978, 0.008224203251302242, 0.00818542018532753, 0.008156622759997845, 0.008086835034191608, 0.00806081760674715, 0.008060078136622906, 0.008060062304139137, 0.007956570014357567, 0.007936443202197552, 0.007926061749458313, 0.007923205383121967, 0.007917805574834347, 0.007802869193255901, 0.007798462174832821, 0.007786454167217016, 0.007763206027448177, 0.007749337702989578, 0.007746826857328415, 0.007647578604519367, 0.007635436020791531, 0.00759371742606163, 0.007559301797300577, 0.007544102147221565, 0.007485251873731613, 0.007456065155565739, 0.007427487056702375, 0.007417566142976284, 0.007394815795123577, 0.0073598106391727924, 0.0073493849486112595, 0.00722017465159297, 0.007184537593275309, 0.0070800515823066235, 0.007011500187218189, 0.007010706700384617, 0.006998110096901655, 0.006968723144382238, 0.006967123132199049, 0.0069387792609632015, 0.006873796693980694, 0.006825499702244997, 0.006812655832618475, 0.006792070809751749, 0.00679055554792285, 0.006753863766789436, 0.006740090902894735, 0.0065709128975868225, 0.00654559675604105, 0.006512094289064407, 0.006501851137727499, 0.006485049147158861, 0.006454187445342541, 0.006443995516747236, 0.006439435761421919, 0.006422425154596567, 0.006420755293220282, 0.006416801363229752, 0.006411007139831781, 0.006388614885509014, 0.006381000392138958, 0.006289737764745951, 0.006234616972506046, 0.00622536800801754, 0.006211224477738142, 0.006191086024045944, 0.006171015556901693, 0.0061125061474740505, 0.006097625475376844, 0.00609245803207159, 0.006081400439143181, 0.006071689538657665, 0.0060434420593082905, 0.006042316555976868, 0.006036682985723019, 0.00601262878626585, 0.005981157533824444, 0.005973997991532087, 0.00592945609241724, 0.005927204620093107, 0.0059080044738948345, 0.005899980664253235, 0.005898728035390377, 0.005859308410435915, 0.005846348591148853, 0.005833635572344065, 0.005811451468616724, 0.005796815734356642, 0.005790128372609615, 0.005764325149357319, 0.0057618143036961555, 0.0057427952997386456, 0.005718920845538378, 0.005704598501324654, 0.0056754485704004765, 0.0056528388522565365, 0.005634300410747528, 0.00561137730255723, 0.005604769103229046, 0.0055997781455516815, 0.005591266322880983, 0.005571684334427118, 0.0055498224683105946, 0.005517886485904455, 0.0055025797337293625, 0.005490140989422798, 0.005479770712554455, 0.005478427279740572, 0.005466313101351261, 0.005459849257022142, 0.00544745335355401, 0.005397845525294542, 0.005383010022342205, 0.005378995556384325, 0.005374778062105179, 0.005357870366424322, 0.0053532905876636505, 0.005352894309908152, 0.0053475480526685715, 0.005328776780515909, 0.005306319799274206, 0.0053038215264678, 0.005284097511321306, 0.005279500503093004, 0.005268240813165903, 0.0052658626809716225, 0.005264883860945702, 0.005243873223662376, 0.005229521077126265, 0.005221809726208448, 0.005202643107622862, 0.005196336656808853, 0.005186164285987616, 0.005181895103305578, 0.005179228726774454, 0.005164566915482283]

Execution time: 0.4205 sec
