Label: tensor([ 2,  0,  3,  0, 58, 58, 58, 58, 58, 58, 58,  7, 58,  7, 58,  7, 58, 58,
        58, 58, 26,  0, 13,  0, 26,  0, 13,  0,  7, 58, 13,  7,  0,  0, 13, 58,
        67, 58, 13,  2,  1,  0, 26, 67, 67,  7,  7, 58, 13, 58,  0, 58,  8,  0,
        58,  1, 24, 67,  2, 67, 24, 58, 13,  0, 24, 67,  0, 58,  9, 58, 24, 58,
         3, 26, 58,  0, 58, 26, 58, 58, 58,  7,  0,  0,  0, 58, 58, 39, 58, 26,
         0, 73,  0, 58, 58,  7, 24, 24, 58, 58,  0,  8, 26, 58, 13,  2, 13, 58,
         3, 23,  7, 58,  3, 41,  2,  0, 62, 26,  0, 67, 58, 13, 13, 72, 26, 58,
        13,  0,  2,  2,  0,  0,  2, 58, 58, 58,  0, 26, 58, 39,  2,  2, 67, 39,
        41, 50, 58,  7,  0, 58,  7,  0, 58, 26, 56, 73,  0, 13, 58,  2, 58,  1,
        58, 67,  3, 13,  2, 24, 58,  3, 13, 75, 13, 60, 41,  0, 58, 26, 13, 13,
        26, 13,  3,  7, 22,  2, 12,  1, 13, 58, 67,  7,  2, 26, 58,  0, 58, 58,
         2,  2, 58, 27,  2,  0,  3,  9, 58,  0, 56,  2, 13, 58, 28, 13, 10, 28,
        73,  0, 13, 13, 24, 36,  8, 58,  2, 58, 56, 26, 58, 58, 67,  9, 58, 13,
        58, 58,  3,  2,  7, 56, 58, 58,  3,  3,  3,  2,  2,  0,  7, 56, 12, 58,
        50,  5, 24, 60, 28,  0, 27,  1, 34, 58,  0, 58,  7,  7, 73, 13, 58, 56,
         2,  0, 50, 58,  8,  1,  2,  1, 39, 61, 13, 67,  0, 41, 58,  0, 16, 56,
        58, 13, 26,  7, 26,  3,  2, 58, 75, 13, 13, 57]), Box: ([0.07209181785583496, 51.69862365722656, 90.26255798339844, 153.94529724121094], [406.6254577636719, 55.3609733581543, 451.0440368652344, 172.6962890625], [177.94912719726562, 131.64913940429688, 301.60443115234375, 280.8489074707031], [177.78244018554688, 101.5806655883789, 259.2410583496094, 199.9635772705078], [462.38995361328125, 46.28224563598633, 499.85986328125, 109.87699127197266], [398.22003173828125, -0.1254044473171234, 477.42120361328125, 87.84405517578125], [263.16693115234375, 0.1289360225200653, 313.41168212890625, 86.75361633300781], [178.97518920898438, 40.45576858520508, 199.87258911132812, 85.54473114013672], [179.09678649902344, 20.029582977294922, 200.1903076171875, 85.33181762695312], [262.6653137207031, 0.16391929984092712, 333.3049621582031, 86.79843139648438], [353.840576171875, 33.95364761352539, 372.7868347167969, 64.28213500976562], [0.034514814615249634, 51.4555549621582, 90.31656646728516, 153.77259826660156], [371.984375, 34.525630950927734, 400.2176513671875, 64.91658020019531], [0.04649162292480469, 177.74923706054688, 500.03302001953125, 372.87310791015625], [307.581298828125, 0.020499341189861298, 334.3177490234375, 15.418404579162598], [-0.10363012552261353, 51.366817474365234, 90.4366226196289, 153.68898010253906], [56.20976638793945, 0.7629655599594116, 89.72637939453125, 54.87666702270508], [316.4822692871094, 215.4611053466797, 499.9944152832031, 347.2924499511719], [306.1014709472656, 0.16486085951328278, 335.51629638671875, 65.60096740722656], [400.0797424316406, 0.046733301132917404, 476.881591796875, 26.393735885620117], [436.0570373535156, 80.61811828613281, 450.3341979980469, 124.8420639038086], [10.820413589477539, 67.88677215576172, 37.186065673828125, 90.23749542236328], [186.47787475585938, 46.56268310546875, 266.8074035644531, 84.92274475097656], [44.0940055847168, 70.2011947631836, 58.817630767822266, 90.34270477294922], [441.9693603515625, 116.00624084472656, 449.894287109375, 124.84063720703125], [307.36322021484375, 0.05527585744857788, 334.6820373535156, 23.653358459472656], [0.44045597314834595, 199.0694580078125, 76.05818176269531, 285.1255798339844], [178.23388671875, 102.16279602050781, 263.8124694824219, 231.8681182861328], [316.4822692871094, 215.4611053466797, 499.9944152832031, 347.2924499511719], [421.57818603515625, 0.24882657825946808, 476.92718505859375, 28.44597816467285], [141.08432006835938, 38.48849868774414, 173.7204132080078, 46.07123565673828], [-0.14993548393249512, 3.39426851272583, 499.8450622558594, 370.1568603515625], [307.581298828125, 0.020499341189861298, 334.3177490234375, 15.418404579162598], [306.1014709472656, 0.16486085951328278, 335.51629638671875, 65.60096740722656], [316.4822692871094, 215.4611053466797, 499.9944152832031, 347.2924499511719], [398.1253356933594, 0.24562329053878784, 499.572021484375, 110.12007904052734], [419.1874084472656, 63.92300796508789, 424.8405456542969, 70.63695526123047], [307.36322021484375, 0.05527585744857788, 334.6820373535156, 23.653358459472656], [131.6752166748047, 31.410619735717773, 174.28057861328125, 46.17017364501953], [307.581298828125, 0.020499341189861298, 334.3177490234375, 15.418404579162598], [178.32102966308594, 131.5466766357422, 301.5364685058594, 280.0294494628906], [177.9680633544922, 100.9009780883789, 261.9040832519531, 250.7819366455078], [440.59710693359375, 112.98362731933594, 449.64801025390625, 125.18479919433594], [431.1736755371094, 66.24794006347656, 437.48516845703125, 75.55108642578125], [430.37115478515625, 64.22650146484375, 437.4858703613281, 73.06446075439453], [-0.27452409267425537, 109.0663070678711, 499.720458984375, 372.6600036621094], [0.23715198040008545, 171.15782165527344, 500.1134948730469, 344.763427734375], [72.95843505859375, 0.76767897605896, 91.0860824584961, 57.7382698059082], [77.16751861572266, 39.19450378417969, 195.22625732421875, 80.65471649169922], [316.0796813964844, 215.46026611328125, 499.7015686035156, 269.6419982910156], [263.16693115234375, 0.1289360225200653, 313.41168212890625, 86.75361633300781], [186.47787475585938, 46.56268310546875, 266.8074035644531, 84.92274475097656], [0.04649162292480469, 177.74923706054688, 500.03302001953125, 372.87310791015625], [179.09678649902344, 20.029582977294922, 200.1903076171875, 85.33181762695312], [73.8331069946289, 0.39920350909233093, 91.0214614868164, 42.658416748046875], [177.9962158203125, 183.44757080078125, 250.87368774414062, 280.3716125488281], [436.0570373535156, 80.61811828613281, 450.3341979980469, 124.8420639038086], [417.50787353515625, 64.15312957763672, 437.0898132324219, 76.4083480834961], [307.36322021484375, 0.05527585744857788, 334.6820373535156, 23.653358459472656], [419.27783203125, 65.65997314453125, 425.3768615722656, 78.27780151367188], [217.55677795410156, 118.49787902832031, 233.09078979492188, 130.6292266845703], [467.6133728027344, 91.90231323242188, 499.988037109375, 109.45671081542969], [78.2143783569336, 41.54370880126953, 143.6933135986328, 77.28092193603516], [307.69683837890625, 0.11338479816913605, 332.8326110839844, 26.475234985351562], [216.88731384277344, 118.73200225830078, 236.1106414794922, 140.5120086669922], [422.9361877441406, 70.48033142089844, 429.6268310546875, 76.73857116699219], [22.189380645751953, 68.44603729248047, 58.355323791503906, 91.16850280761719], [139.8232421875, 38.60680389404297, 173.6858673095703, 68.18474578857422], [307.581298828125, 0.020499341189861298, 334.3177490234375, 15.418404579162598], [443.0781555175781, 48.526180267333984, 466.0019836425781, 88.32879638671875], [219.67160034179688, 119.92066192626953, 250.2932891845703, 169.9882049560547], [462.9529724121094, 46.79096984863281, 499.9203186035156, 109.24549102783203], [254.57540893554688, 159.987060546875, 301.3834533691406, 221.946044921875], [422.3550109863281, 76.05070495605469, 438.7437744140625, 125.903564453125], [181.79771423339844, 0.1795794814825058, 333.0480651855469, 86.52310180664062], [4.646321773529053, 67.54198455810547, 39.6236686706543, 91.05144500732422], [407.593505859375, 17.180177688598633, 427.5260925292969, 74.12955474853516], [407.8260803222656, 92.22472381591797, 421.4322509765625, 124.59158325195312], [307.69683837890625, 0.11338479816913605, 332.8326110839844, 26.475234985351562], [184.855224609375, 39.95345687866211, 199.87294006347656, 50.832862854003906], [307.00750732421875, -0.14823675155639648, 335.7884521484375, 30.881738662719727], [-0.08425489068031311, 178.21124267578125, 106.48478698730469, 291.5848083496094], [307.00750732421875, -0.14823675155639648, 335.7884521484375, 30.881738662719727], [14.81568431854248, 67.51146697998047, 56.37495422363281, 91.79047393798828], [178.97518920898438, 40.45576858520508, 199.87258911132812, 85.54473114013672], [330.8479919433594, 0.44875872135162354, 402.4736328125, 86.62734985351562], [462.5865173339844, 1.7868094444274902, 499.9701232910156, 110.28073120117188], [441.9693603515625, 116.00624084472656, 449.894287109375, 124.84063720703125], [440.62322998046875, 49.902565002441406, 465.7076721191406, 88.60542297363281], [407.4862976074219, 74.9594497680664, 423.8192138671875, 124.41732788085938], [178.87677001953125, 99.94819641113281, 261.06817626953125, 242.19659423828125], [441.9693603515625, 116.00624084472656, 449.894287109375, 124.84063720703125], [1.461993932723999, 68.87911987304688, 21.935256958007812, 89.64308166503906], [400.4530029296875, 1.1693285703659058, 436.46624755859375, 76.16065216064453], [308.3451843261719, -0.1901336908340454, 327.34967041015625, 14.05241870880127], [0.27063116431236267, 178.20921325683594, 105.49041748046875, 276.6193542480469], [191.28636169433594, 119.46446990966797, 234.94619750976562, 146.96531677246094], [414.7955627441406, 74.99826049804688, 439.5711364746094, 125.31739807128906], [464.2836608886719, 46.51191711425781, 499.6051025390625, 93.46017456054688], [181.67333984375, 0.4494292736053467, 272.33038330078125, 85.37919616699219], [42.818626403808594, 69.27497863769531, 57.35951614379883, 87.84732818603516], [316.4822692871094, 215.4611053466797, 499.9944152832031, 347.2924499511719], [414.7955627441406, 74.99826049804688, 439.5711364746094, 125.31739807128906], [186.3600616455078, 19.56332015991211, 200.15185546875, 48.255680084228516], [0.04649162292480469, 177.74923706054688, 500.03302001953125, 372.87310791015625], [0.034514814615249634, 51.4555549621582, 90.31656646728516, 153.77259826660156], [0.08726119995117188, 197.3514862060547, 82.5849609375, 319.03924560546875], [467.5669250488281, 46.47053909301758, 499.15130615234375, 70.2552490234375], [177.9962158203125, 183.44757080078125, 250.87368774414062, 280.3716125488281], [178.97518920898438, 40.45576858520508, 199.87258911132812, 85.54473114013672], [181.79771423339844, 0.1795794814825058, 333.0480651855469, 86.52310180664062], [141.08432006835938, 38.48849868774414, 173.7204132080078, 46.07123565673828], [248.4669189453125, 131.4670867919922, 301.6439514160156, 223.49757385253906], [441.9693603515625, 116.00624084472656, 449.894287109375, 124.84063720703125], [306.1014709472656, 0.16486085951328278, 335.51629638671875, 65.60096740722656], [45.003299713134766, 70.0870132446289, 56.982521057128906, 84.10222625732422], [207.33265686035156, 0.32469257712364197, 273.18902587890625, 51.00907897949219], [410.4108581542969, 79.3414535522461, 436.4999694824219, 125.29364013671875], [21.167634963989258, 69.08222961425781, 43.928951263427734, 84.53033447265625], [422.237548828125, 71.3840560913086, 430.9554443359375, 78.18310546875], [408.7516174316406, 16.756837844848633, 445.1991882324219, 73.94886016845703], [181.79771423339844, 0.1795794814825058, 333.0480651855469, 86.52310180664062], [181.67333984375, 0.4494292736053467, 272.33038330078125, 85.37919616699219], [207.33265686035156, 0.32469257712364197, 273.18902587890625, 51.00907897949219], [441.3240966796875, 104.5567626953125, 450.10699462890625, 125.28652954101562], [464.9388732910156, 73.78221130371094, 499.6405944824219, 109.44297790527344], [302.4830322265625, 301.83740234375, 499.6731872558594, 374.2774658203125], [18.903564453125, 69.21725463867188, 39.568359375, 85.12212371826172], [-0.10363012552261353, 51.366817474365234, 90.4366226196289, 153.68898010253906], [262.6653137207031, 0.16391929984092712, 333.3049621582031, 86.79843139648438], [36.38639450073242, 70.08869171142578, 59.71247100830078, 91.09477996826172], [262.6653137207031, 0.16391929984092712, 333.3049621582031, 86.79843139648438], [22.20889663696289, 42.96858596801758, 55.73312759399414, 54.056861877441406], [179.33575439453125, 54.33321762084961, 191.18939208984375, 85.54173278808594], [382.892578125, 64.48861694335938, 399.928466796875, 87.345947265625], [440.48797607421875, 73.10237884521484, 462.2110595703125, 89.1630859375], [307.6009216308594, 0.3461816906929016, 325.68157958984375, 22.461135864257812], [422.0424499511719, 78.19083404541016, 442.7052307128906, 125.8662338256836], [260.8844299316406, 0.5241483449935913, 315.18408203125, 169.19480895996094], [425.1507568359375, 104.03276062011719, 434.1981506347656, 116.1455307006836], [0.3367122411727905, 42.77952194213867, 56.07215881347656, 58.78986358642578], [316.4822692871094, 215.4611053466797, 499.9944152832031, 347.2924499511719], [441.9693603515625, 116.00624084472656, 449.894287109375, 124.84063720703125], [440.59710693359375, 112.98362731933594, 449.64801025390625, 125.18479919433594], [425.1507568359375, 104.03276062011719, 434.1981506347656, 116.1455307006836], [254.88162231445312, 187.49472045898438, 277.7308349609375, 213.6383056640625], [183.50465393066406, 40.465606689453125, 199.85650634765625, 56.17011642456055], [0.28705596923828125, 276.3233947753906, 500.28204345703125, 373.927001953125], [398.22003173828125, -0.1254044473171234, 477.42120361328125, 87.84405517578125], [78.2143783569336, 41.54370880126953, 143.6933135986328, 77.28092193603516], [181.67333984375, 0.4494292736053467, 272.33038330078125, 85.37919616699219], [436.0570373535156, 80.61811828613281, 450.3341979980469, 124.8420639038086], [260.3735656738281, 1.7874575853347778, 312.41473388671875, 174.1503143310547], [425.1507568359375, 104.03276062011719, 434.1981506347656, 116.1455307006836], [0.27063116431236267, 178.20921325683594, 105.49041748046875, 276.6193542480469], [440.59710693359375, 112.98362731933594, 449.64801025390625, 125.18479919433594], [8.865527153015137, 71.43616485595703, 24.973861694335938, 89.28606414794922], [-0.08425489068031311, 178.21124267578125, 106.48478698730469, 291.5848083496094], [184.43174743652344, 19.62205696105957, 200.26718139648438, 48.637123107910156], [462.38995361328125, 46.28224563598633, 499.85986328125, 109.87699127197266], [398.9066467285156, -0.5835592746734619, 478.103759765625, 172.28955078125], [178.0589141845703, 182.6007843017578, 223.6365509033203, 229.529052734375], [443.3309326171875, 32.573509216308594, 467.7370910644531, 87.8532943725586], [420.92578125, 71.42354583740234, 425.7891540527344, 78.54551696777344], [178.32102966308594, 131.5466766357422, 301.5364685058594, 280.0294494628906], [0.28705596923828125, 276.3233947753906, 500.28204345703125, 373.927001953125], [181.79771423339844, 0.1795794814825058, 333.0480651855469, 86.52310180664062], [422.3550109863281, 76.05070495605469, 438.7437744140625, 125.903564453125], [157.9855499267578, 39.22987365722656, 173.48394775390625, 46.24225997924805], [202.03836059570312, 214.04769897460938, 242.9187469482422, 279.9755554199219], [371.984375, 34.525630950927734, 400.2176513671875, 64.91658020019531], [467.6133728027344, 91.90231323242188, 499.988037109375, 109.45671081542969], [0.27063116431236267, 178.20921325683594, 105.49041748046875, 276.6193542480469], [141.08432006835938, 38.48849868774414, 173.7204132080078, 46.07123565673828], [440.59710693359375, 112.98362731933594, 449.64801025390625, 125.18479919433594], [16.295101165771484, 69.15438079833984, 43.915191650390625, 91.20917510986328], [0.44045597314834595, 199.0694580078125, 76.05818176269531, 285.1255798339844], [407.02642822265625, 71.1842041015625, 421.4422912597656, 95.38182067871094], [139.8232421875, 38.60680389404297, 173.6858673095703, 68.18474578857422], [82.36895751953125, 332.4339599609375, 342.8565979003906, 374.6670837402344], [438.9306945800781, 111.5115737915039, 444.69671630859375, 125.02197265625], [77.36590576171875, 37.76974868774414, 189.3623809814453, 78.80757141113281], [225.1087188720703, 131.3433074951172, 268.063232421875, 228.30690002441406], [207.33265686035156, 0.32469257712364197, 273.18902587890625, 51.00907897949219], [178.97518920898438, 40.45576858520508, 199.87258911132812, 85.54473114013672], [0.7562153339385986, 52.164913177490234, 83.79556274414062, 93.7778091430664], [306.1014709472656, 0.16486085951328278, 335.51629638671875, 65.60096740722656], [178.97518920898438, 40.45576858520508, 199.87258911132812, 85.54473114013672], [302.6632385253906, 301.5973815917969, 499.70098876953125, 374.3847351074219], [468.7759094238281, 83.05017852783203, 500.7486877441406, 108.30599975585938], [425.1507568359375, 104.03276062011719, 434.1981506347656, 116.1455307006836], [-0.7528066635131836, 177.49887084960938, 324.1181640625, 372.709716796875], [307.69683837890625, 0.11338479816913605, 332.8326110839844, 26.475234985351562], [307.581298828125, 0.020499341189861298, 334.3177490234375, 15.418404579162598], [80.26036071777344, 23.342304229736328, 89.18679809570312, 42.39896774291992], [13.18246841430664, 66.65198516845703, 58.68427276611328, 91.90345764160156], [76.41071319580078, 23.961223602294922, 89.24127960205078, 64.30709075927734], [307.6009216308594, 0.3461816906929016, 325.68157958984375, 22.461135864257812], [207.33265686035156, 0.32469257712364197, 273.18902587890625, 51.00907897949219], [-0.6586350202560425, 87.54408264160156, 89.94194793701172, 152.61187744140625], [403.2313232421875, -4.906106948852539, 471.3983459472656, 172.5492401123047], [422.237548828125, 71.3840560913086, 430.9554443359375, 78.18310546875], [307.00750732421875, -0.14823675155639648, 335.7884521484375, 30.881738662719727], [407.42822265625, 57.08614730834961, 449.4372863769531, 171.58160400390625], [235.46043395996094, 160.19337463378906, 301.4729309082031, 227.90756225585938], [308.3451843261719, -0.1901336908340454, 327.34967041015625, 14.05241870880127], [179.2661895751953, 54.73262023925781, 189.8555145263672, 85.3034896850586], [308.3451843261719, -0.1901336908340454, 327.34967041015625, 14.05241870880127], [0.44045597314834595, 199.0694580078125, 76.05818176269531, 285.1255798339844], [0.04649162292480469, 177.74923706054688, 500.03302001953125, 372.87310791015625], [302.5951843261719, 301.29217529296875, 499.7927551269531, 374.2837219238281], [131.6752166748047, 31.410619735717773, 174.28057861328125, 46.17017364501953], [316.4822692871094, 215.4611053466797, 499.9944152832031, 347.2924499511719], [0.4667043685913086, 310.2318115234375, 381.4166564941406, 374.59783935546875], [306.1014709472656, 0.16486085951328278, 335.51629638671875, 65.60096740722656], [0.44045597314834595, 199.0694580078125, 76.05818176269531, 285.1255798339844], [141.22157287597656, 39.60758590698242, 162.35055541992188, 68.10484313964844], [177.61241149902344, 101.51908874511719, 261.53759765625, 235.77061462402344], [136.54859924316406, 38.106021881103516, 179.8348846435547, 77.79222106933594], [467.6133728027344, 91.90231323242188, 499.988037109375, 109.45671081542969], [422.0424499511719, 78.19083404541016, 442.7052307128906, 125.8662338256836], [245.88845825195312, 131.0767822265625, 267.1424560546875, 198.6018829345703], [-0.14993548393249512, 3.39426851272583, 499.8450622558594, 370.1568603515625], [76.09349822998047, 0.26980507373809814, 326.09271240234375, 85.6892318725586], [181.67333984375, 0.4494292736053467, 272.33038330078125, 85.37919616699219], [355.70172119140625, 34.31935501098633, 372.3277893066406, 50.30466079711914], [139.8232421875, 38.60680389404297, 173.6858673095703, 68.18474578857422], [441.95513916015625, 110.96314239501953, 449.5407409667969, 124.76123046875], [-0.14993548393249512, 3.39426851272583, 499.8450622558594, 370.1568603515625], [76.15560150146484, 37.63419723510742, 87.21174621582031, 66.2409439086914], [441.95513916015625, 110.96314239501953, 449.5407409667969, 124.76123046875], [306.1014709472656, 0.16486085951328278, 335.51629638671875, 65.60096740722656], [463.65869140625, 46.82627487182617, 499.9347229003906, 172.19178771972656], [161.86697387695312, 46.06492614746094, 186.14588928222656, 55.09595489501953], [192.7230987548828, 18.92941665649414, 199.53378295898438, 36.54551696777344], [415.7937927246094, 0.10102428495883942, 472.82012939453125, 88.59321594238281], [178.0589141845703, 182.6007843017578, 223.6365509033203, 229.529052734375], [-0.27452409267425537, 109.0663070678711, 499.720458984375, 372.6600036621094], [-0.2756267786026001, -1.8298923969268799, 499.7193908691406, 372.37322998046875], [178.97518920898438, 40.45576858520508, 199.87258911132812, 85.54473114013672], [136.54859924316406, 38.106021881103516, 179.8348846435547, 77.79222106933594], [111.30276489257812, 16.150272369384766, 132.052734375, 44.31779861450195], [92.35175323486328, 283.3736572265625, 122.31352996826172, 293.1343994140625], [178.31069946289062, 182.55667114257812, 251.542724609375, 227.53562927246094], [177.4651641845703, 157.06112670898438, 292.1072082519531, 211.35610961914062], [131.6752166748047, 31.410619735717773, 174.28057861328125, 46.17017364501953], [0.27063116431236267, 178.20921325683594, 105.49041748046875, 276.6193542480469], [462.38995361328125, 46.28224563598633, 499.85986328125, 109.87699127197266], [178.40481567382812, 128.4845733642578, 501.0901794433594, 350.3850402832031], [181.67333984375, 0.4494292736053467, 272.33038330078125, 85.37919616699219], [307.581298828125, 0.020499341189861298, 334.3177490234375, 15.418404579162598], [207.33265686035156, 0.32469257712364197, 273.18902587890625, 51.00907897949219], [398.22003173828125, -0.1254044473171234, 477.42120361328125, 87.84405517578125], [0.034514814615249634, 51.4555549621582, 90.31656646728516, 153.77259826660156], [407.02642822265625, 71.1842041015625, 421.4422912597656, 95.38182067871094], [131.6752166748047, 31.410619735717773, 174.28057861328125, 46.17017364501953], [0.27063116431236267, 178.20921325683594, 105.49041748046875, 276.6193542480469], [178.32102966308594, 131.5466766357422, 301.5364685058594, 280.0294494628906], [420.92578125, 71.42354583740234, 425.7891540527344, 78.54551696777344], [225.1087188720703, 131.3433074951172, 268.063232421875, 228.30690002441406], [245.88845825195312, 131.0767822265625, 267.1424560546875, 198.6018829345703], [373.4958190917969, 217.251953125, 499.9974365234375, 251.37913513183594], [178.8327178955078, 119.5567855834961, 298.2673645019531, 228.38912963867188], [141.22157287597656, 39.60758590698242, 162.35055541992188, 68.10484313964844], [0.18474459648132324, 275.16998291015625, 500.1797790527344, 373.7692565917969], [-0.3836303949356079, 179.27601623535156, 206.66932678222656, 333.4401550292969], [0.44045597314834595, 199.0694580078125, 76.05818176269531, 285.1255798339844], [178.97518920898438, 40.45576858520508, 199.87258911132812, 85.54473114013672], [22.20889663696289, 42.96858596801758, 55.73312759399414, 54.056861877441406], [353.840576171875, 33.95364761352539, 372.7868347167969, 64.28213500976562], [-0.14993548393249512, 3.39426851272583, 499.8450622558594, 370.1568603515625], [19.892580032348633, 78.66162109375, 35.347965240478516, 91.08106994628906], [392.2698974609375, 221.76028442382812, 406.8594055175781, 232.3505859375], [54.792686462402344, 0.6726337671279907, 88.62628173828125, 59.0860481262207], [-0.27452409267425537, 109.0663070678711, 499.720458984375, 372.6600036621094], [245.88845825195312, 131.0767822265625, 267.1424560546875, 198.6018829345703], [141.08432006835938, 38.48849868774414, 173.7204132080078, 46.07123565673828], [177.94912719726562, 131.64913940429688, 301.60443115234375, 280.8489074707031], [441.95513916015625, 110.96314239501953, 449.5407409667969, 124.76123046875], [0.27063116431236267, 178.20921325683594, 105.49041748046875, 276.6193542480469], [157.9855499267578, 39.22987365722656, 173.48394775390625, 46.24225997924805], [440.59710693359375, 112.98362731933594, 449.64801025390625, 125.18479919433594], [0.815344512462616, 67.8231430053711, 14.241138458251953, 83.71820068359375], [417.50787353515625, 64.15312957763672, 437.0898132324219, 76.4083480834961], [467.5439453125, 82.14847564697266, 499.07659912109375, 109.24662780761719], [408.4214782714844, 73.17887115478516, 449.91473388671875, 168.3836212158203], [254.88162231445312, 187.49472045898438, 277.7308349609375, 213.6383056640625], [141.08432006835938, 38.48849868774414, 173.7204132080078, 46.07123565673828], [353.5808410644531, 51.38181686401367, 371.7517395019531, 64.0422134399414], [462.38995361328125, 46.28224563598633, 499.85986328125, 109.87699127197266], [219.67160034179688, 119.92066192626953, 250.2932891845703, 169.9882049560547], [0.44045597314834595, 199.0694580078125, 76.05818176269531, 285.1255798339844], [424.81109619140625, 82.67964172363281, 435.9465026855469, 116.59981536865234], [178.2113494873047, 182.90162658691406, 253.4295654296875, 227.8502197265625], [398.22003173828125, -0.1254044473171234, 477.42120361328125, 87.84405517578125], [386.61407470703125, 235.8924560546875, 500.77117919921875, 344.514892578125], [141.22157287597656, 39.60758590698242, 162.35055541992188, 68.10484313964844], [330.8479919433594, 0.44875872135162354, 402.4736328125, 86.62734985351562], [-0.7528066635131836, 177.49887084960938, 324.1181640625, 372.709716796875], [316.4822692871094, 215.4611053466797, 499.9944152832031, 347.2924499511719]), Score: [0.9441798329353333, 0.9310613870620728, 0.9298765659332275, 0.8481013774871826, 0.7135397791862488, 0.42599940299987793, 0.29948022961616516, 0.24201461672782898, 0.18230411410331726, 0.17340832948684692, 0.1518288254737854, 0.14503782987594604, 0.13855783641338348, 0.12338472902774811, 0.11823864281177521, 0.10682141780853271, 0.09329477697610855, 0.09043500572443008, 0.08880709111690521, 0.0883798599243164, 0.08737862855195999, 0.08003473281860352, 0.07949270308017731, 0.07811862230300903, 0.07796325534582138, 0.07617554068565369, 0.0757628008723259, 0.07566200941801071, 0.07416579127311707, 0.0741349533200264, 0.07369726151227951, 0.07366693019866943, 0.0727018415927887, 0.07184843719005585, 0.07072576135396957, 0.07055860757827759, 0.07000339031219482, 0.06892122328281403, 0.06865798681974411, 0.06610316038131714, 0.06220977380871773, 0.062051188200712204, 0.06110423058271408, 0.060760315507650375, 0.06075471639633179, 0.0602334663271904, 0.05986880511045456, 0.05977576971054077, 0.058761853724718094, 0.058240897953510284, 0.05794047936797142, 0.0577358677983284, 0.05726495757699013, 0.05495685338973999, 0.05451742187142372, 0.05447269231081009, 0.0543762743473053, 0.05396484583616257, 0.05316908285021782, 0.05308886989951134, 0.05303584784269333, 0.05197004973888397, 0.051344674080610275, 0.05083160102367401, 0.050402380526065826, 0.05039515718817711, 0.04992140829563141, 0.04974447935819626, 0.04957655072212219, 0.04951993748545647, 0.04946202412247658, 0.04943562299013138, 0.04837898910045624, 0.0483451746404171, 0.04807069152593613, 0.04667888954281807, 0.04655013233423233, 0.04652146250009537, 0.046047452837228775, 0.046025004237890244, 0.045828927308321, 0.0457451269030571, 0.045701514929533005, 0.045589152723550797, 0.04525953158736229, 0.0450429692864418, 0.04503961279988289, 0.044937148690223694, 0.044402532279491425, 0.04422932118177414, 0.04419359192252159, 0.044013623148202896, 0.04390125349164009, 0.04367496445775032, 0.043513234704732895, 0.043512336909770966, 0.04341965541243553, 0.04268147796392441, 0.042414478957653046, 0.04226008430123329, 0.04216456785798073, 0.04213164001703262, 0.041907403618097305, 0.04159674048423767, 0.041593633592128754, 0.04140029847621918, 0.041025806218385696, 0.04054246470332146, 0.04049507901072502, 0.040225982666015625, 0.03993239626288414, 0.03980030119419098, 0.03953298553824425, 0.039302460849285126, 0.03925682604312897, 0.039219822734594345, 0.03917426988482475, 0.039104532450437546, 0.0389726348221302, 0.03894589841365814, 0.038820914924144745, 0.038076549768447876, 0.03800709918141365, 0.0379628948867321, 0.037852030247449875, 0.0377470962703228, 0.03759096562862396, 0.03716430440545082, 0.03692949563264847, 0.03674144297838211, 0.03646942973136902, 0.03595346957445145, 0.03583331033587456, 0.03582526370882988, 0.03558104857802391, 0.03543277084827423, 0.03537140041589737, 0.03535299375653267, 0.035239383578300476, 0.03517104685306549, 0.03499764949083328, 0.03474108502268791, 0.03472223877906799, 0.03463262319564819, 0.034481145441532135, 0.034290898591279984, 0.033893778920173645, 0.0338311605155468, 0.033796779811382294, 0.03375067189335823, 0.033703748136758804, 0.0335344597697258, 0.03332376480102539, 0.033184681087732315, 0.033156055957078934, 0.03308989852666855, 0.03308704495429993, 0.033061083406209946, 0.03293254226446152, 0.03277957811951637, 0.03263732045888901, 0.03262629732489586, 0.0325600691139698, 0.03243248537182808, 0.032189998775720596, 0.03208722919225693, 0.032009512186050415, 0.031963739544153214, 0.03177351504564285, 0.03169526159763336, 0.031036732718348503, 0.0308687761425972, 0.030711155384778976, 0.03068438172340393, 0.030627992004156113, 0.030458273366093636, 0.03020663931965828, 0.030154328793287277, 0.030088813975453377, 0.03006281703710556, 0.030019408091902733, 0.02993287704885006, 0.029839903116226196, 0.029803534969687462, 0.02978838048875332, 0.02972792647778988, 0.029630614444613457, 0.029583986848592758, 0.029572099447250366, 0.029499497264623642, 0.02949242666363716, 0.029336784034967422, 0.029334355145692825, 0.029296142980456352, 0.02928950823843479, 0.029218893498182297, 0.029066147282719612, 0.028957819566130638, 0.028775816783308983, 0.028439898043870926, 0.028365954756736755, 0.028263643383979797, 0.02818114310503006, 0.028144406154751778, 0.028119999915361404, 0.028001824393868446, 0.02769896388053894, 0.02767239138484001, 0.027614211663603783, 0.02728973887860775, 0.02713979408144951, 0.027084777131676674, 0.02691936120390892, 0.026863908395171165, 0.02684510499238968, 0.026842432096600533, 0.026781544089317322, 0.026569442823529243, 0.026452675461769104, 0.026307301595807076, 0.026281846687197685, 0.026280390098690987, 0.026278095319867134, 0.026217937469482422, 0.026115287095308304, 0.02604801580309868, 0.02603091113269329, 0.02599584311246872, 0.025993192568421364, 0.02597287856042385, 0.02582966536283493, 0.025804556906223297, 0.02566508948802948, 0.02555156871676445, 0.025444813072681427, 0.025425145402550697, 0.025346586480736732, 0.025191567838191986, 0.025150872766971588, 0.02514585666358471, 0.025068750604987144, 0.024897534400224686, 0.024884242564439774, 0.024883775040507317, 0.024872668087482452, 0.02480875328183174, 0.024780627340078354, 0.02475019358098507, 0.024700958281755447, 0.024673769250512123, 0.024367962032556534, 0.02435200661420822, 0.024217091500759125, 0.024205639958381653, 0.02406551130115986, 0.024037858471274376, 0.023917801678180695, 0.023914344608783722, 0.02388598397374153, 0.02386484667658806, 0.023823127150535583, 0.023807069286704063, 0.023602845147252083, 0.023533688858151436, 0.023490171879529953, 0.023486312478780746, 0.02346813678741455, 0.02340405434370041, 0.023351209238171577, 0.0233235452324152, 0.023248782381415367, 0.02313886769115925, 0.02311045117676258, 0.023001350462436676, 0.022942425683140755, 0.022929713129997253, 0.022907422855496407, 0.02277328632771969, 0.02272408828139305, 0.022723110392689705, 0.022661816328763962, 0.022622551769018173, 0.022610636427998543, 0.022606030106544495, 0.02256028726696968, 0.022520706057548523, 0.022519946098327637, 0.022417644038796425, 0.022345667704939842, 0.022262025624513626, 0.022252604365348816, 0.02222592942416668, 0.022188927978277206, 0.02212279662489891, 0.022110536694526672, 0.022062906995415688, 0.022037947550415993, 0.02203144133090973, 0.021948060020804405, 0.021873369812965393]

Execution time: 0.4188 sec
