Label: tensor([ 6, 14, 14,  5,  7,  6,  0, 14,  6,  6,  6,  7,  0,  6,  0,  0,  6,  6,
         6, 16, 14, 14,  0,  7,  6,  7, 19, 14, 14, 19,  6, 14, 19, 14, 14,  0,
        19, 19,  7,  0,  6,  6,  6, 14,  0, 14,  0, 17, 14,  0,  6,  0,  7, 16,
        14,  6,  0,  8, 14,  6,  6, 14,  0, 14,  7,  0, 14,  7, 16,  7,  6,  0,
         7,  7, 14, 14, 14,  6,  6, 16,  2, 17, 14,  0, 14,  2,  0, 14,  7,  0,
         2, 14,  7,  6,  6, 14, 17, 17, 14, 14,  0,  7, 14,  2, 17, 14, 17,  0,
         0, 19,  7,  7,  7,  0, 15,  2, 17,  0,  0, 14,  0, 50,  2,  0, 14, 14,
        14, 19,  2,  7,  2, 51,  7,  0, 19,  8,  6,  8,  0, 14,  0, 16, 14,  9,
         0, 14,  2, 13,  6,  0,  7, 16, 14, 19,  7, 15,  0,  0,  6, 14, 16, 52,
         0,  0,  2,  0,  0, 18,  6,  7, 17, 14,  6,  5,  0,  2, 14,  0, 14, 14,
         5, 18, 14, 18, 14,  0,  0,  7,  0,  8,  0,  0, 14, 67,  7,  7,  0,  7,
        14,  8,  6,  7,  2, 19,  7, 14,  7, 16, 14,  0,  5,  9, 19,  5, 14,  2,
         0, 19, 14, 55,  2,  0,  0,  0,  6, 14,  7, 34, 18, 14,  0,  0, 17,  1,
         0,  2,  5,  5, 15, 23, 14, 17, 55,  0, 79,  0,  0, 14,  0,  0,  0, 19,
         0,  2,  5,  7,  0, 19, 14, 14, 16,  7, 19,  0, 15, 17,  2,  5,  7,  4,
        21,  0, 14,  0,  0, 21,  6,  7, 14,  0,  0,  4,  5, 73,  0, 14,  0,  2,
         0, 16, 36, 18,  6, 17, 17,  2,  0, 14, 14, 17]), Box: ([52.06927490234375, 82.53467559814453, 500.46038818359375, 160.5530548095703], [403.5505065917969, 280.408447265625, 424.3658142089844, 295.8376770019531], [6.872596263885498, 348.2362060546875, 46.24617004394531, 375.15155029296875], [52.53969192504883, 82.64983367919922, 500.5325622558594, 160.36749267578125], [52.53969192504883, 82.64983367919922, 500.5325622558594, 160.36749267578125], [52.53969192504883, 82.64983367919922, 500.5325622558594, 160.36749267578125], [163.82984924316406, 106.12675476074219, 172.48634338378906, 129.91702270507812], [259.0571594238281, 218.37472534179688, 274.3055725097656, 230.95106506347656], [198.4237823486328, 92.54825592041016, 501.3515930175781, 159.08750915527344], [51.79505157470703, 82.70040893554688, 99.33126068115234, 136.9296417236328], [51.86871337890625, 82.69756317138672, 217.23284912109375, 150.53561401367188], [51.79505157470703, 82.70040893554688, 99.33126068115234, 136.9296417236328], [121.56617736816406, 119.94701385498047, 130.76541137695312, 148.60858154296875], [51.58290100097656, 82.43522644042969, 162.1680908203125, 146.8162841796875], [471.36224365234375, 145.38426208496094, 480.85980224609375, 156.80369567871094], [163.65512084960938, 107.27330780029297, 171.08984375, 129.94137573242188], [195.64198303222656, 92.86693572998047, 500.1953125, 158.57850646972656], [173.51242065429688, 95.95712280273438, 500.6166687011719, 159.42552185058594], [51.263729095458984, 82.46395874023438, 143.37757873535156, 147.489013671875], [6.872596263885498, 348.2362060546875, 46.24617004394531, 375.15155029296875], [394.77191162109375, 341.95867919921875, 401.2198181152344, 348.4569396972656], [81.25799560546875, 349.975830078125, 129.40794372558594, 375.06427001953125], [86.48915100097656, 93.16736602783203, 94.474609375, 99.19178771972656], [51.58290100097656, 82.43522644042969, 162.1680908203125, 146.8162841796875], [368.8602294921875, 119.2728042602539, 501.6810302734375, 159.21188354492188], [51.86871337890625, 82.69756317138672, 217.23284912109375, 150.53561401367188], [403.5505065917969, 280.408447265625, 424.3658142089844, 295.8376770019531], [333.41943359375, 269.4139404296875, 347.04803466796875, 277.3092956542969], [-0.08100271224975586, 359.85723876953125, 10.168074607849121, 367.33209228515625], [459.99432373046875, 357.182373046875, 500.33538818359375, 375.0137634277344], [53.6275520324707, 82.80992126464844, 325.527099609375, 154.24771118164062], [428.3033142089844, 314.0819091796875, 459.4055480957031, 327.725341796875], [471.71734619140625, 361.6242980957031, 500.2402038574219, 375.1853332519531], [459.99432373046875, 357.182373046875, 500.33538818359375, 375.0137634277344], [410.754150390625, 280.301025390625, 422.0827331542969, 288.78839111328125], [59.483482360839844, 91.04905700683594, 70.96833038330078, 100.2833480834961], [444.8596496582031, 297.4600524902344, 480.8988952636719, 308.43902587890625], [345.1571350097656, 259.3626403808594, 368.6812438964844, 269.583740234375], [51.263729095458984, 82.46395874023438, 143.37757873535156, 147.489013671875], [385.0422668457031, 124.99840545654297, 393.0032043457031, 156.2623291015625], [314.22613525390625, 118.66803741455078, 500.167236328125, 159.34951782226562], [54.58022689819336, 82.14054107666016, 278.0894775390625, 151.21778869628906], [192.29324340820312, 113.92227172851562, 499.6579284667969, 159.49923706054688], [471.71734619140625, 361.6242980957031, 500.2402038574219, 375.1853332519531], [465.0862121582031, 145.31593322753906, 481.7616271972656, 159.39935302734375], [403.85760498046875, 285.9196472167969, 410.8194274902344, 295.94427490234375], [6.872596263885498, 348.2362060546875, 46.24617004394531, 375.15155029296875], [459.99432373046875, 357.182373046875, 500.33538818359375, 375.0137634277344], [491.528076171875, 343.3255310058594, 500.2098693847656, 351.43798828125], [147.37318420410156, 101.71182250976562, 156.81101989746094, 128.69259643554688], [53.77981185913086, 82.5279312133789, 245.6197967529297, 149.95472717285156], [92.54353332519531, 126.72638702392578, 103.35747528076172, 146.51329040527344], [173.51242065429688, 95.95712280273438, 500.6166687011719, 159.42552185058594], [459.99432373046875, 357.182373046875, 500.33538818359375, 375.0137634277344], [9.127638816833496, 348.23028564453125, 36.73128128051758, 365.30572509765625], [355.4983215332031, 118.08235168457031, 501.15765380859375, 159.18106079101562], [99.78500366210938, 167.1050262451172, 134.22267150878906, 197.63119506835938], [52.53969192504883, 82.64983367919922, 500.5325622558594, 160.36749267578125], [345.1571350097656, 259.3626403808594, 368.6812438964844, 269.583740234375], [52.03355026245117, 82.42342376708984, 189.42929077148438, 149.42515563964844], [52.955177307128906, 83.69732666015625, 166.586669921875, 136.70655822753906], [403.6274108886719, 284.5675354003906, 413.8892517089844, 295.9383239746094], [92.3590087890625, 92.47103881835938, 97.54168701171875, 99.81598663330078], [219.95419311523438, 359.8345947265625, 253.41778564453125, 374.984375], [198.4237823486328, 92.54825592041016, 501.3515930175781, 159.08750915527344], [92.94441223144531, 127.58858489990234, 107.39833068847656, 146.8417510986328], [176.4239501953125, 358.37847900390625, 191.88429260253906, 367.22650146484375], [52.03355026245117, 82.42342376708984, 189.42929077148438, 149.42515563964844], [403.5505065917969, 280.408447265625, 424.3658142089844, 295.8376770019531], [195.64198303222656, 92.86693572998047, 500.1953125, 158.57850646972656], [0.1891953945159912, 0.01653679646551609, 28.124664306640625, 21.586549758911133], [367.4161682128906, 145.70111083984375, 375.489501953125, 156.71829223632812], [54.58022689819336, 82.14054107666016, 278.0894775390625, 151.21778869628906], [53.6275520324707, 82.80992126464844, 325.527099609375, 154.24771118164062], [459.9059143066406, 357.06353759765625, 487.8227844238281, 374.57080078125], [236.09689331054688, 315.3182678222656, 252.71531677246094, 326.2538757324219], [99.78500366210938, 167.1050262451172, 134.22267150878906, 197.63119506835938], [334.53668212890625, 119.38286590576172, 500.4380798339844, 159.48004150390625], [408.050537109375, 120.86886596679688, 501.8456115722656, 158.98760986328125], [471.71734619140625, 361.6242980957031, 500.2402038574219, 375.1853332519531], [0.1891953945159912, 0.01653679646551609, 28.124664306640625, 21.586549758911133], [471.71734619140625, 361.6242980957031, 500.2402038574219, 375.1853332519531], [251.67730712890625, 235.3961639404297, 256.374755859375, 239.3609161376953], [148.32122802734375, 101.94300842285156, 155.08531188964844, 117.2738037109375], [-0.3241831362247467, 353.3407897949219, 12.399752616882324, 367.150390625], [403.5505065917969, 280.408447265625, 424.3658142089844, 295.8376770019531], [96.7347412109375, 91.79014587402344, 103.27396392822266, 101.11663055419922], [407.5924987792969, 197.3556671142578, 415.3468933105469, 203.09823608398438], [52.955177307128906, 83.69732666015625, 166.586669921875, 136.70655822753906], [94.53733825683594, 91.91797637939453, 100.69865417480469, 100.76575469970703], [0.16835331916809082, 0.07681874930858612, 28.17717742919922, 20.971338272094727], [29.227510452270508, 352.6379089355469, 46.26918411254883, 374.94183349609375], [53.77981185913086, 82.5279312133789, 245.6197967529297, 149.95472717285156], [0.16835331916809082, 0.07681874930858612, 28.17717742919922, 20.971338272094727], [306.180908203125, 119.01518249511719, 499.5718688964844, 158.72027587890625], [343.523193359375, 268.72119140625, 348.0561828613281, 273.13934326171875], [345.1571350097656, 259.3626403808594, 368.6812438964844, 269.583740234375], [403.5505065917969, 280.408447265625, 424.3658142089844, 295.8376770019531], [-0.26609188318252563, 348.810302734375, 36.69451904296875, 375.2363586425781], [11.534540176391602, 358.8160400390625, 44.45648956298828, 375.24981689453125], [402.9595642089844, 141.53733825683594, 408.6683654785156, 152.57847595214844], [368.8602294921875, 119.2728042602539, 501.6810302734375, 159.21188354492188], [218.30868530273438, 215.27442932128906, 235.14732360839844, 224.5581817626953], [51.79505157470703, 82.70040893554688, 99.33126068115234, 136.9296417236328], [99.78500366210938, 167.1050262451172, 134.22267150878906, 197.63119506835938], [163.06863403320312, 357.1252136230469, 192.17396545410156, 367.8636169433594], [444.8596496582031, 297.4600524902344, 480.8988952636719, 308.43902587890625], [97.25404357910156, 92.12874603271484, 105.01966857910156, 102.0406265258789], [122.34004211425781, 120.58590698242188, 128.4132080078125, 129.05506896972656], [292.57232666015625, 275.89532470703125, 333.49835205078125, 294.0592346191406], [314.22613525390625, 118.66803741455078, 500.167236328125, 159.34951782226562], [192.29324340820312, 113.92227172851562, 499.6579284667969, 159.49923706054688], [355.4983215332031, 118.08235168457031, 501.15765380859375, 159.18106079101562], [148.65362548828125, 104.88928985595703, 157.4152069091797, 127.31175231933594], [6.872596263885498, 348.2362060546875, 46.24617004394531, 375.15155029296875], [292.57232666015625, 275.89532470703125, 333.49835205078125, 294.0592346191406], [6.872596263885498, 348.2362060546875, 46.24617004394531, 375.15155029296875], [87.02567291259766, 93.53630828857422, 93.63890838623047, 99.38932037353516], [66.94595336914062, 91.19490814208984, 75.34569549560547, 98.29328155517578], [299.2115783691406, 228.85452270507812, 307.15521240234375, 232.572021484375], [176.611572265625, 110.11491394042969, 191.82467651367188, 133.56240844726562], [81.25799560546875, 349.975830078125, 129.40794372558594, 375.06427001953125], [0.04253629595041275, 219.2432098388672, 18.33218002319336, 234.04144287109375], [175.28851318359375, 100.58161163330078, 180.865478515625, 109.74581909179688], [413.2815856933594, 280.51531982421875, 424.35308837890625, 292.3628234863281], [436.7786560058594, 349.81585693359375, 441.78570556640625, 353.2870178222656], [317.0722351074219, 363.5366516113281, 355.53326416015625, 375.129638671875], [6.872596263885498, 348.2362060546875, 46.24617004394531, 375.15155029296875], [99.78500366210938, 167.1050262451172, 134.22267150878906, 197.63119506835938], [334.53668212890625, 119.38286590576172, 500.4380798339844, 159.48004150390625], [459.99432373046875, 357.182373046875, 500.33538818359375, 375.0137634277344], [52.06927490234375, 82.53467559814453, 500.46038818359375, 160.5530548095703], [468.1884765625, 123.18419647216797, 500.1609802246094, 155.51170349121094], [161.83876037597656, 107.60690307617188, 167.43814086914062, 128.27511596679688], [218.30868530273438, 215.27442932128906, 235.14732360839844, 224.5581817626953], [0.16835331916809082, 0.07681874930858612, 28.17717742919922, 20.971338272094727], [55.97568893432617, 82.15792083740234, 314.3733215332031, 151.35557556152344], [0.1891953945159912, 0.01653679646551609, 28.124664306640625, 21.586549758911133], [401.61822509765625, 139.78233337402344, 407.5901184082031, 151.4686737060547], [369.4089660644531, 319.42572021484375, 372.3107604980469, 321.6965637207031], [81.25799560546875, 349.975830078125, 129.40794372558594, 375.06427001953125], [444.8596496582031, 297.4600524902344, 480.8988952636719, 308.43902587890625], [444.8596496582031, 297.4600524902344, 480.8988952636719, 308.43902587890625], [403.5505065917969, 280.408447265625, 424.3658142089844, 295.8376770019531], [153.22360229492188, 151.6821746826172, 160.9791259765625, 168.5415496826172], [105.83489990234375, 167.43739318847656, 130.36001586914062, 191.59144592285156], [345.1571350097656, 259.3626403808594, 368.6812438964844, 269.583740234375], [104.24198913574219, 130.48419189453125, 123.50653839111328, 147.63902282714844], [55.509029388427734, 82.11306762695312, 330.7529602050781, 153.6751708984375], [146.71041870117188, 104.03069305419922, 153.81532287597656, 128.15924072265625], [51.09523391723633, -0.9401757121086121, 500.2533874511719, 159.99363708496094], [345.1571350097656, 259.3626403808594, 368.6812438964844, 269.583740234375], [111.86817169189453, 312.3536071777344, 131.41293334960938, 327.4061279296875], [99.78500366210938, 167.1050262451172, 134.22267150878906, 197.63119506835938], [408.050537109375, 120.86886596679688, 501.8456115722656, 158.98760986328125], [459.99432373046875, 357.182373046875, 500.33538818359375, 375.0137634277344], [97.66542053222656, 90.65438079833984, 107.28619384765625, 117.37989044189453], [186.86672973632812, 138.5647430419922, 192.5387420654297, 148.39036560058594], [468.1884765625, 123.18419647216797, 500.1609802246094, 155.51170349121094], [215.08602905273438, 269.6958923339844, 225.01678466796875, 277.04876708984375], [428.3033142089844, 314.0819091796875, 459.4055480957031, 327.725341796875], [52.06927490234375, 82.53467559814453, 500.46038818359375, 160.5530548095703], [119.75032806396484, 132.79910278320312, 127.40147399902344, 148.4130401611328], [403.5505065917969, 280.408447265625, 424.3658142089844, 295.8376770019531], [166.36329650878906, 105.96259307861328, 220.93325805664062, 138.08619689941406], [118.98443603515625, 132.19610595703125, 126.7409896850586, 148.32196044921875], [402.7100830078125, 140.42735290527344, 408.0547790527344, 151.58319091796875], [471.71734619140625, 361.6242980957031, 500.2402038574219, 375.1853332519531], [166.36329650878906, 105.96259307861328, 220.93325805664062, 138.08619689941406], [173.25926208496094, 104.9764633178711, 224.00709533691406, 150.4974365234375], [52.06927490234375, 82.53467559814453, 500.46038818359375, 160.5530548095703], [187.5550537109375, 282.21905517578125, 213.39186096191406, 296.328857421875], [303.1140441894531, 110.97631072998047, 500.5790710449219, 160.69232177734375], [51.86871337890625, 82.69756317138672, 217.23284912109375, 150.53561401367188], [165.16079711914062, 113.19641876220703, 170.54637145996094, 130.13499450683594], [444.8596496582031, 297.4600524902344, 480.8988952636719, 308.43902587890625], [292.57232666015625, 275.89532470703125, 333.49835205078125, 294.0592346191406], [385.7172546386719, 126.3606185913086, 391.9498596191406, 154.36563110351562], [369.569580078125, 343.14178466796875, 397.27716064453125, 357.3355407714844], [162.81463623046875, 358.4233093261719, 178.55943298339844, 367.1435241699219], [51.79505157470703, 82.70040893554688, 99.33126068115234, 136.9296417236328], [403.5505065917969, 280.408447265625, 424.3658142089844, 295.8376770019531], [207.05186462402344, 323.7850036621094, 299.46075439453125, 374.80584716796875], [6.872596263885498, 348.2362060546875, 46.24617004394531, 375.15155029296875], [293.8428039550781, 214.5824432373047, 303.6429748535156, 220.1290740966797], [96.54412841796875, 168.339111328125, 111.53030395507812, 193.20574951171875], [259.0571594238281, 218.37472534179688, 274.3055725097656, 230.95106506347656], [55.97568893432617, 82.15792083740234, 314.3733215332031, 151.35557556152344], [121.44074249267578, 102.73663330078125, 126.02798461914062, 111.99590301513672], [52.06927490234375, 82.53467559814453, 500.46038818359375, 160.5530548095703], [207.73741149902344, 220.10182189941406, 218.2574005126953, 230.4248504638672], [215.08602905273438, 269.6958923339844, 225.01678466796875, 277.04876708984375], [35.18341827392578, 359.999755859375, 46.13650131225586, 375.1986083984375], [52.06927490234375, 82.53467559814453, 500.46038818359375, 160.5530548095703], [53.26616668701172, 82.48145294189453, 245.7928924560547, 150.1756134033203], [104.24198913574219, 130.48419189453125, 123.50653839111328, 147.63902282714844], [120.40876007080078, 106.9050521850586, 130.23377990722656, 147.6157989501953], [306.180908203125, 119.01518249511719, 499.5718688964844, 158.72027587890625], [406.3744812011719, 340.1286315917969, 428.5030212402344, 351.8107604980469], [403.5505065917969, 280.408447265625, 424.3658142089844, 295.8376770019531], [53.26616668701172, 82.48145294189453, 245.7928924560547, 150.1756134033203], [166.36329650878906, 105.96259307861328, 220.93325805664062, 138.08619689941406], [104.24198913574219, 130.48419189453125, 123.50653839111328, 147.63902282714844], [259.0571594238281, 218.37472534179688, 274.3055725097656, 230.95106506347656], [55.509029388427734, 82.11306762695312, 330.7529602050781, 153.6751708984375], [28.967538833618164, 355.27911376953125, 46.04011917114258, 375.0448303222656], [50.34138107299805, 81.06066131591797, 500.74774169921875, 182.24307250976562], [459.9059143066406, 357.06353759765625, 487.8227844238281, 374.57080078125], [281.45458984375, 223.76376342773438, 289.3908386230469, 230.1438446044922], [394.77191162109375, 341.95867919921875, 401.2198181152344, 348.4569396972656], [51.263729095458984, 82.46395874023438, 143.37757873535156, 147.489013671875], [52.06927490234375, 82.53467559814453, 500.46038818359375, 160.5530548095703], [459.9059143066406, 357.06353759765625, 487.8227844238281, 374.57080078125], [51.58290100097656, 82.43522644042969, 162.1680908203125, 146.8162841796875], [350.713623046875, 309.7070007324219, 368.71087646484375, 317.2152404785156], [52.53969192504883, 82.64983367919922, 500.5325622558594, 160.36749267578125], [147.65167236328125, 102.38370513916016, 152.53805541992188, 116.52549743652344], [428.3033142089844, 314.0819091796875, 459.4055480957031, 327.725341796875], [220.28369140625, 359.6319274902344, 241.1543731689453, 374.5863037109375], [52.06927490234375, 82.53467559814453, 500.46038818359375, 160.5530548095703], [105.83489990234375, 167.43739318847656, 130.36001586914062, 191.59144592285156], [111.96887969970703, 105.16033935546875, 121.51638793945312, 128.51170349121094], [177.57383728027344, 111.16432189941406, 190.4649658203125, 133.01089477539062], [165.05435180664062, 106.0105209350586, 172.88973999023438, 112.21393585205078], [173.25926208496094, 104.9764633178711, 224.00709533691406, 150.4974365234375], [403.68902587890625, 285.78900146484375, 412.3324279785156, 296.0781555175781], [467.3517150878906, 122.96529388427734, 499.9367370605469, 157.40213012695312], [52.06927490234375, 82.53467559814453, 500.46038818359375, 160.5530548095703], [459.99432373046875, 357.182373046875, 500.33538818359375, 375.0137634277344], [191.00665283203125, 365.8485412597656, 205.84046936035156, 374.7789001464844], [178.71482849121094, 124.1077880859375, 188.5627899169922, 133.57012939453125], [178.96734619140625, 137.08746337890625, 188.57879638671875, 145.98248291015625], [428.3033142089844, 314.0819091796875, 459.4055480957031, 327.725341796875], [6.872596263885498, 348.2362060546875, 46.24617004394531, 375.15155029296875], [102.21074676513672, 100.89505767822266, 107.11457061767578, 115.87255859375], [6.872596263885498, 348.2362060546875, 46.24617004394531, 375.15155029296875], [173.51242065429688, 95.95712280273438, 500.6166687011719, 159.42552185058594], [52.06927490234375, 82.53467559814453, 500.46038818359375, 160.5530548095703], [471.71734619140625, 361.6242980957031, 500.2402038574219, 375.1853332519531], [52.06927490234375, 82.53467559814453, 500.46038818359375, 160.5530548095703], [485.337646484375, 362.00079345703125, 500.32794189453125, 374.55816650390625], [292.57232666015625, 275.89532470703125, 333.49835205078125, 294.0592346191406], [52.53969192504883, 82.64983367919922, 500.5325622558594, 160.36749267578125], [50.98420715332031, 95.52071380615234, 56.93511962890625, 112.32142639160156], [52.06927490234375, 82.53467559814453, 500.46038818359375, 160.5530548095703], [98.30839538574219, 129.73843383789062, 107.52237701416016, 146.49070739746094], [125.89122009277344, 126.93230438232422, 131.83926391601562, 148.0462188720703], [251.17221069335938, 236.38848876953125, 257.14715576171875, 239.57022094726562], [152.62109375, 151.3513641357422, 164.73764038085938, 173.9510040283203], [77.3586654663086, 100.2315444946289, 85.24022674560547, 108.99886322021484], [121.31460571289062, 102.89568328857422, 125.46597290039062, 111.76163482666016], [485.337646484375, 362.00079345703125, 500.32794189453125, 374.55816650390625], [236.09689331054688, 315.3182678222656, 252.71531677246094, 326.2538757324219], [0.32734590768814087, 203.03659057617188, 19.564449310302734, 212.51104736328125], [198.4237823486328, 92.54825592041016, 501.3515930175781, 159.08750915527344], [52.088356018066406, 82.81102752685547, 109.19579315185547, 135.1750946044922], [72.11616516113281, 98.17720794677734, 79.2864990234375, 106.76445770263672], [317.0722351074219, 363.5366516113281, 355.53326416015625, 375.129638671875], [239.8799285888672, 291.3117370605469, 245.3218994140625, 296.8954162597656], [288.2607727050781, 217.22262573242188, 299.1832580566406, 223.99171447753906], [99.78500366210938, 167.1050262451172, 134.22267150878906, 197.63119506835938], [52.06927490234375, 82.53467559814453, 500.46038818359375, 160.5530548095703], [81.25799560546875, 349.975830078125, 129.40794372558594, 375.06427001953125], [80.6185302734375, 86.78751373291016, 109.5401611328125, 146.82254028320312], [403.5505065917969, 280.408447265625, 424.3658142089844, 295.8376770019531], [259.0571594238281, 218.37472534179688, 274.3055725097656, 230.95106506347656], [53.248775482177734, 121.74384307861328, 94.20818328857422, 138.47607421875], [195.64198303222656, 92.86693572998047, 500.1953125, 158.57850646972656], [0.1891953945159912, 0.01653679646551609, 28.124664306640625, 21.586549758911133], [52.06927490234375, 82.53467559814453, 500.46038818359375, 160.5530548095703], [345.1571350097656, 259.3626403808594, 368.6812438964844, 269.583740234375], [105.83489990234375, 167.43739318847656, 130.36001586914062, 191.59144592285156], [0.4381565451622009, 349.1676330566406, 21.40448570251465, 366.8079833984375], [263.76947021484375, 130.74510192871094, 277.1830139160156, 144.592529296875], [120.86668395996094, 111.4137954711914, 127.77336120605469, 129.805908203125], [403.5505065917969, 280.408447265625, 424.3658142089844, 295.8376770019531], [467.3517150878906, 122.96529388427734, 499.9367370605469, 157.40213012695312], [0.16835331916809082, 0.07681874930858612, 28.17717742919922, 20.971338272094727], [229.4102325439453, 224.2064971923828, 240.56175231933594, 229.3221893310547], [121.15879821777344, 103.80070495605469, 125.7448959350586, 113.070556640625], [93.35629272460938, 127.4778060913086, 104.7584228515625, 146.70083618164062], [52.53969192504883, 82.64983367919922, 500.5325622558594, 160.36749267578125], [192.29324340820312, 113.92227172851562, 499.6579284667969, 159.49923706054688], [52.06927490234375, 82.53467559814453, 500.46038818359375, 160.5530548095703], [58.06487274169922, 87.02140808105469, 83.54031372070312, 104.62213134765625], [192.65306091308594, 281.224853515625, 202.71470642089844, 286.9054260253906], [181.7875518798828, 110.03388977050781, 187.85470581054688, 121.53866577148438], [173.25926208496094, 104.9764633178711, 224.00709533691406, 150.4974365234375], [238.25485229492188, 291.161376953125, 246.17347717285156, 303.1003723144531], [369.569580078125, 343.14178466796875, 397.27716064453125, 357.3355407714844], [52.06927490234375, 82.53467559814453, 500.46038818359375, 160.5530548095703], [-0.08100271224975586, 359.85723876953125, 10.168074607849121, 367.33209228515625], [51.09523391723633, -0.9401757121086121, 500.2533874511719, 159.99363708496094], [105.83489990234375, 167.43739318847656, 130.36001586914062, 191.59144592285156], [459.9059143066406, 357.06353759765625, 487.8227844238281, 374.57080078125], [81.25799560546875, 349.975830078125, 129.40794372558594, 375.06427001953125], [166.44497680664062, 107.88330841064453, 192.1477508544922, 133.21136474609375], [95.2197265625, 251.51104736328125, 109.33383178710938, 260.4643859863281], [135.07366943359375, 298.4485778808594, 147.5459442138672, 308.3253479003906], [51.86871337890625, 82.69756317138672, 217.23284912109375, 150.53561401367188]), Score: [0.9470728635787964, 0.08062130212783813, 0.06628084927797318, 0.05482201278209686, 0.04414797201752663, 0.038515232503414154, 0.038176462054252625, 0.037928879261016846, 0.03697188198566437, 0.03696207329630852, 0.034455712884664536, 0.03402853384613991, 0.033815063536167145, 0.032445747405290604, 0.03197023272514343, 0.031890787184238434, 0.0312967486679554, 0.030945414677262306, 0.030412582680583, 0.030174359679222107, 0.029854996129870415, 0.02895686775445938, 0.028864530846476555, 0.02853812836110592, 0.02844497747719288, 0.028370488435029984, 0.028366031125187874, 0.02828735113143921, 0.02772875875234604, 0.027605101466178894, 0.027593936771154404, 0.027168765664100647, 0.02700359933078289, 0.02645319513976574, 0.025939159095287323, 0.02566583640873432, 0.025644028559327126, 0.02546026185154915, 0.025325072929263115, 0.024839557707309723, 0.024753112345933914, 0.024580344557762146, 0.02431533858180046, 0.02414391189813614, 0.024118416011333466, 0.024072669446468353, 0.02384420484304428, 0.023641252890229225, 0.023577088490128517, 0.023409832268953323, 0.023172929883003235, 0.023148950189352036, 0.0229815561324358, 0.022979825735092163, 0.02250470034778118, 0.022391315549612045, 0.022206047549843788, 0.0221579447388649, 0.022081060335040092, 0.02197696454823017, 0.02195734530687332, 0.021926390007138252, 0.021730268374085426, 0.02172594889998436, 0.021649889647960663, 0.0211093220859766, 0.02093944512307644, 0.020837990567088127, 0.020673103630542755, 0.02060806006193161, 0.020595546811819077, 0.020280472934246063, 0.020267605781555176, 0.020037710666656494, 0.020015712827444077, 0.019993579015135765, 0.019844695925712585, 0.0197636429220438, 0.01976064033806324, 0.0196067001670599, 0.019563186913728714, 0.019422145560383797, 0.019379086792469025, 0.01931106671690941, 0.019310876727104187, 0.019310126081109047, 0.01915276236832142, 0.019065309315919876, 0.019050080329179764, 0.018889321014285088, 0.01886390522122383, 0.018828609958291054, 0.018801819533109665, 0.018726980313658714, 0.018672022968530655, 0.018620451912283897, 0.01843772828578949, 0.018421320244669914, 0.01820620708167553, 0.018134014680981636, 0.017973100766539574, 0.01788380555808544, 0.017864862456917763, 0.017751583829522133, 0.017746437340974808, 0.017731066793203354, 0.017359096556901932, 0.01720428466796875, 0.017195072025060654, 0.01710086688399315, 0.017052605748176575, 0.01681014709174633, 0.016771087422966957, 0.01672961376607418, 0.01663335971534252, 0.016607120633125305, 0.01658465340733528, 0.016467008739709854, 0.01641971990466118, 0.01640925742685795, 0.016408178955316544, 0.01633657142519951, 0.01622188463807106, 0.016082527115941048, 0.01592933014035225, 0.015796877443790436, 0.01579580269753933, 0.015724219381809235, 0.01572333462536335, 0.01566047966480255, 0.01565723866224289, 0.015635499730706215, 0.01563144288957119, 0.01562710665166378, 0.01553274318575859, 0.015485324896872044, 0.015436707064509392, 0.015315231867134571, 0.015307684428989887, 0.015255346894264221, 0.015222065150737762, 0.015211204998195171, 0.015202270820736885, 0.015156025066971779, 0.015148417092859745, 0.015099105425179005, 0.015020390972495079, 0.014989917166531086, 0.01498916931450367, 0.0149837089702487, 0.014953680336475372, 0.014917577616870403, 0.01488663163036108, 0.014771467074751854, 0.014757857657968998, 0.014710413292050362, 0.014709768816828728, 0.01470938976854086, 0.014667065814137459, 0.014662076719105244, 0.014661602675914764, 0.01464607659727335, 0.014604288153350353, 0.014590330421924591, 0.014573460444808006, 0.014455676078796387, 0.014444274827837944, 0.014441987499594688, 0.014398742467164993, 0.01435963436961174, 0.014331397600471973, 0.014318465255200863, 0.01425448339432478, 0.014206543564796448, 0.01418945100158453, 0.01408432424068451, 0.014075936749577522, 0.013995167799293995, 0.013907407410442829, 0.013895190320909023, 0.013885288499295712, 0.013854915276169777, 0.013758118264377117, 0.01373264193534851, 0.013710849918425083, 0.01369140949100256, 0.01369090098887682, 0.01363673247396946, 0.013598072342574596, 0.013559088110923767, 0.01353907585144043, 0.013519125059247017, 0.013463182374835014, 0.013432702980935574, 0.013423416763544083, 0.013422925025224686, 0.013370205648243427, 0.0133505305275321, 0.013291197828948498, 0.013287515379488468, 0.013194691389799118, 0.013190277852118015, 0.013166521675884724, 0.013162611983716488, 0.013145145028829575, 0.01312925759702921, 0.013119264505803585, 0.013098340481519699, 0.013092503882944584, 0.013087445870041847, 0.013080599717795849, 0.013053296133875847, 0.013049942441284657, 0.013047915883362293, 0.013014676049351692, 0.012949788011610508, 0.012848884798586369, 0.01278726290911436, 0.012786973267793655, 0.012784144841134548, 0.012778831645846367, 0.012731065973639488, 0.012657909654080868, 0.012609641067683697, 0.01259270217269659, 0.012591337785124779, 0.012574471533298492, 0.01256639789789915, 0.0125564681366086, 0.01249154657125473, 0.012458098120987415, 0.012431861832737923, 0.012417865917086601, 0.01238442026078701, 0.01237551774829626, 0.012370878830552101, 0.01234725397080183, 0.012333736754953861, 0.012307451106607914, 0.012294171378016472, 0.012244435027241707, 0.012226425111293793, 0.01220022328197956, 0.012156053446233273, 0.012131758965551853, 0.012102694250643253, 0.012094738893210888, 0.01202174462378025, 0.012000881135463715, 0.01198135782033205, 0.011965274810791016, 0.011957661248743534, 0.011929548345506191, 0.011912703514099121, 0.01190817542374134, 0.01189418975263834, 0.011845271103084087, 0.011812152341008186, 0.011733160354197025, 0.011713891290128231, 0.011697507463395596, 0.01164916716516018, 0.011608123779296875, 0.011604190804064274, 0.011600620113313198, 0.011593700386583805, 0.011562235653400421, 0.011524200439453125, 0.01151578314602375, 0.011457984335720539, 0.01144275814294815, 0.011398875154554844, 0.011387356556952, 0.011367645114660263, 0.01131908968091011, 0.011312480084598064, 0.011309274472296238, 0.011301849037408829, 0.01129822712391615, 0.01128524262458086, 0.011258815415203571, 0.011245319619774818, 0.011236367747187614, 0.01121198758482933, 0.011185459792613983, 0.011123339645564556, 0.011117628775537014, 0.011101897805929184, 0.011094293557107449, 0.011042840778827667, 0.011024207808077335, 0.011009224690496922, 0.01099950447678566, 0.010937560349702835, 0.01093622948974371, 0.010901294648647308, 0.010813581757247448, 0.010812281630933285, 0.010770156048238277, 0.010734453797340393]

Execution time: 0.4102 sec
