Label: tensor([ 0,  8,  0,  0,  0,  8, 16,  8,  0,  8,  0, 16, 16,  8, 37,  0,  8,  8,
         0, 14,  8, 24, 37, 16,  0,  8,  8, 14, 21, 37,  8,  8,  0,  0,  0, 37,
         0, 16,  8,  0,  0, 24,  0, 16, 37, 14, 39, 14, 15,  0,  0, 37, 37, 14,
        14,  0, 15, 20,  0,  0,  8,  0, 37,  0, 37,  8,  8,  8, 24,  0, 14, 37,
         0, 30, 37,  8, 20, 14, 14,  0,  0, 21,  8,  8,  0, 37, 25, 24,  0,  0,
         8, 37, 37, 14,  0,  8,  8, 14,  0,  0, 32, 20, 20, 37,  8, 16, 14, 37,
        37, 19, 14,  0, 14, 37,  0, 21, 37, 25,  0, 16, 21, 37, 37, 46,  8, 37,
        24,  0,  0,  0,  0,  0, 37,  0,  0, 14,  8, 37, 37,  8, 15,  8, 14, 19,
         8, 37, 19, 25, 37, 16, 37,  0, 35, 37, 20, 30, 45, 30, 20, 14, 37, 14,
        20, 24, 19, 24, 14, 37, 24, 16,  0, 14, 37, 14, 30, 25, 37, 37,  0, 14,
        37, 30, 14, 39, 19, 31,  8, 30,  8,  4, 37, 14,  4, 41,  2, 56,  8,  8,
        37, 14,  0, 37, 37,  0, 13,  8,  8,  8,  8,  8, 16, 46,  0, 37,  0,  0,
         0,  8, 37,  2, 46,  0, 37, 14,  0, 17,  8, 14, 14,  0, 37, 14,  0,  0,
        30,  8, 37,  8, 75,  0, 37, 19, 37,  8, 17, 37,  0, 37,  8, 18,  0, 16,
         8, 14, 14, 37, 37, 16,  8, 14,  2,  8,  8, 25, 77, 37, 30, 32,  0,  0,
        36, 14,  0, 14, 18, 56, 14, 37, 45, 30, 39,  7, 26, 14, 46,  8,  8,  8,
        14, 13, 46, 50, 14, 30, 37, 16,  0,  8, 25, 16]), Box: ([94.50749969482422, 96.27715301513672, 231.23451232910156, 160.85940551757812], [0.12915581464767456, -0.09314808994531631, 117.56411743164062, 61.69804000854492], [306.1983642578125, 52.73863983154297, 318.6255798339844, 70.09236145019531], [265.2674560546875, 52.45999526977539, 319.0179748535156, 73.46007537841797], [289.3969421386719, 52.430484771728516, 318.9528503417969, 72.17267608642578], [398.35150146484375, -0.13894401490688324, 499.56011962890625, 11.28977108001709], [289.3969421386719, 52.430484771728516, 318.9528503417969, 72.17267608642578], [0.18362700939178467, -0.09331014007329941, 500.05859375, 63.08811569213867], [263.759033203125, 52.403316497802734, 350.2545166015625, 74.25572204589844], [0.06732344627380371, -0.17434638738632202, 176.28892517089844, 63.08209228515625], [148.61265563964844, 115.09998321533203, 200.6042938232422, 158.93594360351562], [306.1983642578125, 52.73863983154297, 318.6255798339844, 70.09236145019531], [265.2674560546875, 52.45999526977539, 319.0179748535156, 73.46007537841797], [0.25632232427597046, -0.258327454328537, 198.61331176757812, 61.570621490478516], [398.35150146484375, -0.13894401490688324, 499.56011962890625, 11.28977108001709], [95.51448822021484, 96.70551300048828, 204.53173828125, 159.38818359375], [0.732719898223877, 0.07976777851581573, 290.485595703125, 62.718936920166016], [-16.651752471923828, 0.09027030318975449, 132.4173126220703, 64.63764953613281], [398.35150146484375, -0.13894401490688324, 499.56011962890625, 11.28977108001709], [306.1983642578125, 52.73863983154297, 318.6255798339844, 70.09236145019531], [-57.548343658447266, 0.05536805838346481, 115.15809631347656, 61.38067626953125], [306.1983642578125, 52.73863983154297, 318.6255798339844, 70.09236145019531], [0.12915581464767456, -0.09314808994531631, 117.56411743164062, 61.69804000854492], [263.759033203125, 52.403316497802734, 350.2545166015625, 74.25572204589844], [152.6495361328125, 115.37892150878906, 181.16217041015625, 157.0816192626953], [-0.21017715334892273, -0.06200931966304779, 119.58931732177734, 140.4140625], [0.06937980651855469, 0.040920451283454895, 327.4508056640625, 63.91704559326172], [239.22247314453125, 73.35247039794922, 246.2064666748047, 82.5406723022461], [306.1983642578125, 52.73863983154297, 318.6255798339844, 70.09236145019531], [258.4248352050781, 63.021305084228516, 320.5798034667969, 78.20108032226562], [0.06400048732757568, 0.12864264845848083, 360.5636291503906, 64.0227279663086], [1.0705441236495972, -0.23660436272621155, 168.59841918945312, 63.045406341552734], [151.24562072753906, 115.16036224365234, 232.47364807128906, 159.86268615722656], [398.41229248046875, 0.007903436198830605, 434.1955261230469, 10.507930755615234], [259.77197265625, 54.265499114990234, 312.0060119628906, 73.49693298339844], [266.0242614746094, 63.528907775878906, 306.0735778808594, 73.27417755126953], [94.34038543701172, 96.57024383544922, 150.42886352539062, 153.48973083496094], [95.51448822021484, 96.70551300048828, 204.53173828125, 159.38818359375], [0.04462897777557373, 0.04990026354789734, 133.76126098632812, 130.1538543701172], [286.89898681640625, 52.936031341552734, 321.0645751953125, 78.67147064208984], [218.40231323242188, 52.33768844604492, 319.15081787109375, 82.28791809082031], [152.6495361328125, 115.37892150878906, 181.16217041015625, 157.0816192626953], [306.5728454589844, 52.728172302246094, 318.5565490722656, 69.82060241699219], [94.50749969482422, 96.27715301513672, 231.23451232910156, 160.85940551757812], [104.93161010742188, 149.83734130859375, 230.00003051757812, 168.38177490234375], [94.50749969482422, 96.27715301513672, 231.23451232910156, 160.85940551757812], [306.1983642578125, 52.73863983154297, 318.6255798339844, 70.09236145019531], [289.3969421386719, 52.430484771728516, 318.9528503417969, 72.17267608642578], [306.1983642578125, 52.73863983154297, 318.6255798339844, 70.09236145019531], [397.9980163574219, 0.03264332190155983, 500.23333740234375, 28.06383514404297], [181.60667419433594, 99.48224639892578, 189.2539520263672, 108.52715301513672], [108.5927505493164, 149.36827087402344, 231.94337463378906, 172.24484252929688], [151.64244079589844, 154.08616638183594, 232.11988830566406, 171.90965270996094], [265.2674560546875, 52.45999526977539, 319.0179748535156, 73.46007537841797], [398.35150146484375, -0.13894401490688324, 499.56011962890625, 11.28977108001709], [239.22247314453125, 73.35247039794922, 246.2064666748047, 82.5406723022461], [289.3969421386719, 52.430484771728516, 318.9528503417969, 72.17267608642578], [95.51448822021484, 96.70551300048828, 204.53173828125, 159.38818359375], [94.30565643310547, 96.4065933227539, 155.1068878173828, 159.73519897460938], [420.67974853515625, 90.33580017089844, 430.5274353027344, 99.33757019042969], [397.9980163574219, 0.03264332190155983, 500.23333740234375, 28.06383514404297], [312.179931640625, 180.9729766845703, 336.7810363769531, 189.14471435546875], [0.18362700939178467, -0.09331014007329941, 500.05859375, 63.08811569213867], [288.7733154296875, 57.66172790527344, 306.5433349609375, 71.90990447998047], [152.4678497314453, 153.36878967285156, 231.6220703125, 166.01715087890625], [263.759033203125, 52.403316497802734, 350.2545166015625, 74.25572204589844], [0.280916690826416, 0.7803188562393188, 500.2755432128906, 75.85234832763672], [-0.04728138446807861, -0.06912276148796082, 270.8773498535156, 61.60439682006836], [155.2528076171875, 115.15693664550781, 180.26596069335938, 147.62403869628906], [195.38804626464844, 52.39095687866211, 320.6788635253906, 78.38899230957031], [420.67974853515625, 90.33580017089844, 430.5274353027344, 99.33757019042969], [107.44491577148438, 148.35162353515625, 176.82981872558594, 174.29214477539062], [464.857177734375, 193.1712646484375, 499.8033447265625, 202.5405731201172], [398.35150146484375, -0.13894401490688324, 499.56011962890625, 11.28977108001709], [155.19346618652344, 151.22731018066406, 232.7425994873047, 175.41741943359375], [0.7210187911987305, 0.6676046252250671, 104.75529479980469, 61.473045349121094], [306.1983642578125, 52.73863983154297, 318.6255798339844, 70.09236145019531], [313.86773681640625, 15.906641006469727, 322.53228759765625, 24.767467498779297], [263.759033203125, 52.403316497802734, 350.2545166015625, 74.25572204589844], [93.51586151123047, 90.805908203125, 432.6336975097656, 172.66830444335938], [104.08476257324219, 121.67642211914062, 206.18792724609375, 159.24301147460938], [289.3969421386719, 52.430484771728516, 318.9528503417969, 72.17267608642578], [265.2674560546875, 52.45999526977539, 319.0179748535156, 73.46007537841797], [368.244384765625, -0.7227945327758789, 498.80865478515625, 10.720732688903809], [95.95619201660156, 96.67842102050781, 120.92699432373047, 112.73178100585938], [290.3124694824219, 68.39572143554688, 315.6245422363281, 78.98099517822266], [0.12915581464767456, -0.09314808994531631, 117.56411743164062, 61.69804000854492], [148.61265563964844, 115.09998321533203, 200.6042938232422, 158.93594360351562], [0.7127523422241211, -1.1184029579162598, 498.0491027832031, 372.7724304199219], [92.31500244140625, 95.44731140136719, 424.666748046875, 186.1289520263672], [-0.3750920295715332, -1.1269469261169434, 293.6407470703125, 56.2815055847168], [291.2571105957031, 66.7665023803711, 325.5544128417969, 74.82108306884766], [296.1241455078125, 67.03448486328125, 326.7310791015625, 75.58650207519531], [193.06646728515625, 197.7509307861328, 204.7279052734375, 204.47035217285156], [313.86773681640625, 15.906641006469727, 322.53228759765625, 24.767467498779297], [0.5510002374649048, 0.6789202094078064, 500.46221923828125, 78.6011962890625], [258.4248352050781, 63.021305084228516, 320.5798034667969, 78.20108032226562], [181.60667419433594, 99.48224639892578, 189.2539520263672, 108.52715301513672], [92.88327026367188, 94.83855438232422, 451.9461975097656, 183.4757537841797], [94.58329772949219, 35.50275802612305, 342.1669616699219, 160.4605255126953], [306.1983642578125, 52.73863983154297, 318.6255798339844, 70.09236145019531], [94.50749969482422, 96.27715301513672, 231.23451232910156, 160.85940551757812], [398.35150146484375, -0.13894401490688324, 499.56011962890625, 11.28977108001709], [109.17639923095703, 146.8169403076172, 232.00234985351562, 164.570068359375], [0.7034093141555786, 1.213470458984375, 230.81240844726562, 77.3675308227539], [148.61265563964844, 115.09998321533203, 200.6042938232422, 158.93594360351562], [309.84228515625, 191.44081115722656, 320.76580810546875, 198.77670288085938], [159.93643188476562, 156.13592529296875, 232.0182647705078, 169.61770629882812], [156.03912353515625, 144.45582580566406, 264.5105285644531, 172.31346130371094], [306.1983642578125, 52.73863983154297, 318.6255798339844, 70.09236145019531], [464.857177734375, 193.1712646484375, 499.8033447265625, 202.5405731201172], [-0.09624660015106201, -2.423252820968628, 499.898681640625, 369.8231506347656], [484.6293029785156, 0.2957446277141571, 499.7967224121094, 10.083194732666016], [185.3155517578125, 149.6206512451172, 233.224365234375, 167.895751953125], [94.54647827148438, 96.59146881103516, 126.35560607910156, 150.10435485839844], [263.759033203125, 52.403316497802734, 350.2545166015625, 74.25572204589844], [147.8431854248047, 146.4236602783203, 197.96246337890625, 159.7188720703125], [0.18362700939178467, -0.09331014007329941, 500.05859375, 63.08811569213867], [202.8229522705078, 51.40790557861328, 354.50152587890625, 77.35035705566406], [306.5728454589844, 52.728172302246094, 318.5565490722656, 69.82060241699219], [265.2674560546875, 52.45999526977539, 319.0179748535156, 73.46007537841797], [265.2674560546875, 52.45999526977539, 319.0179748535156, 73.46007537841797], [150.73117065429688, 152.9510955810547, 198.96644592285156, 160.60757446289062], [94.50749969482422, 96.27715301513672, 231.23451232910156, 160.85940551757812], [266.0242614746094, 63.528907775878906, 306.0735778808594, 73.27417755126953], [106.97865295410156, 147.80935668945312, 152.727783203125, 162.1070556640625], [289.3969421386719, 52.430484771728516, 318.9528503417969, 72.17267608642578], [92.62541198730469, 52.139957427978516, 480.1996154785156, 174.97262573242188], [464.9543762207031, 193.4105224609375, 499.539794921875, 201.65151977539062], [260.58636474609375, 51.7661247253418, 389.9345703125, 75.63836669921875], [94.63036346435547, 113.06029510498047, 153.6361541748047, 156.31231689453125], [155.2528076171875, 115.15693664550781, 180.26596069335938, 147.62403869628906], [119.96794891357422, 157.1331024169922, 232.3505096435547, 180.12301635742188], [94.497802734375, 113.05774688720703, 153.36370849609375, 156.90869140625], [0.12915581464767456, -0.09314808994531631, 117.56411743164062, 61.69804000854492], [451.5386962890625, 59.625205993652344, 463.02801513671875, 64.92027282714844], [0.577777624130249, 0.35537034273147583, 500.57232666015625, 89.20114135742188], [259.77197265625, 54.265499114990234, 312.0060119628906, 73.49693298339844], [306.1983642578125, 52.73863983154297, 318.6255798339844, 70.09236145019531], [259.77197265625, 54.265499114990234, 312.0060119628906, 73.49693298339844], [265.2674560546875, 52.45999526977539, 319.0179748535156, 73.46007537841797], [484.6293029785156, 0.2957446277141571, 499.7967224121094, 10.083194732666016], [312.179931640625, 180.9729766845703, 336.7810363769531, 189.14471435546875], [289.3969421386719, 52.430484771728516, 318.9528503417969, 72.17267608642578], [108.5927505493164, 149.36827087402344, 231.94337463378906, 172.24484252929688], [306.5731201171875, 66.65923309326172, 325.4439392089844, 74.74031066894531], [398.35150146484375, -0.13894401490688324, 499.56011962890625, 11.28977108001709], [397.9980163574219, 0.03264332190155983, 500.23333740234375, 28.06383514404297], [263.759033203125, 52.403316497802734, 350.2545166015625, 74.25572204589844], [286.89898681640625, 52.936031341552734, 321.0645751953125, 78.67147064208984], [109.8167724609375, 144.88735961914062, 200.3227081298828, 160.9470977783203], [307.1535949707031, 54.71713638305664, 349.6155090332031, 73.13436889648438], [95.95619201660156, 96.67842102050781, 120.92699432373047, 112.73178100585938], [185.61444091796875, 156.10641479492188, 232.37252807617188, 168.03880310058594], [263.759033203125, 52.403316497802734, 350.2545166015625, 74.25572204589844], [155.19346618652344, 151.22731018066406, 232.7425994873047, 175.41741943359375], [398.35150146484375, -0.13894401490688324, 499.56011962890625, 11.28977108001709], [108.5927505493164, 149.36827087402344, 231.94337463378906, 172.24484252929688], [289.3969421386719, 52.430484771728516, 318.9528503417969, 72.17267608642578], [95.51448822021484, 96.70551300048828, 204.53173828125, 159.38818359375], [0.06732344627380371, -0.17434638738632202, 176.28892517089844, 63.08209228515625], [464.9543762207031, 193.4105224609375, 499.539794921875, 201.65151977539062], [265.2674560546875, 52.45999526977539, 319.0179748535156, 73.46007537841797], [265.2674560546875, 52.45999526977539, 319.0179748535156, 73.46007537841797], [265.2674560546875, 52.45999526977539, 319.0179748535156, 73.46007537841797], [95.51448822021484, 96.70551300048828, 204.53173828125, 159.38818359375], [288.7733154296875, 57.66172790527344, 306.5433349609375, 71.90990447998047], [121.52201080322266, 159.9863739013672, 232.58522033691406, 180.70350646972656], [398.35150146484375, -0.13894401490688324, 499.56011962890625, 11.28977108001709], [398.35150146484375, -0.13894401490688324, 499.56011962890625, 11.28977108001709], [23.235454559326172, 94.55702209472656, 497.1306457519531, 200.88864135742188], [398.41229248046875, 0.007903436198830605, 434.1955261230469, 10.507930755615234], [95.51448822021484, 96.70551300048828, 204.53173828125, 159.38818359375], [286.89898681640625, 52.936031341552734, 321.0645751953125, 78.67147064208984], [104.93161010742188, 149.83734130859375, 230.00003051757812, 168.38177490234375], [398.35150146484375, -0.13894401490688324, 499.56011962890625, 11.28977108001709], [484.6293029785156, 0.2957446277141571, 499.7967224121094, 10.083194732666016], [148.3448486328125, 143.9819793701172, 199.3019561767578, 159.509033203125], [484.6293029785156, 0.2957446277141571, 499.7967224121094, 10.083194732666016], [95.95619201660156, 96.67842102050781, 120.92699432373047, 112.73178100585938], [288.7880859375, 65.3108139038086, 305.6266784667969, 72.34634399414062], [151.64244079589844, 154.08616638183594, 232.11988830566406, 171.90965270996094], [218.40231323242188, 52.33768844604492, 319.15081787109375, 82.28791809082031], [306.5728454589844, 52.728172302246094, 318.5565490722656, 69.82060241699219], [398.41229248046875, 0.007903436198830605, 434.1955261230469, 10.507930755615234], [398.35150146484375, -0.13894401490688324, 499.56011962890625, 11.28977108001709], [0.18903613090515137, 0.35972893238067627, 151.8189697265625, 195.96347045898438], [152.4678497314453, 153.36878967285156, 231.6220703125, 166.01715087890625], [1.0617822408676147, -0.026134774088859558, 500.4812927246094, 178.1099395751953], [398.35150146484375, -0.13894401490688324, 499.56011962890625, 11.28977108001709], [0.732719898223877, 0.07976777851581573, 290.485595703125, 62.718936920166016], [191.05538940429688, 215.63136291503906, 197.3087158203125, 222.223876953125], [0.18362700939178467, -0.09331014007329941, 500.05859375, 63.08811569213867], [306.1983642578125, 52.73863983154297, 318.6255798339844, 70.09236145019531], [257.6116638183594, 364.7729797363281, 366.105712890625, 375.37384033203125], [306.1983642578125, 52.73863983154297, 318.6255798339844, 70.09236145019531], [257.6116638183594, 364.7729797363281, 366.105712890625, 375.37384033203125], [239.22247314453125, 73.35247039794922, 246.2064666748047, 82.5406723022461], [0.25632232427597046, -0.258327454328537, 198.61331176757812, 61.570621490478516], [464.9125671386719, 194.9576416015625, 478.1561279296875, 201.4320831298828], [259.81072998046875, 52.2757568359375, 352.2529296875, 75.08500671386719], [-57.548343658447266, 0.05536805838346481, 115.15809631347656, 61.38067626953125], [289.1297302246094, 66.61673736572266, 326.507080078125, 76.7729263305664], [238.53231811523438, 52.392398834228516, 320.60906982421875, 79.0689468383789], [0.12915581464767456, -0.09314808994531631, 117.56411743164062, 61.69804000854492], [-0.09624660015106201, -2.423252820968628, 499.898681640625, 369.8231506347656], [116.21393585205078, -0.506716787815094, 493.2213439941406, 11.188432693481445], [398.41229248046875, 0.007903436198830605, 434.1955261230469, 10.507930755615234], [97.52352905273438, 139.3852996826172, 232.5214385986328, 177.2171630859375], [94.50749969482422, 96.27715301513672, 231.23451232910156, 160.85940551757812], [259.77197265625, 54.265499114990234, 312.0060119628906, 73.49693298339844], [265.2674560546875, 52.45999526977539, 319.0179748535156, 73.46007537841797], [327.6974792480469, 365.62969970703125, 343.6659851074219, 373.8836669921875], [181.92556762695312, 149.8819122314453, 232.99169921875, 165.32164001464844], [321.6976318359375, 364.74755859375, 364.94085693359375, 374.9793701171875], [451.5386962890625, 59.625205993652344, 463.02801513671875, 64.92027282714844], [94.45687866210938, 95.83950805664062, 229.48423767089844, 162.48831176757812], [202.8229522705078, 51.40790557861328, 354.50152587890625, 77.35035705566406], [260.4681091308594, 67.08431243896484, 315.6475830078125, 76.93244934082031], [398.35150146484375, -0.13894401490688324, 499.56011962890625, 11.28977108001709], [263.759033203125, 52.403316497802734, 350.2545166015625, 74.25572204589844], [368.244384765625, -0.7227945327758789, 498.80865478515625, 10.720732688903809], [296.3825378417969, 68.41937255859375, 326.16650390625, 78.51370239257812], [397.9980163574219, 0.03264332190155983, 500.23333740234375, 28.06383514404297], [93.60344696044922, 95.9998779296875, 234.4015655517578, 180.58328247070312], [398.35150146484375, -0.13894401490688324, 499.56011962890625, 11.28977108001709], [1.6898512840270996, -0.14016218483448029, 357.7724914550781, 151.2084197998047], [378.0675354003906, 60.24127960205078, 385.1553955078125, 65.57816314697266], [222.05215454101562, 65.60939025878906, 230.98483276367188, 71.91606140136719], [441.828857421875, 334.9666748046875, 462.3619384765625, 358.66412353515625], [368.244384765625, -0.7227945327758789, 498.80865478515625, 10.720732688903809], [259.77197265625, 54.265499114990234, 312.0060119628906, 73.49693298339844], [95.20877075195312, 95.68354797363281, 268.146728515625, 164.85787963867188], [0.18362700939178467, -0.09331014007329941, 500.05859375, 63.08811569213867], [109.17639923095703, 146.8169403076172, 232.00234985351562, 164.570068359375], [0.6226599216461182, -0.004000961780548096, 500.61737060546875, 161.33920288085938], [288.7733154296875, 57.66172790527344, 306.5433349609375, 71.90990447998047], [0.6438493728637695, 0.09990110993385315, 500.6385498046875, 120.35780334472656], [306.1983642578125, 52.73863983154297, 318.6255798339844, 70.09236145019531], [157.91818237304688, 117.49282836914062, 197.31155395507812, 159.5089874267578], [268.8091735839844, 64.23494720458984, 289.6627502441406, 72.5888442993164], [263.759033203125, 52.403316497802734, 350.2545166015625, 74.25572204589844], [-16.651752471923828, 0.09027030318975449, 132.4173126220703, 64.63764953613281], [484.4310607910156, 0.4647541642189026, 500.09710693359375, 18.02263069152832], [265.2674560546875, 52.45999526977539, 319.0179748535156, 73.46007537841797], [109.86226654052734, 157.2706756591797, 205.00802612304688, 178.5236053466797], [464.91510009765625, 193.0266876220703, 499.9814758300781, 216.3775634765625], [150.02041625976562, 156.36106872558594, 178.87428283691406, 173.45606994628906], [464.857177734375, 193.1712646484375, 499.8033447265625, 202.5405731201172], [289.3969421386719, 52.430484771728516, 318.9528503417969, 72.17267608642578], [313.4654235839844, 181.6426544189453, 322.2692565917969, 188.11102294921875], [151.24562072753906, 115.16036224365234, 232.47364807128906, 159.86268615722656], [312.179931640625, 180.9729766845703, 336.7810363769531, 189.14471435546875], [212.83570861816406, 28.24740982055664, 222.60658264160156, 32.97745132446289], [0.12915581464767456, -0.09314808994531631, 117.56411743164062, 61.69804000854492], [96.02239990234375, 147.59811401367188, 337.96893310546875, 192.87338256835938], [289.3969421386719, 52.430484771728516, 318.9528503417969, 72.17267608642578], [307.1535949707031, 54.71713638305664, 349.6155090332031, 73.13436889648438], [0.5907118320465088, -0.16983970999717712, 500.5855712890625, 165.38323974609375], [189.55825805664062, 215.2271270751953, 198.32192993164062, 230.82069396972656], [0.12915581464767456, -0.09314808994531631, 117.56411743164062, 61.69804000854492], [218.40231323242188, 52.33768844604492, 319.15081787109375, 82.28791809082031], [1.1544227600097656, -1.0109091997146606, 344.0104064941406, 43.753875732421875], [0.6226599216461182, -0.004000961780548096, 500.61737060546875, 161.33920288085938], [289.3969421386719, 52.430484771728516, 318.9528503417969, 72.17267608642578], [289.81207275390625, 62.92817687988281, 326.1510009765625, 73.40740203857422], [266.0242614746094, 63.528907775878906, 306.0735778808594, 73.27417755126953], [95.95619201660156, 96.67842102050781, 120.92699432373047, 112.73178100585938], [1.0617822408676147, -0.026134774088859558, 500.4812927246094, 178.1099395751953], [1.8848180770874023, 44.87900161743164, 497.7463684082031, 205.42364501953125], [398.35150146484375, -0.13894401490688324, 499.56011962890625, 11.28977108001709], [321.6976318359375, 364.74755859375, 364.94085693359375, 374.9793701171875], [193.06646728515625, 197.7509307861328, 204.7279052734375, 204.47035217285156], [464.91510009765625, 193.0266876220703, 499.9814758300781, 216.3775634765625], [306.1983642578125, 52.73863983154297, 318.6255798339844, 70.09236145019531], [148.61265563964844, 115.09998321533203, 200.6042938232422, 158.93594360351562], [452.1493835449219, 59.874263763427734, 458.28253173828125, 64.69363403320312], [302.6002197265625, 71.98442077636719, 314.155517578125, 78.23390197753906], [0.12915581464767456, -0.09314808994531631, 117.56411743164062, 61.69804000854492], [258.4248352050781, 63.021305084228516, 320.5798034667969, 78.20108032226562], [289.3969421386719, 52.430484771728516, 318.9528503417969, 72.17267608642578], [398.35150146484375, -0.13894401490688324, 499.56011962890625, 11.28977108001709], [306.1983642578125, 52.73863983154297, 318.6255798339844, 70.09236145019531], [179.44300842285156, 218.26846313476562, 185.5382080078125, 223.99301147460938], [288.7733154296875, 57.66172790527344, 306.5433349609375, 71.90990447998047], [95.51448822021484, 96.70551300048828, 204.53173828125, 159.38818359375], [155.19346618652344, 151.22731018066406, 232.7425994873047, 175.41741943359375], [151.64244079589844, 154.08616638183594, 232.11988830566406, 171.90965270996094], [178.8037567138672, 214.9080810546875, 198.9210968017578, 224.74562072753906], [398.35150146484375, -0.13894401490688324, 499.56011962890625, 11.28977108001709], [398.35150146484375, -0.13894401490688324, 499.56011962890625, 11.28977108001709], [306.1983642578125, 52.73863983154297, 318.6255798339844, 70.09236145019531], [369.24371337890625, 133.60531616210938, 376.921142578125, 140.47206115722656], [185.3155517578125, 149.6206512451172, 233.224365234375, 167.895751953125], [435.3174743652344, 7.509036064147949, 496.6105041503906, 14.002005577087402], [398.41229248046875, 0.007903436198830605, 434.1955261230469, 10.507930755615234], [266.0242614746094, 63.528907775878906, 306.0735778808594, 73.27417755126953], [104.93161010742188, 149.83734130859375, 230.00003051757812, 168.38177490234375], [-0.21017715334892273, -0.06200931966304779, 119.58931732177734, 140.4140625], [288.7733154296875, 57.66172790527344, 306.5433349609375, 71.90990447998047]), Score: [0.8427098989486694, 0.481882244348526, 0.29827940464019775, 0.21883247792720795, 0.2063170075416565, 0.15855588018894196, 0.15265832841396332, 0.14136077463626862, 0.13831251859664917, 0.1324596405029297, 0.13014155626296997, 0.12513938546180725, 0.11740610748529434, 0.1063004583120346, 0.10613589733839035, 0.10280594229698181, 0.09928524494171143, 0.09685126692056656, 0.09554732590913773, 0.08654231578111649, 0.07899397611618042, 0.07390075922012329, 0.07043638080358505, 0.07001771777868271, 0.06548693031072617, 0.06411761790513992, 0.06040196865797043, 0.058126453310251236, 0.05805916339159012, 0.056987058371305466, 0.05656197667121887, 0.05410020798444748, 0.05374607443809509, 0.053305093199014664, 0.05325105041265488, 0.05261332169175148, 0.05246459320187569, 0.05223003402352333, 0.05159873142838478, 0.04933202266693115, 0.04918105527758598, 0.047090157866477966, 0.04647994041442871, 0.04527207463979721, 0.0444464385509491, 0.04367942735552788, 0.04362392798066139, 0.043606843799352646, 0.04303879290819168, 0.04289253428578377, 0.04193230718374252, 0.04179619997739792, 0.04176519811153412, 0.0414406917989254, 0.040424421429634094, 0.040291592478752136, 0.04025943949818611, 0.03999859094619751, 0.039688840508461, 0.03927883505821228, 0.039054617285728455, 0.03857724368572235, 0.03829093277454376, 0.03823990374803543, 0.0379721000790596, 0.037165433168411255, 0.03704395517706871, 0.0369194895029068, 0.03677941486239433, 0.03670654073357582, 0.036599300801754, 0.03655855730175972, 0.036501094698905945, 0.035913798958063126, 0.03574962541460991, 0.03569064289331436, 0.035400599241256714, 0.03527844697237015, 0.035002317279577255, 0.034644730389118195, 0.03459642454981804, 0.034389883279800415, 0.0343593992292881, 0.03419460356235504, 0.03346606343984604, 0.03345311060547829, 0.03337741643190384, 0.03330002725124359, 0.033234067261219025, 0.03309614956378937, 0.03283077850937843, 0.032808318734169006, 0.032652847468853, 0.032478079199790955, 0.03237815946340561, 0.032061461359262466, 0.03173802047967911, 0.031671736389398575, 0.03158651664853096, 0.03146342560648918, 0.03130027651786804, 0.031083330512046814, 0.03104250319302082, 0.030878407880663872, 0.030825398862361908, 0.03081253543496132, 0.03035455197095871, 0.030256299301981926, 0.0301112812012434, 0.030040519312024117, 0.029977235943078995, 0.02991032972931862, 0.029757628217339516, 0.029745418578386307, 0.029675601050257683, 0.029467234387993813, 0.029367703944444656, 0.0292021706700325, 0.029114827513694763, 0.029079081490635872, 0.02903517335653305, 0.029023438692092896, 0.029014304280281067, 0.0287200715392828, 0.02871323563158512, 0.028708767145872116, 0.028607117012143135, 0.02843867987394333, 0.02843785099685192, 0.028422415256500244, 0.02792324684560299, 0.027777086943387985, 0.027726922184228897, 0.027666300535202026, 0.027524758130311966, 0.027504533529281616, 0.027175823226571083, 0.02716423012316227, 0.027010586112737656, 0.0269614364951849, 0.02686314843595028, 0.026666395366191864, 0.026311077177524567, 0.026302313432097435, 0.026272067800164223, 0.02621825411915779, 0.026091746985912323, 0.02608814835548401, 0.02606586553156376, 0.025807105004787445, 0.02579784393310547, 0.025734998285770416, 0.02531961165368557, 0.025249043479561806, 0.025131408125162125, 0.025111621245741844, 0.02494710125029087, 0.02492058277130127, 0.024919157847762108, 0.024754466488957405, 0.024636954069137573, 0.024634871631860733, 0.02461761049926281, 0.024258596822619438, 0.024235019460320473, 0.02406073361635208, 0.02386545203626156, 0.02380969002842903, 0.02377493679523468, 0.02371344342827797, 0.023617766797542572, 0.02354162558913231, 0.023494940251111984, 0.023451559245586395, 0.023357676342129707, 0.023269403725862503, 0.023119214922189713, 0.023113487288355827, 0.02309335209429264, 0.023030858486890793, 0.02293020859360695, 0.022756388410925865, 0.022691307589411736, 0.02250049263238907, 0.022434458136558533, 0.022342724725604057, 0.02222835086286068, 0.02219497784972191, 0.022182149812579155, 0.0221445020288229, 0.02207302674651146, 0.02203415520489216, 0.022012406960129738, 0.021850360557436943, 0.021838465705513954, 0.021772919222712517, 0.021716952323913574, 0.021662071347236633, 0.02135971188545227, 0.021292101591825485, 0.021280180662870407, 0.021274156868457794, 0.021251467987895012, 0.021214598789811134, 0.02100561186671257, 0.021003758534789085, 0.020959800109267235, 0.02085850015282631, 0.020758705213665962, 0.02072659134864807, 0.02071109227836132, 0.020700423046946526, 0.020659172907471657, 0.020526068285107613, 0.020520463585853577, 0.02044115774333477, 0.020362157374620438, 0.02035789005458355, 0.020243139937520027, 0.020211266353726387, 0.02015407383441925, 0.020148172974586487, 0.020077824592590332, 0.020065130665898323, 0.020032407715916634, 0.019942227751016617, 0.019881628453731537, 0.019825872033834457, 0.019811231642961502, 0.019776541739702225, 0.019741741940379143, 0.019722510129213333, 0.019637586548924446, 0.019496802240610123, 0.01940760761499405, 0.01935848779976368, 0.01935727894306183, 0.019296450540423393, 0.019273972138762474, 0.019212964922189713, 0.01913510076701641, 0.019131900742650032, 0.01899982988834381, 0.01897915080189705, 0.018931949511170387, 0.01885567419230938, 0.018848257139325142, 0.018821466714143753, 0.018816202878952026, 0.018800467252731323, 0.018741851672530174, 0.01870950311422348, 0.018642835319042206, 0.018636098131537437, 0.018612727522850037, 0.018605608493089676, 0.018557347357273102, 0.01854037307202816, 0.018529469147324562, 0.018479030579328537, 0.0184401273727417, 0.018380489200353622, 0.018364183604717255, 0.01829569973051548, 0.018284711986780167, 0.018269605934619904, 0.01822699047625065, 0.01821480132639408, 0.01818380504846573, 0.018161242827773094, 0.018035821616649628, 0.018014004454016685, 0.017981838434934616, 0.01794147491455078, 0.01790343038737774, 0.017875054851174355, 0.017853135243058205, 0.017781414091587067, 0.01775309629738331, 0.01772732101380825, 0.01768358238041401, 0.01763763837516308, 0.017603596672415733, 0.017596350982785225, 0.0175531767308712, 0.0175524540245533, 0.017493732273578644, 0.017434101551771164, 0.01741623878479004, 0.017386585474014282, 0.017341868951916695, 0.017313696444034576, 0.017308682203292847, 0.0173050407320261, 0.017298327758908272, 0.017191091552376747, 0.017164992168545723, 0.017040124163031578, 0.01698402687907219, 0.016954604536294937]

Execution time: 0.4261 sec
