Label: tensor([ 0, 56, 39, 72, 28, 72, 39, 39, 39, 72, 60, 39, 39, 39, 39, 39, 72, 60,
        39, 39, 72, 60, 39, 39, 26, 39, 39, 43, 60, 43, 72, 39, 39, 60, 39, 39,
        39, 39, 39, 39, 39, 73, 39, 39, 72, 39, 39, 39, 72, 45, 72, 56, 39, 72,
        39, 39, 39, 76, 39, 72, 45, 39, 39, 39, 72, 39, 39, 72, 39, 39, 44, 39,
        39, 60, 73, 56, 39, 39, 39, 69, 39, 39, 39, 39, 39, 39, 39, 39, 45, 39,
        67, 39, 28, 39, 39, 39, 39, 39, 39, 73, 24, 39, 39, 39, 41, 41, 39, 72,
        39, 28, 39, 39, 39, 39, 39, 71, 73, 41, 39, 24, 39, 13, 69, 39, 39, 13,
        39, 39, 39, 39, 39, 72, 39, 72, 39, 39, 45, 79, 39, 39, 55, 39, 39, 39,
        39, 39, 39, 39, 72, 39, 39, 39, 39, 43, 55, 39, 74, 39, 39, 55, 45, 41,
        39, 39, 39, 39, 57, 39, 39, 39, 39, 39, 39, 39, 47, 39, 67, 72, 39, 39,
        39, 39, 45, 68, 39, 57, 39, 39, 39, 69, 76, 41, 43, 55, 39, 39, 39, 39,
        39, 45, 41, 39, 39, 63, 69, 39, 45, 39, 39, 39, 41, 39, 39, 41, 39, 45,
        39, 39, 40, 39, 39, 39, 39, 43, 73, 44, 76, 72, 43, 72, 41, 39, 72, 73,
        69, 49, 69, 41, 68, 45, 39, 59, 39, 41, 39, 60, 44, 73, 39, 73, 39, 50,
         1, 40, 39, 45, 45, 39, 46, 40, 55, 56, 39, 39, 76, 44, 71, 39, 60, 69,
        56, 45, 39, 39, 56, 41, 39, 45, 39, 39, 60, 39, 42, 39, 39, 39, 39, 55,
        60, 39, 72, 41, 41, 41, 72, 67, 69, 40, 42, 39]), Box: ([94.64840698242188, 43.016597747802734, 305.1107177734375, 449.8519287109375], [190.6844024658203, 275.6032409667969, 309.68292236328125, 424.7822265625], [351.54534912109375, 160.0574493408203, 373.3226013183594, 211.54156494140625], [269.27978515625, 31.377687454223633, 375.0622863769531, 423.9360046386719], [294.8412780761719, 409.2322692871094, 374.8570556640625, 499.890625], [188.39382934570312, 29.765933990478516, 375.583740234375, 426.4461669921875], [350.5652770996094, 116.50732421875, 374.86041259765625, 211.61326599121094], [341.1171875, 118.0306396484375, 372.675048828125, 199.3543243408203], [329.0744934082031, 91.54132080078125, 364.3331298828125, 150.92922973632812], [231.12594604492188, 25.459871292114258, 374.7557373046875, 426.9693603515625], [-0.5050040483474731, 186.98062133789062, 195.86317443847656, 309.5921630859375], [344.6761169433594, 104.10383605957031, 374.74102783203125, 174.07789611816406], [301.4984130859375, 72.02728271484375, 340.18743896484375, 133.58763122558594], [341.0369873046875, 164.62875366210938, 354.2081298828125, 197.75552368164062], [349.92584228515625, 98.3381118774414, 374.9960021972656, 145.56776428222656], [4.1684064865112305, 129.11080932617188, 24.21148681640625, 148.45457458496094], [187.38265991210938, 28.758197784423828, 375.3263854980469, 426.67279052734375], [-0.38617104291915894, 56.542842864990234, 196.58872985839844, 447.82952880859375], [307.0674743652344, 133.03109741210938, 326.317626953125, 164.37136840820312], [329.1559143066406, 152.35757446289062, 344.28485107421875, 182.17433166503906], [-0.4440508782863617, 57.10206985473633, 195.0038299560547, 312.3515319824219], [-0.4440508782863617, 57.10206985473633, 195.0038299560547, 312.3515319824219], [345.06805419921875, 115.93626403808594, 374.5428771972656, 173.51939392089844], [4.225783348083496, 132.4008331298828, 17.09857177734375, 148.0310821533203], [294.8412780761719, 409.2322692871094, 374.8570556640625, 499.890625], [328.8529968261719, 50.121002197265625, 374.8482666015625, 152.84857177734375], [341.0506896972656, 120.35945129394531, 370.5692138671875, 198.49261474609375], [57.50403594970703, 212.5907745361328, 97.64529418945312, 219.42355346679688], [-0.5300045013427734, 56.26618957519531, 195.75758361816406, 449.1116943359375], [102.1852798461914, 173.53857421875, 113.05830383300781, 206.35382080078125], [104.78357696533203, 22.34514045715332, 375.5226135253906, 425.7208251953125], [324.4178771972656, 91.38713836669922, 363.4958801269531, 184.41041564941406], [328.6183166503906, 90.77662658691406, 373.76470947265625, 153.46426391601562], [-0.30094385147094727, 190.83004760742188, 195.5190887451172, 447.8063659667969], [349.0597229003906, 49.36982727050781, 374.8290100097656, 106.28445434570312], [323.7025146484375, 137.48841857910156, 346.0661926269531, 182.9214324951172], [338.51812744140625, 49.35078430175781, 374.8064880371094, 106.2302017211914], [300.0390930175781, 36.1685905456543, 358.8943176269531, 135.4984588623047], [324.5811462402344, 49.82118225097656, 375.025390625, 198.0447998046875], [4.564157009124756, 129.478759765625, 24.67461395263672, 174.0319061279297], [351.0395812988281, 115.86222076416016, 374.88360595703125, 178.8910675048828], [334.87591552734375, 455.2906188964844, 374.9609375, 500.13433837890625], [345.3432312011719, 123.54022979736328, 372.873779296875, 172.25059509277344], [344.8154602050781, 142.2547149658203, 369.2633361816406, 175.5272674560547], [168.7652130126953, 29.600053787231445, 376.6993713378906, 426.0154113769531], [351.1622314453125, 153.1735076904297, 374.0964660644531, 211.96640014648438], [346.7451477050781, 142.64230346679688, 369.0494079589844, 170.97308349609375], [325.1407165527344, 90.77445220947266, 374.6514892578125, 198.63560485839844], [270.0444030761719, 33.43644714355469, 374.75152587890625, 344.87750244140625], [157.80247497558594, 159.37265014648438, 191.9872283935547, 197.42941284179688], [-0.5521103739738464, 32.57741165161133, 374.4185791015625, 431.88970947265625], [294.8412780761719, 409.2322692871094, 374.8570556640625, 499.890625], [78.24665069580078, 148.8064727783203, 92.36337280273438, 173.96900939941406], [232.4346160888672, 35.625858306884766, 374.3758850097656, 353.91766357421875], [314.0041198730469, 217.7124786376953, 352.34283447265625, 267.6120300292969], [299.5869140625, 281.4146728515625, 333.3367004394531, 329.7611389160156], [340.03692626953125, 119.66333770751953, 368.4006652832031, 199.94447326660156], [93.2472152709961, 198.6970672607422, 110.43407440185547, 208.8551788330078], [274.13482666015625, 248.27720642089844, 304.2810363769531, 287.69903564453125], [-0.1562945544719696, 30.729368209838867, 374.80322265625, 423.0231628417969], [-0.0021848827600479126, 56.91020965576172, 117.40084838867188, 125.6176528930664], [314.93218994140625, 252.55116271972656, 344.92071533203125, 281.1842346191406], [299.9092712402344, 129.8404998779297, 308.78955078125, 153.89895629882812], [14.475985527038574, 128.85829162597656, 23.730928421020508, 141.7489013671875], [-0.22569671273231506, 40.57849884033203, 374.767578125, 424.8280029296875], [302.48760986328125, 75.54024505615234, 322.8995361328125, 127.79220581054688], [323.0705261230469, 267.42803955078125, 340.68536376953125, 293.2855529785156], [121.9425277709961, 30.68724250793457, 371.04150390625, 420.60498046875], [305.41229248046875, 112.62869262695312, 330.9536437988281, 164.2079315185547], [304.6177673339844, 263.2991943359375, 336.0710144042969, 304.113525390625], [102.1852798461914, 173.53857421875, 113.05830383300781, 206.35382080078125], [13.928202629089355, 129.37368774414062, 24.470294952392578, 147.46310424804688], [322.67987060546875, 267.4369812011719, 341.3054504394531, 299.7621765136719], [-0.6703622341156006, 161.27952575683594, 195.80484008789062, 311.0042419433594], [41.51527404785156, 175.9394989013672, 112.43699645996094, 214.48385620117188], [190.6001434326172, 273.2819519042969, 309.7016296386719, 424.7293701171875], [291.8539733886719, 244.17764282226562, 311.4984436035156, 268.0473327636719], [308.63348388671875, 250.86680603027344, 344.615966796875, 296.8142395019531], [349.79827880859375, 74.41131591796875, 371.0978698730469, 106.49411010742188], [-0.4440508782863617, 57.10206985473633, 195.0038299560547, 312.3515319824219], [348.8879699707031, 122.85391235351562, 362.2337951660156, 144.9531707763672], [299.0279846191406, 255.15087890625, 338.5577392578125, 330.0837707519531], [49.90614318847656, 133.6804962158203, 63.58715057373047, 148.24217224121094], [319.5088195800781, 62.89499282836914, 338.7685241699219, 82.36393737792969], [308.3064880371094, 36.133209228515625, 359.44049072265625, 79.38203430175781], [362.8265686035156, 97.4196548461914, 375.0450134277344, 129.44940185546875], [324.009765625, 220.32479858398438, 352.4652099609375, 260.7812194824219], [354.2083435058594, 159.55300903320312, 372.4499206542969, 184.10275268554688], [175.9291229248047, 170.47450256347656, 191.8800048828125, 186.69888305664062], [3.3297781944274902, 130.0180206298828, 51.06275939941406, 175.0501708984375], [93.2472152709961, 198.6970672607422, 110.43407440185547, 208.8551788330078], [319.3648986816406, 69.96361541748047, 342.15423583984375, 127.27436065673828], [-0.4440508782863617, 57.10206985473633, 195.0038299560547, 312.3515319824219], [312.34356689453125, 253.14739990234375, 340.6480407714844, 293.412109375], [336.5931701660156, 47.02528381347656, 357.9098815917969, 72.86980438232422], [314.2860412597656, 252.8678436279297, 335.3041076660156, 287.1517333984375], [49.71024703979492, 132.66403198242188, 81.16207122802734, 148.59458923339844], [328.51727294921875, 256.8227233886719, 345.3088073730469, 279.83258056640625], [329.8395690917969, 220.0990447998047, 356.34954833984375, 243.58038330078125], [41.73741149902344, 172.82083129882812, 112.4342269897461, 215.18447875976562], [294.8412780761719, 409.2322692871094, 374.8570556640625, 499.890625], [318.4117736816406, 81.31971740722656, 337.94915771484375, 127.97796630859375], [325.79248046875, 78.68643188476562, 374.2813720703125, 179.0584716796875], [358.391845703125, 25.866779327392578, 375.05792236328125, 72.15074920654297], [104.9048843383789, 145.55795288085938, 122.36172485351562, 173.36227416992188], [175.9291229248047, 170.47450256347656, 191.8800048828125, 186.69888305664062], [313.3598937988281, 232.9549560546875, 344.95196533203125, 268.5574035644531], [231.9562225341797, 36.904945373535156, 374.9443054199219, 329.4830322265625], [0.9121368527412415, 152.14610290527344, 14.33698558807373, 176.1902313232422], [0.049598515033721924, 57.44189453125, 122.01078033447266, 178.8302459716797], [330.172119140625, 220.83580017089844, 354.7976379394531, 258.95709228515625], [337.0383605957031, 109.6504898071289, 354.1237487792969, 142.103759765625], [304.2048645019531, 260.3496398925781, 324.7627868652344, 287.0205078125], [12.450104713439941, 128.7603759765625, 23.04798126220703, 141.45196533203125], [4.116319179534912, 130.82191467285156, 104.44808197021484, 148.92161560058594], [157.80247497558594, 159.37265014648438, 191.9872283935547, 197.42941284179688], [294.8412780761719, 409.2322692871094, 374.8570556640625, 499.890625], [9.17718505859375, 72.1632080078125, 24.96333122253418, 114.23192596435547], [355.40478515625, 118.76974487304688, 374.0466003417969, 145.30303955078125], [285.4416809082031, 408.3669738769531, 374.8954772949219, 500.3204345703125], [175.9291229248047, 170.47450256347656, 191.8800048828125, 186.69888305664062], [-0.5050040483474731, 186.98062133789062, 195.86317443847656, 309.5921630859375], [188.39382934570312, 29.765933990478516, 375.583740234375, 426.4461669921875], [3.532470703125, 130.20816040039062, 47.82865524291992, 175.25613403320312], [337.3651428222656, 111.43598175048828, 352.950439453125, 141.78701782226562], [190.6001434326172, 273.2819519042969, 309.7016296386719, 424.7293701171875], [349.6296691894531, 123.3985595703125, 364.1990661621094, 145.13368225097656], [58.18202590942383, 134.41754150390625, 80.5622787475586, 148.3071746826172], [32.269676208496094, 147.80567932128906, 45.18889236450195, 174.06796264648438], [319.97808837890625, 71.92877197265625, 343.9407958984375, 127.79981231689453], [319.5751037597656, 70.6409912109375, 342.87603759765625, 123.47859954833984], [187.586181640625, 36.913841247558594, 374.9602966308594, 418.2117919921875], [22.10870933532715, 150.62490844726562, 35.21133804321289, 171.46499633789062], [275.33428955078125, 25.016128540039062, 375.1377258300781, 424.12835693359375], [359.6875, 26.342029571533203, 375.00335693359375, 52.53684616088867], [288.69952392578125, 224.6293182373047, 314.35400390625, 251.4340057373047], [172.98902893066406, 169.97413635253906, 191.84524536132812, 196.50880432128906], [57.50403594970703, 212.5907745361328, 97.64529418945312, 219.42355346679688], [349.8369445800781, 104.17758178710938, 374.76727294921875, 144.88290405273438], [22.948165893554688, 133.60264587402344, 51.48177719116211, 147.1906280517578], [22.948165893554688, 133.60264587402344, 51.48177719116211, 147.1906280517578], [284.31097412109375, 223.69528198242188, 314.6983947753906, 255.36390686035156], [345.1378173828125, 133.30059814453125, 369.3026123046875, 171.3983154296875], [313.2811584472656, 47.3004264831543, 338.660888671875, 80.1024169921875], [313.10205078125, 254.79742431640625, 329.86529541015625, 277.44622802734375], [303.9547119140625, 260.840576171875, 335.1519775390625, 308.5612487792969], [325.2463073730469, 135.54287719726562, 353.15631103515625, 186.5114288330078], [33.44527816772461, 200.00291442871094, 58.21660232543945, 231.12696838378906], [0.049598515033721924, 57.44189453125, 122.01078033447266, 178.8302459716797], [9.17718505859375, 72.1632080078125, 24.96333122253418, 114.23192596435547], [322.6380615234375, 0.17976388335227966, 374.5804138183594, 41.57454299926758], [336.300048828125, 48.8361930847168, 358.67108154296875, 92.38322448730469], [306.8851318359375, 220.1062774658203, 349.95867919921875, 291.26885986328125], [93.2472152709961, 198.6970672607422, 110.43407440185547, 208.8551788330078], [79.34558868408203, 142.6314239501953, 122.10668182373047, 174.47645568847656], [329.13092041015625, 219.8665008544922, 353.69793701171875, 243.964599609375], [341.76373291015625, -0.01821666955947876, 367.7542419433594, 32.47883224487305], [323.26513671875, 148.57162475585938, 334.8408203125, 176.7408447265625], [332.29034423828125, 96.57324981689453, 357.7416687011719, 142.51498413085938], [2.3589022159576416, 129.85743713378906, 122.91099548339844, 176.2898406982422], [176.15573120117188, 176.36257934570312, 191.14730834960938, 187.8882598876953], [176.15573120117188, 176.36257934570312, 191.14730834960938, 187.8882598876953], [328.9671325683594, 235.2240753173828, 350.6756591796875, 261.7291564941406], [90.51693725585938, 146.07696533203125, 111.8564224243164, 172.97752380371094], [297.97076416015625, 1.4915764331817627, 374.4353332519531, 143.12054443359375], [334.4950866699219, 238.21194458007812, 352.2158203125, 261.6671447753906], [285.4416809082031, 408.3669738769531, 374.8954772949219, 500.3204345703125], [20.512357711791992, 140.2534637451172, 35.16886520385742, 171.34933471679688], [2.3589022159576416, 129.85743713378906, 122.91099548339844, 176.2898406982422], [341.76373291015625, -0.01821666955947876, 367.7542419433594, 32.47883224487305], [341.01544189453125, 165.47027587890625, 356.16412353515625, 197.89173889160156], [319.71923828125, 63.195899963378906, 340.7797546386719, 85.84007263183594], [354.3197326660156, 160.4301300048828, 374.1905822753906, 184.63865661621094], [318.6429443359375, 46.842140197753906, 339.77154541015625, 77.70149993896484], [359.6875, 26.342029571533203, 375.00335693359375, 52.53684616088867], [314.5934753417969, 255.81822204589844, 334.2984313964844, 285.2424011230469], [74.73843383789062, 197.3628387451172, 96.57923126220703, 215.0568084716797], [267.97869873046875, 38.12612533569336, 374.2965393066406, 369.60406494140625], [336.3550109863281, 242.3211669921875, 351.0289306640625, 264.4067077636719], [334.159912109375, 241.57861328125, 350.3409423828125, 265.552001953125], [172.98902893066406, 169.97413635253906, 191.84524536132812, 196.50880432128906], [316.6523742675781, 251.28799438476562, 336.9491882324219, 268.5408020019531], [79.34558868408203, 142.6314239501953, 122.10668182373047, 174.47645568847656], [322.6380615234375, 0.17976388335227966, 374.5804138183594, 41.57454299926758], [43.83835220336914, 149.83998107910156, 69.0996322631836, 174.473388671875], [294.8412780761719, 409.2322692871094, 374.8570556640625, 499.890625], [333.66473388671875, 264.90338134765625, 345.2051086425781, 278.9302673339844], [157.80247497558594, 159.37265014648438, 191.9872283935547, 197.42941284179688], [323.5986022949219, 148.96893310546875, 335.3638916015625, 176.79351806640625], [187.38265991210938, 28.758197784423828, 375.3263854980469, 426.67279052734375], [57.50403594970703, 212.5907745361328, 97.64529418945312, 219.42355346679688], [157.67091369628906, 159.5400390625, 187.9641571044922, 196.29092407226562], [57.19088363647461, 211.67999267578125, 97.77151489257812, 220.69081115722656], [91.02682495117188, 158.29031372070312, 110.7645263671875, 173.19546508789062], [316.6215515136719, 218.3931884765625, 350.872314453125, 263.69586181640625], [341.44061279296875, 221.80020141601562, 356.922607421875, 242.65914916992188], [3.9478044509887695, 136.12289428710938, 24.703123092651367, 148.75025939941406], [21.401203155517578, 139.1798095703125, 35.66331481933594, 171.3114471435547], [364.7666015625, 120.81316375732422, 375.0749816894531, 178.78106689453125], [299.5869140625, 281.4146728515625, 333.3367004394531, 329.7611389160156], [307.0674743652344, 133.03109741210938, 326.317626953125, 164.37136840820312], [362.84906005859375, 0.051219016313552856, 374.9642028808594, 30.4610652923584], [334.87591552734375, 455.2906188964844, 374.9609375, 500.13433837890625], [-0.4440508782863617, 57.10206985473633, 195.0038299560547, 312.3515319824219], [269.27978515625, 31.377687454223633, 375.0622863769531, 423.9360046386719], [299.6461486816406, 259.66949462890625, 335.14263916015625, 330.062744140625], [22.948165893554688, 133.60264587402344, 51.48177719116211, 147.1906280517578], [329.4783935546875, 272.3572998046875, 341.5378723144531, 292.516845703125], [79.34558868408203, 142.6314239501953, 122.10668182373047, 174.47645568847656], [302.72174072265625, 280.1785583496094, 333.98822021484375, 312.1855773925781], [157.80247497558594, 159.37265014648438, 191.9872283935547, 197.42941284179688], [77.55123138427734, 138.56385803222656, 91.0000228881836, 173.12245178222656], [45.78432846069336, 136.32623291015625, 61.68870162963867, 148.77598571777344], [172.98902893066406, 169.97413635253906, 191.84524536132812, 196.50880432128906], [304.8082580566406, 262.4997863769531, 324.2886657714844, 287.07196044921875], [104.9048843383789, 145.55795288085938, 122.36172485351562, 173.36227416992188], [361.22320556640625, 172.10427856445312, 373.7641296386719, 208.05685424804688], [13.336703300476074, 72.52401733398438, 26.174148559570312, 114.08879852294922], [104.9048843383789, 145.55795288085938, 122.36172485351562, 173.36227416992188], [352.678466796875, 159.04940795898438, 368.60504150390625, 183.30503845214844], [87.82479095458984, 136.8370819091797, 98.60910034179688, 146.28179931640625], [338.5986633300781, 222.26466369628906, 356.338134765625, 256.6489562988281], [77.82209777832031, 137.06552124023438, 97.5773696899414, 147.3778076171875], [74.73843383789062, 197.3628387451172, 96.57923126220703, 215.0568084716797], [322.6380615234375, 0.17976388335227966, 374.5804138183594, 41.57454299926758], [13.336703300476074, 72.52401733398438, 26.174148559570312, 114.08879852294922], [102.1852798461914, 173.53857421875, 113.05830383300781, 206.35382080078125], [-0.5300045013427734, 56.26618957519531, 195.75758361816406, 449.1116943359375], [57.617000579833984, 196.72390747070312, 97.11951446533203, 219.0748748779297], [214.5483856201172, 37.531429290771484, 374.354248046875, 196.85301208496094], [169.27066040039062, 159.53790283203125, 183.05223083496094, 173.04141235351562], [86.40808868408203, 148.1326446533203, 99.49736022949219, 172.95790100097656], [-0.38617104291915894, 56.542842864990234, 196.58872985839844, 447.82952880859375], [341.76373291015625, -0.01821666955947876, 367.7542419433594, 32.47883224487305], [-0.38617104291915894, 56.542842864990234, 196.58872985839844, 447.82952880859375], [359.6875, 26.342029571533203, 375.00335693359375, 52.53684616088867], [0.049598515033721924, 57.44189453125, 122.01078033447266, 178.8302459716797], [33.44527816772461, 200.00291442871094, 58.21660232543945, 231.12696838378906], [157.80247497558594, 159.37265014648438, 191.9872283935547, 197.42941284179688], [0.049598515033721924, 57.44189453125, 122.01078033447266, 178.8302459716797], [168.77488708496094, 159.82347106933594, 184.4666290283203, 182.7794952392578], [294.8412780761719, 409.2322692871094, 374.8570556640625, 499.890625], [294.8412780761719, 409.2322692871094, 374.8570556640625, 499.890625], [13.336703300476074, 72.52401733398438, 26.174148559570312, 114.08879852294922], [0.049598515033721924, 57.44189453125, 122.01078033447266, 178.8302459716797], [188.39382934570312, 29.765933990478516, 375.583740234375, 426.4461669921875], [93.2472152709961, 198.6970672607422, 110.43407440185547, 208.8551788330078], [329.93170166015625, 413.30078125, 374.7959289550781, 500.0569763183594], [8.125244140625, 132.7086944580078, 15.424867630004883, 141.4125213623047], [57.617000579833984, 196.72390747070312, 97.11951446533203, 219.0748748779297], [69.96373748779297, 138.4001007080078, 83.07540893554688, 173.60296630859375], [91.02682495117188, 158.29031372070312, 110.7645263671875, 173.19546508789062], [294.8412780761719, 409.2322692871094, 374.8570556640625, 499.890625], [43.83835220336914, 149.83998107910156, 69.0996322631836, 174.473388671875], [320.2527160644531, 282.85467529296875, 336.2013244628906, 301.4696960449219], [2.3589022159576416, 129.85743713378906, 122.91099548339844, 176.2898406982422], [359.6875, 26.342029571533203, 375.00335693359375, 52.53684616088867], [157.67091369628906, 159.5400390625, 187.9641571044922, 196.29092407226562], [359.6875, 26.342029571533203, 375.00335693359375, 52.53684616088867], [9.17718505859375, 72.1632080078125, 24.96333122253418, 114.23192596435547], [90.51693725585938, 146.07696533203125, 111.8564224243164, 172.97752380371094], [116.2181167602539, 144.41375732421875, 309.85955810546875, 424.450927734375], [94.75460815429688, 142.87062072753906, 109.6784439086914, 160.89857482910156], [290.14947509765625, 228.56765747070312, 307.36578369140625, 255.1567840576172], [57.617000579833984, 196.72390747070312, 97.11951446533203, 219.0748748779297], [57.50403594970703, 212.5907745361328, 97.64529418945312, 219.42355346679688], [-0.5050040483474731, 186.98062133789062, 195.86317443847656, 309.5921630859375], [321.7318420410156, 282.28375244140625, 338.87432861328125, 302.98529052734375], [-0.6466246843338013, 95.2022933959961, 309.6616516113281, 420.63250732421875], [-0.5300045013427734, 56.26618957519531, 195.75758361816406, 449.1116943359375], [127.72926330566406, 236.87112426757812, 310.03863525390625, 430.8147888183594], [301.4984130859375, 72.02728271484375, 340.18743896484375, 133.58763122558594], [317.64984130859375, 96.72410583496094, 333.3394470214844, 129.05300903320312], [284.72381591796875, 226.7425994873047, 306.11859130859375, 253.8926544189453], [157.80247497558594, 159.37265014648438, 191.9872283935547, 197.42941284179688], [43.83835220336914, 149.83998107910156, 69.0996322631836, 174.473388671875], [352.0242614746094, 160.0391082763672, 368.04925537109375, 183.43191528320312], [157.67091369628906, 159.5400390625, 187.9641571044922, 196.29092407226562], [302.6979675292969, 91.8241958618164, 321.0719909667969, 129.13055419921875], [17.81080436706543, 130.102783203125, 33.32963943481445, 148.37295532226562], [294.8412780761719, 409.2322692871094, 374.8570556640625, 499.890625], [2.1591453552246094, 134.54417419433594, 16.3938045501709, 162.5430450439453], [93.2472152709961, 198.6970672607422, 110.43407440185547, 208.8551788330078], [291.17303466796875, 243.6202392578125, 311.5328369140625, 268.4076232910156], [285.4935302734375, 266.41790771484375, 303.7974548339844, 287.0283203125], [87.63861846923828, 149.45654296875, 101.68094635009766, 173.05044555664062], [17.038469314575195, 141.75013732910156, 33.774471282958984, 171.71372985839844], [41.73741149902344, 172.82083129882812, 112.4342269897461, 215.18447875976562], [-0.7041469216346741, 178.00137329101562, 195.39376831054688, 300.66741943359375], [278.46026611328125, 37.227535247802734, 359.7715148925781, 142.6248779296875], [294.8412780761719, 409.2322692871094, 374.8570556640625, 499.890625], [168.77488708496094, 159.82347106933594, 184.4666290283203, 182.7794952392578], [301.4984130859375, 72.02728271484375, 340.18743896484375, 133.58763122558594], [33.59343719482422, 200.3140106201172, 58.07075119018555, 224.50750732421875], [234.71939086914062, -1.4319121837615967, 375.10406494140625, 428.94317626953125], [102.1852798461914, 173.53857421875, 113.05830383300781, 206.35382080078125], [41.51527404785156, 175.9394989013672, 112.43699645996094, 214.48385620117188], [22.10870933532715, 150.62490844726562, 35.21133804321289, 171.46499633789062], [102.1852798461914, 173.53857421875, 113.05830383300781, 206.35382080078125], [319.1233825683594, 61.93906021118164, 329.6268005371094, 75.54337310791016]), Score: [0.9518836736679077, 0.9144507646560669, 0.42215320467948914, 0.42152488231658936, 0.37812960147857666, 0.3262908160686493, 0.32353290915489197, 0.3161570727825165, 0.31032848358154297, 0.3055086135864258, 0.2974138855934143, 0.2897895872592926, 0.2685546875, 0.2643606662750244, 0.26111742854118347, 0.25674816966056824, 0.25141823291778564, 0.24909012019634247, 0.24091388285160065, 0.23805022239685059, 0.23768211901187897, 0.23694999516010284, 0.23528672754764557, 0.23263733088970184, 0.22805377840995789, 0.2274269312620163, 0.22593344748020172, 0.21883182227611542, 0.20825715363025665, 0.20702971518039703, 0.20126232504844666, 0.19889245927333832, 0.19563081860542297, 0.1936272233724594, 0.1926821768283844, 0.19172823429107666, 0.18700487911701202, 0.18580670654773712, 0.18274202942848206, 0.18142400681972504, 0.17952929437160492, 0.1734127402305603, 0.1720786988735199, 0.1707068681716919, 0.17029516398906708, 0.16675680875778198, 0.1648768037557602, 0.16433590650558472, 0.16096262633800507, 0.15752308070659637, 0.15344840288162231, 0.14921486377716064, 0.14731912314891815, 0.14125961065292358, 0.1409631073474884, 0.1393316388130188, 0.1373632699251175, 0.13544903695583344, 0.1350450962781906, 0.1347551792860031, 0.1343107372522354, 0.13283933699131012, 0.13179144263267517, 0.13052108883857727, 0.12963347136974335, 0.12809768319129944, 0.12769705057144165, 0.12673711776733398, 0.12512177228927612, 0.12493695318698883, 0.12351153790950775, 0.12333084642887115, 0.12196533381938934, 0.12191358953714371, 0.11998425424098969, 0.11993325501680374, 0.11910966783761978, 0.11909167468547821, 0.11800401657819748, 0.11708690226078033, 0.1096281111240387, 0.10805702954530716, 0.10702608525753021, 0.10684718936681747, 0.1058327853679657, 0.10322942584753036, 0.10296911746263504, 0.10280799120664597, 0.10236704349517822, 0.10139572620391846, 0.10087250173091888, 0.1003277450799942, 0.09870743751525879, 0.09855024516582489, 0.0984291136264801, 0.09829412400722504, 0.09824777394533157, 0.09811100363731384, 0.09802255034446716, 0.09802212566137314, 0.09750902652740479, 0.09687633067369461, 0.09660010784864426, 0.09620917588472366, 0.09609503298997879, 0.09554682672023773, 0.09548425674438477, 0.09520673006772995, 0.09511618316173553, 0.09325720369815826, 0.0930974930524826, 0.09305907785892487, 0.09281467646360397, 0.09267021715641022, 0.09264010936021805, 0.09230497479438782, 0.09182197600603104, 0.09090542793273926, 0.09079062193632126, 0.09063687175512314, 0.09018360823392868, 0.0900038331747055, 0.08996216952800751, 0.08980025351047516, 0.08950743824243546, 0.08875149488449097, 0.08872082084417343, 0.0886918306350708, 0.08868162333965302, 0.08866672217845917, 0.08840479701757431, 0.0879860371351242, 0.08794207870960236, 0.08763125538825989, 0.0872238427400589, 0.08722162246704102, 0.08689902722835541, 0.08687850087881088, 0.08645619451999664, 0.08511515706777573, 0.08506859093904495, 0.08506014943122864, 0.08299748599529266, 0.08294058591127396, 0.08250373601913452, 0.08246314525604248, 0.08245818316936493, 0.08222527801990509, 0.08125009387731552, 0.08091578632593155, 0.08082626014947891, 0.08070865273475647, 0.08052263408899307, 0.0799470916390419, 0.07929912954568863, 0.0790330097079277, 0.07842352241277695, 0.07766567170619965, 0.07754214107990265, 0.07753895223140717, 0.07729947566986084, 0.07693419605493546, 0.0762859433889389, 0.07572629302740097, 0.07552529126405716, 0.07538916915655136, 0.07491885870695114, 0.07489960640668869, 0.07486751675605774, 0.07475097477436066, 0.0740436390042305, 0.07394591718912125, 0.07368972897529602, 0.07334987819194794, 0.07330174744129181, 0.07296662777662277, 0.07285785675048828, 0.07270262390375137, 0.0725180134177208, 0.0724920704960823, 0.07228884100914001, 0.07210467010736465, 0.07173974812030792, 0.07160395383834839, 0.07146380096673965, 0.0712057501077652, 0.07115780562162399, 0.07092417776584625, 0.07089047133922577, 0.0705106258392334, 0.07043342292308807, 0.06977467983961105, 0.069651760160923, 0.069395512342453, 0.06931918859481812, 0.06842486560344696, 0.06840376555919647, 0.068327397108078, 0.06805724650621414, 0.06790708750486374, 0.06766925752162933, 0.06758499145507812, 0.06734323501586914, 0.06725376844406128, 0.06711703538894653, 0.06679663062095642, 0.06660380214452744, 0.06594523787498474, 0.06562118232250214, 0.06523080915212631, 0.06519156694412231, 0.06502536684274673, 0.06441367417573929, 0.06440965086221695, 0.06400187313556671, 0.06389594823122025, 0.06195120885968208, 0.061735399067401886, 0.06158190220594406, 0.06129554286599159, 0.06127074360847473, 0.06079726293683052, 0.0603354275226593, 0.05980583652853966, 0.059731338173151016, 0.059563130140304565, 0.0594208650290966, 0.05876695737242699, 0.05819094181060791, 0.05770889297127724, 0.05726814642548561, 0.0572013184428215, 0.057040177285671234, 0.05699823424220085, 0.05696101859211922, 0.0567459836602211, 0.056662417948246, 0.05620957538485527, 0.05616636201739311, 0.056116003543138504, 0.05598289519548416, 0.055821239948272705, 0.05581723526120186, 0.05563502013683319, 0.055565476417541504, 0.055443424731492996, 0.055416759103536606, 0.055238913744688034, 0.055199600756168365, 0.05497753620147705, 0.05445630103349686, 0.054388873279094696, 0.05436897277832031, 0.054356396198272705, 0.05386415123939514, 0.053851768374443054, 0.05356549844145775, 0.0535653755068779, 0.05353178456425667, 0.05351456254720688, 0.05323218181729317, 0.05295804142951965, 0.05280059576034546, 0.05231968313455582, 0.05195379629731178, 0.05184738710522652, 0.051506321877241135, 0.05145833268761635, 0.051354989409446716, 0.051177240908145905, 0.05113020911812782, 0.050997741520404816, 0.05082942545413971, 0.05078544840216637, 0.050705503672361374, 0.050364475697278976, 0.05027194321155548, 0.04991969093680382, 0.04965997487306595, 0.04954138025641441, 0.04943685233592987, 0.049417585134506226, 0.049344565719366074, 0.04932504519820213, 0.04910022392868996, 0.04879961162805557, 0.04843338578939438, 0.04828474670648575, 0.048183538019657135, 0.04806871339678764, 0.047977276146411896, 0.047740500420331955, 0.04772615060210228, 0.0476948581635952, 0.04767506569623947, 0.04726976901292801, 0.04719674214720726, 0.04715943709015846, 0.04702874273061752, 0.046985894441604614]

Execution time: 0.4009 sec
