Label: tensor([ 6,  0,  0,  0,  6,  5,  7,  7,  6,  5,  0,  0,  5,  2,  0,  0,  7,  0,
         0,  7,  7,  7,  0,  0,  6,  0,  7,  5,  0,  0,  7,  0,  6,  2, 11,  5,
         8,  0,  0,  0,  2,  0,  0,  0,  0,  0,  0,  5,  6,  0,  0,  0,  6,  6,
         7,  2,  0,  6,  7,  0,  6,  6,  2,  0,  0,  7,  0,  5,  0, 16,  6,  0,
         0,  9,  0,  0,  0,  0,  0,  8,  6,  6,  7,  0,  2,  0,  0,  5,  2,  0,
         7,  7,  0,  7,  7,  0,  0,  2,  0,  0,  7,  8,  0,  0,  0,  0,  0,  0,
         0,  7,  9,  0,  7,  5, 17,  0,  9,  0,  7,  0,  0, 17,  0,  0,  6,  2,
         7,  0,  0, 56,  0,  2,  0,  0,  2,  9,  6, 17,  0,  0, 13,  7,  5,  0,
        16,  0,  0,  7,  7,  5,  0,  9,  6,  6,  0, 13, 16, 14,  6,  6,  0,  0,
         0,  7, 74,  6,  6, 11,  0, 56, 57,  2, 56,  7,  5,  0, 74,  0, 74,  6,
         0,  2,  7,  6,  0, 13,  0,  6,  0,  6,  0, 56,  8,  0,  8,  0,  6,  0,
         2,  9,  5,  6,  2,  0, 17,  0, 17,  4, 17,  0,  0,  6, 58,  0, 24,  7,
         7, 69,  0,  2,  2,  0, 16,  0,  6,  0,  7,  7,  5,  2,  0,  5,  0,  8,
         9,  7,  1,  2,  0,  2, 15,  2,  0,  5,  2,  2,  2,  8,  5,  8,  2,  5,
        13, 13,  2,  9,  6, 17,  5,  0,  2,  2,  7,  6,  2, 27, 27,  9, 57,  4,
        17, 28,  1,  1,  7, 27, 56,  9,  2,  0, 17,  0,  4,  2,  2, 59,  1,  2,
        74,  0, 28, 13, 26,  2,  4,  0,  9,  0,  7,  0]), Box: ([33.013851165771484, 86.18989562988281, 499.7477722167969, 179.55709838867188], [98.62316131591797, 103.3974609375, 115.94207000732422, 121.14125061035156], [85.58036041259766, 103.32989501953125, 102.98900604248047, 120.5684585571289], [264.8244934082031, 110.81156158447266, 284.249755859375, 127.31733703613281], [409.4600830078125, 114.667236328125, 500.0987548828125, 172.6923065185547], [409.4600830078125, 114.667236328125, 500.0987548828125, 172.6923065185547], [409.4600830078125, 114.667236328125, 500.0987548828125, 172.6923065185547], [35.13759231567383, 87.05351257324219, 387.7592468261719, 177.3859405517578], [35.13759231567383, 87.05351257324219, 387.7592468261719, 177.3859405517578], [35.13759231567383, 87.05351257324219, 387.7592468261719, 177.3859405517578], [131.03395080566406, 104.50267791748047, 160.8079376220703, 121.8392333984375], [85.32794189453125, 102.81189727783203, 118.02680206298828, 121.37943267822266], [36.87271499633789, 87.07192993164062, 500.0344543457031, 176.61134338378906], [409.4600830078125, 114.667236328125, 500.0987548828125, 172.6923065185547], [96.36703491210938, 104.0724868774414, 104.51394653320312, 120.26039123535156], [180.08154296875, 73.41328430175781, 191.29881286621094, 87.44708251953125], [397.5547790527344, 114.57671356201172, 500.3221130371094, 193.92776489257812], [111.1524658203125, 103.63436126708984, 132.79693603515625, 121.08991241455078], [84.85899353027344, 104.00495910644531, 91.45018005371094, 119.34844970703125], [409.01312255859375, 114.84648895263672, 500.3212585449219, 172.56964111328125], [36.87271499633789, 87.07192993164062, 500.0344543457031, 176.61134338378906], [408.481201171875, 114.68329620361328, 500.7999572753906, 205.9564666748047], [84.87863159179688, 108.4248046875, 90.21475219726562, 119.39541625976562], [93.38468170166016, 48.89239501953125, 107.34920501708984, 66.40496826171875], [408.481201171875, 114.68329620361328, 500.7999572753906, 205.9564666748047], [453.37310791015625, 128.16644287109375, 467.7730407714844, 146.54806518554688], [406.8669128417969, 114.42710876464844, 500.34869384765625, 183.37506103515625], [397.5547790527344, 114.57671356201172, 500.3221130371094, 193.92776489257812], [107.2134780883789, 104.51473236083984, 118.05389404296875, 120.85033416748047], [110.73194885253906, 104.42185974121094, 140.47470092773438, 121.17213439941406], [405.5265808105469, 114.61148834228516, 500.8387451171875, 207.0720977783203], [85.08968353271484, 111.6443862915039, 90.25514221191406, 119.76085662841797], [397.5547790527344, 114.57671356201172, 500.3221130371094, 193.92776489257812], [397.5547790527344, 114.57671356201172, 500.3221130371094, 193.92776489257812], [262.8696594238281, 131.31568908691406, 279.5327453613281, 140.28382873535156], [408.481201171875, 114.68329620361328, 500.7999572753906, 205.9564666748047], [35.13759231567383, 87.05351257324219, 387.7592468261719, 177.3859405517578], [148.40672302246094, 105.04822540283203, 160.72837829589844, 115.72774505615234], [62.25691223144531, 100.7176513671875, 72.774169921875, 114.8248062133789], [99.48139190673828, 112.82759857177734, 111.25558471679688, 121.19124603271484], [408.481201171875, 114.68329620361328, 500.7999572753906, 205.9564666748047], [102.62581634521484, 103.69080352783203, 112.4918441772461, 117.5709457397461], [476.97906494140625, 134.14599609375, 492.28204345703125, 152.15414428710938], [409.3825378417969, 115.77513885498047, 448.6351318359375, 169.13929748535156], [264.9462890625, 109.1662826538086, 274.8846435546875, 126.57836151123047], [124.77867889404297, 111.88138580322266, 143.81082153320312, 121.31653594970703], [478.79058837890625, 138.10821533203125, 487.3395080566406, 150.25253295898438], [409.01312255859375, 114.84648895263672, 500.3212585449219, 172.56964111328125], [36.87271499633789, 87.07192993164062, 500.0344543457031, 176.61134338378906], [191.9061279296875, 142.81053161621094, 199.4523468017578, 151.98406982421875], [132.29116821289062, 112.91539001464844, 160.07003784179688, 121.8788833618164], [124.3592529296875, 153.7235565185547, 139.20855712890625, 165.86203002929688], [317.3597106933594, 114.50944519042969, 499.97845458984375, 179.34344482421875], [34.698158264160156, 114.18211364746094, 499.5638427734375, 177.808837890625], [317.3597106933594, 114.50944519042969, 499.97845458984375, 179.34344482421875], [35.13759231567383, 87.05351257324219, 387.7592468261719, 177.3859405517578], [63.103607177734375, 103.48377227783203, 71.5922622680664, 114.32173919677734], [287.4773864746094, 91.9612808227539, 501.485107421875, 178.5049591064453], [34.698158264160156, 114.18211364746094, 499.5638427734375, 177.808837890625], [85.79083251953125, 104.57213592529297, 97.97879028320312, 120.18714141845703], [285.1788330078125, 114.4233627319336, 499.4752502441406, 179.69906616210938], [405.5265808105469, 114.61148834228516, 500.8387451171875, 207.0720977783203], [405.5265808105469, 114.61148834228516, 500.8387451171875, 207.0720977783203], [122.90444946289062, 153.43511962890625, 138.2003173828125, 165.49453735351562], [100.42540740966797, 104.06301879882812, 116.05614471435547, 121.26241302490234], [33.013851165771484, 86.18989562988281, 499.7477722167969, 179.55709838867188], [476.5917663574219, 126.10951232910156, 498.1707458496094, 149.9850311279297], [405.5265808105469, 114.61148834228516, 500.8387451171875, 207.0720977783203], [74.87409973144531, 104.45977783203125, 89.85546112060547, 119.83795928955078], [98.62316131591797, 103.3974609375, 115.94207000732422, 121.14125061035156], [117.26287078857422, 114.10028839111328, 501.0317687988281, 177.18728637695312], [260.3288269042969, 109.6436996459961, 289.40570068359375, 172.70492553710938], [150.84918212890625, 104.79763793945312, 160.88043212890625, 120.8545913696289], [134.8524169921875, 1.1025141477584839, 150.5545654296875, 65.68850708007812], [103.81364440917969, 103.78911590576172, 112.000244140625, 115.96110534667969], [97.94121551513672, 103.10165405273438, 118.55598449707031, 168.59500122070312], [131.41583251953125, 113.88412475585938, 144.24534606933594, 121.41015625], [475.9975891113281, 125.02336120605469, 498.866455078125, 149.85769653320312], [97.53338623046875, 103.65103912353516, 117.12297058105469, 170.15113830566406], [409.4600830078125, 114.667236328125, 500.0987548828125, 172.6923065185547], [233.52044677734375, 114.22280883789062, 499.8567810058594, 179.10107421875], [329.50634765625, 93.23248291015625, 501.3747863769531, 178.77769470214844], [285.1788330078125, 114.4233627319336, 499.4752502441406, 179.69906616210938], [94.7676773071289, 105.25227355957031, 101.67198181152344, 117.77862548828125], [117.23877716064453, 151.87770080566406, 146.45777893066406, 174.8008270263672], [97.03123474121094, 105.45059204101562, 104.61981964111328, 120.30735778808594], [257.3114013671875, 109.64096069335938, 294.00653076171875, 173.46975708007812], [406.8669128417969, 114.42710876464844, 500.34869384765625, 183.37506103515625], [54.704471588134766, 150.87953186035156, 145.6192169189453, 174.75848388671875], [97.00215911865234, 103.1318588256836, 142.03372192382812, 171.7898712158203], [117.26287078857422, 114.10028839111328, 501.0317687988281, 177.18728637695312], [34.79153060913086, 87.52562713623047, 263.3287658691406, 173.13058471679688], [31.897361755371094, 121.60340881347656, 42.578983306884766, 164.1883087158203], [34.813926696777344, 99.3600082397461, 117.23899841308594, 171.989013671875], [35.39509201049805, 87.4385757446289, 155.45895385742188, 172.9967041015625], [62.617488861083984, 100.74443817138672, 73.64874267578125, 116.95416259765625], [35.5233268737793, 152.0310516357422, 59.15951156616211, 171.81068420410156], [36.87271499633789, 87.07192993164062, 500.0344543457031, 176.61134338378906], [488.4725646972656, 66.17816162109375, 499.9799499511719, 81.76824188232422], [134.13082885742188, 37.465843200683594, 143.50662231445312, 65.66234588623047], [329.50634765625, 93.23248291015625, 501.3747863769531, 178.77769470214844], [36.87271499633789, 87.07192993164062, 500.0344543457031, 176.61134338378906], [134.8524169921875, 1.1025141477584839, 150.5545654296875, 65.68850708007812], [480.2102355957031, 133.78195190429688, 499.98431396484375, 165.95640563964844], [493.430419921875, 66.25297546386719, 500.2685852050781, 78.40843200683594], [410.6255187988281, 124.69576263427734, 437.5281982421875, 169.0516815185547], [95.24836730957031, 106.1938705444336, 102.55387878417969, 117.9111099243164], [426.7994079589844, 201.9644012451172, 459.96063232421875, 229.91346740722656], [265.9408874511719, 113.63406372070312, 281.33978271484375, 127.13829803466797], [33.96467208862305, 118.53429412841797, 144.9374542236328, 174.1996307373047], [488.4725646972656, 66.17816162109375, 499.9799499511719, 81.76824188232422], [125.59881591796875, 154.36451721191406, 136.20301818847656, 165.17381286621094], [287.4773864746094, 91.9612808227539, 501.485107421875, 178.5049591064453], [33.013851165771484, 86.18989562988281, 499.7477722167969, 179.55709838867188], [409.4600830078125, 114.667236328125, 500.0987548828125, 172.6923065185547], [450.0783386230469, 127.575927734375, 483.48583984375, 168.957275390625], [493.430419921875, 66.25297546386719, 500.2685852050781, 78.40843200683594], [457.69781494140625, 137.02919006347656, 467.6455993652344, 146.43719482421875], [34.895023345947266, 98.58883666992188, 142.99436950683594, 173.20005798339844], [455.625244140625, 136.63339233398438, 466.7428283691406, 146.44444274902344], [450.1340026855469, 123.87422180175781, 475.806396484375, 167.7407684326172], [85.32794189453125, 102.81189727783203, 118.02680206298828, 121.37943267822266], [110.41832733154297, 103.09391021728516, 161.1400146484375, 121.61222839355469], [410.97784423828125, 126.29207611083984, 436.68048095703125, 169.20799255371094], [42.464332580566406, 87.54842376708984, 381.9637451171875, 124.45332336425781], [444.3592834472656, 115.91624450683594, 499.71881103515625, 149.01309204101562], [34.03492736816406, 118.02362060546875, 145.58108520507812, 174.07122802734375], [259.7887268066406, 109.96539306640625, 292.3160400390625, 169.40158081054688], [452.3064880371094, 128.5323028564453, 477.59881591796875, 158.26803588867188], [85.58036041259766, 103.32989501953125, 102.98900604248047, 120.5684585571289], [-0.11733011156320572, 143.31863403320312, 6.096903324127197, 169.72476196289062], [36.29191970825195, 150.10122680664062, 144.74386596679688, 174.77127075195312], [119.57158660888672, 152.35813903808594, 131.46817016601562, 164.36441040039062], [117.23877716064453, 151.87770080566406, 146.45777893066406, 174.8008270263672], [34.813926696777344, 99.3600082397461, 117.23899841308594, 171.989013671875], [134.13082885742188, 37.465843200683594, 143.50662231445312, 65.66234588623047], [34.79153060913086, 87.52562713623047, 263.3287658691406, 173.13058471679688], [409.3825378417969, 115.77513885498047, 448.6351318359375, 169.13929748535156], [28.276092529296875, 140.00332641601562, 39.96426773071289, 162.7117462158203], [132.539306640625, 107.33570098876953, 160.42750549316406, 121.91034698486328], [35.13759231567383, 87.05351257324219, 387.7592468261719, 177.3859405517578], [233.52044677734375, 114.22280883789062, 499.8567810058594, 179.10107421875], [317.3597106933594, 114.50944519042969, 499.97845458984375, 179.34344482421875], [101.03555297851562, 116.29205322265625, 111.34748077392578, 121.39264678955078], [264.8244934082031, 110.81156158447266, 284.249755859375, 127.31733703613281], [32.30373764038086, 121.78423309326172, 41.98453903198242, 163.7362823486328], [108.63361358642578, 113.4140396118164, 118.94900512695312, 121.04521942138672], [31.944974899291992, -0.4343581199645996, 500.2429504394531, 179.51101684570312], [409.9132995605469, 114.52198028564453, 499.9784851074219, 151.36141967773438], [444.3592834472656, 115.91624450683594, 499.71881103515625, 149.01309204101562], [92.92486572265625, 48.91527557373047, 104.44792938232422, 66.34864044189453], [-0.11733011156320572, 143.31863403320312, 6.096903324127197, 169.72476196289062], [43.32318115234375, 87.59253692626953, 289.4161682128906, 121.98202514648438], [190.03125, 90.4464111328125, 501.52069091796875, 178.2026824951172], [488.4749450683594, 137.52444458007812, 499.74151611328125, 149.2100372314453], [136.6480255126953, 64.60953521728516, 160.6465301513672, 70.6737289428711], [85.58036041259766, 103.32989501953125, 102.98900604248047, 120.5684585571289], [191.9061279296875, 142.81053161621094, 199.4523468017578, 151.98406982421875], [31.944974899291992, -0.4343581199645996, 500.2429504394531, 179.51101684570312], [409.9132995605469, 114.52198028564453, 499.9784851074219, 151.36141967773438], [55.83258056640625, 162.1201171875, 66.87923431396484, 172.048828125], [108.60128784179688, 111.9278793334961, 118.44889831542969, 121.04424285888672], [73.16593933105469, 110.78401947021484, 87.34083557128906, 119.87226104736328], [444.3592834472656, 115.91624450683594, 499.71881103515625, 149.01309204101562], [387.4660949707031, 80.0241470336914, 396.00274658203125, 88.9378433227539], [35.39509201049805, 87.4385757446289, 155.45895385742188, 172.9967041015625], [409.01312255859375, 114.84648895263672, 500.3212585449219, 172.56964111328125], [134.8524169921875, 1.1025141477584839, 150.5545654296875, 65.68850708007812], [32.186763763427734, 140.20504760742188, 40.83715057373047, 162.87057495117188], [132.29116821289062, 112.91539001464844, 160.07003784179688, 121.8788833618164], [35.13759231567383, 87.05351257324219, 387.7592468261719, 177.3859405517578], [409.9132995605469, 114.52198028564453, 499.9784851074219, 151.36141967773438], [131.03395080566406, 104.50267791748047, 160.8079376220703, 121.8392333984375], [32.861351013183594, -0.1858195662498474, 390.4611511230469, 178.43360900878906], [34.698158264160156, 114.18211364746094, 499.5638427734375, 177.808837890625], [453.2019348144531, 124.24539184570312, 498.54473876953125, 149.26380920410156], [387.57568359375, 75.88990783691406, 407.36920166015625, 89.2383041381836], [97.27017211914062, 102.63624572753906, 143.62640380859375, 172.9405975341797], [435.24102783203125, -0.1187993586063385, 444.32257080078125, 18.814823150634766], [32.861351013183594, -0.1858195662498474, 390.4611511230469, 178.43360900878906], [450.5384826660156, 124.36360931396484, 501.02734375, 167.4141082763672], [450.5384826660156, 124.36360931396484, 501.02734375, 167.4141082763672], [32.90483474731445, 52.385921478271484, 496.9754638671875, 179.3220977783203], [406.8669128417969, 114.42710876464844, 500.34869384765625, 183.37506103515625], [86.0631103515625, 113.95133209228516, 94.9259033203125, 120.52613830566406], [132.29116821289062, 112.91539001464844, 160.07003784179688, 121.8788833618164], [468.2264099121094, 120.22367858886719, 500.8702392578125, 168.92996215820312], [179.34304809570312, 90.89627075195312, 392.1194763183594, 178.17623901367188], [63.91914367675781, 101.40926361083984, 88.92461395263672, 119.33479309082031], [288.88897705078125, 93.27906036376953, 501.3511657714844, 178.07583618164062], [410.5648193359375, 127.03864288330078, 444.07537841796875, 166.1670379638672], [264.8244934082031, 110.81156158447266, 284.249755859375, 127.31733703613281], [397.5547790527344, 114.57671356201172, 500.3221130371094, 193.92776489257812], [480.79339599609375, 125.03203582763672, 500.1281433105469, 165.0854949951172], [408.481201171875, 114.68329620361328, 500.7999572753906, 205.9564666748047], [191.75839233398438, 142.9177703857422, 199.21334838867188, 152.3580780029297], [44.43527603149414, 87.7021713256836, 359.1585693359375, 121.91666412353516], [116.01599884033203, 152.02874755859375, 126.51197814941406, 169.5502166748047], [59.318294525146484, 151.2441864013672, 144.85777282714844, 174.8705596923828], [387.4660949707031, 80.0241470336914, 396.00274658203125, 88.9378433227539], [117.26287078857422, 114.10028839111328, 501.0317687988281, 177.18728637695312], [409.3825378417969, 115.77513885498047, 448.6351318359375, 169.13929748535156], [317.3597106933594, 114.50944519042969, 499.97845458984375, 179.34344482421875], [458.96429443359375, 138.3026123046875, 499.9986877441406, 171.29739379882812], [408.481201171875, 114.68329620361328, 500.7999572753906, 205.9564666748047], [263.7421569824219, 108.88701629638672, 290.4908752441406, 128.11395263671875], [35.13759231567383, 87.05351257324219, 387.7592468261719, 177.3859405517578], [31.944974899291992, -0.4343581199645996, 500.2429504394531, 179.51101684570312], [405.5265808105469, 114.61148834228516, 500.8387451171875, 207.0720977783203], [264.5401306152344, 109.07062530517578, 283.7322998046875, 127.36663818359375], [480.04705810546875, 147.8520050048828, 499.75537109375, 171.83604431152344], [43.66152572631836, 87.31646728515625, 293.0319519042969, 123.29621887207031], [386.8755798339844, 1.068467617034912, 500.7081604003906, 89.6253662109375], [261.27783203125, 108.04837799072266, 282.6363830566406, 127.08553314208984], [35.5233268737793, 152.0310516357422, 59.15951156616211, 171.81068420410156], [288.88897705078125, 93.27906036376953, 501.3511657714844, 178.07583618164062], [65.32508087158203, 87.57453155517578, 495.91070556640625, 176.04759216308594], [35.13759231567383, 87.05351257324219, 387.7592468261719, 177.3859405517578], [409.4600830078125, 114.667236328125, 500.0987548828125, 172.6923065185547], [31.897361755371094, 121.60340881347656, 42.578983306884766, 164.1883087158203], [480.04705810546875, 147.8520050048828, 499.75537109375, 171.83604431152344], [242.15359497070312, 109.03246307373047, 286.99749755859375, 127.37431335449219], [85.32794189453125, 102.81189727783203, 118.02680206298828, 121.37943267822266], [485.02886962890625, 148.1343994140625, 499.6905212402344, 165.27423095703125], [444.3592834472656, 115.91624450683594, 499.71881103515625, 149.01309204101562], [108.45355224609375, 106.0003890991211, 115.93572235107422, 117.20654296875], [404.8675231933594, 63.31512451171875, 501.2696838378906, 176.3639678955078], [190.03125, 90.4464111328125, 501.52069091796875, 178.2026824951172], [409.9132995605469, 114.52198028564453, 499.9784851074219, 151.36141967773438], [34.895023345947266, 98.58883666992188, 142.99436950683594, 173.20005798339844], [205.5860595703125, 144.70553588867188, 209.6174774169922, 150.1578826904297], [285.1788330078125, 114.4233627319336, 499.4752502441406, 179.69906616210938], [115.74979400634766, 111.47017669677734, 143.1121368408203, 121.21575927734375], [405.5265808105469, 114.61148834228516, 500.8387451171875, 207.0720977783203], [429.08416748046875, 63.3369255065918, 440.7276611328125, 87.39881896972656], [409.3825378417969, 115.77513885498047, 448.6351318359375, 169.13929748535156], [122.90444946289062, 153.43511962890625, 138.2003173828125, 165.49453735351562], [453.2019348144531, 124.24539184570312, 498.54473876953125, 149.26380920410156], [99.79426574707031, 114.04331970214844, 111.97440338134766, 121.51873016357422], [458.96429443359375, 138.3026123046875, 499.9986877441406, 171.29739379882812], [98.62316131591797, 103.3974609375, 115.94207000732422, 121.14125061035156], [27.693918228149414, 139.91929626464844, 38.61492919921875, 152.3575439453125], [98.12974548339844, 112.11003112792969, 108.34666442871094, 121.19966888427734], [35.39509201049805, 87.4385757446289, 155.45895385742188, 172.9967041015625], [409.01312255859375, 114.84648895263672, 500.3212585449219, 172.56964111328125], [488.4725646972656, 66.17816162109375, 499.9799499511719, 81.76824188232422], [262.8696594238281, 131.31568908691406, 279.5327453613281, 140.28382873535156], [317.3597106933594, 114.50944519042969, 499.97845458984375, 179.34344482421875], [329.50634765625, 93.23248291015625, 501.3747863769531, 178.77769470214844], [33.013851165771484, 86.18989562988281, 499.7477722167969, 179.55709838867188], [28.276092529296875, 140.00332641601562, 39.96426773071289, 162.7117462158203], [287.4773864746094, 91.9612808227539, 501.485107421875, 178.5049591064453], [262.8696594238281, 131.31568908691406, 279.5327453613281, 140.28382873535156], [409.4600830078125, 114.667236328125, 500.0987548828125, 172.6923065185547], [285.1788330078125, 114.4233627319336, 499.4752502441406, 179.69906616210938], [180.08154296875, 73.41328430175781, 191.29881286621094, 87.44708251953125], [65.32508087158203, 87.57453155517578, 495.91070556640625, 176.04759216308594], [264.8244934082031, 110.81156158447266, 284.249755859375, 127.31733703613281], [34.79153060913086, 87.52562713623047, 263.3287658691406, 173.13058471679688], [109.45662689208984, 103.63224029541016, 152.62088012695312, 121.40534210205078], [32.186763763427734, 140.20504760742188, 40.83715057373047, 162.87057495117188], [33.013851165771484, 86.18989562988281, 499.7477722167969, 179.55709838867188], [453.2019348144531, 124.24539184570312, 498.54473876953125, 149.26380920410156], [404.8675231933594, 63.31512451171875, 501.2696838378906, 176.3639678955078], [33.96467208862305, 118.53429412841797, 144.9374542236328, 174.1996307373047], [89.14144897460938, 113.66152954101562, 99.66283416748047, 120.32970428466797], [101.03555297851562, 116.29205322265625, 111.34748077392578, 121.39264678955078], [409.3825378417969, 115.77513885498047, 448.6351318359375, 169.13929748535156], [33.013851165771484, 86.18989562988281, 499.7477722167969, 179.55709838867188], [33.013851165771484, 86.18989562988281, 499.7477722167969, 179.55709838867188], [397.5547790527344, 114.57671356201172, 500.3221130371094, 193.92776489257812], [132.29116821289062, 112.91539001464844, 160.07003784179688, 121.8788833618164], [262.8696594238281, 131.31568908691406, 279.5327453613281, 140.28382873535156], [28.276092529296875, 140.00332641601562, 39.96426773071289, 162.7117462158203], [125.34278869628906, 89.20642852783203, 468.75201416015625, 176.66937255859375], [88.57948303222656, 114.33946228027344, 99.39632415771484, 120.41217803955078], [98.62316131591797, 103.3974609375, 115.94207000732422, 121.14125061035156], [93.38468170166016, 48.89239501953125, 107.34920501708984, 66.40496826171875], [34.03492736816406, 118.02362060546875, 145.58108520507812, 174.07122802734375], [73.75205993652344, 112.81605529785156, 85.51363372802734, 120.0719985961914], [98.62316131591797, 103.3974609375, 115.94207000732422, 121.14125061035156], [410.61676025390625, 121.58821105957031, 429.4833679199219, 161.59910583496094], [36.87271499633789, 87.07192993164062, 500.0344543457031, 176.61134338378906], [406.8669128417969, 114.42710876464844, 500.34869384765625, 183.37506103515625], [485.02886962890625, 148.1343994140625, 499.6905212402344, 165.27423095703125], [33.013851165771484, 86.18989562988281, 499.7477722167969, 179.55709838867188], [124.3592529296875, 153.7235565185547, 139.20855712890625, 165.86203002929688], [34.698158264160156, 114.18211364746094, 499.5638427734375, 177.808837890625], [134.8524169921875, 1.1025141477584839, 150.5545654296875, 65.68850708007812], [35.25282287597656, 151.43502807617188, 64.08806610107422, 171.77857971191406], [35.13759231567383, 87.05351257324219, 387.7592468261719, 177.3859405517578], [28.276092529296875, 140.00332641601562, 39.96426773071289, 162.7117462158203], [108.63361358642578, 113.4140396118164, 118.94900512695312, 121.04521942138672], [488.1902770996094, 74.13790130615234, 498.8656311035156, 81.96366882324219], [409.4600830078125, 114.667236328125, 500.0987548828125, 172.6923065185547], [490.6529235839844, 130.36737060546875, 500.31475830078125, 165.10694885253906], [409.4600830078125, 114.667236328125, 500.0987548828125, 172.6923065185547], [89.14144897460938, 113.66152954101562, 99.66283416748047, 120.32970428466797], [33.37669372558594, 119.82440948486328, 294.779541015625, 176.15093994140625], [487.83685302734375, 67.17141723632812, 499.86859130859375, 82.37130737304688]), Score: [0.9183096289634705, 0.5749122500419617, 0.4856473505496979, 0.2814468443393707, 0.24100932478904724, 0.16896766424179077, 0.16459541022777557, 0.14194664359092712, 0.13971038162708282, 0.13207687437534332, 0.10821621865034103, 0.09740746021270752, 0.09296742081642151, 0.08787819743156433, 0.08665481954813004, 0.08106085658073425, 0.07947216928005219, 0.07635767757892609, 0.0742068812251091, 0.06265734136104584, 0.060951270163059235, 0.05867445468902588, 0.055299852043390274, 0.05525672435760498, 0.05460058152675629, 0.053774185478687286, 0.05371827632188797, 0.053577572107315063, 0.05249280482530594, 0.0520772747695446, 0.051201626658439636, 0.05063658952713013, 0.05048639327287674, 0.05010029673576355, 0.0483480803668499, 0.04795866087079048, 0.047882936894893646, 0.04620570316910744, 0.04618549719452858, 0.04589444026350975, 0.04462214559316635, 0.04436745122075081, 0.04342246055603027, 0.04323751851916313, 0.04308987408876419, 0.04275253415107727, 0.042484816163778305, 0.04219639301300049, 0.042002495378255844, 0.04133651778101921, 0.04075649380683899, 0.04049328342080116, 0.04015212506055832, 0.03915397822856903, 0.03878706321120262, 0.03871263936161995, 0.03865860030055046, 0.03708844259381294, 0.03701144456863403, 0.03693500906229019, 0.03629763051867485, 0.0362810418009758, 0.036260608583688736, 0.0359184704720974, 0.0355382114648819, 0.035249557346105576, 0.03519050404429436, 0.03494721278548241, 0.03487950563430786, 0.0348283052444458, 0.03476715087890625, 0.03425251692533493, 0.03388899192214012, 0.033849697560071945, 0.03374357894062996, 0.0328788235783577, 0.032710000872612, 0.032356228679418564, 0.03230676054954529, 0.03220823407173157, 0.03202127292752266, 0.03175107389688492, 0.03136177361011505, 0.030921513214707375, 0.030900241807103157, 0.0299810953438282, 0.029959512874484062, 0.02957211248576641, 0.029524214565753937, 0.029523735865950584, 0.02946643717586994, 0.02912520244717598, 0.02897963672876358, 0.028968555852770805, 0.028915954753756523, 0.028532806783914566, 0.028492631390690804, 0.02824941650032997, 0.028126971796154976, 0.027844512835144997, 0.02764412946999073, 0.027635518461465836, 0.027392642572522163, 0.027341404929757118, 0.027283821254968643, 0.027265161275863647, 0.027262208983302116, 0.026966052129864693, 0.02690485678613186, 0.02669145166873932, 0.026451949030160904, 0.026329314336180687, 0.02629568800330162, 0.026255683973431587, 0.026176663115620613, 0.026163259521126747, 0.026105448603630066, 0.026051349937915802, 0.02602088265120983, 0.025999225676059723, 0.025686388835310936, 0.02557964436709881, 0.02553771249949932, 0.025516871362924576, 0.025506267324090004, 0.025481555610895157, 0.025255350396037102, 0.025231480598449707, 0.024905385449528694, 0.024848008528351784, 0.02456819638609886, 0.024533046409487724, 0.02453167922794819, 0.024459905922412872, 0.02434108592569828, 0.024288784712553024, 0.024223869666457176, 0.02397807687520981, 0.023928657174110413, 0.023734023794531822, 0.023695174604654312, 0.023679889738559723, 0.023535940796136856, 0.02339070290327072, 0.02331995964050293, 0.023319125175476074, 0.023316554725170135, 0.023275690153241158, 0.023131361231207848, 0.02310531586408615, 0.02300172671675682, 0.0229409821331501, 0.022903645411133766, 0.02286376990377903, 0.022801637649536133, 0.02273060381412506, 0.022717062383890152, 0.022604918107390404, 0.022558089345693588, 0.02242540381848812, 0.022352207452058792, 0.02233078144490719, 0.02208460494875908, 0.02188579924404621, 0.021759644150733948, 0.02157609537243843, 0.021497059613466263, 0.021492548286914825, 0.021422741934657097, 0.021415716037154198, 0.021276403218507767, 0.02116674929857254, 0.021127820014953613, 0.021123994141817093, 0.021068911999464035, 0.021036984398961067, 0.021032461896538734, 0.020836852490901947, 0.020830443128943443, 0.020818347111344337, 0.020808978006243706, 0.02077653259038925, 0.02074049413204193, 0.020613132044672966, 0.020603787153959274, 0.020570244640111923, 0.020540621131658554, 0.020538663491606712, 0.020474158227443695, 0.020441416651010513, 0.020305315032601357, 0.020112209022045135, 0.020048312842845917, 0.019843757152557373, 0.01982293464243412, 0.01964852213859558, 0.019630733877420425, 0.01950693689286709, 0.01943964697420597, 0.01941104605793953, 0.019356243312358856, 0.01933734491467476, 0.019329162314534187, 0.01931528002023697, 0.019267650321125984, 0.01911803148686886, 0.019114790484309196, 0.018964840099215508, 0.018939252942800522, 0.018835673108696938, 0.018641335889697075, 0.018638864159584045, 0.018576642498373985, 0.018512466922402382, 0.01846851408481598, 0.018431739881634712, 0.018333550542593002, 0.01826220564544201, 0.01823342964053154, 0.01811402291059494, 0.018093422055244446, 0.018068909645080566, 0.01806676760315895, 0.01804790459573269, 0.018028592690825462, 0.0179536622017622, 0.017862936481833458, 0.017799777910113335, 0.01779024489223957, 0.017695117741823196, 0.0176350437104702, 0.017617877572774887, 0.017588257789611816, 0.017570611089468002, 0.017533788457512856, 0.01753203198313713, 0.017474358901381493, 0.017369894310832024, 0.01733032613992691, 0.01732763834297657, 0.017321249470114708, 0.017282981425523758, 0.017211712896823883, 0.01718699187040329, 0.017167646437883377, 0.017073165625333786, 0.016984162852168083, 0.016948089003562927, 0.016888434067368507, 0.01669284887611866, 0.016611488536000252, 0.016610320657491684, 0.01654862053692341, 0.01651054434478283, 0.01649978570640087, 0.016486002132296562, 0.0163725558668375, 0.016330458223819733, 0.016259092837572098, 0.016125842928886414, 0.016044383868575096, 0.01602228917181492, 0.01601674221456051, 0.015977973118424416, 0.0159489493817091, 0.015935730189085007, 0.01592167839407921, 0.015822838991880417, 0.01580849103629589, 0.015802528709173203, 0.015757020562887192, 0.0157492496073246, 0.015731992200016975, 0.015725312754511833, 0.015702949836850166, 0.015695028007030487, 0.015596579760313034, 0.015535637736320496, 0.015483921393752098, 0.01547231711447239, 0.015468694269657135, 0.015455200336873531, 0.015419288538396358, 0.015407695434987545, 0.015392763540148735, 0.015312688425183296, 0.015301181003451347, 0.015287191607058048, 0.015287120826542377, 0.01526732835918665, 0.015229172073304653, 0.015214333310723305, 0.015199323184788227, 0.015144405886530876, 0.015095297247171402, 0.015077011659741402, 0.015060012228786945, 0.015023615211248398, 0.015018085017800331, 0.014984672889113426]

Execution time: 0.4069 sec
