Label: tensor([19, 19, 19, 19, 19, 19, 19, 19, 19, 19, 19, 19, 19, 19, 19, 19, 19, 19,
        19, 19, 19, 19, 19, 19, 19, 19, 19, 19, 19, 19, 19, 19, 19, 19, 19, 19,
        19, 19, 19, 19, 19, 19, 19, 19, 19, 19, 19, 19, 19, 19, 19, 19, 19, 18,
        19, 19, 19, 19, 17, 19, 18, 19, 19, 18, 19, 19, 19, 19, 18, 19, 19, 18,
        19, 19, 19, 19, 19, 19, 19, 18, 19, 19, 18, 19, 19, 19, 18, 18, 19, 18,
        18, 19, 19, 19, 18, 19, 19, 18, 19, 19,  7, 19, 19, 17, 18, 19, 17, 19,
        17, 19, 19, 19, 19, 18, 17, 19, 19, 14, 18, 18, 19, 19, 19, 17,  0, 18,
        18, 19, 17, 19, 18, 19, 19, 19, 19, 19, 19, 17, 19, 19, 17, 17, 19, 18,
        19, 19, 17, 17, 19, 19, 19, 18, 19, 19, 19, 19, 19, 19, 19, 14, 19, 17,
        19, 14, 19, 19,  2, 17, 18, 19, 17, 19,  0,  2, 19, 17, 17, 19, 19, 19,
        14,  2,  0, 19, 17, 19, 19, 17, 16,  2, 22, 17, 14,  0,  2,  2, 18, 19,
        19, 19, 17,  0,  0, 14,  0,  2, 19, 19, 19, 19, 19,  0, 19, 22, 22, 19,
        19, 19, 19,  0, 17,  0, 18, 18, 18, 18, 14, 16, 17, 22, 19, 19, 16, 14,
        19, 40, 19, 19, 19, 17,  2, 14, 18, 17, 17, 22, 14, 18, 19, 19, 18, 19,
         2, 19,  2, 17, 19, 19, 19, 16, 17, 17,  2, 19, 35, 17, 19, 22, 19, 16,
        19, 17, 65, 18,  7,  0, 18, 18,  0, 19,  3, 19, 14, 19, 23, 19, 14, 14,
        14, 47, 19, 19,  0,  0,  0,  0, 14, 19, 22, 19]), Box: ([16.663328170776367, 93.79175567626953, 288.6175537109375, 330.3047790527344], [262.5196533203125, 148.23768615722656, 465.5982360839844, 250.3279266357422], [320.7649230957031, 94.65013885498047, 344.51422119140625, 102.09378051757812], [264.91357421875, 93.96431732177734, 294.85968017578125, 101.486328125], [455.3797302246094, 93.5293197631836, 475.43310546875, 102.71572875976562], [425.10888671875, 92.10490417480469, 445.712646484375, 100.46561431884766], [353.3064270019531, 92.93132781982422, 371.07562255859375, 100.7518539428711], [481.63287353515625, 86.27030181884766, 499.8432312011719, 97.58943939208984], [382.6580810546875, 91.39009857177734, 400.4366760253906, 100.26817321777344], [412.099609375, 87.9137191772461, 429.05743408203125, 101.36597442626953], [411.0873718261719, 92.91565704345703, 421.8932800292969, 101.3241195678711], [370.9476318359375, 92.3641128540039, 382.018310546875, 101.03388214111328], [391.9595947265625, 92.12548065185547, 400.59649658203125, 99.67005157470703], [377.3972473144531, 92.98841094970703, 388.6269836425781, 100.62503814697266], [381.0422058105469, 93.09728240966797, 390.7238464355469, 100.47257995605469], [381.9913330078125, 92.15785217285156, 392.3959655761719, 100.28934478759766], [423.5987854003906, 94.40608215332031, 435.4517822265625, 101.1672592163086], [469.0665588378906, 89.16055297851562, 485.8570556640625, 96.9824447631836], [371.7571105957031, 94.55880737304688, 381.45574951171875, 101.15784454345703], [262.5365905761719, 181.87278747558594, 330.17919921875, 246.163818359375], [416.9502868652344, 87.21424865722656, 428.7497863769531, 95.22219848632812], [470.17529296875, 90.97972869873047, 486.13079833984375, 97.6962890625], [82.64579010009766, 61.1345100402832, 95.05606842041016, 66.56974792480469], [417.69970703125, 87.22737121582031, 428.7476501464844, 99.14108276367188], [331.7049255371094, 95.15099334716797, 344.3571472167969, 101.43791198730469], [320.5234375, 94.8468246459961, 327.58843994140625, 100.05397033691406], [361.25970458984375, 93.70886993408203, 372.06512451171875, 100.59048461914062], [455.5762634277344, 94.26019287109375, 467.67034912109375, 102.46077728271484], [493.3424987792969, 85.88683319091797, 500.1161193847656, 97.35282135009766], [262.3913269042969, 180.2161102294922, 369.05206298828125, 248.07589721679688], [262.8839111328125, 126.22648620605469, 275.8215637207031, 136.79197692871094], [466.33209228515625, 94.0211181640625, 475.3683166503906, 102.17919158935547], [321.2079772949219, 94.78518676757812, 344.173095703125, 102.00788116455078], [-0.37301892042160034, 262.7159729003906, 52.448829650878906, 312.35528564453125], [458.1986999511719, 88.81696319580078, 486.6019287109375, 98.37820434570312], [377.0103759765625, 92.74481964111328, 387.0877380371094, 100.5638198852539], [262.6016540527344, 182.7068634033203, 443.68670654296875, 248.00685119628906], [372.61920166015625, 91.09668731689453, 380.2956237792969, 96.02006530761719], [353.2315979003906, 93.2628173828125, 360.8502197265625, 100.34004974365234], [67.28907775878906, 97.40648651123047, 278.8111267089844, 238.88392639160156], [418.9435119628906, 87.4863052368164, 428.9169921875, 100.8405990600586], [455.5709533691406, 93.82746887207031, 474.6550598144531, 102.61503601074219], [482.0392150878906, 86.59512329101562, 499.74859619140625, 97.46929931640625], [353.3175964355469, 93.1009292602539, 367.437744140625, 100.6529541015625], [435.2255859375, 91.23937225341797, 463.6327209472656, 100.65129089355469], [365.1983337402344, 92.7401351928711, 375.2693786621094, 100.56838989257812], [322.76300048828125, 148.89971923828125, 465.3096008300781, 247.52330017089844], [262.95391845703125, 177.491455078125, 373.1805419921875, 247.0082550048828], [280.2604064941406, 94.39301300048828, 294.60748291015625, 101.24227905273438], [411.3702697753906, 90.5908432006836, 445.8602600097656, 101.39903259277344], [335.5610656738281, 95.767578125, 344.3270568847656, 101.26121520996094], [477.09014892578125, 90.68159484863281, 485.9129943847656, 97.18050384521484], [277.39910888671875, 93.99126434326172, 294.7731628417969, 101.20919799804688], [455.5709533691406, 93.82746887207031, 474.6550598144531, 102.61503601074219], [84.85901641845703, 271.7396240234375, 168.28477478027344, 318.6546936035156], [286.1781005859375, 95.78565979003906, 294.7442626953125, 101.16932678222656], [437.3222351074219, 91.91641998291016, 445.7320861816406, 99.75184631347656], [419.01123046875, 94.1781997680664, 427.4649658203125, 101.3823471069336], [412.099609375, 87.9137191772461, 429.05743408203125, 101.36597442626953], [17.664447784423828, 96.51202392578125, 286.8968200683594, 240.3685302734375], [382.6580810546875, 91.39009857177734, 400.4366760253906, 100.26817321777344], [-0.3805719316005707, 262.37176513671875, 51.8046989440918, 301.46630859375], [423.6502990722656, 92.2088623046875, 445.2569885253906, 100.90864562988281], [391.9595947265625, 92.12548065185547, 400.59649658203125, 99.67005157470703], [482.8386535644531, 90.39886474609375, 499.5689697265625, 97.72884368896484], [-1.6525909900665283, 262.3948974609375, 167.7099151611328, 319.6296691894531], [17.100908279418945, 100.2877197265625, 117.25581359863281, 163.48867797851562], [85.13558197021484, 271.6352233886719, 164.26608276367188, 311.5394287109375], [411.0873718261719, 92.91565704345703, 421.8932800292969, 101.3241195678711], [320.8446044921875, 94.88452911376953, 331.1625671386719, 100.81348419189453], [262.3480529785156, 183.98419189453125, 337.6684265136719, 262.81280517578125], [370.9476318359375, 92.3641128540039, 382.018310546875, 101.03388214111328], [431.47344970703125, 92.07487487792969, 445.6451110839844, 98.62422943115234], [75.01799011230469, 97.95942687988281, 255.44773864746094, 239.14280700683594], [414.0985107421875, 95.48199462890625, 429.0810852050781, 101.5335693359375], [263.48992919921875, 149.49932861328125, 464.5843200683594, 248.8832244873047], [455.5382080078125, 92.45873260498047, 465.51727294921875, 102.00614929199219], [17.427600860595703, 99.65957641601562, 187.40438842773438, 318.0960388183594], [416.14471435546875, 88.25526428222656, 428.86370849609375, 101.26475524902344], [321.2079772949219, 94.78518676757812, 344.173095703125, 102.00788116455078], [17.243654251098633, 100.17467498779297, 116.7996826171875, 148.7534942626953], [18.784820556640625, 96.04104614257812, 286.9706115722656, 327.07684326171875], [353.3064270019531, 92.93132781982422, 371.07562255859375, 100.7518539428711], [17.19420051574707, 100.47164154052734, 117.36625671386719, 320.01593017578125], [378.05743408203125, 92.63306427001953, 391.1402893066406, 100.88626098632812], [191.22775268554688, 93.94110870361328, 288.4155578613281, 240.19032287597656], [455.3797302246094, 93.5293197631836, 475.43310546875, 102.71572875976562], [482.0392150878906, 86.59512329101562, 499.74859619140625, 97.46929931640625], [90.38751220703125, 96.67327117919922, 287.4005126953125, 243.56069946289062], [455.5762634277344, 94.26019287109375, 467.67034912109375, 102.46077728271484], [412.099609375, 87.9137191772461, 429.05743408203125, 101.36597442626953], [326.0064392089844, 97.11663818359375, 336.26239013671875, 101.88006591796875], [102.48234558105469, 95.65690612792969, 288.0272521972656, 240.42864990234375], [1.5683155059814453, 30.102275848388672, 19.184221267700195, 44.82380294799805], [353.3175964355469, 93.1009292602539, 367.437744140625, 100.6529541015625], [361.0852355957031, 92.99071502685547, 369.5365905761719, 99.29012298583984], [150.92605590820312, 94.18525695800781, 288.161865234375, 239.9476318359375], [381.9913330078125, 92.15785217285156, 392.3959655761719, 100.28934478759766], [321.9543762207031, 180.43739318847656, 371.8838195800781, 246.89599609375], [370.0743713378906, 91.16533660888672, 400.5909729003906, 101.19082641601562], [97.44127655029297, 43.80839157104492, 157.3294677734375, 59.89888381958008], [18.076122283935547, 91.52088165283203, 468.02545166015625, 142.2999267578125], [456.1910400390625, 91.19175720214844, 463.0230407714844, 96.9831314086914], [482.0392150878906, 86.59512329101562, 499.74859619140625, 97.46929931640625], [377.3972473144531, 92.98841094970703, 388.6269836425781, 100.62503814697266], [101.05899047851562, 43.930686950683594, 129.7744140625, 56.306480407714844], [382.6580810546875, 91.39009857177734, 400.4366760253906, 100.26817321777344], [39.38602828979492, 32.22723388671875, 56.85721206665039, 46.246055603027344], [321.2079772949219, 94.78518676757812, 344.173095703125, 102.00788116455078], [481.3450622558594, 88.87317657470703, 489.1040954589844, 96.87007904052734], [17.306163787841797, 98.483642578125, 170.30357360839844, 151.71449279785156], [17.702966690063477, 98.70942687988281, 218.20956420898438, 172.44900512695312], [412.1097106933594, 88.07852935791016, 428.57183837890625, 101.37548828125], [425.10888671875, 92.10490417480469, 445.712646484375, 100.46561431884766], [455.5709533691406, 93.82746887207031, 474.6550598144531, 102.61503601074219], [325.4246826171875, 183.56179809570312, 446.88372802734375, 246.89297485351562], [363.6861877441406, 94.18446350097656, 376.0527648925781, 101.19046020507812], [277.4798278808594, 246.1559295654297, 288.3230895996094, 266.5476379394531], [381.0422058105469, 93.09728240966797, 390.7238464355469, 100.47257995605469], [82.64579010009766, 61.1345100402832, 95.05606842041016, 66.56974792480469], [20.229175567626953, 96.4347152709961, 286.7008361816406, 324.5365295410156], [387.85760498046875, 93.31991577148438, 394.60772705078125, 99.92436981201172], [16.716203689575195, 98.9232177734375, 167.5941925048828, 187.37156677246094], [416.14471435546875, 88.25526428222656, 428.86370849609375, 101.26475524902344], [412.099609375, 87.9137191772461, 429.05743408203125, 101.36597442626953], [423.6502990722656, 92.2088623046875, 445.2569885253906, 100.90864562988281], [423.5987854003906, 94.40608215332031, 435.4517822265625, 101.1672592163086], [193.89915466308594, 93.7007827758789, 288.31060791015625, 183.579345703125], [481.63287353515625, 86.27030181884766, 499.8432312011719, 97.58943939208984], [437.8217468261719, 91.81742858886719, 445.836181640625, 98.7188949584961], [481.63287353515625, 86.27030181884766, 499.8432312011719, 97.58943939208984], [8.958026885986328, 78.657470703125, 501.8896484375, 325.5141906738281], [8.835497856140137, 33.373023986816406, 19.77935218811035, 44.990509033203125], [163.2635040283203, 93.84371948242188, 465.48419189453125, 247.5825958251953], [15.270709991455078, 94.41679382324219, 469.5688171386719, 326.8468017578125], [97.44127655029297, 43.80839157104492, 157.3294677734375, 59.89888381958008], [481.5869445800781, 276.5186767578125, 499.7652282714844, 288.40960693359375], [411.0873718261719, 92.91565704345703, 421.8932800292969, 101.3241195678711], [12.599751472473145, 71.37393951416016, 499.8869934082031, 329.34088134765625], [17.36884117126465, 100.77616119384766, 117.79205322265625, 212.06402587890625], [425.10888671875, 92.10490417480469, 445.712646484375, 100.46561431884766], [412.1097106933594, 88.07852935791016, 428.57183837890625, 101.37548828125], [322.6864929199219, 179.2581329345703, 433.1103515625, 246.0458526611328], [371.7571105957031, 94.55880737304688, 381.45574951171875, 101.15784454345703], [231.45458984375, 161.9228973388672, 254.58041381835938, 178.37657165527344], [86.53226470947266, 270.99578857421875, 175.51708984375, 322.94091796875], [353.3175964355469, 93.1009292602539, 367.437744140625, 100.6529541015625], [417.69970703125, 87.22737121582031, 428.7476501464844, 99.14108276367188], [220.2941436767578, 93.71866607666016, 287.7850341796875, 136.609130859375], [18.353193283081055, 96.30909729003906, 286.7976989746094, 241.12937927246094], [11.12312126159668, 68.1769027709961, 499.6358642578125, 329.6172180175781], [412.1097106933594, 88.07852935791016, 428.57183837890625, 101.37548828125], [425.24664306640625, 95.35154724121094, 435.44024658203125, 101.28410339355469], [17.125877380371094, 29.8236026763916, 35.43696594238281, 43.588871002197266], [409.81414794921875, 95.2483901977539, 423.1705322265625, 101.9928970336914], [36.89546203613281, 266.32708740234375, 165.39251708984375, 321.59503173828125], [384.6028747558594, 148.7375946044922, 465.99188232421875, 241.80348205566406], [16.543224334716797, 100.0718994140625, 164.69406127929688, 208.9308319091797], [1.3981759548187256, 94.74234771728516, 501.2239074707031, 330.57611083984375], [481.63287353515625, 86.27030181884766, 499.8432312011719, 97.58943939208984], [17.73284339904785, 96.44363403320312, 286.671875, 200.33738708496094], [353.3064270019531, 92.93132781982422, 371.07562255859375, 100.7518539428711], [19.293502807617188, 134.37203979492188, 463.12982177734375, 258.56988525390625], [455.5709533691406, 93.82746887207031, 474.6550598144531, 102.61503601074219], [322.8335266113281, 95.27103424072266, 331.8138732910156, 101.38446044921875], [335.1124572753906, 96.18728637695312, 344.5554504394531, 101.4638442993164], [455.3797302246094, 93.5293197631836, 475.43310546875, 102.71572875976562], [423.6502990722656, 92.2088623046875, 445.2569885253906, 100.90864562988281], [264.91357421875, 93.96431732177734, 294.85968017578125, 101.486328125], [137.14935302734375, 93.1625747680664, 289.2522277832031, 317.1585388183594], [381.9913330078125, 92.15785217285156, 392.3959655761719, 100.28934478759766], [180.2728729248047, 91.1374282836914, 480.0356140136719, 105.0312728881836], [391.9595947265625, 92.12548065185547, 400.59649658203125, 99.67005157470703], [264.91357421875, 93.96431732177734, 294.85968017578125, 101.486328125], [320.4840393066406, 167.3606719970703, 407.4002990722656, 197.60853576660156], [370.9476318359375, 92.3641128540039, 382.018310546875, 101.03388214111328], [82.64579010009766, 61.1345100402832, 95.05606842041016, 66.56974792480469], [129.07199096679688, 47.340457916259766, 150.9578399658203, 58.11705017089844], [157.19337463378906, 94.29951477050781, 287.78546142578125, 158.9763641357422], [125.69319915771484, 47.86286163330078, 150.2396240234375, 59.994571685791016], [455.3797302246094, 93.5293197631836, 475.43310546875, 102.71572875976562], [425.10888671875, 92.10490417480469, 445.712646484375, 100.46561431884766], [411.0873718261719, 92.91565704345703, 421.8932800292969, 101.3241195678711], [205.0810089111328, 186.87158203125, 241.8689422607422, 240.0740966796875], [381.0422058105469, 93.09728240966797, 390.7238464355469, 100.47257995605469], [-0.47282129526138306, 256.2840576171875, 64.19010162353516, 327.6971130371094], [125.71463012695312, 48.01683807373047, 138.1617431640625, 56.8414421081543], [391.9595947265625, 92.12548065185547, 400.59649658203125, 99.67005157470703], [455.3797302246094, 93.5293197631836, 475.43310546875, 102.71572875976562], [320.7649230957031, 94.65013885498047, 344.51422119140625, 102.09378051757812], [353.3064270019531, 92.93132781982422, 371.07562255859375, 100.7518539428711], [264.91357421875, 93.96431732177734, 294.85968017578125, 101.486328125], [455.5762634277344, 94.26019287109375, 467.67034912109375, 102.46077728271484], [381.9913330078125, 92.15785217285156, 392.3959655761719, 100.28934478759766], [382.6580810546875, 91.39009857177734, 400.4366760253906, 100.26817321777344], [82.64579010009766, 61.1345100402832, 95.05606842041016, 66.56974792480469], [262.8839111328125, 126.22648620605469, 275.8215637207031, 136.79197692871094], [17.030336380004883, 99.00411224365234, 147.49896240234375, 247.71847534179688], [134.79254150390625, 48.6540641784668, 158.13726806640625, 59.63347625732422], [410.0050964355469, 93.43878173828125, 416.76300048828125, 100.40276336669922], [320.7649230957031, 94.65013885498047, 344.51422119140625, 102.09378051757812], [370.9476318359375, 92.3641128540039, 382.018310546875, 101.03388214111328], [455.3797302246094, 93.5293197631836, 475.43310546875, 102.71572875976562], [425.10888671875, 92.10490417480469, 445.712646484375, 100.46561431884766], [382.6580810546875, 91.39009857177734, 400.4366760253906, 100.26817321777344], [353.3064270019531, 92.93132781982422, 371.07562255859375, 100.7518539428711], [-0.3420841097831726, 262.2230529785156, 43.26527404785156, 288.28509521484375], [262.49884033203125, 213.34947204589844, 285.8269958496094, 241.94589233398438], [68.37920379638672, 96.3485336303711, 264.19580078125, 165.04403686523438], [196.10336303710938, 93.4599380493164, 287.5704040527344, 137.5745086669922], [64.46049499511719, 100.35783386230469, 115.80546569824219, 111.33600616455078], [481.63287353515625, 86.27030181884766, 499.8432312011719, 97.58943939208984], [18.191926956176758, 95.44432830810547, 239.2815704345703, 150.5296630859375], [320.7649230957031, 94.65013885498047, 344.51422119140625, 102.09378051757812], [412.099609375, 87.9137191772461, 429.05743408203125, 101.36597442626953], [403.1112976074219, 148.7219696044922, 466.19537353515625, 228.39224243164062], [134.31202697753906, 279.45147705078125, 164.28662109375, 313.25823974609375], [3.2698960304260254, 96.5318832397461, 500.96868896484375, 329.8320617675781], [156.26913452148438, 94.01148986816406, 288.3379821777344, 181.90310668945312], [493.3424987792969, 85.88683319091797, 500.1161193847656, 97.35282135009766], [377.3972473144531, 92.98841094970703, 388.6269836425781, 100.62503814697266], [417.69970703125, 87.22737121582031, 428.7476501464844, 99.14108276367188], [372.61920166015625, 91.09668731689453, 380.2956237792969, 96.02006530761719], [320.7649230957031, 94.65013885498047, 344.51422119140625, 102.09378051757812], [353.2315979003906, 93.2628173828125, 360.8502197265625, 100.34004974365234], [361.25970458984375, 93.70886993408203, 372.06512451171875, 100.59048461914062], [262.8839111328125, 126.22648620605469, 275.8215637207031, 136.79197692871094], [425.10888671875, 92.10490417480469, 445.712646484375, 100.46561431884766], [455.5762634277344, 94.26019287109375, 467.67034912109375, 102.46077728271484], [382.6580810546875, 91.39009857177734, 400.4366760253906, 100.26817321777344], [17.970413208007812, 97.6726303100586, 216.8732147216797, 140.89695739746094], [2.317026138305664, 95.72054290771484, 500.45770263671875, 329.92242431640625], [481.63287353515625, 86.27030181884766, 499.8432312011719, 97.58943939208984], [321.2079772949219, 94.78518676757812, 344.173095703125, 102.00788116455078], [0.4199892282485962, 262.3105773925781, 85.42485809326172, 317.7854919433594], [16.663328170776367, 93.79175567626953, 288.6175537109375, 330.3047790527344], [193.19622802734375, 101.66439056396484, 249.69068908691406, 232.62661743164062], [356.38818359375, 94.28458404541016, 365.0893249511719, 100.40746307373047], [265.1683654785156, 94.6799087524414, 294.20281982421875, 101.42671966552734], [371.7571105957031, 94.55880737304688, 381.45574951171875, 101.15784454345703], [391.9595947265625, 92.12548065185547, 400.59649658203125, 99.67005157470703], [411.0873718261719, 92.91565704345703, 421.8932800292969, 101.3241195678711], [416.14471435546875, 88.25526428222656, 428.86370849609375, 101.26475524902344], [16.663328170776367, 93.79175567626953, 288.6175537109375, 330.3047790527344], [418.9435119628906, 87.4863052368164, 428.9169921875, 100.8405990600586], [370.9476318359375, 92.3641128540039, 382.018310546875, 101.03388214111328], [264.91357421875, 93.96431732177734, 294.85968017578125, 101.486328125], [455.5382080078125, 92.45873260498047, 465.51727294921875, 102.00614929199219], [158.56625366210938, 93.40283966064453, 288.424072265625, 191.62294006347656], [262.1499328613281, 93.62603759765625, 469.7843322753906, 250.82594299316406], [377.0103759765625, 92.74481964111328, 387.0877380371094, 100.5638198852539], [145.6459197998047, 144.6443328857422, 461.71783447265625, 250.49073791503906], [455.5709533691406, 93.82746887207031, 474.6550598144531, 102.61503601074219], [18.41773796081543, 100.69742584228516, 182.6522979736328, 315.3473205566406], [97.44127655029297, 43.80839157104492, 157.3294677734375, 59.89888381958008], [469.0665588378906, 89.16055297851562, 485.8570556640625, 96.9824447631836], [28.912158966064453, 29.9843807220459, 48.77231216430664, 42.75651168823242], [91.20372772216797, 97.1864242553711, 287.36968994140625, 173.03419494628906], [193.5862579345703, 101.55730438232422, 241.07077026367188, 192.73023986816406], [264.91357421875, 93.96431732177734, 294.85968017578125, 101.486328125], [493.3424987792969, 85.88683319091797, 500.1161193847656, 97.35282135009766], [423.5987854003906, 94.40608215332031, 435.4517822265625, 101.1672592163086], [481.63287353515625, 86.27030181884766, 499.8432312011719, 97.58943939208984], [19.182905197143555, 98.80207824707031, 461.92901611328125, 260.3042907714844], [262.5196533203125, 148.23768615722656, 465.5982360839844, 250.3279266357422], [455.3797302246094, 93.5293197631836, 475.43310546875, 102.71572875976562], [261.18597412109375, 128.43328857421875, 271.3923034667969, 137.10450744628906], [264.91357421875, 93.96431732177734, 294.85968017578125, 101.486328125], [322.92620849609375, 94.6738052368164, 338.5645751953125, 101.6594009399414], [320.7649230957031, 94.65013885498047, 344.51422119140625, 102.09378051757812], [373.7025146484375, 148.65257263183594, 465.43133544921875, 204.24940490722656], [416.9502868652344, 87.21424865722656, 428.7497863769531, 95.22219848632812], [264.91357421875, 93.96431732177734, 294.85968017578125, 101.486328125], [469.0665588378906, 89.16055297851562, 485.8570556640625, 96.9824447631836], [101.05899047851562, 43.930686950683594, 129.7744140625, 56.306480407714844], [377.3972473144531, 92.98841094970703, 388.6269836425781, 100.62503814697266], [470.17529296875, 90.97972869873047, 486.13079833984375, 97.6962890625], [466.33209228515625, 94.0211181640625, 475.3683166503906, 102.17919158935547], [381.0422058105469, 93.09728240966797, 390.7238464355469, 100.47257995605469], [65.84040069580078, 100.64620208740234, 204.0846710205078, 210.42010498046875], [264.91357421875, 93.96431732177734, 294.85968017578125, 101.486328125], [433.4608154296875, 92.24496459960938, 445.364501953125, 99.9080810546875], [320.7649230957031, 94.65013885498047, 344.51422119140625, 102.09378051757812], [369.4364318847656, 91.8779067993164, 375.16998291015625, 96.7367935180664], [412.099609375, 87.9137191772461, 429.05743408203125, 101.36597442626953], [426.069091796875, 93.5463638305664, 437.84649658203125, 100.64713287353516], [412.099609375, 87.9137191772461, 429.05743408203125, 101.36597442626953], [59.44194030761719, 323.1214599609375, 82.72319793701172, 334.6018371582031], [482.0392150878906, 86.59512329101562, 499.74859619140625, 97.46929931640625], [16.663328170776367, 93.79175567626953, 288.6175537109375, 330.3047790527344], [162.73455810546875, 101.59342956542969, 243.3498077392578, 221.58718872070312], [421.5682067871094, 203.27127075195312, 443.25970458984375, 228.73513793945312], [455.5382080078125, 92.45873260498047, 465.51727294921875, 102.00614929199219], [482.0392150878906, 86.59512329101562, 499.74859619140625, 97.46929931640625], [455.5762634277344, 94.26019287109375, 467.67034912109375, 102.46077728271484], [469.0665588378906, 89.16055297851562, 485.8570556640625, 96.9824447631836], [353.3064270019531, 92.93132781982422, 371.07562255859375, 100.7518539428711], [169.97857666015625, 161.3277130126953, 243.53904724121094, 237.19390869140625], [455.3797302246094, 93.5293197631836, 475.43310546875, 102.71572875976562], [15.763655662536621, 95.97676849365234, 366.2680969238281, 324.69830322265625]), Score: [0.9569473266601562, 0.9275718331336975, 0.7725016474723816, 0.7116758823394775, 0.6953150629997253, 0.6434860825538635, 0.6069244146347046, 0.571571946144104, 0.5198594331741333, 0.47730231285095215, 0.3456554412841797, 0.3383963108062744, 0.32734477519989014, 0.2638363242149353, 0.24077005684375763, 0.24068774282932281, 0.2403765171766281, 0.21582862734794617, 0.1831841617822647, 0.18241342902183533, 0.16868355870246887, 0.15509091317653656, 0.15202555060386658, 0.12473944574594498, 0.11792397499084473, 0.11608067154884338, 0.11604930460453033, 0.11228730529546738, 0.10602191090583801, 0.10328947007656097, 0.09946639090776443, 0.09380578994750977, 0.09032363444566727, 0.09031358361244202, 0.09002269804477692, 0.08959706872701645, 0.08575595915317535, 0.08339350670576096, 0.0816306620836258, 0.07965583354234695, 0.07907996326684952, 0.07728869467973709, 0.07394570857286453, 0.07317060977220535, 0.07022728025913239, 0.06893934309482574, 0.06786742806434631, 0.0666167140007019, 0.06553337723016739, 0.06439768522977829, 0.06435716897249222, 0.06296470016241074, 0.06267432868480682, 0.06255698949098587, 0.06083233654499054, 0.05972079187631607, 0.055829811841249466, 0.05557725206017494, 0.05546212196350098, 0.05455021932721138, 0.05335443094372749, 0.05251239985227585, 0.05212181806564331, 0.04990881308913231, 0.04982677474617958, 0.04905145615339279, 0.0487227626144886, 0.04841718450188637, 0.047746267169713974, 0.04761385917663574, 0.04725458472967148, 0.047122564166784286, 0.04532422497868538, 0.04497422277927399, 0.04448222368955612, 0.04413999617099762, 0.04400115832686424, 0.043600261211395264, 0.042860813438892365, 0.042667072266340256, 0.04255528748035431, 0.042552441358566284, 0.041945334523916245, 0.040996305644512177, 0.04081735759973526, 0.04056715592741966, 0.040364865213632584, 0.04016278684139252, 0.04012497514486313, 0.03967735916376114, 0.039646029472351074, 0.03899383917450905, 0.03894578292965889, 0.038481540977954865, 0.03837396204471588, 0.038373757153749466, 0.03830397129058838, 0.03826272487640381, 0.03813810646533966, 0.03747861832380295, 0.03746214136481285, 0.03724437206983566, 0.03651883080601692, 0.03645894303917885, 0.03642319515347481, 0.0361856147646904, 0.035976044833660126, 0.035418957471847534, 0.03519587218761444, 0.0347571037709713, 0.03473424166440964, 0.03458946570754051, 0.03442421555519104, 0.03428294137120247, 0.03414607420563698, 0.034053463488817215, 0.034040652215480804, 0.0339788980782032, 0.03376459330320358, 0.03311997279524803, 0.033066824078559875, 0.03287124261260033, 0.03285723924636841, 0.032497916370630264, 0.03221740573644638, 0.031913384795188904, 0.03187602385878563, 0.031857751309871674, 0.031759217381477356, 0.03150805085897446, 0.03127068653702736, 0.03110898844897747, 0.031037937849760056, 0.030903026461601257, 0.03034317120909691, 0.03019181452691555, 0.029969215393066406, 0.029784129932522774, 0.029658405110239983, 0.029644768685102463, 0.029057025909423828, 0.028926221653819084, 0.028812913224101067, 0.028737938031554222, 0.028359422460198402, 0.028136789798736572, 0.027859985828399658, 0.02755581960082054, 0.02694748528301716, 0.026703234761953354, 0.026685593649744987, 0.02668033540248871, 0.02663305588066578, 0.026602700352668762, 0.026358215138316154, 0.026309408247470856, 0.026304809376597404, 0.02616806887090206, 0.02615414373576641, 0.02577228471636772, 0.025762498378753662, 0.025500589981675148, 0.02540428191423416, 0.025389039888978004, 0.025385651737451553, 0.025373375043272972, 0.025348883122205734, 0.025170251727104187, 0.025042464956641197, 0.024962028488516808, 0.02484549954533577, 0.024620655924081802, 0.024538554251194, 0.02448357827961445, 0.024472247809171677, 0.024407222867012024, 0.02433447353541851, 0.024224985390901566, 0.02415761537849903, 0.024056900292634964, 0.024004623293876648, 0.024002527818083763, 0.023842724040150642, 0.023809392005205154, 0.02356906421482563, 0.02355903759598732, 0.023441875353455544, 0.02337121218442917, 0.023359835147857666, 0.02320978045463562, 0.023180335760116577, 0.023052358999848366, 0.02301333285868168, 0.022967537865042686, 0.022902732715010643, 0.02288872003555298, 0.02288392186164856, 0.0228777714073658, 0.022840376943349838, 0.022703632712364197, 0.022695355117321014, 0.022507719695568085, 0.022440530359745026, 0.022398950532078743, 0.022336294874548912, 0.022212157025933266, 0.022166041657328606, 0.02212890051305294, 0.021947359666228294, 0.021745935082435608, 0.021566035225987434, 0.02153903804719448, 0.02130124531686306, 0.02124636061489582, 0.02110249549150467, 0.021078651770949364, 0.021077260375022888, 0.020995071157813072, 0.020964743569493294, 0.020847303792834282, 0.020751940086483955, 0.020710377022624016, 0.020684463903307915, 0.020610913634300232, 0.02054569125175476, 0.020523274317383766, 0.020433736965060234, 0.020421288907527924, 0.020416077226400375, 0.020404934883117676, 0.020383372902870178, 0.020296724513173103, 0.020273353904485703, 0.020236199721693993, 0.02019784227013588, 0.020146382972598076, 0.020072340965270996, 0.0200313962996006, 0.02002498134970665, 0.020007913932204247, 0.01998395100235939, 0.019979843869805336, 0.019960833713412285, 0.01982584409415722, 0.019598837941884995, 0.01949554868042469, 0.019413365051150322, 0.01938139833509922, 0.019356491044163704, 0.019270457327365875, 0.01923101209104061, 0.019199900329113007, 0.0191661324352026, 0.019146697595715523, 0.019100798293948174, 0.019073743373155594, 0.01900513283908367, 0.019004812464118004, 0.01898767054080963, 0.018960019573569298, 0.018922626972198486, 0.018916094675660133, 0.01877235807478428, 0.018739892169833183, 0.018702710047364235, 0.01869872398674488, 0.01868676394224167, 0.018674250692129135, 0.018631044775247574, 0.01860489323735237, 0.018579736351966858, 0.018559053540229797, 0.0185400377959013, 0.018421920016407967, 0.01838984712958336, 0.018386682495474815, 0.018380608409643173, 0.018324028700590134, 0.018312519416213036, 0.018311088904738426, 0.01824301853775978, 0.018179722130298615, 0.018098847940564156, 0.017980247735977173, 0.0179580245167017, 0.01794353313744068, 0.017928138375282288, 0.017926501110196114, 0.017882682383060455, 0.017873011529445648, 0.017744017764925957, 0.017668604850769043, 0.017629213631153107, 0.017614716663956642, 0.01753944903612137, 0.017456162720918655, 0.01739734224975109, 0.01738264225423336, 0.01730872318148613, 0.01729165017604828]

Execution time: 0.4181 sec
