Label: tensor([ 0, 26, 74, 67, 24, 24, 67, 24, 24, 67, 74, 25, 25, 74, 24, 74, 26, 74,
        74, 24, 67, 25, 25, 26, 24, 25, 67, 24, 24, 24, 24, 25, 25, 28, 24, 25,
        39, 24, 39, 74, 74, 24, 39, 67, 41, 67, 67, 25, 24, 39, 67, 67, 67, 25,
        24, 67, 65, 67, 27, 24, 25, 33, 24, 67, 25, 27, 24, 39,  0, 25, 28,  0,
        41, 14, 39, 27, 16, 26, 38, 37,  0, 25, 24,  2, 27, 67, 25, 24, 73, 16,
        25, 24, 67, 38, 33,  2, 26, 41, 24, 67, 39, 26,  0,  0, 38,  0, 13, 37,
        63, 26, 73, 26, 28, 24,  0, 28, 39, 26,  0, 39, 24, 24,  0,  0, 73, 38,
        74, 26, 26, 24, 67, 67, 41, 67, 26, 56, 25, 26, 14, 67, 67, 33,  0, 24,
        39, 33, 38,  0,  0, 26, 36, 37, 38,  8, 24, 41, 74, 38, 41, 27, 24, 14,
        36, 27, 34, 74, 24, 67, 15, 39, 72,  0, 67, 40, 25,  0, 14, 67, 35, 12,
        73, 74, 32,  0,  0, 67, 67, 74, 26, 24, 27, 24, 24, 26, 24, 67, 26, 24,
        26, 18, 67, 11, 39, 67, 39, 25, 35, 67, 72, 56, 12, 39, 27,  0, 15, 24,
        26, 26, 65, 26, 14, 78,  0, 77, 38, 24, 40, 32, 32, 44, 41, 26, 73, 25,
        35, 15,  2,  0, 39,  0, 34, 40, 14, 24, 32, 13, 37,  9, 39, 14, 13, 24,
        78, 77, 72, 27, 26,  0, 27,  2, 26,  0,  2, 72, 24, 74, 26, 39, 26, 14,
        33, 38, 26, 26,  2,  0, 61, 27,  0, 74, 24,  0, 24,  0, 24, 33,  0,  0,
        36,  0, 16, 39, 28,  0,  0, 67, 78, 34, 26, 67]), Box: ([177.26356506347656, 96.5640869140625, 299.6180114746094, 479.9896545410156], [225.84376525878906, 165.4406280517578, 291.91986083984375, 314.14813232421875], [241.04849243164062, 263.8980407714844, 250.68963623046875, 275.85693359375], [207.0966339111328, 247.8323974609375, 222.09756469726562, 255.31591796875], [267.15020751953125, 268.7862548828125, 291.71734619140625, 314.7727966308594], [225.9673309326172, 170.56280517578125, 291.8475036621094, 315.087158203125], [187.36703491210938, 237.26272583007812, 198.5570526123047, 253.347412109375], [266.4263610839844, 238.1504364013672, 291.8714904785156, 314.76971435546875], [225.01991271972656, 160.79026794433594, 292.3131103515625, 315.482177734375], [187.23614501953125, 237.24192810058594, 198.6950225830078, 258.23516845703125], [240.39764404296875, 256.9212646484375, 251.36444091796875, 276.236328125], [185.4529266357422, 242.52359008789062, 220.99412536621094, 479.4824523925781], [187.41091918945312, 245.6311492919922, 223.28334045410156, 479.7408142089844], [243.0823516845703, 266.48773193359375, 249.4153289794922, 274.870849609375], [207.19882202148438, 159.47213745117188, 292.93017578125, 315.0776062011719], [241.04885864257812, 265.6296691894531, 246.24432373046875, 274.6449890136719], [267.15020751953125, 268.7862548828125, 291.71734619140625, 314.7727966308594], [242.8102264404297, 268.9176330566406, 248.59170532226562, 275.58154296875], [245.32281494140625, 266.87744140625, 250.0040283203125, 274.4254455566406], [225.84376525878906, 165.4406280517578, 291.91986083984375, 314.14813232421875], [186.80360412597656, 237.6513671875, 222.03465270996094, 256.7636413574219], [203.2943878173828, 247.4613800048828, 222.1203155517578, 440.3575439453125], [184.68719482421875, 242.60009765625, 221.68197631835938, 478.6910400390625], [266.4263610839844, 238.1504364013672, 291.8714904785156, 314.76971435546875], [265.6772155761719, 167.0521697998047, 298.3905334472656, 315.04827880859375], [203.26365661621094, 247.1494140625, 221.86428833007812, 423.6827697753906], [186.25640869140625, 237.47714233398438, 199.2379608154297, 268.41510009765625], [265.5958251953125, 164.71383666992188, 296.7475891113281, 314.8718566894531], [267.26898193359375, 268.95965576171875, 291.47406005859375, 314.5541076660156], [226.25466918945312, 171.98495483398438, 291.8715515136719, 314.9566955566406], [206.2921142578125, 160.937744140625, 292.81695556640625, 314.6952209472656], [181.97543334960938, 238.2473602294922, 219.2470245361328, 431.9631042480469], [188.3929901123047, 271.14910888671875, 219.5179443359375, 479.4183044433594], [267.15020751953125, 268.7862548828125, 291.71734619140625, 314.7727966308594], [215.99343872070312, 162.9347686767578, 292.46990966796875, 314.64935302734375], [204.0437469482422, 247.68032836914062, 222.5247344970703, 422.3193359375], [186.80360412597656, 237.6513671875, 222.03465270996094, 256.7636413574219], [224.86825561523438, 160.42434692382812, 283.8690490722656, 253.5471954345703], [178.77610778808594, 237.41445922851562, 199.31797790527344, 269.3947448730469], [243.50262451171875, 265.51690673828125, 249.88307189941406, 274.08941650390625], [241.2131805419922, 264.3511657714844, 246.38941955566406, 273.6164855957031], [212.1171417236328, 159.2132110595703, 293.8996276855469, 315.3558349609375], [205.14776611328125, 248.0218505859375, 221.97898864746094, 279.5127868652344], [205.14776611328125, 248.0218505859375, 221.97898864746094, 279.5127868652344], [205.14776611328125, 248.0218505859375, 221.97898864746094, 279.5127868652344], [178.77610778808594, 237.41445922851562, 199.31797790527344, 269.3947448730469], [241.04849243164062, 263.8980407714844, 250.68963623046875, 275.85693359375], [204.9431915283203, 246.4742431640625, 222.70391845703125, 424.224609375], [203.0652618408203, 159.51962280273438, 293.4037780761719, 315.00372314453125], [186.25640869140625, 237.47714233398438, 199.2379608154297, 268.41510009765625], [228.58126831054688, 142.2386932373047, 235.31167602539062, 155.9257049560547], [241.04885864257812, 265.6296691894531, 246.24432373046875, 274.6449890136719], [186.72079467773438, 237.7880401611328, 219.44757080078125, 260.87823486328125], [184.32870483398438, 240.3233184814453, 228.1975860595703, 478.726806640625], [226.54454040527344, 187.9384002685547, 291.6579895019531, 315.3041687011719], [243.0823516845703, 266.48773193359375, 249.4153289794922, 274.870849609375], [207.0966339111328, 247.8323974609375, 222.09756469726562, 255.31591796875], [240.39764404296875, 256.9212646484375, 251.36444091796875, 276.236328125], [203.2943878173828, 247.4613800048828, 222.1203155517578, 440.3575439453125], [185.56210327148438, 160.1855926513672, 235.50921630859375, 258.1388854980469], [184.44590759277344, 162.1143798828125, 232.1770782470703, 479.45782470703125], [185.4529266357422, 242.52359008789062, 220.99412536621094, 479.4824523925781], [266.5041809082031, 189.16311645507812, 298.13922119140625, 314.5865173339844], [245.32281494140625, 266.87744140625, 250.0040283203125, 274.4254455566406], [186.4781951904297, 162.8192901611328, 234.18310546875, 478.9832458496094], [203.26365661621094, 247.1494140625, 221.86428833007812, 423.6827697753906], [207.3743896484375, 159.33932495117188, 234.9830780029297, 196.0522003173828], [187.23614501953125, 237.24192810058594, 198.6950225830078, 258.23516845703125], [179.4084930419922, 74.99491882324219, 186.8207550048828, 92.65803527832031], [205.00230407714844, 277.79046630859375, 216.06764221191406, 413.8575134277344], [266.4263610839844, 238.1504364013672, 291.8714904785156, 314.76971435546875], [149.84417724609375, 116.18456268310547, 160.33102416992188, 132.25633239746094], [187.23614501953125, 237.24192810058594, 198.6950225830078, 258.23516845703125], [329.25787353515625, 193.3625030517578, 340.2865295410156, 201.78578186035156], [205.467041015625, 247.07264709472656, 252.1463165283203, 278.2213439941406], [204.0437469482422, 247.68032836914062, 222.5247344970703, 422.3193359375], [205.467041015625, 247.07264709472656, 252.1463165283203, 278.2213439941406], [265.5958251953125, 164.71383666992188, 296.7475891113281, 314.8718566894531], [203.26365661621094, 247.1494140625, 221.86428833007812, 423.6827697753906], [185.4529266357422, 242.52359008789062, 220.99412536621094, 479.4824523925781], [139.1765899658203, 115.82426452636719, 161.96144104003906, 149.33920288085938], [202.87811279296875, 246.58238220214844, 221.67176818847656, 436.9187316894531], [225.6519317626953, 159.53155517578125, 283.4306640625, 223.73898315429688], [329.25787353515625, 193.3625030517578, 340.2865295410156, 201.78578186035156], [204.9431915283203, 246.4742431640625, 222.70391845703125, 424.224609375], [267.15020751953125, 268.7862548828125, 291.71734619140625, 314.7727966308594], [203.48593139648438, 277.4014892578125, 217.96420288085938, 420.58740234375], [177.88893127441406, 160.50054931640625, 234.51272583007812, 279.08148193359375], [186.80360412597656, 237.6513671875, 222.03465270996094, 256.7636413574219], [205.0847625732422, 247.44435119628906, 252.41000366210938, 278.7688293457031], [186.26300048828125, 247.53524780273438, 216.24215698242188, 472.326171875], [207.5733642578125, 159.54188537597656, 234.89520263671875, 201.61988830566406], [242.8102264404297, 268.9176330566406, 248.59170532226562, 275.58154296875], [204.0437469482422, 247.68032836914062, 222.5247344970703, 422.3193359375], [187.41091918945312, 245.6311492919922, 223.28334045410156, 479.7408142089844], [298.11260986328125, 179.7774200439453, 313.12347412109375, 188.2859344482422], [187.36703491210938, 237.26272583007812, 198.5570526123047, 253.347412109375], [187.36703491210938, 237.26272583007812, 198.5570526123047, 253.347412109375], [198.80792236328125, 160.73585510253906, 235.71182250976562, 263.438232421875], [241.2131805419922, 264.3511657714844, 246.38941955566406, 273.6164855957031], [240.39764404296875, 256.9212646484375, 251.36444091796875, 276.236328125], [187.23614501953125, 237.24192810058594, 198.6950225830078, 258.23516845703125], [355.69403076171875, 130.75103759765625, 360.0043640136719, 172.64199829101562], [186.4781951904297, 162.8192901611328, 234.18310546875, 478.9832458496094], [205.00230407714844, 277.79046630859375, 216.06764221191406, 413.8575134277344], [184.44590759277344, 162.1143798828125, 232.1770782470703, 479.45782470703125], [329.25787353515625, 193.3625030517578, 340.2865295410156, 201.78578186035156], [187.41091918945312, 245.6311492919922, 223.28334045410156, 479.7408142089844], [186.80360412597656, 237.6513671875, 222.03465270996094, 256.7636413574219], [186.80360412597656, 237.6513671875, 222.03465270996094, 256.7636413574219], [205.467041015625, 247.07264709472656, 252.1463165283203, 278.2213439941406], [178.77610778808594, 237.41445922851562, 199.31797790527344, 269.3947448730469], [225.9673309326172, 170.56280517578125, 291.8475036621094, 315.087158203125], [226.185791015625, 171.5186767578125, 291.8829345703125, 315.2182922363281], [179.6171112060547, 77.73741149902344, 184.6849365234375, 92.82479095458984], [267.26898193359375, 268.95965576171875, 291.47406005859375, 314.5541076660156], [205.0847625732422, 247.44435119628906, 252.41000366210938, 278.7688293457031], [185.56210327148438, 160.1855926513672, 235.50921630859375, 258.1388854980469], [185.81243896484375, 117.39156341552734, 297.9812927246094, 475.68701171875], [187.36703491210938, 237.26272583007812, 198.5570526123047, 253.347412109375], [203.85586547851562, 159.37762451171875, 235.03172302246094, 223.8892364501953], [178.6497802734375, 161.31280517578125, 233.9022674560547, 314.09222412109375], [207.19882202148438, 159.47213745117188, 292.93017578125, 315.0776062011719], [185.4529266357422, 242.52359008789062, 220.99412536621094, 479.4824523925781], [207.0966339111328, 247.8323974609375, 222.09756469726562, 255.31591796875], [203.2943878173828, 247.4613800048828, 222.1203155517578, 440.3575439453125], [204.76422119140625, 261.58416748046875, 211.4356231689453, 269.9695739746094], [207.0966339111328, 247.8323974609375, 222.09756469726562, 255.31591796875], [225.9673309326172, 170.56280517578125, 291.8475036621094, 315.087158203125], [203.10784912109375, 161.17979431152344, 294.5181884765625, 313.8319396972656], [185.51412963867188, 237.57884216308594, 206.96029663085938, 260.2848815917969], [243.50262451171875, 265.51690673828125, 249.88307189941406, 274.08941650390625], [178.77610778808594, 237.41445922851562, 199.31797790527344, 269.3947448730469], [207.46311950683594, 248.07186889648438, 221.68972778320312, 254.5295867919922], [226.54454040527344, 187.9384002685547, 291.6579895019531, 315.3041687011719], [225.84376525878906, 165.4406280517578, 291.91986083984375, 314.14813232421875], [205.467041015625, 247.07264709472656, 252.1463165283203, 278.2213439941406], [181.97543334960938, 238.2473602294922, 219.2470245361328, 431.9631042480469], [205.467041015625, 247.07264709472656, 252.1463165283203, 278.2213439941406], [229.1932373046875, 142.2639617919922, 234.998046875, 154.4217987060547], [226.02796936035156, 171.20492553710938, 253.5559844970703, 277.711669921875], [181.97543334960938, 238.2473602294922, 219.2470245361328, 431.9631042480469], [267.15020751953125, 268.7862548828125, 291.71734619140625, 314.7727966308594], [226.09803771972656, 170.21498107910156, 274.7466125488281, 312.0091247558594], [203.26365661621094, 247.1494140625, 221.86428833007812, 423.6827697753906], [184.68719482421875, 242.60009765625, 221.68197631835938, 478.6910400390625], [185.4529266357422, 242.52359008789062, 220.99412536621094, 479.4824523925781], [178.77610778808594, 237.41445922851562, 199.31797790527344, 269.3947448730469], [187.41091918945312, 245.6311492919922, 223.28334045410156, 479.7408142089844], [224.86825561523438, 160.42434692382812, 283.8690490722656, 253.5471954345703], [187.41091918945312, 245.6311492919922, 223.28334045410156, 479.7408142089844], [141.69161987304688, 265.198974609375, 195.22842407226562, 480.32965087890625], [181.97543334960938, 238.2473602294922, 219.2470245361328, 431.9631042480469], [329.25787353515625, 193.3625030517578, 340.2865295410156, 201.78578186035156], [266.81182861328125, 170.2866668701172, 295.89208984375, 314.3890686035156], [207.0966339111328, 247.8323974609375, 222.09756469726562, 255.31591796875], [267.69378662109375, 236.68545532226562, 277.3172302246094, 250.66583251953125], [187.41091918945312, 245.6311492919922, 223.28334045410156, 479.7408142089844], [186.25640869140625, 237.47714233398438, 199.2379608154297, 268.41510009765625], [203.48593139648438, 277.4014892578125, 217.96420288085938, 420.58740234375], [226.02796936035156, 171.20492553710938, 253.5559844970703, 277.711669921875], [207.0966339111328, 247.8323974609375, 222.09756469726562, 255.31591796875], [185.4529266357422, 242.52359008789062, 220.99412536621094, 479.4824523925781], [205.00230407714844, 277.79046630859375, 216.06764221191406, 413.8575134277344], [205.00230407714844, 277.79046630859375, 216.06764221191406, 413.8575134277344], [207.0966339111328, 247.8323974609375, 222.09756469726562, 255.31591796875], [266.9852294921875, 166.62135314941406, 299.8272705078125, 269.2662048339844], [207.239013671875, 247.8753662109375, 221.51669311523438, 254.22512817382812], [205.467041015625, 247.07264709472656, 252.1463165283203, 278.2213439941406], [241.04849243164062, 263.8980407714844, 250.68963623046875, 275.85693359375], [203.26365661621094, 247.1494140625, 221.86428833007812, 423.6827697753906], [356.20001220703125, 132.19439697265625, 359.673583984375, 153.35177612304688], [205.0847625732422, 247.44435119628906, 252.41000366210938, 278.7688293457031], [187.23614501953125, 237.24192810058594, 198.6950225830078, 258.23516845703125], [205.0847625732422, 247.44435119628906, 252.41000366210938, 278.7688293457031], [0.039997100830078125, 92.34520721435547, 359.68426513671875, 478.94036865234375], [205.0847625732422, 247.44435119628906, 252.41000366210938, 278.7688293457031], [207.03591918945312, 248.0358428955078, 221.50306701660156, 254.68080139160156], [178.77610778808594, 237.41445922851562, 199.31797790527344, 269.3947448730469], [203.2943878173828, 247.4613800048828, 222.1203155517578, 440.3575439453125], [205.0847625732422, 247.44435119628906, 252.41000366210938, 278.7688293457031], [205.467041015625, 247.07264709472656, 252.1463165283203, 278.2213439941406], [189.466552734375, 454.02838134765625, 211.79586791992188, 476.3868103027344], [159.1626739501953, 112.61483764648438, 170.54421997070312, 129.31219482421875], [184.68719482421875, 242.60009765625, 221.68197631835938, 478.6910400390625], [205.467041015625, 247.07264709472656, 252.1463165283203, 278.2213439941406], [186.39805603027344, 238.31564331054688, 222.37167358398438, 256.9281005859375], [205.0847625732422, 247.44435119628906, 252.41000366210938, 278.7688293457031], [265.6772155761719, 167.0521697998047, 298.3905334472656, 315.04827880859375], [225.85105895996094, 159.32879638671875, 283.1879577636719, 194.18580627441406], [185.4529266357422, 242.52359008789062, 220.99412536621094, 479.4824523925781], [267.59698486328125, 251.10174560546875, 290.69390869140625, 314.7032470703125], [177.95765686035156, 163.64219665527344, 295.93701171875, 313.6590270996094], [177.88893127441406, 160.50054931640625, 234.51272583007812, 279.08148193359375], [225.7176513671875, 167.37493896484375, 237.2735595703125, 223.97967529296875], [355.36712646484375, 41.25872802734375, 360.1792907714844, 46.862422943115234], [204.0437469482422, 247.68032836914062, 222.5247344970703, 422.3193359375], [178.03179931640625, 160.41017150878906, 293.03472900390625, 314.4723815917969], [226.02796936035156, 171.20492553710938, 253.5559844970703, 277.711669921875], [329.25787353515625, 193.3625030517578, 340.2865295410156, 201.78578186035156], [187.01681518554688, 238.22076416015625, 222.01885986328125, 258.8623962402344], [205.00230407714844, 277.79046630859375, 216.06764221191406, 413.8575134277344], [203.2943878173828, 247.4613800048828, 222.1203155517578, 440.3575439453125], [204.76422119140625, 261.58416748046875, 211.4356231689453, 269.9695739746094], [186.72079467773438, 237.7880401611328, 219.44757080078125, 260.87823486328125], [186.80360412597656, 237.6513671875, 222.03465270996094, 256.7636413574219], [205.467041015625, 247.07264709472656, 252.1463165283203, 278.2213439941406], [267.69378662109375, 236.68545532226562, 277.3172302246094, 250.66583251953125], [203.2943878173828, 247.4613800048828, 222.1203155517578, 440.3575439453125], [267.15020751953125, 268.7862548828125, 291.71734619140625, 314.7727966308594], [203.26365661621094, 247.1494140625, 221.86428833007812, 423.6827697753906], [207.0966339111328, 247.8323974609375, 222.09756469726562, 255.31591796875], [187.41091918945312, 245.6311492919922, 223.28334045410156, 479.7408142089844], [225.84376525878906, 165.4406280517578, 291.91986083984375, 314.14813232421875], [205.14776611328125, 248.0218505859375, 221.97898864746094, 279.5127868652344], [178.94699096679688, 162.69259643554688, 297.5123291015625, 311.4326477050781], [266.8916931152344, 273.7075500488281, 277.1159973144531, 312.91912841796875], [178.6497802734375, 161.31280517578125, 233.9022674560547, 314.09222412109375], [186.80360412597656, 237.6513671875, 222.03465270996094, 256.7636413574219], [203.26365661621094, 247.1494140625, 221.86428833007812, 423.6827697753906], [205.14776611328125, 248.0218505859375, 221.97898864746094, 279.5127868652344], [186.80360412597656, 237.6513671875, 222.03465270996094, 256.7636413574219], [0.10390877723693848, 93.28816223144531, 359.2344665527344, 479.1418151855469], [205.467041015625, 247.07264709472656, 252.1463165283203, 278.2213439941406], [203.48593139648438, 277.4014892578125, 217.96420288085938, 420.58740234375], [209.80908203125, 152.84317016601562, 285.91357421875, 198.99481201171875], [186.25640869140625, 237.47714233398438, 199.2379608154297, 268.41510009765625], [196.72958374023438, 466.0029602050781, 210.68115234375, 479.6095275878906], [241.04849243164062, 263.8980407714844, 250.68963623046875, 275.85693359375], [205.00230407714844, 277.79046630859375, 216.06764221191406, 413.8575134277344], [189.007568359375, 453.69268798828125, 227.43272399902344, 479.3243103027344], [205.467041015625, 247.07264709472656, 252.1463165283203, 278.2213439941406], [205.14776611328125, 248.0218505859375, 221.97898864746094, 279.5127868652344], [141.69161987304688, 265.198974609375, 195.22842407226562, 480.32965087890625], [205.0847625732422, 247.44435119628906, 252.41000366210938, 278.7688293457031], [205.0847625732422, 247.44435119628906, 252.41000366210938, 278.7688293457031], [356.20001220703125, 132.19439697265625, 359.673583984375, 153.35177612304688], [225.9673309326172, 170.56280517578125, 291.8475036621094, 315.087158203125], [205.00230407714844, 277.79046630859375, 216.06764221191406, 413.8575134277344], [0.2669548988342285, 85.79370880126953, 358.8736267089844, 478.7278137207031], [188.3929901123047, 271.14910888671875, 219.5179443359375, 479.4183044433594], [207.0966339111328, 247.8323974609375, 222.09756469726562, 255.31591796875], [187.23614501953125, 237.24192810058594, 198.6950225830078, 258.23516845703125], [201.67022705078125, 157.99850463867188, 294.89599609375, 418.3426208496094], [189.007568359375, 453.69268798828125, 227.43272399902344, 479.3243103027344], [225.9673309326172, 170.56280517578125, 291.8475036621094, 315.087158203125], [188.3929901123047, 271.14910888671875, 219.5179443359375, 479.4183044433594], [186.25640869140625, 237.47714233398438, 199.2379608154297, 268.41510009765625], [205.6920166015625, 371.9447021484375, 213.34593200683594, 410.45306396484375], [189.65318298339844, 123.1307144165039, 199.18472290039062, 134.0217742919922], [298.11260986328125, 179.7774200439453, 313.12347412109375, 188.2859344482422], [184.10391235351562, 165.73690795898438, 297.08099365234375, 310.7210693359375], [204.0437469482422, 247.68032836914062, 222.5247344970703, 422.3193359375], [205.0847625732422, 247.44435119628906, 252.41000366210938, 278.7688293457031], [204.0437469482422, 247.68032836914062, 222.5247344970703, 422.3193359375], [207.0966339111328, 247.8323974609375, 222.09756469726562, 255.31591796875], [186.25640869140625, 237.47714233398438, 199.2379608154297, 268.41510009765625], [206.2921142578125, 160.937744140625, 292.81695556640625, 314.6952209472656], [241.04849243164062, 263.8980407714844, 250.68963623046875, 275.85693359375], [330.1143493652344, 158.17767333984375, 341.69769287109375, 171.28318786621094], [207.19882202148438, 159.47213745117188, 292.93017578125, 315.0776062011719], [186.20401000976562, 161.05921936035156, 289.7371520996094, 463.3203430175781], [290.5942077636719, 176.98773193359375, 299.0514221191406, 184.45291137695312], [185.4529266357422, 242.52359008789062, 220.99412536621094, 479.4824523925781], [187.21441650390625, 162.4912567138672, 291.051513671875, 415.45654296875], [205.00230407714844, 277.79046630859375, 216.06764221191406, 413.8575134277344], [186.72079467773438, 237.7880401611328, 219.44757080078125, 260.87823486328125], [189.007568359375, 453.69268798828125, 227.43272399902344, 479.3243103027344], [241.04849243164062, 263.8980407714844, 250.68963623046875, 275.85693359375], [139.1765899658203, 115.82426452636719, 161.96144104003906, 149.33920288085938], [203.26365661621094, 247.1494140625, 221.86428833007812, 423.6827697753906], [204.9431915283203, 246.4742431640625, 222.70391845703125, 424.224609375], [226.09803771972656, 170.21498107910156, 274.7466125488281, 312.0091247558594], [204.9431915283203, 246.4742431640625, 222.70391845703125, 424.224609375], [9.071051597595215, 165.7861328125, 12.319497108459473, 169.0984649658203], [265.5958251953125, 164.71383666992188, 296.7475891113281, 314.8718566894531], [203.26365661621094, 247.1494140625, 221.86428833007812, 423.6827697753906], [202.87811279296875, 246.58238220214844, 221.67176818847656, 436.9187316894531], [197.3900909423828, 158.27703857421875, 294.0228271484375, 410.1986999511719], [205.14776611328125, 248.0218505859375, 221.97898864746094, 279.5127868652344], [186.80360412597656, 237.6513671875, 222.03465270996094, 256.7636413574219], [201.67022705078125, 157.99850463867188, 294.89599609375, 418.3426208496094], [227.1804656982422, 188.34437561035156, 290.9806823730469, 314.7693786621094], [187.21441650390625, 162.4912567138672, 291.051513671875, 415.45654296875], [203.77066040039062, 166.05520629882812, 290.9112854003906, 363.5418395996094], [184.44590759277344, 162.1143798828125, 232.1770782470703, 479.45782470703125], [329.25787353515625, 193.3625030517578, 340.2865295410156, 201.78578186035156], [149.77740478515625, 116.39481353759766, 160.43008422851562, 135.665771484375], [189.87449645996094, 464.4349060058594, 236.86190795898438, 479.8084411621094], [12.817509651184082, 142.07191467285156, 16.880348205566406, 149.73471069335938], [205.14776611328125, 248.0218505859375, 221.97898864746094, 279.5127868652344], [204.0437469482422, 247.68032836914062, 222.5247344970703, 422.3193359375], [225.01991271972656, 160.79026794433594, 292.3131103515625, 315.482177734375], [177.88893127441406, 160.50054931640625, 234.51272583007812, 279.08148193359375], [266.4263610839844, 238.1504364013672, 291.8714904785156, 314.76971435546875], [196.72958374023438, 466.0029602050781, 210.68115234375, 479.6095275878906], [203.26365661621094, 247.1494140625, 221.86428833007812, 423.6827697753906], [187.41091918945312, 245.6311492919922, 223.28334045410156, 479.7408142089844], [240.39764404296875, 256.9212646484375, 251.36444091796875, 276.236328125], [188.75381469726562, 238.30259704589844, 198.0281524658203, 263.55914306640625]), Score: [0.9522124528884888, 0.8071146607398987, 0.2833748459815979, 0.2827816605567932, 0.2724559009075165, 0.204696387052536, 0.18563702702522278, 0.18028748035430908, 0.17907115817070007, 0.1691521853208542, 0.1552286148071289, 0.14216847717761993, 0.13761405646800995, 0.13565973937511444, 0.12358523905277252, 0.1200031191110611, 0.11058928817510605, 0.09755025804042816, 0.09699483960866928, 0.09360301494598389, 0.08340177685022354, 0.08292709290981293, 0.08123781532049179, 0.07989481836557388, 0.07807274907827377, 0.07795906066894531, 0.07575783878564835, 0.07248542457818985, 0.07185829430818558, 0.07171989977359772, 0.06997587531805038, 0.06837502866983414, 0.06516741961240768, 0.06452180445194244, 0.06031107157468796, 0.0592193678021431, 0.05920682102441788, 0.05786794796586037, 0.054437052458524704, 0.053979214280843735, 0.053924787789583206, 0.052630819380283356, 0.05248343572020531, 0.05130932107567787, 0.05046817660331726, 0.048933129757642746, 0.04775499552488327, 0.04514072835445404, 0.044782400131225586, 0.04407188296318054, 0.042908236384391785, 0.042746249586343765, 0.040764883160591125, 0.040290918201208115, 0.04014468193054199, 0.03919125720858574, 0.03874995931982994, 0.03839927911758423, 0.03836554288864136, 0.037834182381629944, 0.037701837718486786, 0.036843523383140564, 0.03643234819173813, 0.036367107182741165, 0.03623075783252716, 0.03587666526436806, 0.035391148179769516, 0.03512068837881088, 0.035052862018346786, 0.034872379153966904, 0.03480925038456917, 0.0344339981675148, 0.03441622853279114, 0.0339643619954586, 0.03373832628130913, 0.03367544338107109, 0.032913047820329666, 0.03275715932250023, 0.032141320407390594, 0.032043181359767914, 0.031941890716552734, 0.03141452372074127, 0.0314033217728138, 0.031068896874785423, 0.03071480430662632, 0.03052307665348053, 0.030438633635640144, 0.03041115030646324, 0.03009382076561451, 0.02982291206717491, 0.02964218705892563, 0.029364019632339478, 0.029332676902413368, 0.02919689752161503, 0.028891488909721375, 0.028318312019109726, 0.028194205835461617, 0.028120897710323334, 0.02778332680463791, 0.027670320123434067, 0.02762242592871189, 0.027363387867808342, 0.02734275348484516, 0.027120398357510567, 0.026740364730358124, 0.026731709018349648, 0.02631385065615177, 0.02624468319118023, 0.026167646050453186, 0.02593299001455307, 0.025741131976246834, 0.025670122355222702, 0.025581765919923782, 0.025500820949673653, 0.02549714222550392, 0.02544574812054634, 0.02538258768618107, 0.025355488061904907, 0.02532600238919258, 0.0251934751868248, 0.02510293759405613, 0.02498098835349083, 0.024943597614765167, 0.02492334134876728, 0.024907978251576424, 0.024813605472445488, 0.02479267120361328, 0.024586308747529984, 0.02419113554060459, 0.02417098544538021, 0.0240208487957716, 0.023954251781105995, 0.023906508460640907, 0.02375194989144802, 0.023733802139759064, 0.0236077681183815, 0.023562021553516388, 0.02355470322072506, 0.023534802719950676, 0.023393014445900917, 0.023297304287552834, 0.023271018639206886, 0.023231828585267067, 0.023071959614753723, 0.02284787967801094, 0.02269858308136463, 0.022665824741125107, 0.02262570895254612, 0.022553864866495132, 0.022543637081980705, 0.022432774305343628, 0.02242751605808735, 0.022117475047707558, 0.02208293229341507, 0.022080492228269577, 0.021996257826685905, 0.021916814148426056, 0.021893680095672607, 0.02188570238649845, 0.021870136260986328, 0.021764811128377914, 0.021530605852603912, 0.02130310796201229, 0.021290572360157967, 0.021290123462677002, 0.0211652722209692, 0.02116287313401699, 0.021122191101312637, 0.021070806309580803, 0.021047400310635567, 0.020997121930122375, 0.020898399874567986, 0.020809153094887733, 0.02077748253941536, 0.02070402354001999, 0.020669179037213326, 0.02055870182812214, 0.020556464791297913, 0.020486218854784966, 0.02047330141067505, 0.02042645402252674, 0.020365845412015915, 0.020319828763604164, 0.020315606147050858, 0.02029731683433056, 0.020283667370676994, 0.02022881805896759, 0.020132174715399742, 0.0201253779232502, 0.02009555511176586, 0.02001584880053997, 0.02001270279288292, 0.019980384036898613, 0.019889427348971367, 0.019888659939169884, 0.01973772794008255, 0.019706275314092636, 0.01952551305294037, 0.01944524236023426, 0.019401000812649727, 0.019268352538347244, 0.01916659250855446, 0.019154150038957596, 0.019136326387524605, 0.018998080864548683, 0.01897910237312317, 0.018941469490528107, 0.018911227583885193, 0.018886741250753403, 0.01884261704981327, 0.018786611035466194, 0.018693957477808, 0.018678957596421242, 0.01867874339222908, 0.01863570138812065, 0.018633538857102394, 0.01863149367272854, 0.018545713275671005, 0.018498843535780907, 0.01844819076359272, 0.018394146114587784, 0.018313322216272354, 0.01831168867647648, 0.018311388790607452, 0.018275868147611618, 0.018272140994668007, 0.01825684867799282, 0.018206937238574028, 0.018129175528883934, 0.01811903528869152, 0.01793583109974861, 0.01785392314195633, 0.017803356051445007, 0.01779906265437603, 0.017790276557207108, 0.017690079286694527, 0.017683450132608414, 0.01764672063291073, 0.017365703359246254, 0.01729719340801239, 0.0172860287129879, 0.017234941944479942, 0.017233528196811676, 0.01718100719153881, 0.017145687714219093, 0.01713608205318451, 0.017049480229616165, 0.017005447298288345, 0.016927938908338547, 0.016922051087021828, 0.016876792535185814, 0.016839206218719482, 0.01677299663424492, 0.016754817217588425, 0.016710499301552773, 0.01670149900019169, 0.01670137606561184, 0.01669219881296158, 0.01668059639632702, 0.016672395169734955, 0.01666516438126564, 0.016619989648461342, 0.01661464385688305, 0.016583485528826714, 0.016577770933508873, 0.016544772312045097, 0.016508013010025024, 0.016488445922732353, 0.016485152766108513, 0.01641220599412918, 0.01640767976641655, 0.016399461776018143, 0.016380559653043747, 0.016367066651582718, 0.01634957268834114, 0.016308298334479332, 0.0162893608212471, 0.016266362741589546, 0.01626334898173809, 0.01622743345797062, 0.016217464581131935, 0.016215600073337555, 0.016207333654165268, 0.016171427443623543, 0.016147121787071228, 0.016123179346323013, 0.016115276142954826, 0.016096612438559532, 0.016085326671600342, 0.016044436022639275, 0.016023680567741394, 0.015958089381456375, 0.015923283994197845, 0.01592312753200531, 0.0158686526119709, 0.01585964486002922, 0.015790672972798347, 0.01576443947851658, 0.01574595272541046, 0.015718448907136917]

Execution time: 0.4036 sec
