Label: tensor([ 6, 13, 13, 13,  0, 13,  0,  0, 13,  0, 13,  0,  0, 13,  0, 13,  0,  9,
        13,  0, 13, 13,  0,  0, 13, 13,  9,  0,  0,  0,  0,  0, 13, 13,  0, 13,
        13, 13,  0, 74,  0,  0, 13,  9,  2, 13, 13, 13,  2,  0,  0,  9,  0,  9,
        36,  0, 13, 13, 13, 13,  9, 71, 13,  0,  9, 13,  9, 13,  0,  2,  0,  0,
        56, 56, 62,  9, 13, 13,  0,  0, 13, 13,  9, 13,  0, 13, 74, 12,  2, 12,
        13, 13, 13, 67, 11,  0, 13, 13,  2,  1, 52,  0,  0, 22,  0,  2, 11, 13,
         0,  0,  9, 56, 13, 56, 56,  0,  0,  0, 56,  0, 60, 13,  0,  0,  0, 56,
         0,  0, 13,  0,  0,  0,  6,  6,  0, 13, 13,  0,  0,  9,  0,  0,  0,  0,
         2,  0,  0, 13,  0,  2, 13, 56, 13, 13,  7,  0, 24, 60,  2,  0, 67,  6,
         0,  0,  0,  0, 13, 13,  9, 59, 62,  2, 56,  2, 13, 13,  0, 13,  0,  2,
        56,  2,  0, 12, 13,  0, 13, 13,  2,  9, 13,  0, 56, 13, 74,  0, 13, 12,
        14,  9,  0, 60, 13,  0,  0,  6,  0, 56,  2, 12,  9, 61,  0, 74, 18, 14,
        56,  2,  0,  6, 13, 13,  0, 30, 13,  0, 56,  0,  0, 13,  0, 67, 56, 13,
         2, 11,  2,  0, 76,  6, 13,  0, 56,  0, 13, 12,  7,  6,  0, 13,  6,  9,
        13,  6, 56, 57,  2,  0, 10, 17,  0, 74,  0, 56,  6,  2,  0,  0,  0,  2,
         0, 56, 13,  0, 13, 62, 33, 69,  9, 56,  2,  6,  6, 13,  9,  6,  0,  0,
         2, 13, 59, 13,  0, 58,  0, 62, 12, 55,  0,  9]), Box: ([1.9078552722930908, 24.08773422241211, 369.55816650390625, 336.0345764160156], [476.0762023925781, 219.5237579345703, 500.1330871582031, 242.91070556640625], [416.6949157714844, 205.46932983398438, 448.65057373046875, 219.13540649414062], [476.0622253417969, 229.74484252929688, 500.0606689453125, 243.10540771484375], [259.7505187988281, 113.10008239746094, 280.3467102050781, 150.30784606933594], [477.1231384277344, 210.44796752929688, 500.0266418457031, 221.89891052246094], [261.7109680175781, 114.0618667602539, 278.0662536621094, 129.6505584716797], [107.26249694824219, 114.80945587158203, 125.58007049560547, 132.93630981445312], [476.2579650878906, 219.736328125, 499.948486328125, 232.6234130859375], [107.27828216552734, 115.07892608642578, 126.9627685546875, 150.2769317626953], [416.306640625, 204.27450561523438, 428.57708740234375, 218.34605407714844], [172.64381408691406, 223.8286590576172, 220.7506866455078, 247.2537384033203], [193.03851318359375, 224.5748748779297, 220.30882263183594, 244.4901885986328], [477.3656005859375, 204.6392059326172, 500.0567321777344, 221.8819580078125], [168.03506469726562, 223.4350128173828, 220.9398193359375, 246.94805908203125], [475.97430419921875, 200.95849609375, 500.2493896484375, 243.3710174560547], [1.2224900722503662, 194.38790893554688, 6.023947238922119, 205.90916442871094], [398.20330810546875, 169.26058959960938, 404.90435791015625, 187.36277770996094], [416.4859619140625, 204.10255432128906, 427.8831481933594, 212.9888153076172], [186.22218322753906, 224.2924346923828, 220.46588134765625, 248.01747131347656], [344.02685546875, 285.3890380859375, 500.1175537109375, 374.452880859375], [416.3144226074219, 200.70004272460938, 448.50927734375, 215.6257781982422], [106.87124633789062, 114.64570617675781, 126.26914978027344, 169.7958984375], [107.10377502441406, 115.27155303955078, 120.19572448730469, 150.02896118164062], [318.2998352050781, 319.7264404296875, 498.6045227050781, 374.9964904785156], [366.6571350097656, 208.52154541015625, 499.97149658203125, 242.61282348632812], [416.3261413574219, 136.68565368652344, 430.8268737792969, 150.32249450683594], [106.16246795654297, 115.16156005859375, 130.82794189453125, 208.33888244628906], [108.02175903320312, 116.55217742919922, 128.57188415527344, 170.02401733398438], [465.8269958496094, 189.73410034179688, 471.4064025878906, 208.34902954101562], [475.75128173828125, 194.32029724121094, 488.6761169433594, 212.04031372070312], [105.89961242675781, 114.22737121582031, 128.7360382080078, 212.3948516845703], [416.6045837402344, 204.36004638671875, 448.47381591796875, 214.66854858398438], [336.3786315917969, 237.55137634277344, 499.8548583984375, 374.2115783691406], [144.99420166015625, 75.84223175048828, 172.94398498535156, 99.61297607421875], [433.6403503417969, 205.15289306640625, 448.39447021484375, 212.25668334960938], [366.63275146484375, 214.25723266601562, 449.5711975097656, 237.9305877685547], [487.4107971191406, 203.15728759765625, 499.96435546875, 211.64996337890625], [164.4753875732422, 223.3564910888672, 220.4113006591797, 248.92393493652344], [416.3261413574219, 136.68565368652344, 430.8268737792969, 150.32249450683594], [144.9447021484375, 77.0033187866211, 163.69534301757812, 99.39485168457031], [295.7999267578125, 146.94691467285156, 308.4317626953125, 165.56475830078125], [472.3972473144531, 218.4965057373047, 499.25091552734375, 243.56817626953125], [414.2635803222656, 134.3341064453125, 435.192138671875, 166.68028259277344], [1.2224900722503662, 194.38790893554688, 6.023947238922119, 205.90916442871094], [366.6280212402344, 204.79287719726562, 449.438720703125, 237.54336547851562], [366.6510009765625, 214.7115478515625, 449.6679992675781, 238.032958984375], [368.35784912109375, 202.5686798095703, 384.77056884765625, 209.7838592529297], [259.7505187988281, 113.10008239746094, 280.3467102050781, 150.30784606933594], [398.20330810546875, 169.26058959960938, 404.90435791015625, 187.36277770996094], [106.76799011230469, 115.26179504394531, 116.22006225585938, 127.967041015625], [467.4046325683594, 195.70191955566406, 471.50054931640625, 208.04393005371094], [145.772216796875, 82.49290466308594, 163.66217041015625, 99.93017578125], [-0.20938925445079803, 11.07867431640625, 47.19780349731445, 131.48150634765625], [1.9078552722930908, 24.08773422241211, 369.55816650390625, 336.0345764160156], [107.32122802734375, 115.36644744873047, 121.45249938964844, 169.68927001953125], [318.264892578125, 320.97930908203125, 468.8913269042969, 374.80828857421875], [415.5867919921875, 193.751708984375, 429.4625244140625, 217.06690979003906], [323.77362060546875, 324.10223388671875, 458.7793273925781, 374.9856262207031], [417.7444152832031, 206.70579528808594, 476.89898681640625, 218.71038818359375], [386.74456787109375, 108.10668182373047, 403.77996826171875, 122.29550170898438], [476.2579650878906, 219.736328125, 499.948486328125, 232.6234130859375], [366.0301208496094, 208.04737854003906, 500.26202392578125, 241.10389709472656], [394.13751220703125, 165.15675354003906, 405.8489074707031, 208.6383514404297], [404.9954833984375, 170.16629028320312, 421.934814453125, 187.9691925048828], [433.8432922363281, 195.55194091796875, 448.53631591796875, 211.35525512695312], [414.5955505371094, 134.7237548828125, 434.3271789550781, 154.5689239501953], [417.5640869140625, 206.72727966308594, 499.6988220214844, 243.15847778320312], [158.86778259277344, 79.71290588378906, 177.98829650878906, 96.37252807617188], [475.97430419921875, 200.95849609375, 500.2493896484375, 243.3710174560547], [114.41539001464844, 116.92427825927734, 126.27713012695312, 130.8938446044922], [106.01614379882812, 114.648193359375, 128.33750915527344, 215.3999786376953], [476.0762023925781, 219.5237579345703, 500.1330871582031, 242.91070556640625], [487.4107971191406, 203.15728759765625, 499.96435546875, 211.64996337890625], [-0.11298060417175293, 11.759868621826172, 46.151268005371094, 82.721435546875], [412.618408203125, 132.59246826171875, 445.5306396484375, 176.86495971679688], [368.0133056640625, 199.6964111328125, 385.50897216796875, 209.72866821289062], [417.7572021484375, 208.77626037597656, 498.9266357421875, 222.07510375976562], [8.083341598510742, 168.23097229003906, 22.046953201293945, 188.4750213623047], [467.4046325683594, 195.70191955566406, 471.50054931640625, 208.04393005371094], [425.2836608886719, 209.07472229003906, 501.5657043457031, 242.9150390625], [368.1141357421875, 205.4940948486328, 405.09130859375, 217.89358520507812], [-0.07876521348953247, 157.4331512451172, 10.201485633850098, 184.33790588378906], [466.7572021484375, 209.82232666015625, 499.59747314453125, 243.42982482910156], [485.39752197265625, 189.97669982910156, 499.9727478027344, 211.32131958007812], [434.7787170410156, 205.71437072753906, 448.32940673828125, 211.73797607421875], [-0.11298060417175293, 11.759868621826172, 46.151268005371094, 82.721435546875], [465.8269958496094, 189.73410034179688, 471.4064025878906, 208.34902954101562], [477.3656005859375, 204.6392059326172, 500.0567321777344, 221.8819580078125], [398.20330810546875, 169.26058959960938, 404.90435791015625, 187.36277770996094], [366.41851806640625, 193.00643920898438, 500.4853515625, 242.28363037109375], [368.1093444824219, 203.85409545898438, 405.1876220703125, 218.30445861816406], [417.2740173339844, 196.3128662109375, 499.8680725097656, 243.00311279296875], [467.4046325683594, 195.70191955566406, 471.50054931640625, 208.04393005371094], [-0.11298060417175293, 11.759868621826172, 46.151268005371094, 82.721435546875], [160.8959503173828, 223.55345153808594, 231.95547485351562, 311.12738037109375], [368.0785827636719, 206.83193969726562, 405.1097106933594, 217.25347900390625], [436.2057189941406, 195.31324768066406, 448.3053283691406, 207.36473083496094], [1.9078552722930908, 24.08773422241211, 369.55816650390625, 336.0345764160156], [261.7109680175781, 114.0618667602539, 278.0662536621094, 129.6505584716797], [1.9078552722930908, 24.08773422241211, 369.55816650390625, 336.0345764160156], [139.89495849609375, 141.36373901367188, 151.88446044921875, 183.49818420410156], [321.86553955078125, 237.76744079589844, 346.9800109863281, 316.1422424316406], [1.9078552722930908, 24.08773422241211, 369.55816650390625, 336.0345764160156], [-0.07755541801452637, 162.02931213378906, 9.402457237243652, 190.17994689941406], [476.0762023925781, 219.5237579345703, 500.1330871582031, 242.91070556640625], [-0.20938925445079803, 11.07867431640625, 47.19780349731445, 131.48150634765625], [476.2857971191406, 210.14529418945312, 500.1116943359375, 243.01522827148438], [160.0156707763672, 81.3471908569336, 178.96258544921875, 96.63299560546875], [145.64389038085938, 79.94084167480469, 179.7069854736328, 99.83772277832031], [465.8269958496094, 189.73410034179688, 471.4064025878906, 208.34902954101562], [475.97430419921875, 200.95849609375, 500.2493896484375, 243.3710174560547], [367.800048828125, 208.1508026123047, 448.8620300292969, 219.7689666748047], [485.39752197265625, 189.97669982910156, 499.9727478027344, 211.32131958007812], [476.0622253417969, 229.74484252929688, 500.0606689453125, 243.10540771484375], [145.6449432373047, 77.1764907836914, 174.4904022216797, 98.83271789550781], [319.53875732421875, 241.23809814453125, 345.2479553222656, 310.9877014160156], [-0.07876521348953247, 157.4331512451172, 10.201485633850098, 184.33790588378906], [476.2579650878906, 219.736328125, 499.948486328125, 232.6234130859375], [485.12200927734375, 174.33233642578125, 500.2071838378906, 211.03929138183594], [476.2579650878906, 219.736328125, 499.948486328125, 232.6234130859375], [205.50094604492188, 304.4817199707031, 499.7590637207031, 374.7831115722656], [112.9720687866211, 117.7831039428711, 127.15074157714844, 147.2195281982422], [115.8261489868164, 118.10811614990234, 128.28358459472656, 141.3218231201172], [466.1666259765625, 192.9791717529297, 472.9439697265625, 215.7086181640625], [477.3656005859375, 204.6392059326172, 500.0567321777344, 221.8819580078125], [487.4107971191406, 203.15728759765625, 499.96435546875, 211.64996337890625], [263.162841796875, 115.16004943847656, 276.12103271484375, 128.05690002441406], [391.8040466308594, 203.06143188476562, 404.2644958496094, 210.75057983398438], [112.43272399902344, 145.8042449951172, 132.3759307861328, 170.8126983642578], [43.76559829711914, 188.463134765625, 49.0027961730957, 205.42063903808594], [475.97430419921875, 200.95849609375, 500.2493896484375, 243.3710174560547], [365.1358947753906, 134.9416961669922, 501.13458251953125, 241.05386352539062], [366.6571350097656, 208.52154541015625, 499.97149658203125, 242.61282348632812], [-0.49862638115882874, 215.54945373535156, 80.91385650634766, 373.46185302734375], [419.94757080078125, 210.61715698242188, 448.2353210449219, 218.44276428222656], [438.652099609375, 193.868408203125, 472.7317199707031, 208.4533233642578], [73.0534896850586, 155.98574829101562, 78.17674255371094, 173.72998046875], [322.3348693847656, 238.56484985351562, 347.4584655761719, 315.6914978027344], [1.2224900722503662, 194.38790893554688, 6.023947238922119, 205.90916442871094], [73.08059692382812, 154.937744140625, 79.41879272460938, 203.839599609375], [473.4574279785156, 194.1857452392578, 483.03106689453125, 211.9942626953125], [473.1960144042969, 194.16812133789062, 478.2481384277344, 210.63229370117188], [476.56695556640625, 189.5313720703125, 499.87432861328125, 212.3026123046875], [477.1231384277344, 210.44796752929688, 500.0266418457031, 221.89891052246094], [106.68013763427734, 116.15096282958984, 115.5849380493164, 128.31785583496094], [107.05876159667969, 115.44254302978516, 117.50077819824219, 128.66241455078125], [417.2896728515625, 207.61038208007812, 448.4437561035156, 216.623046875], [477.3656005859375, 204.6392059326172, 500.0567321777344, 221.8819580078125], [404.9954833984375, 170.16629028320312, 421.934814453125, 187.9691925048828], [367.947265625, 198.8743133544922, 386.2225646972656, 209.78897094726562], [475.75128173828125, 194.32029724121094, 488.6761169433594, 212.04031372070312], [437.5298156738281, 194.5041046142578, 487.6420593261719, 212.746826171875], [1.9078552722930908, 24.08773422241211, 369.55816650390625, 336.0345764160156], [1.9078552722930908, 24.08773422241211, 369.55816650390625, 336.0345764160156], [161.24981689453125, 81.2052001953125, 186.07986450195312, 96.14297485351562], [398.20330810546875, 169.26058959960938, 404.90435791015625, 187.36277770996094], [0.5403757095336914, 245.0725860595703, 499.3965759277344, 375.53717041015625], [487.4107971191406, 203.15728759765625, 499.96435546875, 211.64996337890625], [44.00968551635742, 188.50860595703125, 49.52415084838867, 205.95709228515625], [1.9078552722930908, 24.08773422241211, 369.55816650390625, 336.0345764160156], [342.87432861328125, 113.20947265625, 369.70611572265625, 239.73561096191406], [107.71501159667969, 165.6425323486328, 117.59798431396484, 175.59815979003906], [0.43420401215553284, 340.3410339355469, 23.4588680267334, 365.8360595703125], [100.7757339477539, 165.31195068359375, 116.21247100830078, 214.4136199951172], [295.4358825683594, 239.94639587402344, 344.4009094238281, 311.7452392578125], [416.0613098144531, 204.2255401611328, 424.7802734375, 213.27830505371094], [366.2298583984375, 209.87417602539062, 500.185791015625, 239.30909729003906], [430.5408630371094, 152.2841033935547, 435.77838134765625, 160.41397094726562], [1.9078552722930908, 24.08773422241211, 369.55816650390625, 336.0345764160156], [-0.20938925445079803, 11.07867431640625, 47.19780349731445, 131.48150634765625], [437.5298156738281, 194.5041046142578, 487.6420593261719, 212.746826171875], [416.306640625, 204.27450561523438, 428.57708740234375, 218.34605407714844], [485.39752197265625, 189.97669982910156, 499.9727478027344, 211.32131958007812], [1.2224900722503662, 194.38790893554688, 6.023947238922119, 205.90916442871094], [366.2195739746094, 207.52139282226562, 500.2555236816406, 234.49356079101562], [143.4352569580078, 71.0662612915039, 169.78884887695312, 98.78421783447266], [418.9822692871094, 210.64962768554688, 447.56866455078125, 216.8547821044922], [481.0953063964844, 158.0377655029297, 500.162109375, 211.3290557861328], [0.4815950393676758, 189.99827575683594, 7.038261890411377, 199.4319610595703], [433.8432922363281, 195.55194091796875, 448.53631591796875, 211.35525512695312], [417.2740173339844, 196.3128662109375, 499.8680725097656, 243.00311279296875], [352.1329650878906, 173.03472900390625, 367.5683288574219, 238.89105224609375], [473.1960144042969, 194.16812133789062, 478.2481384277344, 210.63229370117188], [476.2408752441406, 203.34716796875, 499.7867431640625, 221.71389770507812], [0.27678442001342773, 171.90614318847656, 9.799670219421387, 192.18199157714844], [0.5403757095336914, 245.0725860595703, 499.3965759277344, 375.53717041015625], [464.2030334472656, 218.2172088623047, 498.83660888671875, 243.6691436767578], [438.652099609375, 193.868408203125, 472.7317199707031, 208.4533233642578], [342.87432861328125, 113.20947265625, 369.70611572265625, 239.73561096191406], [485.39752197265625, 189.97669982910156, 499.9727478027344, 211.32131958007812], [118.25000762939453, 115.9283447265625, 127.25880432128906, 126.89643859863281], [0.43420401215553284, 340.3410339355469, 23.4588680267334, 365.8360595703125], [366.6723327636719, 203.79464721679688, 449.0444641113281, 224.54563903808594], [-0.20938925445079803, 11.07867431640625, 47.19780349731445, 131.48150634765625], [109.34087371826172, 130.865966796875, 114.56546020507812, 150.00833129882812], [370.3177185058594, 203.0045166015625, 384.71063232421875, 209.62429809570312], [352.1329650878906, 173.03472900390625, 367.5683288574219, 238.89105224609375], [259.7505187988281, 113.10008239746094, 280.3467102050781, 150.30784606933594], [1.9078552722930908, 24.08773422241211, 369.55816650390625, 336.0345764160156], [0.4815950393676758, 189.99827575683594, 7.038261890411377, 199.4319610595703], [476.0762023925781, 219.5237579345703, 500.1330871582031, 242.91070556640625], [366.4398193359375, 220.9018096923828, 448.8680419921875, 238.48182678222656], [131.44944763183594, 111.12068176269531, 143.3355712890625, 148.3994903564453], [193.14694213867188, 225.31773376464844, 216.55929565429688, 242.91473388671875], [366.41851806640625, 193.00643920898438, 500.4853515625, 242.28363037109375], [163.70394897460938, 221.735107421875, 223.3957061767578, 263.1050720214844], [485.6680908203125, 196.57965087890625, 499.7588195800781, 211.51513671875], [476.0622253417969, 229.74484252929688, 500.0606689453125, 243.10540771484375], [467.4046325683594, 195.70191955566406, 471.50054931640625, 208.04393005371094], [410.38604736328125, 133.4629364013672, 436.59375, 172.1228485107422], [1.9078552722930908, 24.08773422241211, 369.55816650390625, 336.0345764160156], [10.887182235717773, 178.0021209716797, 18.051103591918945, 188.1620330810547], [414.5955505371094, 134.7237548828125, 434.3271789550781, 154.5689239501953], [1.9078552722930908, 24.08773422241211, 369.55816650390625, 336.0345764160156], [261.7109680175781, 114.0618667602539, 278.0662536621094, 129.6505584716797], [433.6403503417969, 205.15289306640625, 448.39447021484375, 212.25668334960938], [465.8269958496094, 189.73410034179688, 471.4064025878906, 208.34902954101562], [86.4837646484375, 110.75202178955078, 121.87071228027344, 134.80882263183594], [417.2740173339844, 196.3128662109375, 499.8680725097656, 243.00311279296875], [0.43420401215553284, 340.3410339355469, 23.4588680267334, 365.8360595703125], [368.0220642089844, 201.08740234375, 380.3116455078125, 209.55186462402344], [257.0251770019531, 262.26953125, 286.1421813964844, 299.9716491699219], [1.9078552722930908, 24.08773422241211, 369.55816650390625, 336.0345764160156], [314.32373046875, 325.0644836425781, 400.7400207519531, 374.74267578125], [478.4471740722656, 202.30282592773438, 489.0811767578125, 212.07008361816406], [477.1231384277344, 210.44796752929688, 500.0266418457031, 221.89891052246094], [28.131956100463867, 108.22709655761719, 45.447296142578125, 127.95128631591797], [254.39674377441406, 109.29759216308594, 289.6133117675781, 169.94920349121094], [119.16339111328125, 292.2538146972656, 498.25262451171875, 374.75537109375], [195.48512268066406, 226.41275024414062, 218.7527313232422, 245.43301391601562], [465.8269958496094, 189.73410034179688, 471.4064025878906, 208.34902954101562], [109.34087371826172, 130.865966796875, 114.56546020507812, 150.00833129882812], [367.04522705078125, 202.0065460205078, 499.3735046386719, 221.73597717285156], [433.8432922363281, 195.55194091796875, 448.53631591796875, 211.35525512695312], [404.9954833984375, 170.16629028320312, 421.934814453125, 187.9691925048828], [436.2057189941406, 195.31324768066406, 448.3053283691406, 207.36473083496094], [116.75981903076172, 116.78182983398438, 139.41537475585938, 148.48989868164062], [1.9078552722930908, 24.08773422241211, 369.55816650390625, 336.0345764160156], [-0.20938925445079803, 11.07867431640625, 47.19780349731445, 131.48150634765625], [367.9176940917969, 203.65536499023438, 386.32342529296875, 212.26683044433594], [117.9830093383789, 116.29856872558594, 126.36500549316406, 126.61003112792969], [436.2057189941406, 195.31324768066406, 448.3053283691406, 207.36473083496094], [-0.20938925445079803, 11.07867431640625, 47.19780349731445, 131.48150634765625], [485.6680908203125, 196.57965087890625, 499.7588195800781, 211.51513671875], [404.9954833984375, 170.16629028320312, 421.934814453125, 187.9691925048828], [0.21153688430786133, 25.103084564208984, 367.1600341796875, 333.0839538574219], [404.9954833984375, 170.16629028320312, 421.934814453125, 187.9691925048828], [485.6680908203125, 196.57965087890625, 499.7588195800781, 211.51513671875], [121.23015594482422, 304.5191650390625, 495.5313415527344, 374.5111999511719], [416.6949157714844, 205.46932983398438, 448.65057373046875, 219.13540649414062], [-0.11298060417175293, 11.759868621826172, 46.151268005371094, 82.721435546875], [476.56695556640625, 189.5313720703125, 499.87432861328125, 212.3026123046875], [475.97430419921875, 200.95849609375, 500.2493896484375, 243.3710174560547], [416.6949157714844, 205.46932983398438, 448.65057373046875, 219.13540649414062], [1.9078552722930908, 24.08773422241211, 369.55816650390625, 336.0345764160156], [475.75128173828125, 194.32029724121094, 488.6761169433594, 212.04031372070312], [132.631103515625, 70.65836334228516, 147.8830108642578, 103.41679382324219], [1.9078552722930908, 24.08773422241211, 369.55816650390625, 336.0345764160156], [1.9078552722930908, 24.08773422241211, 369.55816650390625, 336.0345764160156], [111.41624450683594, 184.6680145263672, 118.88948822021484, 199.10353088378906], [404.9954833984375, 170.16629028320312, 421.934814453125, 187.9691925048828], [1.9078552722930908, 24.08773422241211, 369.55816650390625, 336.0345764160156], [476.56695556640625, 189.5313720703125, 499.87432861328125, 212.3026123046875], [0.02506747841835022, 9.653828620910645, 48.723297119140625, 192.15121459960938], [366.6571350097656, 208.52154541015625, 499.97149658203125, 242.61282348632812], [132.09371948242188, 116.64647674560547, 141.524658203125, 132.18617248535156], [87.08460235595703, 102.46825408935547, 97.38137817382812, 120.07722473144531], [261.48944091796875, 113.60460662841797, 276.4007568359375, 128.2138214111328], [0.8142068982124329, 191.14878845214844, 6.154345512390137, 199.69837951660156], [131.1304473876953, 112.82125854492188, 145.19931030273438, 174.94781494140625], [416.4859619140625, 204.10255432128906, 427.8831481933594, 212.9888153076172], [368.06121826171875, 196.5540008544922, 447.5932312011719, 209.37606811523438], [103.07127380371094, 113.8207015991211, 110.55611419677734, 127.83209228515625], [211.3214111328125, 234.5416717529297, 500.5732727050781, 374.2679138183594], [404.9954833984375, 170.16629028320312, 421.934814453125, 187.9691925048828], [1.9078552722930908, 24.08773422241211, 369.55816650390625, 336.0345764160156], [1.9078552722930908, 24.08773422241211, 369.55816650390625, 336.0345764160156], [0.02506747841835022, 9.653828620910645, 48.723297119140625, 192.15121459960938], [467.4046325683594, 195.70191955566406, 471.50054931640625, 208.04393005371094], [366.41851806640625, 193.00643920898438, 500.4853515625, 242.28363037109375], [367.5804138183594, 188.62930297851562, 500.3955993652344, 220.61253356933594], [1.2224900722503662, 194.38790893554688, 6.023947238922119, 205.90916442871094], [367.5804138183594, 188.62930297851562, 500.3955993652344, 220.61253356933594], [466.1666259765625, 192.9791717529297, 472.9439697265625, 215.7086181640625], [438.652099609375, 193.868408203125, 472.7317199707031, 208.4533233642578], [73.12171936035156, 156.67755126953125, 78.26557159423828, 174.0839080810547], [0.8142068982124329, 191.14878845214844, 6.154345512390137, 199.69837951660156], [416.6949157714844, 205.46932983398438, 448.65057373046875, 219.13540649414062], [386.3731384277344, 207.21058654785156, 448.7328796386719, 219.7258758544922], [476.0762023925781, 219.5237579345703, 500.1330871582031, 242.91070556640625], [475.9681091308594, 210.42132568359375, 499.1817626953125, 233.5625762939453], [146.80604553222656, 87.9208755493164, 161.28016662597656, 99.89517211914062], [107.27828216552734, 115.07892608642578, 126.9627685546875, 150.2769317626953], [103.36238098144531, 165.1652069091797, 118.47644805908203, 185.7168426513672], [416.3261413574219, 136.68565368652344, 430.8268737792969, 150.32249450683594], [466.1666259765625, 192.9791717529297, 472.9439697265625, 215.7086181640625], [1.9078552722930908, 24.08773422241211, 369.55816650390625, 336.0345764160156], [106.42884063720703, 115.62112426757812, 128.2100830078125, 171.31393432617188], [0.27678442001342773, 171.90614318847656, 9.799670219421387, 192.18199157714844]), Score: [0.9617868661880493, 0.101221464574337, 0.07150537520647049, 0.06828703731298447, 0.055861394852399826, 0.054508451372385025, 0.05346733704209328, 0.05278094485402107, 0.05248871073126793, 0.052228983491659164, 0.04902481660246849, 0.04654363542795181, 0.046418990939855576, 0.04466426745057106, 0.04382544010877609, 0.04240074008703232, 0.042300399392843246, 0.039445891976356506, 0.03732889145612717, 0.0365612767636776, 0.036123186349868774, 0.03523510321974754, 0.03480169177055359, 0.03350120410323143, 0.033035095781087875, 0.032866042107343674, 0.0323718786239624, 0.030844252556562424, 0.029614660888910294, 0.029584746807813644, 0.029485192149877548, 0.02835066430270672, 0.028239313513040543, 0.028127213940024376, 0.02800397202372551, 0.02788209728896618, 0.027588550001382828, 0.02700534090399742, 0.026410913094878197, 0.02593083679676056, 0.025682833045721054, 0.02540038712322712, 0.02536791004240513, 0.024570858106017113, 0.02438022755086422, 0.023940475657582283, 0.023770542815327644, 0.023769840598106384, 0.02280653640627861, 0.022785132750868797, 0.022369686514139175, 0.022321289405226707, 0.021717924624681473, 0.02170712687075138, 0.021403832361102104, 0.02138783596456051, 0.021161766722798347, 0.02055840939283371, 0.020406343042850494, 0.02039865031838417, 0.020233722403645515, 0.01967119425535202, 0.019476203247904778, 0.019250961020588875, 0.018761571496725082, 0.018710285425186157, 0.018490750342607498, 0.01831107959151268, 0.01824379526078701, 0.018224963918328285, 0.018083902075886726, 0.018018921837210655, 0.018008142709732056, 0.017994321882724762, 0.01794927380979061, 0.0178851205855608, 0.017833983525633812, 0.017811035737395287, 0.01779266819357872, 0.01779128611087799, 0.017783978953957558, 0.01762053556740284, 0.01761823147535324, 0.01761612854897976, 0.017536606639623642, 0.017511969432234764, 0.01750604622066021, 0.01749454438686371, 0.01736965775489807, 0.017252564430236816, 0.017184969037771225, 0.017104724422097206, 0.01705269329249859, 0.016927946358919144, 0.016780847683548927, 0.01656503416597843, 0.01642407849431038, 0.016366958618164062, 0.016227006912231445, 0.0161568745970726, 0.01604345813393593, 0.01598968170583248, 0.015948094427585602, 0.01578432321548462, 0.015766067430377007, 0.015704570338129997, 0.015693893656134605, 0.015591856092214584, 0.015522764064371586, 0.01551190298050642, 0.015491512604057789, 0.01544721145182848, 0.015336115844547749, 0.015233649872243404, 0.015200294554233551, 0.015184741467237473, 0.015172993764281273, 0.015141760930418968, 0.01499543059617281, 0.01497791800647974, 0.014940858818590641, 0.01491906400769949, 0.014875048771500587, 0.014792848378419876, 0.014761151745915413, 0.014617826789617538, 0.014478158205747604, 0.014444145374000072, 0.01437399722635746, 0.014350621029734612, 0.014343811199069023, 0.014303155243396759, 0.014293692074716091, 0.014233078807592392, 0.01420337799936533, 0.014143661595880985, 0.01411051582545042, 0.01403864286839962, 0.014012595638632774, 0.013921781443059444, 0.013919085264205933, 0.013910971581935883, 0.013848642818629742, 0.013791187666356564, 0.013728948310017586, 0.013596147298812866, 0.013571664690971375, 0.013504226692020893, 0.013453216291964054, 0.013422803953289986, 0.013402643613517284, 0.013373884372413158, 0.01336317416280508, 0.013356694020330906, 0.013341783545911312, 0.01327730342745781, 0.013258999213576317, 0.013257907703518867, 0.013251996599137783, 0.013244204223155975, 0.013180915266275406, 0.013168535195291042, 0.013148052617907524, 0.013143228366971016, 0.013136531226336956, 0.013127027079463005, 0.013085260055959225, 0.013033290393650532, 0.012997224926948547, 0.012989104725420475, 0.01298862136900425, 0.012971612624824047, 0.012967517599463463, 0.012954067438840866, 0.012942652218043804, 0.01292640995234251, 0.01291339099407196, 0.012887292541563511, 0.012781845405697823, 0.012773347087204456, 0.012747649103403091, 0.012739399448037148, 0.012718815356492996, 0.012700668536126614, 0.012685262598097324, 0.012652445584535599, 0.01264799665659666, 0.012615298852324486, 0.012600050307810307, 0.012592114508152008, 0.01254988368600607, 0.012463514693081379, 0.012408296577632427, 0.012406053021550179, 0.012348195537924767, 0.012314575724303722, 0.012267819605767727, 0.012246327474713326, 0.012232992798089981, 0.01199437491595745, 0.011964919976890087, 0.011958337388932705, 0.01189804170280695, 0.011841235682368279, 0.011824002489447594, 0.011781862005591393, 0.01176658645272255, 0.01172515656799078, 0.011699420399963856, 0.011692029424011707, 0.011671093292534351, 0.011667204089462757, 0.011659223586320877, 0.011658981442451477, 0.011651990003883839, 0.011628887616097927, 0.011612539179623127, 0.01149457972496748, 0.01148128043860197, 0.011450273916125298, 0.011437231674790382, 0.011411224491894245, 0.011387140490114689, 0.011375847272574902, 0.011318380013108253, 0.011315247043967247, 0.01131057646125555, 0.011307626962661743, 0.011259563267230988, 0.01122218370437622, 0.011160715483129025, 0.011076192371547222, 0.011069330386817455, 0.011055621318519115, 0.010998633690178394, 0.010997792705893517, 0.010997663252055645, 0.010976377874612808, 0.010967058129608631, 0.01090332493185997, 0.010856250301003456, 0.010849564336240292, 0.010821536183357239, 0.010811904445290565, 0.010769189335405827, 0.01073689479380846, 0.010718257166445255, 0.010680180974304676, 0.010644006542861462, 0.010641471482813358, 0.010616469196975231, 0.010606926865875721, 0.010543602518737316, 0.010527457110583782, 0.010523230768740177, 0.010484038852155209, 0.010465332306921482, 0.010453926399350166, 0.010452278889715672, 0.0104454904794693, 0.0104164844378829, 0.010365290567278862, 0.010354196652770042, 0.01031065545976162, 0.010263762436807156, 0.01026235707104206, 0.010261660441756248, 0.010252055712044239, 0.010215590707957745, 0.010202499106526375, 0.010183616541326046, 0.010150778107345104, 0.010146208107471466, 0.01010703295469284, 0.010106350295245647, 0.010080341249704361, 0.010059038177132607, 0.01005492638796568, 0.010045381262898445, 0.009987331926822662, 0.009978028945624828, 0.009975193999707699, 0.009970514103770256, 0.009966067038476467, 0.009955919347703457, 0.009950684383511543, 0.009922144934535027, 0.009905197657644749, 0.009891967289149761, 0.009830700233578682, 0.009823249652981758, 0.009805015288293362, 0.009793184697628021, 0.009728585369884968, 0.009727350436151028, 0.009724521078169346, 0.009718828834593296, 0.009690956212580204, 0.00968848168849945, 0.009640096686780453]

Execution time: 0.4157 sec
