Label: tensor([ 4, 74,  4, 14,  4,  8,  4, 33, 61, 34, 64, 63, 74, 44, 55, 14, 14,  0,
        19,  4,  8,  7,  4, 25, 33,  3, 32, 79, 40,  4, 11,  4, 37, 62, 30,  4,
         2, 32,  0, 27, 14, 20, 37,  0, 59,  0, 27, 67,  9, 36,  4, 33, 31,  4,
         6, 14,  4,  4,  0, 15,  9, 62, 14, 14,  8,  0, 77, 74, 31, 42,  4, 33,
         4, 62, 18, 45, 18,  4,  8, 38, 62, 41, 44,  0, 14, 33, 77,  0,  0,  5,
        27, 56,  8, 33, 14, 61, 37,  0,  4,  1,  2,  4,  4, 15, 55, 16, 67,  0,
        64,  4, 36, 16, 15,  0,  4, 24,  0,  0, 42,  0, 61,  2,  4, 32, 52,  4,
        38, 56, 30,  2,  4,  4, 61, 14, 79, 25,  4, 74,  9,  4, 74,  4, 33, 14,
         4, 59,  4,  4,  4,  4,  4, 59,  0, 33,  7, 62,  4,  4,  7,  0, 18, 33,
         4,  0,  0, 27, 14, 26, 14,  0,  4, 14,  0,  4,  0,  0, 25,  8, 18,  0,
        33, 67, 25,  4,  0, 14,  8, 14,  0, 33, 79,  4,  4,  4,  4,  0, 33, 33,
         0,  4,  7, 18,  4, 14, 33, 33, 18, 21,  0,  0, 14, 33,  0, 33,  0, 14,
        77, 33, 37, 71, 21, 77, 30,  4, 27,  0, 71, 33,  0, 14, 32, 33, 14, 74,
        33,  4,  0, 77, 16, 13,  4, 33, 14, 50, 14,  4, 18, 14, 19, 14, 14, 72,
        59,  0, 33, 14, 18,  0,  4,  0, 33,  4,  0,  0,  0, 61,  0,  4,  0,  0,
        39, 62,  0, 33, 33, 56, 61,  0,  0, 32, 65,  4, 16,  0,  0,  0,  0,  0,
         2, 19,  4, 32, 15,  4, 18, 26,  4, 18,  4, 18]), Box: ([153.82960510253906, 106.71505737304688, 274.1715393066406, 253.09449768066406], [224.65554809570312, 119.80989837646484, 232.91439819335938, 128.12435913085938], [238.36923217773438, 148.067626953125, 249.44183349609375, 152.38804626464844], [154.17449951171875, 107.11968994140625, 273.90252685546875, 253.32061767578125], [247.3977508544922, 171.11399841308594, 261.0901794433594, 175.20999145507812], [154.17449951171875, 107.11968994140625, 273.90252685546875, 253.32061767578125], [154.17449951171875, 107.11968994140625, 273.90252685546875, 253.32061767578125], [154.17449951171875, 107.11968994140625, 273.90252685546875, 253.32061767578125], [153.82960510253906, 106.71505737304688, 274.1715393066406, 253.09449768066406], [153.82960510253906, 106.71505737304688, 274.1715393066406, 253.09449768066406], [153.82960510253906, 106.71505737304688, 274.1715393066406, 253.09449768066406], [153.82960510253906, 106.71505737304688, 274.1715393066406, 253.09449768066406], [224.76895141601562, 119.74356842041016, 232.51451110839844, 127.16587829589844], [153.82960510253906, 106.71505737304688, 274.1715393066406, 253.09449768066406], [153.82960510253906, 106.71505737304688, 274.1715393066406, 253.09449768066406], [224.65554809570312, 119.80989837646484, 232.91439819335938, 128.12435913085938], [153.82960510253906, 106.71505737304688, 274.1715393066406, 253.09449768066406], [224.65554809570312, 119.80989837646484, 232.91439819335938, 128.12435913085938], [153.82960510253906, 106.71505737304688, 274.1715393066406, 253.09449768066406], [-0.0023245811462402344, 0.25243574380874634, 499.7864074707031, 364.9061279296875], [153.82960510253906, 106.71505737304688, 274.1715393066406, 253.09449768066406], [153.82960510253906, 106.71505737304688, 274.1715393066406, 253.09449768066406], [-0.12649595737457275, -0.16294938325881958, 499.8006896972656, 365.7750549316406], [153.82960510253906, 106.71505737304688, 274.1715393066406, 253.09449768066406], [153.82960510253906, 106.71505737304688, 274.1715393066406, 253.09449768066406], [153.82960510253906, 106.71505737304688, 274.1715393066406, 253.09449768066406], [224.65554809570312, 119.80989837646484, 232.91439819335938, 128.12435913085938], [153.82960510253906, 106.71505737304688, 274.1715393066406, 253.09449768066406], [153.82960510253906, 106.71505737304688, 274.1715393066406, 253.09449768066406], [0.667184591293335, 0.3397078514099121, 495.85400390625, 266.729248046875], [224.65554809570312, 119.80989837646484, 232.91439819335938, 128.12435913085938], [0.2117455005645752, 95.39840698242188, 500.1332702636719, 338.5950622558594], [153.82960510253906, 106.71505737304688, 274.1715393066406, 253.09449768066406], [153.82960510253906, 106.71505737304688, 274.1715393066406, 253.09449768066406], [153.82960510253906, 106.71505737304688, 274.1715393066406, 253.09449768066406], [221.44485473632812, 149.91305541992188, 247.58477783203125, 154.26683044433594], [153.82960510253906, 106.71505737304688, 274.1715393066406, 253.09449768066406], [153.82960510253906, 106.71505737304688, 274.1715393066406, 253.09449768066406], [222.8711395263672, 152.12559509277344, 230.0988006591797, 159.78167724609375], [153.82960510253906, 106.71505737304688, 274.1715393066406, 253.09449768066406], [247.3977508544922, 171.11399841308594, 261.0901794433594, 175.20999145507812], [153.82960510253906, 106.71505737304688, 274.1715393066406, 253.09449768066406], [154.17449951171875, 107.11968994140625, 273.90252685546875, 253.32061767578125], [-0.12649595737457275, -0.16294938325881958, 499.8006896972656, 365.7750549316406], [153.82960510253906, 106.71505737304688, 274.1715393066406, 253.09449768066406], [-0.0023245811462402344, 0.25243574380874634, 499.7864074707031, 364.9061279296875], [238.36923217773438, 148.067626953125, 249.44183349609375, 152.38804626464844], [25.928133010864258, 18.72006607055664, 31.99828338623047, 23.711763381958008], [153.82960510253906, 106.71505737304688, 274.1715393066406, 253.09449768066406], [153.82960510253906, 106.71505737304688, 274.1715393066406, 253.09449768066406], [130.36256408691406, 0.31507837772369385, 476.2660217285156, 257.4922180175781], [224.65554809570312, 119.80989837646484, 232.91439819335938, 128.12435913085938], [154.17449951171875, 107.11968994140625, 273.90252685546875, 253.32061767578125], [7.3774309158325195, 0.3818877339363098, 422.87689208984375, 193.4171142578125], [153.82960510253906, 106.71505737304688, 274.1715393066406, 253.09449768066406], [224.76895141601562, 119.74356842041016, 232.51451110839844, 127.16587829589844], [0.13394653797149658, -0.01585972309112549, 310.4104919433594, 365.91436767578125], [233.01173400878906, 107.78422546386719, 273.6755065917969, 201.17930603027344], [224.76895141601562, 119.74356842041016, 232.51451110839844, 127.16587829589844], [153.82960510253906, 106.71505737304688, 274.1715393066406, 253.09449768066406], [224.65554809570312, 119.80989837646484, 232.91439819335938, 128.12435913085938], [-0.12649595737457275, -0.16294938325881958, 499.8006896972656, 365.7750549316406], [-0.12649595737457275, -0.16294938325881958, 499.8006896972656, 365.7750549316406], [-0.0023245811462402344, 0.25243574380874634, 499.7864074707031, 364.9061279296875], [247.3977508544922, 171.11399841308594, 261.0901794433594, 175.20999145507812], [1.720599889755249, 0.12480533123016357, 170.00692749023438, 186.12730407714844], [153.82960510253906, 106.71505737304688, 274.1715393066406, 253.09449768066406], [154.17449951171875, 107.11968994140625, 273.90252685546875, 253.32061767578125], [153.82960510253906, 106.71505737304688, 274.1715393066406, 253.09449768066406], [153.82960510253906, 106.71505737304688, 274.1715393066406, 253.09449768066406], [19.837528228759766, 97.60945892333984, 489.58148193359375, 264.8354187011719], [-0.12649595737457275, -0.16294938325881958, 499.8006896972656, 365.7750549316406], [151.68057250976562, 105.2491683959961, 460.7900390625, 253.92559814453125], [-0.0023245811462402344, 0.25243574380874634, 499.7864074707031, 364.9061279296875], [-0.12649595737457275, -0.16294938325881958, 499.8006896972656, 365.7750549316406], [154.17449951171875, 107.11968994140625, 273.90252685546875, 253.32061767578125], [-0.0023245811462402344, 0.25243574380874634, 499.7864074707031, 364.9061279296875], [0.1494884490966797, 102.26710510253906, 343.6608581542969, 364.6990661621094], [238.36923217773438, 148.067626953125, 249.44183349609375, 152.38804626464844], [153.82960510253906, 106.71505737304688, 274.1715393066406, 253.09449768066406], [154.17449951171875, 107.11968994140625, 273.90252685546875, 253.32061767578125], [153.82960510253906, 106.71505737304688, 274.1715393066406, 253.09449768066406], [154.17449951171875, 107.11968994140625, 273.90252685546875, 253.32061767578125], [0.13394653797149658, -0.01585972309112549, 310.4104919433594, 365.91436767578125], [238.36923217773438, 148.067626953125, 249.44183349609375, 152.38804626464844], [-0.0023245811462402344, 0.25243574380874634, 499.7864074707031, 364.9061279296875], [154.17449951171875, 107.11968994140625, 273.90252685546875, 253.32061767578125], [1.2691617012023926, 0.3877560496330261, 152.89292907714844, 190.58692932128906], [-0.5290284752845764, -0.016394197940826416, 233.09219360351562, 365.9219970703125], [153.82960510253906, 106.71505737304688, 274.1715393066406, 253.09449768066406], [25.928133010864258, 18.72006607055664, 31.99828338623047, 23.711763381958008], [153.82960510253906, 106.71505737304688, 274.1715393066406, 253.09449768066406], [224.65554809570312, 119.80989837646484, 232.91439819335938, 128.12435913085938], [0.13394653797149658, -0.01585972309112549, 310.4104919433594, 365.91436767578125], [0.13394653797149658, -0.01585972309112549, 310.4104919433594, 365.91436767578125], [154.17449951171875, 107.11968994140625, 273.90252685546875, 253.32061767578125], [238.36923217773438, 148.067626953125, 249.44183349609375, 152.38804626464844], [83.70906066894531, 0.18935680389404297, 152.90867614746094, 110.74785614013672], [153.4190673828125, 105.63435363769531, 444.1034240722656, 253.869384765625], [224.65554809570312, 119.80989837646484, 232.91439819335938, 128.12435913085938], [154.17449951171875, 107.11968994140625, 273.90252685546875, 253.32061767578125], [153.68685913085938, 136.21990966796875, 211.5608367919922, 199.95965576171875], [0.8900314569473267, 1.9532983303070068, 277.4926452636719, 319.37713623046875], [-0.12649595737457275, -0.16294938325881958, 499.8006896972656, 365.7750549316406], [154.17449951171875, 107.11968994140625, 273.90252685546875, 253.32061767578125], [-0.12649595737457275, -0.16294938325881958, 499.8006896972656, 365.7750549316406], [27.68897819519043, 18.34657096862793, 34.49443817138672, 24.594348907470703], [7.3774309158325195, 0.3818877339363098, 422.87689208984375, 193.4171142578125], [154.17449951171875, 107.11968994140625, 273.90252685546875, 253.32061767578125], [0.32517313957214355, 266.82781982421875, 498.58868408203125, 365.5271301269531], [154.17449951171875, 107.11968994140625, 273.90252685546875, 253.32061767578125], [-0.0023245811462402344, 0.25243574380874634, 499.7864074707031, 364.9061279296875], [-0.0023245811462402344, 0.25243574380874634, 499.7864074707031, 364.9061279296875], [92.652587890625, -0.1516408771276474, 139.30499267578125, 48.88283157348633], [224.65554809570312, 119.80989837646484, 232.91439819335938, 128.12435913085938], [92.652587890625, -0.1516408771276474, 139.30499267578125, 48.88283157348633], [-0.3565549850463867, -0.01660144329071045, 139.43092346191406, 365.7295227050781], [0.667184591293335, 0.3397078514099121, 495.85400390625, 266.729248046875], [154.17449951171875, 107.11968994140625, 273.90252685546875, 253.32061767578125], [89.97240447998047, 0.0966581404209137, 157.0436248779297, 99.45130920410156], [-0.0023245811462402344, 0.25243574380874634, 499.7864074707031, 364.9061279296875], [-0.0023245811462402344, 0.25243574380874634, 499.7864074707031, 364.9061279296875], [233.66567993164062, 107.11943054199219, 272.4901123046875, 177.89122009277344], [224.76895141601562, 119.74356842041016, 232.51451110839844, 127.16587829589844], [153.82960510253906, 106.71505737304688, 274.1715393066406, 253.09449768066406], [154.71115112304688, 105.86151123046875, 247.4662628173828, 200.6023712158203], [224.65554809570312, 119.80989837646484, 232.91439819335938, 128.12435913085938], [154.17449951171875, 107.11968994140625, 273.90252685546875, 253.32061767578125], [238.36923217773438, 148.067626953125, 249.44183349609375, 152.38804626464844], [-0.12649595737457275, -0.16294938325881958, 499.8006896972656, 365.7750549316406], [-0.6169825792312622, 63.7569694519043, 499.30767822265625, 288.955078125], [160.83030700683594, 106.55623626708984, 240.25042724609375, 175.5750274658203], [-0.12649595737457275, -0.16294938325881958, 499.8006896972656, 365.7750549316406], [222.8711395263672, 152.12559509277344, 230.0988006591797, 159.78167724609375], [25.928133010864258, 18.72006607055664, 31.99828338623047, 23.711763381958008], [154.17449951171875, 107.11968994140625, 273.90252685546875, 253.32061767578125], [213.0958251953125, 107.24661254882812, 273.1914978027344, 251.78289794921875], [25.928133010864258, 18.72006607055664, 31.99828338623047, 23.711763381958008], [154.17449951171875, 107.11968994140625, 273.90252685546875, 253.32061767578125], [-0.7251203060150146, 0.19130927324295044, 396.4341125488281, 349.97021484375], [153.82960510253906, 106.71505737304688, 274.1715393066406, 253.09449768066406], [222.8711395263672, 152.12559509277344, 230.0988006591797, 159.78167724609375], [0.2117455005645752, 95.39840698242188, 500.1332702636719, 338.5950622558594], [0.2117455005645752, 95.39840698242188, 500.1332702636719, 338.5950622558594], [160.26565551757812, 180.63780212402344, 257.52215576171875, 252.369384765625], [-0.12649595737457275, -0.16294938325881958, 499.8006896972656, 365.7750549316406], [0.15467405319213867, 262.5609130859375, 495.0649719238281, 365.3633117675781], [29.4005126953125, -0.5620930194854736, 378.0276184082031, 258.8535461425781], [0.3551989793777466, 98.78153228759766, 382.4951171875, 266.6330871582031], [223.3869171142578, 184.43055725097656, 271.0871276855469, 249.62527465820312], [226.34071350097656, 185.8806610107422, 271.3613586425781, 251.99900817871094], [-0.0023245811462402344, 0.25243574380874634, 499.7864074707031, 364.9061279296875], [2.6604011058807373, 0.2125464677810669, 208.93162536621094, 173.64410400390625], [151.68057250976562, 105.2491683959961, 460.7900390625, 253.92559814453125], [-0.0023245811462402344, 0.25243574380874634, 499.7864074707031, 364.9061279296875], [224.65554809570312, 119.80989837646484, 232.91439819335938, 128.12435913085938], [156.89468383789062, 106.23958587646484, 241.58155822753906, 181.3950653076172], [-0.09644031524658203, 184.6819610595703, 495.4331359863281, 365.40618896484375], [-0.12649595737457275, -0.16294938325881958, 499.8006896972656, 365.7750549316406], [-0.7251203060150146, 0.19130927324295044, 396.4341125488281, 349.97021484375], [0.2117455005645752, 95.39840698242188, 500.1332702636719, 338.5950622558594], [153.4190673828125, 105.63435363769531, 444.1034240722656, 253.869384765625], [209.8748321533203, 108.13740539550781, 269.6773986816406, 182.89341735839844], [153.82960510253906, 106.71505737304688, 274.1715393066406, 253.09449768066406], [9.119458198547363, 0.027443647384643555, 150.7708740234375, 192.36044311523438], [27.68897819519043, 18.34657096862793, 34.49443817138672, 24.594348907470703], [-0.7251203060150146, 0.19130927324295044, 396.4341125488281, 349.97021484375], [92.652587890625, -0.1516408771276474, 139.30499267578125, 48.88283157348633], [0.667184591293335, 0.3397078514099121, 495.85400390625, 266.729248046875], [147.92703247070312, 0.24536213278770447, 233.1253204345703, 88.74380493164062], [151.07662963867188, -0.16523998975753784, 420.8282775878906, 165.55599975585938], [0.1494884490966797, 102.26710510253906, 343.6608581542969, 364.6990661621094], [33.151634216308594, -0.36727964878082275, 67.0141830444336, 52.863948822021484], [124.7153549194336, 1.303769588470459, 499.11419677734375, 339.2188720703125], [-0.8301734924316406, 273.26092529296875, 308.67401123046875, 365.6902770996094], [247.3977508544922, 171.11399841308594, 261.0901794433594, 175.20999145507812], [-0.0023245811462402344, 0.25243574380874634, 499.7864074707031, 364.9061279296875], [-0.12649595737457275, -0.16294938325881958, 499.8006896972656, 365.7750549316406], [-0.8301734924316406, 273.26092529296875, 308.67401123046875, 365.6902770996094], [94.23836517333984, 0.5187296867370605, 249.1881561279297, 121.98548889160156], [0.1494884490966797, 102.26710510253906, 343.6608581542969, 364.6990661621094], [153.82960510253906, 106.71505737304688, 274.1715393066406, 253.09449768066406], [-0.12649595737457275, -0.16294938325881958, 499.8006896972656, 365.7750549316406], [-0.8301734924316406, 273.26092529296875, 308.67401123046875, 365.6902770996094], [3.9690659046173096, -0.05873769521713257, 246.92404174804688, 122.14346313476562], [69.26139068603516, -0.3683622479438782, 433.7603454589844, 365.5093688964844], [-0.0023245811462402344, 0.25243574380874634, 499.7864074707031, 364.9061279296875], [130.36256408691406, 0.31507837772369385, 476.2660217285156, 257.4922180175781], [353.4356384277344, -0.05842682719230652, 500.3347473144531, 165.31968688964844], [0.667184591293335, 0.3397078514099121, 495.85400390625, 266.729248046875], [238.36923217773438, 148.067626953125, 249.44183349609375, 152.38804626464844], [-1.309916377067566, 281.6282653808594, 317.0626220703125, 365.67718505859375], [154.98036193847656, 107.95084381103516, 235.31935119628906, 192.8533172607422], [82.99794006347656, 97.32209014892578, 271.1202392578125, 220.95794677734375], [-0.5059093236923218, 193.06314086914062, 407.02099609375, 365.6804504394531], [86.03931427001953, 0.10613688826560974, 228.23187255859375, 162.9048614501953], [-0.7251203060150146, 0.19130927324295044, 396.4341125488281, 349.97021484375], [-0.5290284752845764, -0.016394197940826416, 233.09219360351562, 365.9219970703125], [28.66196632385254, -0.22137075662612915, 457.95587158203125, 365.7613830566406], [3.9690659046173096, -0.05873769521713257, 246.92404174804688, 122.14346313476562], [247.3977508544922, 171.11399841308594, 261.0901794433594, 175.20999145507812], [0.667184591293335, 0.3397078514099121, 495.85400390625, 266.729248046875], [-0.8964985609054565, 39.36772537231445, 499.0281982421875, 258.36248779296875], [-0.5290284752845764, -0.016394197940826416, 233.09219360351562, 365.9219970703125], [29.4005126953125, -0.5620930194854736, 378.0276184082031, 258.8535461425781], [124.7153549194336, 1.303769588470459, 499.11419677734375, 339.2188720703125], [-0.04381686449050903, 278.0965270996094, 236.71302795410156, 365.6380310058594], [-0.12649595737457275, -0.16294938325881958, 499.8006896972656, 365.7750549316406], [-1.309916377067566, 281.6282653808594, 317.0626220703125, 365.67718505859375], [69.26139068603516, -0.3683622479438782, 433.7603454589844, 365.5093688964844], [227.2441864013672, 343.8864440917969, 290.6154479980469, 366.10699462890625], [130.36256408691406, 0.31507837772369385, 476.2660217285156, 257.4922180175781], [0.1494884490966797, 102.26710510253906, 343.6608581542969, 364.6990661621094], [69.26139068603516, -0.3683622479438782, 433.7603454589844, 365.5093688964844], [51.82219314575195, -0.2300068885087967, 101.63689422607422, 78.27205657958984], [124.7153549194336, 1.303769588470459, 499.11419677734375, 339.2188720703125], [-0.12649595737457275, -0.16294938325881958, 499.8006896972656, 365.7750549316406], [-0.3565549850463867, -0.01660144329071045, 139.43092346191406, 365.7295227050781], [247.3977508544922, 171.11399841308594, 261.0901794433594, 175.20999145507812], [-0.0023245811462402344, 0.25243574380874634, 499.7864074707031, 364.9061279296875], [-0.0023245811462402344, 0.25243574380874634, 499.7864074707031, 364.9061279296875], [-0.0023245811462402344, 0.25243574380874634, 499.7864074707031, 364.9061279296875], [154.17449951171875, 107.11968994140625, 273.90252685546875, 253.32061767578125], [2.6604011058807373, 0.2125464677810669, 208.93162536621094, 173.64410400390625], [221.44485473632812, 149.91305541992188, 247.58477783203125, 154.26683044433594], [0.32517313957214355, 266.82781982421875, 498.58868408203125, 365.5271301269531], [-0.12649595737457275, -0.16294938325881958, 499.8006896972656, 365.7750549316406], [-0.09644031524658203, 184.6819610595703, 495.4331359863281, 365.40618896484375], [40.23173904418945, -0.6336826682090759, 67.65609741210938, 51.296356201171875], [29.4005126953125, -0.5620930194854736, 378.0276184082031, 258.8535461425781], [154.17449951171875, 107.11968994140625, 273.90252685546875, 253.32061767578125], [28.66196632385254, -0.22137075662612915, 457.95587158203125, 365.7613830566406], [83.70906066894531, 0.18935680389404297, 152.90867614746094, 110.74785614013672], [27.68897819519043, 18.34657096862793, 34.49443817138672, 24.594348907470703], [-0.5059093236923218, 193.06314086914062, 407.02099609375, 365.6804504394531], [147.92703247070312, 0.24536213278770447, 233.1253204345703, 88.74380493164062], [87.68412780761719, 0.03453907370567322, 268.7874755859375, 163.848388671875], [0.13394653797149658, -0.01585972309112549, 310.4104919433594, 365.91436767578125], [224.65554809570312, 119.80989837646484, 232.91439819335938, 128.12435913085938], [153.82960510253906, 106.71505737304688, 274.1715393066406, 253.09449768066406], [-0.5290284752845764, -0.016394197940826416, 233.09219360351562, 365.9219970703125], [95.2975082397461, 0.19291269779205322, 280.92413330078125, 252.82833862304688], [19.837528228759766, 97.60945892333984, 489.58148193359375, 264.8354187011719], [224.65554809570312, 119.80989837646484, 232.91439819335938, 128.12435913085938], [28.66196632385254, -0.22137075662612915, 457.95587158203125, 365.7613830566406], [155.27174377441406, 114.34344482421875, 215.66485595703125, 181.19424438476562], [-1.309916377067566, 281.6282653808594, 317.0626220703125, 365.67718505859375], [-0.3565549850463867, -0.01660144329071045, 139.43092346191406, 365.7295227050781], [-0.12649595737457275, -0.16294938325881958, 499.8006896972656, 365.7750549316406], [7.3774309158325195, 0.3818877339363098, 422.87689208984375, 193.4171142578125], [95.2975082397461, 0.19291269779205322, 280.92413330078125, 252.82833862304688], [-0.12649595737457275, -0.16294938325881958, 499.8006896972656, 365.7750549316406], [0.32517313957214355, 266.82781982421875, 498.58868408203125, 365.5271301269531], [54.65463638305664, -0.5543458461761475, 98.74580383300781, 71.31109619140625], [-0.8301734924316406, 273.26092529296875, 308.67401123046875, 365.6902770996094], [-0.6169825792312622, 63.7569694519043, 499.30767822265625, 288.955078125], [28.66196632385254, -0.22137075662612915, 457.95587158203125, 365.7613830566406], [36.38251876831055, -0.5507299900054932, 72.51271057128906, 55.814849853515625], [-0.9021610021591187, 74.76691436767578, 499.09271240234375, 280.2095947265625], [42.155906677246094, -0.02186983823776245, 486.7412414550781, 365.3538818359375], [233.01173400878906, 107.78422546386719, 273.6755065917969, 201.17930603027344], [0.8717179298400879, 240.71075439453125, 465.5569152832031, 365.24200439453125], [29.4005126953125, -0.5620930194854736, 378.0276184082031, 258.8535461425781], [32.06724548339844, -0.4450266659259796, 86.00629425048828, 61.95248031616211], [-0.04381686449050903, 278.0965270996094, 236.71302795410156, 365.6380310058594], [0.2117455005645752, 95.39840698242188, 500.1332702636719, 338.5950622558594], [129.53070068359375, -0.36611390113830566, 145.80955505371094, 34.759952545166016], [28.66196632385254, -0.22137075662612915, 457.95587158203125, 365.7613830566406], [232.2253875732422, 0.05517089366912842, 412.5284729003906, 168.58499145507812], [85.90328979492188, 0.7414584159851074, 186.69241333007812, 121.31414031982422], [224.65554809570312, 119.80989837646484, 232.91439819335938, 128.12435913085938], [0.13394653797149658, -0.01585972309112549, 310.4104919433594, 365.91436767578125], [0.7643587589263916, 27.683610916137695, 115.21965026855469, 197.00357055664062], [0.32517313957214355, 266.82781982421875, 498.58868408203125, 365.5271301269531], [0.8900314569473267, 1.9532983303070068, 277.4926452636719, 319.37713623046875], [92.652587890625, -0.1516408771276474, 139.30499267578125, 48.88283157348633], [0.667184591293335, 0.3397078514099121, 495.85400390625, 266.729248046875], [77.77394104003906, 0.23991921544075012, 166.1649627685547, 118.32672882080078], [0.8900314569473267, 1.9532983303070068, 277.4926452636719, 319.37713623046875], [-0.12649595737457275, -0.16294938325881958, 499.8006896972656, 365.7750549316406], [247.3977508544922, 171.11399841308594, 261.0901794433594, 175.20999145507812], [1.720599889755249, 0.12480533123016357, 170.00692749023438, 186.12730407714844], [0.13394653797149658, -0.01585972309112549, 310.4104919433594, 365.91436767578125], [3.0972585678100586, -0.6139370799064636, 139.61964416503906, 215.329833984375], [151.07662963867188, -0.16523998975753784, 420.8282775878906, 165.55599975585938], [0.8082277774810791, 15.118995666503906, 110.9061508178711, 186.47634887695312], [58.023582458496094, -0.3473813831806183, 99.0997085571289, 84.41834259033203], [56.381710052490234, -0.5580244660377502, 102.01219177246094, 91.11871337890625], [247.3977508544922, 171.11399841308594, 261.0901794433594, 175.20999145507812], [-0.0023245811462402344, 0.25243574380874634, 499.7864074707031, 364.9061279296875], [69.26139068603516, -0.3683622479438782, 433.7603454589844, 365.5093688964844], [-0.0023245811462402344, 0.25243574380874634, 499.7864074707031, 364.9061279296875], [0.13394653797149658, -0.01585972309112549, 310.4104919433594, 365.91436767578125], [-0.04381686449050903, 278.0965270996094, 236.71302795410156, 365.6380310058594], [69.26139068603516, -0.3683622479438782, 433.7603454589844, 365.5093688964844], [83.70906066894531, 0.18935680389404297, 152.90867614746094, 110.74785614013672], [42.155906677246094, -0.02186983823776245, 486.7412414550781, 365.3538818359375], [227.2441864013672, 343.8864440917969, 290.6154479980469, 366.10699462890625], [227.2441864013672, 343.8864440917969, 290.6154479980469, 366.10699462890625], [0.32517313957214355, 266.82781982421875, 498.58868408203125, 365.5271301269531]), Score: [0.9614503383636475, 0.06432361155748367, 0.03664195165038109, 0.03527412191033363, 0.028481189161539078, 0.028174638748168945, 0.02778065949678421, 0.022641949355602264, 0.02189474180340767, 0.02103017456829548, 0.020418455824255943, 0.019855758175253868, 0.019094251096248627, 0.018828196451067924, 0.016766684129834175, 0.016540443524718285, 0.016023071482777596, 0.01572255790233612, 0.01558524090796709, 0.015395186841487885, 0.015227370895445347, 0.015085617080330849, 0.01503042597323656, 0.01485100295394659, 0.014332623220980167, 0.014293752610683441, 0.013873476535081863, 0.013749158941209316, 0.01313695777207613, 0.012725595384836197, 0.012615091167390347, 0.011764769442379475, 0.011629091575741768, 0.011309402994811535, 0.011260327883064747, 0.011223427020013332, 0.011077388189733028, 0.010937482118606567, 0.01075844094157219, 0.010728186927735806, 0.010718277655541897, 0.010560130700469017, 0.010498568415641785, 0.010371713899075985, 0.010257239453494549, 0.01013741921633482, 0.010039934888482094, 0.00995276216417551, 0.009695731103420258, 0.009651579894125462, 0.009603554382920265, 0.009560794569551945, 0.009556903503835201, 0.009479930624365807, 0.009399385191500187, 0.009357406757771969, 0.009338784962892532, 0.009299780242145061, 0.00922099407762289, 0.009158417582511902, 0.00908611062914133, 0.009017987176775932, 0.008961398154497147, 0.008935568854212761, 0.008847258985042572, 0.008776922710239887, 0.008772356435656548, 0.008769703097641468, 0.008730453439056873, 0.00869391392916441, 0.008615710772573948, 0.008537894114851952, 0.008509761653840542, 0.008501020260155201, 0.008497515693306923, 0.008496732451021671, 0.00845091138035059, 0.008434564806520939, 0.008378895930945873, 0.008356541395187378, 0.008347820490598679, 0.00833526998758316, 0.008301779627799988, 0.008244390599429607, 0.008230249397456646, 0.008218927308917046, 0.008141753263771534, 0.008093565702438354, 0.00802859477698803, 0.007983325980603695, 0.007969176396727562, 0.007953577674925327, 0.007860115729272366, 0.007837565615773201, 0.007794667035341263, 0.007785706780850887, 0.007660964969545603, 0.007544044870883226, 0.007518839091062546, 0.0075012389570474625, 0.007498850114643574, 0.007466842420399189, 0.007463610265403986, 0.007386242039501667, 0.00737612834200263, 0.007355512585490942, 0.007352240849286318, 0.007295809220522642, 0.007202566135674715, 0.007158886641263962, 0.007105071563273668, 0.007095991168171167, 0.007075952365994453, 0.007070751860737801, 0.007069848012179136, 0.007062855176627636, 0.00705765699967742, 0.0070513347163796425, 0.007041062694042921, 0.007013452239334583, 0.007003589533269405, 0.007001026533544064, 0.00698533421382308, 0.0069203246384859085, 0.006854627281427383, 0.006796977948397398, 0.006714807823300362, 0.006708316504955292, 0.006703396327793598, 0.006666369736194611, 0.006653095595538616, 0.006639803759753704, 0.006631788797676563, 0.0066059608943760395, 0.006581741385161877, 0.0065140011720359325, 0.006504115182906389, 0.0064698560163378716, 0.006456542760133743, 0.006430804263800383, 0.006426714360713959, 0.006411036942154169, 0.0064094578847289085, 0.0064084469340741634, 0.006393346935510635, 0.006390221882611513, 0.006368810310959816, 0.006337534636259079, 0.006336594466120005, 0.006329617463052273, 0.006326268892735243, 0.006307006347924471, 0.006296354811638594, 0.006229263264685869, 0.006219591945409775, 0.006172960624098778, 0.006131053902208805, 0.006120271980762482, 0.006094514392316341, 0.0060618845745921135, 0.0060571893118321896, 0.006056428421288729, 0.006034449208527803, 0.006026586052030325, 0.00598498061299324, 0.005952098872512579, 0.005946822464466095, 0.00593992043286562, 0.005893700290471315, 0.005867668893188238, 0.0058393822982907295, 0.0058348774909973145, 0.005827819462865591, 0.0058273556642234325, 0.005820930935442448, 0.0058103082701563835, 0.005775406025350094, 0.005774809047579765, 0.005767829716205597, 0.005762286949902773, 0.00575238699093461, 0.005687948316335678, 0.005687158089131117, 0.005666642915457487, 0.005650732666254044, 0.005646843463182449, 0.005643805488944054, 0.005618507508188486, 0.005610201507806778, 0.00560927577316761, 0.005602736491709948, 0.005581359378993511, 0.005560330115258694, 0.005558028817176819, 0.00555415078997612, 0.005525293760001659, 0.00549999438226223, 0.005492795258760452, 0.005486737005412579, 0.005486461333930492, 0.0054586660116910934, 0.005422153044492006, 0.005415735766291618, 0.005414990708231926, 0.005414890591055155, 0.005390720441937447, 0.005362105555832386, 0.005354850087314844, 0.005353597924113274, 0.00535280816257, 0.005352783016860485, 0.005294491536915302, 0.005281624384224415, 0.005238406825810671, 0.005227427929639816, 0.005220226943492889, 0.005211589392274618, 0.005180805921554565, 0.005179855041205883, 0.005158795975148678, 0.005134873557835817, 0.005127921234816313, 0.005093343090265989, 0.005085833836346865, 0.005084000527858734, 0.005063951015472412, 0.005058781243860722, 0.005038861650973558, 0.0050341906026005745, 0.0050017815083265305, 0.004997841082513332, 0.004996496718376875, 0.0049947830848395824, 0.004994664806872606, 0.004990739282220602, 0.00498568918555975, 0.004983922466635704, 0.0049744704738259315, 0.004973549861460924, 0.004942961968481541, 0.00493739964440465, 0.004935542121529579, 0.00492731062695384, 0.0049128481186926365, 0.004907950293272734, 0.004903052933514118, 0.004887441638857126, 0.004866913426667452, 0.004860368557274342, 0.004858867265284061, 0.00485279830172658, 0.004846916068345308, 0.00484615471214056, 0.0048404596745967865, 0.0048315213061869144, 0.004824581556022167, 0.004820165224373341, 0.004812709055840969, 0.00481161754578352, 0.004788113292306662, 0.004762424621731043, 0.0047602346166968346, 0.004754452966153622, 0.004753259476274252, 0.004737989977002144, 0.004736403003334999, 0.004717227071523666, 0.004713785368949175, 0.004697950556874275, 0.004696221090853214, 0.004695365205407143, 0.004690247122198343, 0.004687701351940632, 0.004686370957642794, 0.004667036235332489, 0.004660234320908785, 0.0046532899141311646, 0.0046518235467374325, 0.0046503180637955666, 0.004649598617106676, 0.004643599968403578, 0.004637270234525204, 0.004636266268789768, 0.0046335868537425995, 0.0046326639130711555, 0.0046309819445014, 0.004614769481122494, 0.004614409990608692, 0.004610965959727764, 0.00460340641438961, 0.004600678104907274, 0.004598872736096382, 0.0045929960906505585, 0.004583333153277636, 0.0045768567360937595, 0.004568349104374647, 0.004543764516711235, 0.0045406511053442955, 0.004534131847321987, 0.004531654994934797]

Execution time: 0.4147 sec
