Label: tensor([16, 56, 73, 73, 73, 73, 73, 73, 73, 73, 73, 73, 66, 73, 73, 73, 73, 73,
        73, 73, 57, 73, 73, 73, 73, 73, 73, 73, 28, 28, 73, 63, 73, 73, 73, 28,
        26, 73, 73, 73, 73, 73, 73, 73, 73, 73, 26, 60, 28, 73, 73, 73, 73, 73,
        73, 26, 26, 73, 24, 73, 73, 73, 73, 57, 67, 73, 73, 24, 73, 73, 24, 73,
        73, 73, 57, 24, 73, 73, 56, 73, 73, 28, 73, 73, 60, 73, 73, 73, 73, 26,
        63, 73, 73, 39, 28, 63, 73, 39, 56, 73, 56, 73, 60, 73, 26, 56, 56, 63,
        63, 65, 73, 24, 60, 24, 73, 56, 63, 60, 24, 73, 63, 57, 15, 56, 73, 66,
        65, 56, 73, 73, 73, 57, 39, 56, 64, 56, 28, 73, 57, 56, 39, 56, 60,  0,
        73, 73, 66, 56, 56, 66, 73, 26, 67, 73, 73, 66, 73, 73, 63, 66, 16, 57,
        56, 60, 57, 63, 56, 73, 65, 73, 25, 39, 73, 63, 56, 66, 26, 25, 73, 60,
        56, 56, 57, 73, 73, 66, 56, 65, 60, 41, 26, 56, 56, 60, 57, 66, 73, 73,
        73, 24, 41, 57, 73, 56, 73, 60, 73, 73, 63, 57, 73, 56, 73, 26, 56, 57,
        63, 56, 56, 67, 56, 39, 73, 73, 73, 60, 56, 57, 67, 28, 65, 57, 56, 73,
        73, 63, 57, 56, 59, 56, 66, 66, 57, 56, 73, 62, 63, 56, 28, 63, 56, 63,
        56, 26, 63, 64, 56, 56, 56, 63, 39, 73, 65, 60, 39, 57, 56, 57, 60, 73,
        16, 62, 74, 63, 57, 60,  0, 73, 28, 57, 73, 56, 60, 56, 73, 73, 57, 62,
        60, 74, 59, 73, 65, 62, 56, 60, 56, 60, 56, 66]), Box: ([123.61729431152344, 116.11577606201172, 375.6280517578125, 272.5176696777344], [74.76239013671875, 0.3309175372123718, 428.08544921875, 368.8575134277344], [-0.13321824371814728, 0.08443091064691544, 37.018009185791016, 64.57884216308594], [18.023073196411133, 0.005956739187240601, 53.43873977661133, 55.87498092651367], [37.58747863769531, -0.16621872782707214, 86.3444595336914, 50.222652435302734], [77.3001480102539, 0.005979090929031372, 113.36119842529297, 31.672334671020508], [-0.3389054834842682, 0.9661456346511841, 16.170896530151367, 70.86397552490234], [16.09061622619629, 76.4431381225586, 29.397804260253906, 100.49047088623047], [-0.22705085575580597, 14.658884048461914, 15.955550193786621, 71.00616455078125], [6.974524021148682, 81.73722076416016, 18.595767974853516, 108.6761703491211], [0.7075220346450806, -0.1293020248413086, 86.14414978027344, 65.44812774658203], [375.110595703125, 0.05396828055381775, 500.0876159667969, 95.95027160644531], [375.110595703125, 0.05396828055381775, 500.0876159667969, 95.95027160644531], [38.033695220947266, -0.03705080598592758, 68.738525390625, 49.09230422973633], [27.385820388793945, 73.96123504638672, 38.61973190307617, 97.2874526977539], [37.0692253112793, 41.92649841308594, 116.39442443847656, 77.82987976074219], [8.030435562133789, 0.11811219155788422, 36.837921142578125, 57.892513275146484], [55.08747100830078, -0.006532296538352966, 86.56475830078125, 43.92942810058594], [9.601831436157227, 0.3626653850078583, 38.1375732421875, 56.519264221191406], [23.31294822692871, 75.04024505615234, 34.042518615722656, 98.18302917480469], [73.804931640625, -2.2609121799468994, 426.7895202636719, 372.41162109375], [16.032665252685547, 72.95692443847656, 39.53336715698242, 99.2034683227539], [399.8599548339844, 0.11260807514190674, 499.8489685058594, 46.92913055419922], [109.51807403564453, 50.80030059814453, 118.7083969116211, 67.23603057861328], [98.34555053710938, 53.27538299560547, 108.42227935791016, 70.77438354492188], [30.897375106811523, 73.70272064208984, 39.428810119628906, 96.46585845947266], [0.3837272524833679, 0.03837514668703079, 114.3406982421875, 70.11103057861328], [26.05841827392578, 75.43087768554688, 34.092811584472656, 97.90958404541016], [-0.045239925384521484, 123.53185272216797, 84.28535461425781, 272.43701171875], [-0.3066994249820709, 40.37800979614258, 119.65567016601562, 272.505859375], [105.29216003417969, 51.88264083862305, 114.29073333740234, 68.03695678710938], [375.110595703125, 0.05396828055381775, 500.0876159667969, 95.95027160644531], [77.5947036743164, 0.3777164816856384, 102.14556121826172, 30.477983474731445], [11.484516143798828, 80.23002624511719, 23.330617904663086, 105.70681762695312], [93.34671783447266, 42.53884506225586, 117.02548217773438, 69.94178771972656], [-0.09806454181671143, 68.62232971191406, 118.89605712890625, 272.520751953125], [-0.045239925384521484, 123.53185272216797, 84.28535461425781, 272.43701171875], [3.3378376960754395, 41.74722671508789, 117.5527572631836, 142.83279418945312], [6.239915370941162, 70.6510238647461, 45.55311965942383, 109.93925476074219], [17.373998641967773, 42.06648254394531, 117.30567932128906, 99.12562561035156], [0.7360954880714417, 81.69622039794922, 11.117132186889648, 145.2272491455078], [0.6673024296760559, 49.93342208862305, 15.987543106079102, 70.80396270751953], [93.4687728881836, 55.132789611816406, 103.04671478271484, 69.97467041015625], [103.61666870117188, 52.54140853881836, 111.87234497070312, 68.53836059570312], [91.58432006835938, 0.049559399485588074, 113.4598159790039, 30.788942337036133], [83.19180297851562, 55.86616134643555, 97.7319564819336, 68.4462661743164], [-0.09806454181671143, 68.62232971191406, 118.89605712890625, 272.520751953125], [372.5174560546875, 0.5908235907554626, 500.32745361328125, 346.81884765625], [-0.015463680028915405, 72.8147964477539, 98.05233764648438, 272.4260559082031], [430.68170166015625, 0.1363120973110199, 500.1036376953125, 46.870384216308594], [33.23161315917969, 72.01541137695312, 41.63690948486328, 83.5060043334961], [13.711482048034668, -1.2801316976547241, 111.0538330078125, 55.3861198425293], [31.909738540649414, 72.23590850830078, 41.80894470214844, 93.86699676513672], [9.812582015991211, 41.26664733886719, 117.16525268554688, 105.36065673828125], [98.36213684082031, 48.2736930847168, 117.75011444091797, 69.32058715820312], [-0.015463680028915405, 72.8147964477539, 98.05233764648438, 272.4260559082031], [-0.3066994249820709, 40.37800979614258, 119.65567016601562, 272.505859375], [37.971473693847656, 70.29207611083984, 54.10971450805664, 82.29263305664062], [-0.045239925384521484, 123.53185272216797, 84.28535461425781, 272.43701171875], [449.0970458984375, 0.18168333172798157, 500.30535888671875, 44.0213737487793], [56.15214920043945, 0.03267405554652214, 113.6531982421875, 32.54378890991211], [82.19210052490234, 49.608680725097656, 117.01945495605469, 70.87452697753906], [13.040140151977539, 81.14055633544922, 22.527099609375, 105.27110290527344], [-0.09806454181671143, 68.62232971191406, 118.89605712890625, 272.520751953125], [481.9801330566406, 87.28823852539062, 499.9760437011719, 113.98246002197266], [5.039416790008545, 82.56685638427734, 14.212077140808105, 109.42578887939453], [33.85708236694336, 70.70442199707031, 54.330665588378906, 92.54256439208984], [-0.015463680028915405, 72.8147964477539, 98.05233764648438, 272.4260559082031], [33.160465240478516, 72.73936462402344, 41.2197151184082, 93.00332641601562], [38.03745651245117, 54.3438835144043, 97.7206039428711, 77.98770141601562], [-0.09806454181671143, 68.62232971191406, 118.89605712890625, 272.520751953125], [0.13922341167926788, 0.014154240489006042, 35.92083740234375, 63.80921173095703], [45.19171142578125, 66.81707000732422, 102.51424407958984, 90.11405181884766], [36.42002487182617, 0.03772694617509842, 66.9790267944336, 48.652198791503906], [-0.045239925384521484, 123.53185272216797, 84.28535461425781, 272.43701171875], [-0.3066994249820709, 40.37800979614258, 119.65567016601562, 272.505859375], [5.208888530731201, 82.59181213378906, 14.17127799987793, 109.83192443847656], [451.7711181640625, 0.06665988266468048, 500.3034973144531, 43.38545608520508], [476.0080871582031, 230.34153747558594, 500.01312255859375, 347.80487060546875], [476.0080871582031, 230.34153747558594, 500.01312255859375, 347.80487060546875], [0.3805011510848999, 0.28239190578460693, 118.57691955566406, 145.85960388183594], [-0.13002753257751465, 39.4940299987793, 119.78682708740234, 272.9621887207031], [10.835362434387207, 81.09232330322266, 21.052467346191406, 105.36112976074219], [4.14982795715332, 81.35126495361328, 14.770177841186523, 111.0616455078125], [-0.0027120113372802734, 0.9710155725479126, 499.9919738769531, 361.0464782714844], [373.9853515625, 0.3630984425544739, 500.47052001953125, 177.71971130371094], [40.98387145996094, -0.17697829008102417, 86.07276916503906, 44.996253967285156], [91.02135467529297, 55.86347961425781, 98.6693115234375, 68.09820556640625], [16.751127243041992, 79.0406494140625, 27.32636260986328, 101.14511108398438], [-0.13002753257751465, 39.4940299987793, 119.78682708740234, 272.9621887207031], [375.1727294921875, 0.02415105700492859, 499.95611572265625, 95.8783187866211], [403.1780090332031, -0.19119399785995483, 500.19354248046875, 91.19034576416016], [49.47508239746094, 72.96293640136719, 96.19007110595703, 90.93002319335938], [-0.22705085575580597, 14.658884048461914, 15.955550193786621, 71.00616455078125], [0.042982399463653564, 52.27233123779297, 103.86921691894531, 272.3718566894531], [399.8599548339844, 0.11260807514190674, 499.8489685058594, 46.92913055419922], [20.420413970947266, -0.03177579492330551, 53.13694763183594, 55.0326042175293], [77.3001480102539, 0.005979090929031372, 113.36119842529297, 31.672334671020508], [-0.09806454181671143, 68.62232971191406, 118.89605712890625, 272.520751953125], [12.213946342468262, 0.2849958837032318, 36.89696502685547, 57.49085235595703], [372.5174560546875, 0.5908235907554626, 500.32745361328125, 346.81884765625], [12.818889617919922, -0.1757349818944931, 49.009361267089844, 56.14970397949219], [416.06781005859375, 90.70774841308594, 499.88897705078125, 348.0940856933594], [96.50421905517578, 54.54710006713867, 106.02123260498047, 71.7085189819336], [0.042982399463653564, 52.27233123779297, 103.86921691894531, 272.3718566894531], [370.142822265625, 0.4647597670555115, 500.09918212890625, 203.1046905517578], [-0.3066994249820709, 40.37800979614258, 119.65567016601562, 272.505859375], [373.9853515625, 0.3630984425544739, 500.47052001953125, 177.71971130371094], [-0.045239925384521484, 123.53185272216797, 84.28535461425781, 272.43701171875], [481.9801330566406, 87.28823852539062, 499.9760437011719, 113.98246002197266], [481.9801330566406, 87.28823852539062, 499.9760437011719, 113.98246002197266], [0.042982399463653564, 52.27233123779297, 103.86921691894531, 272.3718566894531], [375.9415588378906, 44.13396072387695, 500.5129699707031, 347.8827209472656], [-0.095319002866745, 123.82585906982422, 84.43543243408203, 272.6209411621094], [113.23430633544922, 51.05474090576172, 118.90013885498047, 66.67341613769531], [474.51416015625, 87.67460632324219, 500.1435852050781, 349.40118408203125], [481.9801330566406, 87.28823852539062, 499.9760437011719, 113.98246002197266], [373.9853515625, 0.3630984425544739, 500.47052001953125, 177.71971130371094], [-0.13002753257751465, 39.4940299987793, 119.78682708740234, 272.9621887207031], [321.7415771484375, 0.3226613700389862, 500.1974792480469, 93.15890502929688], [430.68170166015625, 0.1363120973110199, 500.1036376953125, 46.870384216308594], [3.177136182785034, 66.6436767578125, 418.33587646484375, 275.328857421875], [124.13861083984375, 115.1622314453125, 375.8935852050781, 272.5292663574219], [373.9853515625, 0.3630984425544739, 500.47052001953125, 177.71971130371094], [23.272008895874023, 75.98794555664062, 29.920352935791016, 98.4745101928711], [481.9801330566406, 87.28823852539062, 499.9760437011719, 113.98246002197266], [45.19171142578125, 66.81707000732422, 102.51424407958984, 90.11405181884766], [475.5356750488281, 168.8973846435547, 500.2406921386719, 347.9354248046875], [102.09001922607422, 42.82343292236328, 117.97348022460938, 68.1131362915039], [375.1727294921875, 0.02415105700492859, 499.95611572265625, 95.8783187866211], [27.566011428833008, 75.680908203125, 33.48764419555664, 97.55636596679688], [-0.9498745203018188, 0.6864890456199646, 391.1887512207031, 275.39697265625], [-0.3389054834842682, 0.9661456346511841, 16.170896530151367, 70.86397552490234], [-0.045239925384521484, 123.53185272216797, 84.28535461425781, 272.43701171875], [481.9801330566406, 87.28823852539062, 499.9760437011719, 113.98246002197266], [316.3568115234375, 0.2072928547859192, 383.82623291015625, 80.19283294677734], [-0.095319002866745, 123.82585906982422, 84.43543243408203, 272.6209411621094], [83.10955047607422, 58.63816833496094, 91.34396362304688, 67.82904052734375], [-0.3066994249820709, 40.37800979614258, 119.65567016601562, 272.505859375], [80.58196258544922, 356.1459045410156, 334.25421142578125, 374.8672790527344], [476.0080871582031, 230.34153747558594, 500.01312255859375, 347.80487060546875], [374.2726745605469, 0.3895126283168793, 500.57757568359375, 230.92469787597656], [377.4682922363281, 10.695598602294922, 500.61767578125, 341.5902404785156], [316.3568115234375, 0.2072928547859192, 383.82623291015625, 80.19283294677734], [5.335163116455078, 40.502506256103516, 119.04113006591797, 107.98916625976562], [1.1246883869171143, 57.38233184814453, 15.256003379821777, 70.87252044677734], [45.19171142578125, 66.81707000732422, 102.51424407958984, 90.11405181884766], [115.65464782714844, 0.04304945468902588, 382.8253173828125, 169.0750732421875], [116.4471664428711, 0.07598474621772766, 379.7563171386719, 163.5518798828125], [37.0692253112793, 41.92649841308594, 116.39442443847656, 77.82987976074219], [96.50202941894531, 54.6307258605957, 103.7939682006836, 70.6405029296875], [-0.095319002866745, 123.82585906982422, 84.43543243408203, 272.6209411621094], [0.6673024296760559, 49.93342208862305, 15.987543106079102, 70.80396270751953], [387.11474609375, -0.31964388489723206, 500.2696533203125, 56.50640869140625], [30.947587966918945, 73.02313995361328, 38.54248046875, 84.3199691772461], [373.9853515625, 0.3630984425544739, 500.47052001953125, 177.71971130371094], [78.77235412597656, 0.10138191282749176, 112.9509048461914, 31.461851119995117], [417.5841979980469, 96.83040618896484, 499.6114196777344, 179.2891082763672], [403.1780090332031, -0.19119399785995483, 500.19354248046875, 91.19034576416016], [3.3378376960754395, 41.74722671508789, 117.5527572631836, 142.83279418945312], [124.13861083984375, 115.1622314453125, 375.8935852050781, 272.5292663574219], [77.65447998046875, 0.37841498851776123, 425.1121826171875, 288.00408935546875], [-0.015463680028915405, 72.8147964477539, 98.05233764648438, 272.4260559082031], [5.657449245452881, 0.4747845232486725, 501.93499755859375, 170.3948211669922], [-0.015463680028915405, 72.8147964477539, 98.05233764648438, 272.4260559082031], [321.7415771484375, 0.3226613700389862, 500.1974792480469, 93.15890502929688], [116.0097427368164, 0.03872998058795929, 379.2724304199219, 155.59580993652344], [46.868431091308594, 42.44428253173828, 115.84561920166016, 73.43428039550781], [-0.22705085575580597, 14.658884048461914, 15.955550193786621, 71.00616455078125], [112.71820068359375, 41.64269256591797, 119.07573699951172, 66.061279296875], [476.0080871582031, 230.34153747558594, 500.01312255859375, 347.80487060546875], [16.09061622619629, 76.4431381225586, 29.397804260253906, 100.49047088623047], [21.613813400268555, 86.9521255493164, 29.070600509643555, 99.73834228515625], [286.5490417480469, -0.32895058393478394, 499.96490478515625, 148.98348999023438], [416.06781005859375, 90.70774841308594, 499.88897705078125, 348.0940856933594], [375.1727294921875, 0.02415105700492859, 499.95611572265625, 95.8783187866211], [3.3378376960754395, 41.74722671508789, 117.5527572631836, 142.83279418945312], [475.5356750488281, 168.8973846435547, 500.2406921386719, 347.9354248046875], [20.0557918548584, 84.65885162353516, 27.75505828857422, 100.40065002441406], [417.5841979980469, 96.83040618896484, 499.6114196777344, 179.2891082763672], [-0.13002753257751465, 39.4940299987793, 119.78682708740234, 272.9621887207031], [0.042982399463653564, 52.27233123779297, 103.86921691894531, 272.3718566894531], [-0.04155933856964111, 0.9214617013931274, 334.1692810058594, 272.2615661621094], [80.33537292480469, 54.88247299194336, 102.12842559814453, 69.31644439697266], [95.00868225097656, 42.072296142578125, 116.20137786865234, 54.69745635986328], [399.8599548339844, 0.11260807514190674, 499.8489685058594, 46.92913055419922], [-0.095319002866745, 123.82585906982422, 84.43543243408203, 272.6209411621094], [77.3001480102539, 0.005979090929031372, 113.36119842529297, 31.672334671020508], [374.2726745605469, 0.3895126283168793, 500.57757568359375, 230.92469787597656], [-0.22705085575580597, 14.658884048461914, 15.955550193786621, 71.00616455078125], [375.110595703125, 0.05396828055381775, 500.0876159667969, 95.95027160644531], [211.58656311035156, 360.26287841796875, 334.73883056640625, 375.0289306640625], [-0.0027120113372802734, 0.9710155725479126, 499.9919738769531, 361.0464782714844], [0.3805011510848999, 0.28239190578460693, 118.57691955566406, 145.85960388183594], [-0.13002753257751465, 39.4940299987793, 119.78682708740234, 272.9621887207031], [321.7415771484375, 0.3226613700389862, 500.1974792480469, 93.15890502929688], [-1.329193353652954, -0.8781691789627075, 16.14732551574707, 78.35438537597656], [374.2726745605469, 0.3895126283168793, 500.57757568359375, 230.92469787597656], [14.086335182189941, -0.14672242105007172, 36.65763854980469, 56.205650329589844], [3.177136182785034, 66.6436767578125, 418.33587646484375, 275.328857421875], [77.3001480102539, 0.005979090929031372, 113.36119842529297, 31.672334671020508], [75.66268920898438, 1.9646174907684326, 379.7691345214844, 280.249755859375], [107.66629791259766, 53.466712951660156, 113.36380004882812, 67.91090393066406], [77.27105712890625, 324.0236511230469, 335.2677917480469, 374.3782043457031], [286.5490417480469, -0.32895058393478394, 499.96490478515625, 148.98348999023438], [370.142822265625, 0.4647597670555115, 500.09918212890625, 203.1046905517578], [105.13429260253906, 54.1204719543457, 110.48406219482422, 68.95587158203125], [82.9193115234375, 41.95305633544922, 116.13067626953125, 65.68038940429688], [370.142822265625, 0.4647597670555115, 500.09918212890625, 203.1046905517578], [316.3568115234375, 0.2072928547859192, 383.82623291015625, 80.19283294677734], [49.83222579956055, 78.35574340820312, 72.5760269165039, 91.78147888183594], [375.9415588378906, 44.13396072387695, 500.5129699707031, 347.8827209472656], [475.5356750488281, 168.8973846435547, 500.2406921386719, 347.9354248046875], [-0.11743232607841492, 170.7274932861328, 77.13203430175781, 271.009521484375], [118.19927215576172, 0.1762770116329193, 373.72076416015625, 70.3860855102539], [0.042982399463653564, 52.27233123779297, 103.86921691894531, 272.3718566894531], [449.0970458984375, 0.18168333172798157, 500.30535888671875, 44.0213737487793], [117.8300552368164, 0.17454195022583008, 375.0728454589844, 70.49291229248047], [377.4682922363281, 10.695598602294922, 500.61767578125, 341.5902404785156], [77.3001480102539, 0.005979090929031372, 113.36119842529297, 31.672334671020508], [73.804931640625, -2.2609121799468994, 426.7895202636719, 372.41162109375], [91.58432006835938, 0.049559399485588074, 113.4598159790039, 30.788942337036133], [316.3568115234375, 0.2072928547859192, 383.82623291015625, 80.19283294677734], [5.463382720947266, 80.52861022949219, 17.33715057373047, 110.61074829101562], [370.142822265625, 0.4647597670555115, 500.09918212890625, 203.1046905517578], [3.42954683303833, -0.7254704833030701, 500.0567932128906, 275.5780334472656], [417.5841979980469, 96.83040618896484, 499.6114196777344, 179.2891082763672], [115.65464782714844, 0.04304945468902588, 382.8253173828125, 169.0750732421875], [-0.22705085575580597, 14.658884048461914, 15.955550193786621, 71.00616455078125], [-0.11743232607841492, 170.7274932861328, 77.13203430175781, 271.009521484375], [0.6673024296760559, 49.93342208862305, 15.987543106079102, 70.80396270751953], [116.4471664428711, 0.07598474621772766, 379.7563171386719, 163.5518798828125], [376.50567626953125, 5.683466911315918, 499.37750244140625, 330.15338134765625], [19.74386215209961, 75.32959747314453, 29.01566505432129, 84.70706176757812], [1.5975703001022339, 51.26204299926758, 15.109153747558594, 63.01918411254883], [481.8162841796875, 86.65315246582031, 499.98748779296875, 116.19842529296875], [116.0097427368164, 0.03872998058795929, 379.2724304199219, 155.59580993652344], [-0.9498745203018188, 0.6864890456199646, 391.1887512207031, 275.39697265625], [-0.09806454181671143, 68.62232971191406, 118.89605712890625, 272.520751953125], [117.37074279785156, 0.36931222677230835, 381.0035705566406, 82.25642395019531], [430.68170166015625, 0.1363120973110199, 500.1036376953125, 46.870384216308594], [403.1780090332031, -0.19119399785995483, 500.19354248046875, 91.19034576416016], [-0.095319002866745, 123.82585906982422, 84.43543243408203, 272.6209411621094], [77.65447998046875, 0.37841498851776123, 425.1121826171875, 288.00408935546875], [38.68034362792969, 65.88928985595703, 74.09261322021484, 82.38563537597656], [375.110595703125, 0.05396828055381775, 500.0876159667969, 95.95027160644531], [451.7711181640625, 0.06665988266468048, 500.3034973144531, 43.38545608520508], [1.7719566822052002, -0.25610625743865967, 499.7056884765625, 276.99853515625], [3.177136182785034, 66.6436767578125, 418.33587646484375, 275.328857421875], [374.2726745605469, 0.3895126283168793, 500.57757568359375, 230.92469787597656], [0.3805011510848999, 0.28239190578460693, 118.57691955566406, 145.85960388183594], [-0.09806454181671143, 68.62232971191406, 118.89605712890625, 272.520751953125], [3.3378376960754395, 41.74722671508789, 117.5527572631836, 142.83279418945312], [373.9853515625, 0.3630984425544739, 500.47052001953125, 177.71971130371094], [-0.015463680028915405, 72.8147964477539, 98.05233764648438, 272.4260559082031], [449.0970458984375, 0.18168333172798157, 500.30535888671875, 44.0213737487793], [113.33328247070312, 0.08518248796463013, 423.4686584472656, 180.92843627929688], [417.1755676269531, 76.73279571533203, 500.1484069824219, 346.83294677734375], [246.0618896484375, -0.18423423171043396, 383.5022277832031, 81.07846069335938], [211.58656311035156, 360.26287841796875, 334.73883056640625, 375.0289306640625], [-0.13321824371814728, 0.08443091064691544, 37.018009185791016, 64.57884216308594], [37.428489685058594, 42.5898323059082, 115.99425506591797, 74.66316223144531], [449.0970458984375, 0.18168333172798157, 500.30535888671875, 44.0213737487793], [474.51416015625, 87.67460632324219, 500.1435852050781, 349.40118408203125], [37.58747863769531, -0.16621872782707214, 86.3444595336914, 50.222652435302734], [117.8300552368164, 0.17454195022583008, 375.0728454589844, 70.49291229248047], [0.7725358009338379, -3.936309337615967, 500.7669982910156, 279.5043640136719], [117.37074279785156, 0.36931222677230835, 381.0035705566406, 82.25642395019531], [376.50567626953125, 5.683466911315918, 499.37750244140625, 330.15338134765625], [211.58656311035156, 360.26287841796875, 334.73883056640625, 375.0289306640625], [122.39058685302734, 116.92180633544922, 375.19134521484375, 280.5780029296875], [321.7415771484375, 0.3226613700389862, 500.1974792480469, 93.15890502929688], [0.7075220346450806, -0.1293020248413086, 86.14414978027344, 65.44812774658203], [417.5841979980469, 96.83040618896484, 499.6114196777344, 179.2891082763672], [118.19927215576172, 0.1762770116329193, 373.72076416015625, 70.3860855102539], [0.7725358009338379, -3.936309337615967, 500.7669982910156, 279.5043640136719], [268.6008605957031, 0.4059523344039917, 427.0907897949219, 290.4084167480469], [82.80572509765625, 56.0848388671875, 96.89533996582031, 68.58837127685547], [-0.14717504382133484, 69.21002197265625, 122.56556701660156, 272.49700927734375], [476.0080871582031, 230.34153747558594, 500.01312255859375, 347.80487060546875], [-0.045239925384521484, 123.53185272216797, 84.28535461425781, 272.43701171875], [286.5490417480469, -0.32895058393478394, 499.96490478515625, 148.98348999023438], [117.84087371826172, -0.18265843391418457, 500.4815979003906, 165.95228576660156], [3.177136182785034, 66.6436767578125, 418.33587646484375, 275.328857421875], [-0.3527821898460388, 1.0537644624710083, 16.2747802734375, 69.46501922607422], [-0.3066994249820709, 40.37800979614258, 119.65567016601562, 272.505859375], [117.84087371826172, -0.18265843391418457, 500.4815979003906, 165.95228576660156], [286.5490417480469, -0.32895058393478394, 499.96490478515625, 148.98348999023438], [238.9474334716797, 0.0717267394065857, 500.6979064941406, 248.84703063964844], [77.3001480102539, 0.005979090929031372, 113.36119842529297, 31.672334671020508], [-0.045239925384521484, 123.53185272216797, 84.28535461425781, 272.43701171875], [-0.21905824542045593, 14.329142570495605, 19.443811416625977, 73.18013763427734], [-0.3389054834842682, 0.9661456346511841, 16.170896530151367, 70.86397552490234], [373.9853515625, 0.3630984425544739, 500.47052001953125, 177.71971130371094], [104.71831512451172, 214.13156127929688, 403.38360595703125, 357.292236328125], [1.7719566822052002, -0.25610625743865967, 499.7056884765625, 276.99853515625], [417.2076416015625, 94.54167938232422, 499.8749084472656, 232.13417053222656], [-0.13002753257751465, 39.4940299987793, 119.78682708740234, 272.9621887207031], [75.66268920898438, 1.9646174907684326, 379.7691345214844, 280.249755859375], [17.373998641967773, 42.06648254394531, 117.30567932128906, 99.12562561035156]), Score: [0.9679698944091797, 0.9634861946105957, 0.6790071725845337, 0.628099799156189, 0.4740909934043884, 0.4610946476459503, 0.44688600301742554, 0.4293362498283386, 0.41190534830093384, 0.3698611259460449, 0.3565557301044464, 0.30987560749053955, 0.3070168197154999, 0.3008457124233246, 0.28751328587532043, 0.26718077063560486, 0.26429373025894165, 0.258146196603775, 0.25540509819984436, 0.24353845417499542, 0.23583321273326874, 0.22672884166240692, 0.2253050059080124, 0.22527949512004852, 0.22123032808303833, 0.20563443005084991, 0.20249809324741364, 0.19954925775527954, 0.1974131017923355, 0.18809783458709717, 0.18398521840572357, 0.18265481293201447, 0.18067945539951324, 0.1788824051618576, 0.17703655362129211, 0.17434735596179962, 0.16666561365127563, 0.16568849980831146, 0.16415758430957794, 0.16415143013000488, 0.16183336079120636, 0.1605217605829239, 0.15731705725193024, 0.15564581751823425, 0.15165553987026215, 0.1499485820531845, 0.14451941847801208, 0.1443345546722412, 0.1424691528081894, 0.1404288411140442, 0.13930575549602509, 0.1362939476966858, 0.13605555891990662, 0.13574331998825073, 0.1333114355802536, 0.12638932466506958, 0.12486668676137924, 0.12329689413309097, 0.12161881476640701, 0.12033747881650925, 0.11566362529993057, 0.11564003676176071, 0.11516264081001282, 0.11337625235319138, 0.11171931028366089, 0.11014410853385925, 0.1086549162864685, 0.10823296755552292, 0.10802532732486725, 0.10772331804037094, 0.10668328404426575, 0.10493019223213196, 0.10306819528341293, 0.1025102287530899, 0.10250867158174515, 0.09976531565189362, 0.09955351799726486, 0.09689967334270477, 0.09321864694356918, 0.09269675612449646, 0.09132896363735199, 0.09107888489961624, 0.0910230427980423, 0.08785802125930786, 0.08388093113899231, 0.08277755975723267, 0.08226677775382996, 0.08196555823087692, 0.08191041648387909, 0.08167123049497604, 0.08055318892002106, 0.08047803491353989, 0.07996802031993866, 0.07915277034044266, 0.07904462516307831, 0.07880670577287674, 0.07760775834321976, 0.07450012862682343, 0.07436028867959976, 0.07362283021211624, 0.0722607746720314, 0.07210438698530197, 0.071438267827034, 0.07087372243404388, 0.07068384438753128, 0.07021020352840424, 0.06967268139123917, 0.06873062252998352, 0.06798852235078812, 0.06791358441114426, 0.06782609969377518, 0.06678738445043564, 0.06655896455049515, 0.06627386063337326, 0.066092349588871, 0.06501458585262299, 0.06372734159231186, 0.062431588768959045, 0.062288105487823486, 0.06060215085744858, 0.06058561056852341, 0.060580361634492874, 0.06028794124722481, 0.060264360159635544, 0.05996686965227127, 0.05984886735677719, 0.05964872986078262, 0.059329040348529816, 0.05919492244720459, 0.05857580155134201, 0.058386825025081635, 0.05805134028196335, 0.057596128433942795, 0.057054076343774796, 0.057046182453632355, 0.05682095140218735, 0.056682389229536057, 0.05655970051884651, 0.05650472268462181, 0.05593996122479439, 0.05561666935682297, 0.054901935160160065, 0.05469369888305664, 0.05465415492653847, 0.05463247746229172, 0.05462515354156494, 0.05393054336309433, 0.053929463028907776, 0.05364310368895531, 0.05345650762319565, 0.05340228229761124, 0.053227685391902924, 0.052987322211265564, 0.05294008553028107, 0.05229521542787552, 0.05172041803598404, 0.051717352122068405, 0.05133431777358055, 0.051199089735746384, 0.05085202306509018, 0.050750136375427246, 0.05005105584859848, 0.04995354637503624, 0.04984738305211067, 0.04982543736696243, 0.04954224079847336, 0.04950272664427757, 0.04922601580619812, 0.04913511127233505, 0.04912694916129112, 0.04864946007728577, 0.04863857105374336, 0.04796552658081055, 0.047298163175582886, 0.047163333743810654, 0.047088056802749634, 0.046911559998989105, 0.045933984220027924, 0.045646704733371735, 0.04561302810907364, 0.04539461433887482, 0.04519754275679588, 0.04473648965358734, 0.04471270367503166, 0.04421249032020569, 0.043529607355594635, 0.042972903698682785, 0.042925216257572174, 0.04255905747413635, 0.04233526065945625, 0.04230314493179321, 0.04195104539394379, 0.041714273393154144, 0.041629858314991, 0.04159943014383316, 0.041583310812711716, 0.04122339189052582, 0.04048758000135422, 0.04042883217334747, 0.04040950536727905, 0.040084972977638245, 0.03986285999417305, 0.03983486443758011, 0.03948899358510971, 0.03923747316002846, 0.039002541452646255, 0.03895774856209755, 0.038853686302900314, 0.038817618042230606, 0.038466066122055054, 0.03840115666389465, 0.038193508982658386, 0.037911754101514816, 0.037887029349803925, 0.03784272447228432, 0.03766969218850136, 0.03762694075703621, 0.03746170178055763, 0.03703814744949341, 0.03698182478547096, 0.03674483299255371, 0.03666498512029648, 0.03646686673164368, 0.036425258964300156, 0.03622709587216377, 0.03603055700659752, 0.036017123609781265, 0.03590336814522743, 0.035687047988176346, 0.035508036613464355, 0.0351521335542202, 0.035097040235996246, 0.03508879616856575, 0.03480454161763191, 0.03453488275408745, 0.03444257378578186, 0.03443393483757973, 0.034400574862957, 0.0343838669359684, 0.03438063710927963, 0.03400561213493347, 0.033995382487773895, 0.033844005316495895, 0.03374787047505379, 0.03372767195105553, 0.033383291214704514, 0.03328251466155052, 0.03292238339781761, 0.03274558112025261, 0.032695189118385315, 0.03259752690792084, 0.03254574537277222, 0.03253684565424919, 0.03241882845759392, 0.032405052334070206, 0.03237038478255272, 0.03232681751251221, 0.032325226813554764, 0.03213563188910484, 0.03210385516285896, 0.03187951073050499, 0.031821224838495255, 0.03174943849444389, 0.03171318396925926, 0.03161482512950897, 0.031471237540245056, 0.03146079555153847, 0.03135225176811218, 0.03133947402238846, 0.03123132511973381, 0.031060172244906425, 0.031006518751382828, 0.030875254422426224, 0.030867580324411392, 0.030735449865460396, 0.03070983476936817, 0.03060569241642952, 0.030440595000982285, 0.030396264046430588, 0.030353134498000145, 0.030344758182764053, 0.030293263494968414, 0.030246950685977936, 0.03023388981819153, 0.03012879006564617, 0.03011796623468399, 0.03008810244500637, 0.030081437900662422, 0.0300071369856596, 0.029887840151786804, 0.029842084273695946, 0.029803868383169174, 0.029784254729747772, 0.02974855899810791, 0.029712587594985962, 0.029640598222613335, 0.02962399460375309, 0.02960207685828209, 0.029578572139143944, 0.029500193893909454]

Execution time: 0.4125 sec
