Label: tensor([ 0,  0, 17, 17, 17, 17, 26,  0, 17,  0,  0, 17, 26, 17, 17, 17, 17, 26,
        19, 17,  0, 17, 17, 26,  0, 17, 17, 17, 17, 17,  0, 19,  0,  0,  0, 24,
        17, 19, 26, 17, 17,  0,  0, 74, 17, 17,  0, 26, 17, 17, 17, 17, 17, 26,
        17, 18,  0, 26, 19, 26,  0, 24, 17, 17, 74, 17, 19, 74, 17, 17, 17,  0,
        17, 17, 17, 17, 17, 18, 17,  2, 26, 19,  0, 17,  0, 17,  0,  0, 26, 26,
        17, 26,  0, 17, 17, 17, 14, 17,  0,  0, 26, 19, 17, 26, 17, 17, 26, 27,
        17, 17,  0,  0,  0, 17, 18, 17, 17,  2, 19, 24, 17,  0, 26, 24,  0,  0,
        26, 24, 24, 17, 24,  0,  0,  0, 74,  0,  0, 17, 19, 17, 24,  0,  0, 27,
        24, 24, 18,  0, 24, 24, 26, 17,  0, 24, 17, 17, 24, 17, 27, 17,  2, 19,
        14, 17, 17,  0, 17, 26,  8, 19, 26,  0,  0, 26,  0, 17, 16, 26,  2, 24,
        17, 16,  0, 24, 16,  0, 37, 26, 17, 17,  0, 26,  0, 17, 17,  0, 20, 17,
        14, 26,  0, 26, 17, 74, 18, 26, 26,  0,  0, 26, 24, 17, 17, 26, 26, 24,
         2, 17,  0, 17, 17, 43, 26, 17,  0, 24, 17,  0, 24,  0, 26, 24,  2, 18,
         0, 26, 17,  0, 26, 17, 24, 24, 26, 17, 26, 26, 19,  0, 17,  0, 43, 17,
        24, 19, 17,  0, 17, 24, 17,  0, 17, 14, 17, 26,  8, 24, 24,  0, 19, 17,
         0, 17, 14, 43, 24, 17, 17, 17, 19, 17, 77, 20, 17, 17, 18, 26,  0,  2,
        19,  0, 26, 24, 26,  7,  7, 26, 18, 43, 26, 19]), Box: ([194.75794982910156, 57.22254943847656, 500.0572814941406, 374.8371887207031], [198.7700653076172, 122.02152252197266, 389.0469055175781, 374.7112121582031], [0.13244152069091797, 125.2488021850586, 261.14990234375, 374.8882751464844], [80.86823272705078, 136.60214233398438, 111.17462921142578, 149.14956665039062], [0.8299052715301514, 138.40127563476562, 189.91009521484375, 375.02142333984375], [56.291114807128906, 136.67288208007812, 79.86843872070312, 144.75106811523438], [329.9971618652344, 190.83738708496094, 367.26025390625, 257.16082763671875], [220.22923278808594, 121.56282806396484, 388.3440246582031, 266.2540588378906], [82.98389434814453, 125.70621490478516, 261.6996765136719, 267.6963806152344], [277.8198547363281, 122.17489624023438, 388.2068786621094, 374.06756591796875], [278.1482238769531, 122.13929748535156, 388.51947021484375, 374.170654296875], [0.2605542540550232, 298.1767578125, 111.54127502441406, 375.267333984375], [301.38470458984375, 191.05352783203125, 367.6265869140625, 266.4957580566406], [56.30571746826172, 136.70909118652344, 68.83643341064453, 144.47186279296875], [67.69610595703125, 137.5339813232422, 79.83030700683594, 144.2962188720703], [74.5676040649414, 125.27438354492188, 262.0074768066406, 267.77099609375], [0.16513466835021973, 122.99128723144531, 386.5007629394531, 374.96026611328125], [280.8019714355469, 191.98455810546875, 371.0630798339844, 353.17852783203125], [80.86823272705078, 136.60214233398438, 111.17462921142578, 149.14956665039062], [1.1927932500839233, 126.56066131591797, 261.6165771484375, 268.43841552734375], [286.2293395996094, 123.52730560302734, 388.3194580078125, 374.1703796386719], [-0.44117867946624756, 124.78577423095703, 380.0401611328125, 375.0191345214844], [81.16582489013672, 126.510498046875, 262.9444274902344, 268.57763671875], [291.54461669921875, 191.0406036376953, 372.6387634277344, 371.7361145019531], [56.30571746826172, 136.70909118652344, 68.83643341064453, 144.47186279296875], [-2.7586519718170166, 125.0107650756836, 359.27227783203125, 375.3865051269531], [0.49202144145965576, 298.43890380859375, 189.44903564453125, 374.5257263183594], [74.40635681152344, 124.22979736328125, 383.6177978515625, 374.5714416503906], [0.49494579434394836, 137.0988311767578, 79.51283264160156, 164.8734588623047], [82.10311126708984, 125.44404602050781, 262.9494934082031, 359.1827087402344], [56.291114807128906, 136.67288208007812, 79.86843872070312, 144.75106811523438], [67.69610595703125, 137.5339813232422, 79.83030700683594, 144.2962188720703], [300.996337890625, 121.89873504638672, 389.90362548828125, 266.68646240234375], [67.69610595703125, 137.5339813232422, 79.83030700683594, 144.2962188720703], [280.7924499511719, 240.6842498779297, 383.2069396972656, 374.1594543457031], [329.9971618652344, 190.83738708496094, 367.26025390625, 257.16082763671875], [81.42069244384766, 124.9854736328125, 262.7673645019531, 338.7069396972656], [56.291114807128906, 136.67288208007812, 79.86843872070312, 144.75106811523438], [278.82086181640625, 300.8663024902344, 383.3829040527344, 350.7285461425781], [0.5098879337310791, 208.25784301757812, 189.63104248046875, 374.3217468261719], [56.209346771240234, 126.31981658935547, 229.8240966796875, 194.1971893310547], [80.86823272705078, 136.60214233398438, 111.17462921142578, 149.14956665039062], [286.8907775878906, 193.41932678222656, 383.6231384277344, 373.8363342285156], [281.6282958984375, 327.10992431640625, 316.2004089355469, 350.81671142578125], [82.95655059814453, 125.75138854980469, 229.28634643554688, 194.40438842773438], [-0.3412514925003052, 128.4606170654297, 301.79559326171875, 374.7637939453125], [278.18603515625, 300.7265930175781, 383.5591125488281, 375.0653991699219], [280.71002197265625, 192.5042266845703, 366.6299133300781, 358.4942932128906], [81.86907958984375, 125.59739685058594, 229.35556030273438, 190.89474487304688], [0.9877383708953857, 124.65621185302734, 499.38848876953125, 375.3558044433594], [0.8536875247955322, 296.5587158203125, 190.8296356201172, 374.9737548828125], [0.5559325218200684, 218.81381225585938, 257.36187744140625, 374.7967834472656], [70.83150482177734, 127.86779022216797, 202.14718627929688, 255.04110717773438], [297.3031921386719, 193.2275390625, 365.3453063964844, 322.42816162109375], [0.7057487964630127, 279.9710388183594, 189.8357391357422, 374.41107177734375], [56.30571746826172, 136.70909118652344, 68.83643341064453, 144.47186279296875], [279.7747802734375, 61.60979461669922, 497.2500305175781, 374.78887939453125], [278.4127502441406, 196.66940307617188, 364.1830749511719, 356.07061767578125], [56.30571746826172, 136.70909118652344, 68.83643341064453, 144.47186279296875], [313.2203674316406, 192.1739501953125, 383.900390625, 370.33795166015625], [0.2605542540550232, 298.1767578125, 111.54127502441406, 375.267333984375], [301.38470458984375, 191.05352783203125, 367.6265869140625, 266.4957580566406], [0.5377605557441711, 258.685546875, 190.22056579589844, 374.1297607421875], [84.0074462890625, 126.80551147460938, 294.6592712402344, 353.90966796875], [293.2566223144531, 327.6524963378906, 306.60589599609375, 338.37860107421875], [80.83226013183594, 123.23802947998047, 382.47418212890625, 266.3667907714844], [80.46261596679688, 136.3955841064453, 111.41332244873047, 149.4325408935547], [295.7420349121094, 328.46875, 314.8150939941406, 349.1225280761719], [88.75292205810547, 123.27967071533203, 389.3275146484375, 265.864013671875], [-0.011071562767028809, 137.62069702148438, 83.64797973632812, 179.4219512939453], [83.69734954833984, 124.03976440429688, 376.9393615722656, 269.4849548339844], [278.82086181640625, 300.8663024902344, 383.3829040527344, 350.7285461425781], [13.478994369506836, 134.82650756835938, 181.2097930908203, 257.87713623046875], [81.17478942871094, 125.9561538696289, 259.74005126953125, 364.5956115722656], [68.30367279052734, 125.24452209472656, 264.9862365722656, 319.1939697265625], [57.10841751098633, 136.38656616210938, 157.4103240966797, 239.84326171875], [80.70227813720703, 126.10822296142578, 155.2351531982422, 149.58224487304688], [56.291114807128906, 136.67288208007812, 79.86843872070312, 144.75106811523438], [0.7323622703552246, 140.14553833007812, 165.57823181152344, 260.0119934082031], [97.53608703613281, 124.27999877929688, 109.07563781738281, 129.3438720703125], [332.93145751953125, 210.20599365234375, 387.5338439941406, 255.7295684814453], [0.8299052715301514, 138.40127563476562, 189.91009521484375, 375.02142333984375], [282.5940246582031, 195.8875732421875, 499.8636169433594, 374.0210266113281], [80.46261596679688, 136.3955841064453, 111.41332244873047, 149.4325408935547], [0.49202144145965576, 298.43890380859375, 189.44903564453125, 374.5257263183594], [0.7120258808135986, 204.69125366210938, 114.70857238769531, 376.096435546875], [294.0646057128906, 159.05279541015625, 500.2632751464844, 375.17730712890625], [-0.44117867946624756, 124.78577423095703, 380.0401611328125, 375.0191345214844], [286.8907775878906, 193.41932678222656, 383.6231384277344, 373.8363342285156], [279.38848876953125, 200.04934692382812, 359.6900634765625, 346.6529541015625], [-0.2638809382915497, 222.72882080078125, 113.35134887695312, 374.7709045410156], [325.1416320800781, 192.5536651611328, 385.511474609375, 367.5137939453125], [293.0438537597656, 178.24778747558594, 387.544921875, 337.5601806640625], [97.53608703613281, 124.27999877929688, 109.07563781738281, 129.3438720703125], [3.571674346923828, 129.17210388183594, 259.12176513671875, 337.56829833984375], [-0.3333836793899536, 130.92550659179688, 499.65399169921875, 374.7539978027344], [169.56163024902344, 268.8933410644531, 195.72389221191406, 284.359619140625], [0.5453005433082581, 141.43060302734375, 188.18807983398438, 277.1636047363281], [199.88072204589844, 58.27931594848633, 498.3659362792969, 375.026611328125], [0.9877383708953857, 124.65621185302734, 499.38848876953125, 375.3558044433594], [280.7924499511719, 240.6842498779297, 383.2069396972656, 374.1594543457031], [0.2605542540550232, 298.1767578125, 111.54127502441406, 375.267333984375], [1.0828226804733276, 127.97545623779297, 260.38671875, 374.9771423339844], [296.2350158691406, 191.76080322265625, 367.83306884765625, 353.3919982910156], [81.35169982910156, 135.80625915527344, 163.47183227539062, 244.08998107910156], [0.24375319480895996, 120.37874603271484, 191.21826171875, 373.8416442871094], [278.18603515625, 300.7265930175781, 383.5591125488281, 375.0653991699219], [329.9971618652344, 190.83738708496094, 367.26025390625, 257.16082763671875], [57.25284194946289, 136.371826171875, 147.58941650390625, 211.92877197265625], [2.805903434753418, 125.48957061767578, 474.8643493652344, 375.77154541015625], [385.8425598144531, 198.9454345703125, 499.69287109375, 374.4595947265625], [218.40403747558594, 158.1982421875, 499.6091613769531, 374.82574462890625], [211.57330322265625, 244.6357421875, 385.7922058105469, 374.3031311035156], [98.07380676269531, 124.00084686279297, 233.2971954345703, 202.78387451171875], [67.69610595703125, 137.5339813232422, 79.83030700683594, 144.2962188720703], [2.1892337799072266, 71.01657104492188, 495.402099609375, 374.9904479980469], [1.2824982404708862, 95.55270385742188, 192.75770568847656, 374.6898498535156], [56.291114807128906, 136.67288208007812, 79.86843872070312, 144.75106811523438], [55.93659210205078, 136.34765625, 81.03274536132812, 145.5265655517578], [301.3637390136719, 193.34967041015625, 387.509033203125, 266.3360290527344], [0.09483098983764648, 138.51187133789062, 106.73745727539062, 220.99810791015625], [324.6530456542969, 100.38185119628906, 496.6408386230469, 363.705810546875], [318.81500244140625, 202.35630798339844, 385.6487731933594, 327.031005859375], [332.93145751953125, 210.20599365234375, 387.5338439941406, 255.7295684814453], [2.1892337799072266, 71.01657104492188, 495.402099609375, 374.9904479980469], [0.8536875247955322, 296.5587158203125, 190.8296356201172, 374.9737548828125], [301.3637390136719, 193.34967041015625, 387.509033203125, 266.3360290527344], [313.2203674316406, 192.1739501953125, 383.900390625, 370.33795166015625], [280.8019714355469, 191.98455810546875, 371.0630798339844, 353.17852783203125], [-0.39749592542648315, 141.94911193847656, 71.08426666259766, 197.0542755126953], [329.6341857910156, 192.50079345703125, 388.84991455078125, 259.69903564453125], [-2.7586519718170166, 125.0107650756836, 359.27227783203125, 375.3865051269531], [195.53627014160156, 189.70309448242188, 388.0221862792969, 374.45074462890625], [0.16513466835021973, 122.99128723144531, 386.5007629394531, 374.96026611328125], [293.55419921875, 340.7724304199219, 314.53485107421875, 350.8418273925781], [0.7057487964630127, 279.9710388183594, 189.8357391357422, 374.41107177734375], [280.3005065917969, 212.03729248046875, 499.79119873046875, 373.9537048339844], [-0.43898820877075195, 130.94541931152344, 499.5559997558594, 374.7661437988281], [97.53608703613281, 124.27999877929688, 109.07563781738281, 129.3438720703125], [0.1932382583618164, 280.729736328125, 250.25978088378906, 374.97723388671875], [318.81500244140625, 202.35630798339844, 385.6487731933594, 327.031005859375], [0.8299052715301514, 138.40127563476562, 189.91009521484375, 375.02142333984375], [220.42730712890625, 123.56715393066406, 388.0595397949219, 374.1676330566406], [301.38470458984375, 191.05352783203125, 367.6265869140625, 266.4957580566406], [280.71002197265625, 192.5042266845703, 366.6299133300781, 358.4942932128906], [297.3031921386719, 193.2275390625, 365.3453063964844, 322.42816162109375], [0.2605542540550232, 298.1767578125, 111.54127502441406, 375.267333984375], [0.3285408020019531, 56.78958511352539, 499.5938415527344, 374.1742248535156], [385.8425598144531, 198.9454345703125, 499.69287109375, 374.4595947265625], [325.1416320800781, 192.5536651611328, 385.511474609375, 367.5137939453125], [288.8917236328125, 193.73545837402344, 363.9739074707031, 357.07904052734375], [1.3100802898406982, 91.30300903320312, 493.0796813964844, 374.96002197265625], [292.3685607910156, 133.97508239746094, 389.9133605957031, 361.0535888671875], [328.802734375, 192.9193878173828, 363.2001037597656, 258.9812927246094], [280.7924499511719, 240.6842498779297, 383.2069396972656, 374.1594543457031], [54.8258056640625, 136.9473876953125, 92.87511444091797, 168.71612548828125], [278.4127502441406, 196.66940307617188, 364.1830749511719, 356.07061767578125], [195.53627014160156, 189.70309448242188, 388.0221862792969, 374.45074462890625], [377.22149658203125, 203.01385498046875, 421.4277038574219, 374.0894470214844], [55.93659210205078, 136.34765625, 81.03274536132812, 145.5265655517578], [80.86823272705078, 136.60214233398438, 111.17462921142578, 149.14956665039062], [1.0828226804733276, 127.97545623779297, 260.38671875, 374.9771423339844], [56.291114807128906, 136.67288208007812, 79.86843872070312, 144.75106811523438], [286.8907775878906, 193.41932678222656, 383.6231384277344, 373.8363342285156], [1.4761239290237427, 141.90304565429688, 175.36376953125, 307.70965576171875], [291.12713623046875, 193.5832977294922, 386.33782958984375, 374.89337158203125], [-3.985844612121582, 197.6470947265625, 197.5304412841797, 375.1216735839844], [276.4177551269531, 191.59317016601562, 368.0960693359375, 350.1859130859375], [97.53608703613281, 124.27999877929688, 109.07563781738281, 129.3438720703125], [0.49202144145965576, 298.43890380859375, 189.44903564453125, 374.5257263183594], [356.4376220703125, 215.8969268798828, 385.90264892578125, 240.51156616210938], [279.84405517578125, 128.2554931640625, 493.4691162109375, 259.5478820800781], [377.22149658203125, 203.01385498046875, 421.4277038574219, 374.0894470214844], [278.3088073730469, 305.78375244140625, 316.4188232421875, 351.80596923828125], [0.5377605557441711, 258.685546875, 190.22056579589844, 374.1297607421875], [0.3285408020019531, 56.78958511352539, 499.5938415527344, 374.1742248535156], [0.2605542540550232, 298.1767578125, 111.54127502441406, 375.267333984375], [292.88616943359375, 191.65234375, 380.36932373046875, 357.0621643066406], [56.30571746826172, 136.70909118652344, 68.83643341064453, 144.47186279296875], [279.38848876953125, 200.04934692382812, 359.6900634765625, 346.6529541015625], [141.42733764648438, 217.45513916015625, 259.2768859863281, 314.3271484375], [56.291114807128906, 136.67288208007812, 79.86843872070312, 144.75106811523438], [313.2203674316406, 192.1739501953125, 383.900390625, 370.33795166015625], [279.5475769042969, 193.94422912597656, 382.1325378417969, 350.10986328125], [80.86823272705078, 136.60214233398438, 111.17462921142578, 149.14956665039062], [2.391204357147217, 66.7804183959961, 495.95428466796875, 373.63836669921875], [0.8299052715301514, 138.40127563476562, 189.91009521484375, 375.02142333984375], [385.8425598144531, 198.9454345703125, 499.69287109375, 374.4595947265625], [0.13643503189086914, 122.91613006591797, 499.84783935546875, 374.9632873535156], [280.3005065917969, 212.03729248046875, 499.79119873046875, 373.9537048339844], [0.7120258808135986, 204.69125366210938, 114.70857238769531, 376.096435546875], [283.3979797363281, 261.74249267578125, 328.9709777832031, 327.5037841796875], [1.3100802898406982, 91.30300903320312, 493.0796813964844, 374.96002197265625], [-0.5627721548080444, 89.2956771850586, 264.36895751953125, 375.8969421386719], [301.38470458984375, 191.05352783203125, 367.6265869140625, 266.4957580566406], [343.5534973144531, 218.745361328125, 387.2979736328125, 368.0541076660156], [56.291114807128906, 136.67288208007812, 79.86843872070312, 144.75106811523438], [-3.097198963165283, 219.15248107910156, 202.36990356445312, 377.5082092285156], [56.30571746826172, 136.70909118652344, 68.83643341064453, 144.47186279296875], [342.3675842285156, 217.81640625, 386.8885498046875, 361.04986572265625], [74.40635681152344, 124.22979736328125, 383.6177978515625, 374.5714416503906], [298.2677307128906, 190.1230010986328, 369.6050720214844, 316.39898681640625], [51.7266845703125, 134.54666137695312, 228.80587768554688, 257.2102966308594], [279.6820983886719, 325.6360778808594, 316.31671142578125, 367.1041564941406], [80.86823272705078, 136.60214233398438, 111.17462921142578, 149.14956665039062], [279.5475769042969, 193.94422912597656, 382.1325378417969, 350.10986328125], [311.66754150390625, 252.40435791015625, 382.6172180175781, 367.28204345703125], [0.1932382583618164, 280.729736328125, 250.25978088378906, 374.97723388671875], [335.0459899902344, 160.32347106933594, 498.80670166015625, 251.70423889160156], [281.5081481933594, 255.8970184326172, 332.7323303222656, 346.8189392089844], [291.54461669921875, 191.0406036376953, 372.6387634277344, 371.7361145019531], [211.57330322265625, 244.6357421875, 385.7922058105469, 374.3031311035156], [184.5411376953125, 187.1332244873047, 263.45013427734375, 266.823486328125], [307.37725830078125, 192.30557250976562, 370.73382568359375, 248.78533935546875], [278.4439697265625, 305.81683349609375, 331.21392822265625, 375.00872802734375], [356.4376220703125, 215.8969268798828, 385.90264892578125, 240.51156616210938], [0.8299052715301514, 138.40127563476562, 189.91009521484375, 375.02142333984375], [2.391204357147217, 66.7804183959961, 495.95428466796875, 373.63836669921875], [208.7993927001953, 190.2873077392578, 386.6494445800781, 373.40606689453125], [237.23733520507812, 189.04714965820312, 372.16143798828125, 266.7210693359375], [1.1681467294692993, 128.3625030517578, 498.84002685546875, 374.8125915527344], [329.9971618652344, 190.83738708496094, 367.26025390625, 257.16082763671875], [329.6341857910156, 192.50079345703125, 388.84991455078125, 259.69903564453125], [278.18603515625, 300.7265930175781, 383.5591125488281, 375.0653991699219], [291.54461669921875, 191.0406036376953, 372.6387634277344, 371.7361145019531], [282.5940246582031, 195.8875732421875, 499.8636169433594, 374.0210266113281], [0.16834959387779236, 144.8718719482422, 83.31486511230469, 360.64141845703125], [2.805903434753418, 125.48957061767578, 474.8643493652344, 375.77154541015625], [346.4264221191406, 217.56210327148438, 388.9270324707031, 331.7527770996094], [-0.3333836793899536, 130.92550659179688, 499.65399169921875, 374.7539978027344], [330.300048828125, 193.73097229003906, 391.7320556640625, 318.46746826171875], [278.82086181640625, 300.8663024902344, 383.3829040527344, 350.7285461425781], [67.69610595703125, 137.5339813232422, 79.83030700683594, 144.2962188720703], [0.8299052715301514, 138.40127563476562, 189.91009521484375, 375.02142333984375], [278.4439697265625, 305.81683349609375, 331.21392822265625, 375.00872802734375], [311.12115478515625, 227.78883361816406, 382.5544128417969, 375.4375], [278.82086181640625, 300.8663024902344, 383.3829040527344, 350.7285461425781], [313.9640197753906, 142.4834747314453, 385.6060485839844, 260.3427734375], [293.0438537597656, 178.24778747558594, 387.544921875, 337.5601806640625], [291.54461669921875, 191.0406036376953, 372.6387634277344, 371.7361145019531], [296.2350158691406, 191.76080322265625, 367.83306884765625, 353.3919982910156], [286.8907775878906, 193.41932678222656, 383.6231384277344, 373.8363342285156], [334.4744873046875, 237.61546325683594, 380.6554260253906, 335.0325927734375], [282.5940246582031, 195.8875732421875, 499.8636169433594, 374.0210266113281], [316.137939453125, 234.26377868652344, 381.7994384765625, 373.514404296875], [280.21319580078125, 253.82188415527344, 383.1983642578125, 362.0265808105469], [0.5098879337310791, 208.25784301757812, 189.63104248046875, 374.3217468261719], [-0.2638809382915497, 222.72882080078125, 113.35134887695312, 374.7709045410156], [196.71627807617188, 203.98733520507812, 388.3945007324219, 375.5760192871094], [280.8019714355469, 191.98455810546875, 371.0630798339844, 353.17852783203125], [0.8299052715301514, 138.40127563476562, 189.91009521484375, 375.02142333984375], [63.054054260253906, 132.82339477539062, 156.13327026367188, 192.75975036621094], [298.2677307128906, 190.1230010986328, 369.6050720214844, 316.39898681640625], [0.8536875247955322, 296.5587158203125, 190.8296356201172, 374.9737548828125], [0.5919002294540405, 333.3711242675781, 79.5442886352539, 374.8171081542969], [0.24375319480895996, 120.37874603271484, 191.21826171875, 373.8416442871094], [116.33846282958984, 151.96066284179688, 388.72857666015625, 367.17218017578125], [276.4177551269531, 191.59317016601562, 368.0960693359375, 350.1859130859375], [186.42828369140625, 123.79833221435547, 388.6968688964844, 349.6518249511719], [0.5559325218200684, 218.81381225585938, 257.36187744140625, 374.7967834472656], [220.22923278808594, 121.56282806396484, 388.3440246582031, 266.2540588378906], [0.8299052715301514, 138.40127563476562, 189.91009521484375, 375.02142333984375], [280.8019714355469, 191.98455810546875, 371.0630798339844, 353.17852783203125], [278.1587219238281, 305.2873229980469, 329.6602478027344, 350.44219970703125], [0.13244152069091797, 125.2488021850586, 261.14990234375, 374.8882751464844], [330.300048828125, 193.73097229003906, 391.7320556640625, 318.46746826171875], [292.88616943359375, 191.65234375, 380.36932373046875, 357.0621643066406], [13.478994369506836, 134.82650756835938, 181.2097930908203, 257.87713623046875], [0.5377605557441711, 258.685546875, 190.22056579589844, 374.1297607421875], [79.9564208984375, 137.22499084472656, 117.61078643798828, 178.51084899902344], [186.42828369140625, 123.79833221435547, 388.6968688964844, 349.6518249511719], [18.367380142211914, 141.868896484375, 153.33029174804688, 284.0645446777344], [67.69610595703125, 137.5339813232422, 79.83030700683594, 144.2962188720703], [280.8019714355469, 191.98455810546875, 371.0630798339844, 353.17852783203125], [280.7924499511719, 240.6842498779297, 383.2069396972656, 374.1594543457031], [-0.7507726550102234, 217.3769073486328, 194.4307403564453, 374.60302734375], [0.14476105570793152, 143.48828125, 86.53412628173828, 282.1000671386719], [97.1568832397461, 184.40602111816406, 386.71588134765625, 360.0818176269531], [0.13244152069091797, 125.2488021850586, 261.14990234375, 374.8882751464844], [198.7700653076172, 122.02152252197266, 389.0469055175781, 374.7112121582031], [56.291114807128906, 136.67288208007812, 79.86843872070312, 144.75106811523438], [56.30571746826172, 136.70909118652344, 68.83643341064453, 144.47186279296875], [377.22149658203125, 203.01385498046875, 421.4277038574219, 374.0894470214844], [385.8425598144531, 198.9454345703125, 499.69287109375, 374.4595947265625], [0.49202144145965576, 298.43890380859375, 189.44903564453125, 374.5257263183594], [343.5534973144531, 218.745361328125, 387.2979736328125, 368.0541076660156], [81.35169982910156, 135.80625915527344, 163.47183227539062, 244.08998107910156], [-0.44117867946624756, 124.78577423095703, 380.0401611328125, 375.0191345214844], [0.5559325218200684, 218.81381225585938, 257.36187744140625, 374.7967834472656], [57.10841751098633, 136.38656616210938, 157.4103240966797, 239.84326171875], [237.23733520507812, 189.04714965820312, 372.16143798828125, 266.7210693359375], [307.37725830078125, 192.30557250976562, 370.73382568359375, 248.78533935546875], [282.6254577636719, 263.7164001464844, 324.9314270019531, 325.01873779296875], [97.53608703613281, 124.27999877929688, 109.07563781738281, 129.3438720703125], [56.291114807128906, 136.67288208007812, 79.86843872070312, 144.75106811523438], [295.6811218261719, 192.5684814453125, 366.06817626953125, 358.02716064453125], [97.53608703613281, 124.27999877929688, 109.07563781738281, 129.3438720703125], [0.13244152069091797, 125.2488021850586, 261.14990234375, 374.8882751464844], [312.9832458496094, 307.32769775390625, 378.906982421875, 349.95703125], [0.49494579434394836, 137.0988311767578, 79.51283264160156, 164.8734588623047]), Score: [0.9700779914855957, 0.9166593551635742, 0.8305982351303101, 0.40265965461730957, 0.2983860373497009, 0.2956269383430481, 0.2538784444332123, 0.2433835119009018, 0.22505632042884827, 0.1955862045288086, 0.18789391219615936, 0.18630897998809814, 0.185381680727005, 0.1691630780696869, 0.16731999814510345, 0.1527034044265747, 0.1427212357521057, 0.13428640365600586, 0.1329762041568756, 0.1319091022014618, 0.12674807012081146, 0.12203460186719894, 0.1203639954328537, 0.11754614114761353, 0.11394382268190384, 0.10716912895441055, 0.10269686579704285, 0.09847093373537064, 0.09457710385322571, 0.09229326248168945, 0.09170092642307281, 0.09052771329879761, 0.08928751945495605, 0.08817670494318008, 0.08747673034667969, 0.08626025915145874, 0.08462578058242798, 0.08420970290899277, 0.08406086266040802, 0.08263973891735077, 0.08211958408355713, 0.08149344474077225, 0.08121827244758606, 0.0804751068353653, 0.07865062355995178, 0.07734723389148712, 0.07541216909885406, 0.07497727125883102, 0.07410645484924316, 0.07301947474479675, 0.07222101837396622, 0.07089049369096756, 0.06949939578771591, 0.06780725717544556, 0.06741654127836227, 0.06635133177042007, 0.0661328062415123, 0.06566493213176727, 0.0651119276881218, 0.06464512646198273, 0.06421937048435211, 0.064151830971241, 0.0640072450041771, 0.0637940913438797, 0.06275764852762222, 0.06170329824090004, 0.05888509750366211, 0.05819324031472206, 0.05746981129050255, 0.0571378692984581, 0.05696308985352516, 0.05630595609545708, 0.05610667169094086, 0.05520179495215416, 0.05458921194076538, 0.05402527377009392, 0.05337143689393997, 0.053283270448446274, 0.05257711932063103, 0.0519070103764534, 0.05173632130026817, 0.05042695626616478, 0.05012407526373863, 0.04920486733317375, 0.04861323907971382, 0.04758009314537048, 0.04730696603655815, 0.046778976917266846, 0.04661845415830612, 0.04642477259039879, 0.046397432684898376, 0.04589637368917465, 0.04523162171244621, 0.045059360563755035, 0.04425673931837082, 0.04419100284576416, 0.043947119265794754, 0.0438145212829113, 0.04379040747880936, 0.04285881668329239, 0.04195426404476166, 0.041560180485248566, 0.041213519871234894, 0.04092978686094284, 0.04091522842645645, 0.04039483517408371, 0.039318542927503586, 0.039207398891448975, 0.039156652987003326, 0.03862260654568672, 0.03851307928562164, 0.038353461772203445, 0.03832624480128288, 0.03820575773715973, 0.03805400803685188, 0.03792640194296837, 0.03733401373028755, 0.03719063475728035, 0.03712809085845947, 0.03703361377120018, 0.03699980303645134, 0.036903947591781616, 0.03670836240053177, 0.03644557669758797, 0.03623383864760399, 0.036066990345716476, 0.03603319451212883, 0.03595314919948578, 0.035829924046993256, 0.03569221869111061, 0.035682011395692825, 0.035623010247945786, 0.03543533384799957, 0.0353904664516449, 0.03521956130862236, 0.03509712964296341, 0.03507862985134125, 0.034175895154476166, 0.033459294587373734, 0.033355385065078735, 0.032924849539995193, 0.032826054841279984, 0.03265310823917389, 0.032620202749967575, 0.03249967843294144, 0.03229914978146553, 0.03229663893580437, 0.03207407891750336, 0.03191717714071274, 0.03184187412261963, 0.03155520185828209, 0.031351469457149506, 0.03127614036202431, 0.031231600791215897, 0.030941898003220558, 0.03086385503411293, 0.030525045469403267, 0.030520105734467506, 0.03043106198310852, 0.03027118369936943, 0.030020087957382202, 0.029955120757222176, 0.029855800792574883, 0.029647346585989, 0.02942921780049801, 0.029296504333615303, 0.029260819777846336, 0.029197877272963524, 0.02905847132205963, 0.0285984817892313, 0.02857472375035286, 0.02857379801571369, 0.028432831168174744, 0.028430026024580002, 0.02821497805416584, 0.0279890988022089, 0.027962161228060722, 0.02784644439816475, 0.0278309378772974, 0.027624640613794327, 0.027509329840540886, 0.027440045028924942, 0.02736557088792324, 0.027296828106045723, 0.026980750262737274, 0.026939470320940018, 0.026730455458164215, 0.02661214768886566, 0.026542892679572105, 0.026378409937024117, 0.026136646047234535, 0.02611454389989376, 0.026015816256403923, 0.026001857593655586, 0.02583893947303295, 0.02579924650490284, 0.025670373812317848, 0.025194687768816948, 0.02511133998632431, 0.025057774037122726, 0.02504194900393486, 0.024989305064082146, 0.024948086589574814, 0.024895451962947845, 0.02485947124660015, 0.024822434410452843, 0.024746770039200783, 0.024730825796723366, 0.02471408061683178, 0.02452520839869976, 0.02451070211827755, 0.024432390928268433, 0.02442294731736183, 0.024317244067788124, 0.024110112339258194, 0.02403119206428528, 0.023895397782325745, 0.023889537900686264, 0.023880835622549057, 0.023878391832113266, 0.023703256621956825, 0.02368699014186859, 0.023578612133860588, 0.023418493568897247, 0.023201031610369682, 0.023142246529459953, 0.02301710657775402, 0.0229953620582819, 0.022779615595936775, 0.02276211604475975, 0.022761467844247818, 0.022741759195923805, 0.022725963965058327, 0.022444574162364006, 0.02232404239475727, 0.02230430394411087, 0.02211221121251583, 0.022059647366404533, 0.022042248398065567, 0.021970968693494797, 0.0218413844704628, 0.02179775759577751, 0.021786140277981758, 0.021706754341721535, 0.0216631181538105, 0.02161022089421749, 0.021545611321926117, 0.021470775827765465, 0.02140146493911743, 0.02136833779513836, 0.021328827366232872, 0.021270394325256348, 0.021241413429379463, 0.021216198801994324, 0.021086351945996284, 0.02107071317732334, 0.02095915749669075, 0.02080482430756092, 0.02073541469871998, 0.020695094019174576, 0.020693661645054817, 0.020617881789803505, 0.020596753805875778, 0.02052515186369419, 0.020478032529354095, 0.02038944885134697, 0.0203838013112545, 0.020340196788311005, 0.020202113315463066, 0.020192323252558708, 0.0201855581253767, 0.020155543461441994, 0.020101813599467278, 0.020101621747016907, 0.01998966932296753, 0.019939692690968513, 0.019902769476175308, 0.019893940538167953, 0.019828271120786667, 0.01980111189186573, 0.019785158336162567, 0.019743185490369797, 0.019725093618035316, 0.019713468849658966, 0.0196915864944458, 0.019671006128191948, 0.01965831220149994, 0.019614428281784058, 0.019579634070396423, 0.019498256966471672, 0.019452814012765884, 0.019436130300164223, 0.019396211951971054, 0.019375894218683243, 0.019352586939930916, 0.01914447732269764, 0.01912136748433113, 0.0190222579985857, 0.018988581374287605, 0.01898435316979885]

Execution time: 0.4012 sec
