Label: tensor([15, 73, 39, 73, 73, 73, 73, 67, 73, 73, 73, 73, 56, 64, 64, 60, 73, 73,
        63, 66, 39, 73, 28, 63, 73, 73, 56, 73, 71, 73, 60, 66, 67, 67, 60, 56,
        60, 56, 73, 39, 39, 73, 73, 73, 60, 60, 66,  2, 73, 60, 65, 56,  2, 56,
        73, 66, 67, 39, 73, 28, 41, 67, 67, 28, 60, 67,  1, 56, 63, 66, 56,  1,
        66, 56, 63, 66, 73, 71, 63, 63, 71, 63, 73, 39, 56, 71, 73, 69, 73, 64,
        69, 71, 66, 73, 39, 60, 66, 73, 60, 56, 60, 43, 39, 73, 66, 70, 41, 73,
        73, 62, 13,  1, 39,  1, 63, 60, 73, 69, 65, 62, 44, 64, 66, 71, 26,  3,
        63,  3, 63, 15, 62,  2, 63, 72, 73, 63, 73, 67, 71, 73, 67, 73, 76, 73,
        64, 63, 39, 64, 73, 65, 15, 68, 63, 28, 63, 63, 60,  3, 73,  2, 62, 28,
        72, 56, 67,  1, 56, 13, 68, 67, 56, 73, 73, 73,  2, 73, 15, 73, 60, 66,
         1, 73, 72, 73, 73, 73, 43, 13, 56, 60, 15, 60, 63, 73, 65, 56, 60, 73,
        44, 28, 73,  1, 76, 70, 15, 60,  2,  2, 41, 73, 39, 60, 15, 73,  1, 64,
        76, 66, 73, 63,  3, 63, 73, 16, 73, 56, 73, 28, 73, 62, 56, 66, 56, 41,
        43, 71, 69, 66, 65, 62, 73, 66, 28, 26, 62, 66, 60, 64, 65, 65, 43, 73,
        57, 59, 26, 39, 72, 63,  2, 44, 13, 73, 13, 63, 72, 44, 56, 42, 62, 66,
        42, 66, 43, 44, 62, 26, 73, 76, 69, 76, 73, 47, 69, 71, 66,  3, 64, 60,
        39, 13, 75, 13, 13, 41, 64, 66, 57, 74, 25, 15]), Box: ([-0.22879242897033691, 90.44806671142578, 447.5415344238281, 359.60711669921875], [421.84759521484375, 0.20133331418037415, 500.0857849121094, 184.90643310546875], [421.84759521484375, 0.20133331418037415, 500.0857849121094, 184.90643310546875], [384.09808349609375, 25.52070426940918, 433.3957214355469, 178.53482055664062], [351.1764831542969, 0.11629052460193634, 439.02716064453125, 178.9916534423828], [350.2146911621094, 0.12368336319923401, 499.8009948730469, 190.85276794433594], [412.7342529296875, 174.9613037109375, 470.9853820800781, 194.56936645507812], [1.126015543937683, 319.6318054199219, 40.41911697387695, 374.85638427734375], [382.60528564453125, -0.17379596829414368, 438.37908935546875, 178.72821044921875], [486.9978332519531, 83.46247863769531, 499.90325927734375, 185.68716430664062], [350.4213562011719, 0.012785196304321289, 499.6227722167969, 200.13150024414062], [412.139404296875, 174.5927734375, 499.8821105957031, 204.23751831054688], [0.21538138389587402, -0.112876296043396, 500.2104187011719, 374.88336181640625], [1.126015543937683, 319.6318054199219, 40.41911697387695, 374.85638427734375], [3.754382848739624, 319.5906982421875, 39.37659454345703, 353.83160400390625], [0.5587488412857056, 186.44808959960938, 500.4537658691406, 374.85382080078125], [436.2476501464844, 182.6291046142578, 500.5298156738281, 204.37576293945312], [453.8567810058594, 183.25950622558594, 500.3331298828125, 203.9950714111328], [0.21538138389587402, -0.112876296043396, 500.2104187011719, 374.88336181640625], [0.5587488412857056, 186.44808959960938, 500.4537658691406, 374.85382080078125], [384.09808349609375, 25.52070426940918, 433.3957214355469, 178.53482055664062], [388.2745056152344, 170.1641845703125, 472.88690185546875, 194.86997985839844], [0.21538138389587402, -0.112876296043396, 500.2104187011719, 374.88336181640625], [-1.3879835605621338, 1.1920742988586426, 358.4535217285156, 359.6436767578125], [480.3440856933594, 99.28375244140625, 499.90753173828125, 186.05035400390625], [478.7205505371094, 136.90234375, 490.7218322753906, 182.62261962890625], [1.8097162246704102, 287.8910217285156, 500.3697814941406, 374.4375], [421.9285888671875, 0.04945322871208191, 500.3291320800781, 185.16493225097656], [0.5587488412857056, 186.44808959960938, 500.4537658691406, 374.85382080078125], [421.697265625, 0.8017178773880005, 463.10626220703125, 181.30148315429688], [0.5148053169250488, 182.82760620117188, 500.5097961425781, 375.0722351074219], [1.8097162246704102, 287.8910217285156, 500.3697814941406, 374.4375], [3.7314257621765137, 350.8050537109375, 70.22122955322266, 374.76812744140625], [3.754382848739624, 319.5906982421875, 39.37659454345703, 353.83160400390625], [0.41997432708740234, 183.39781188964844, 500.41497802734375, 375.0419006347656], [0.16793608665466309, 96.57732391357422, 500.1567687988281, 373.873291015625], [0.30738115310668945, 170.48741149902344, 500.3023681640625, 375.1564636230469], [0.5587488412857056, 186.44808959960938, 500.4537658691406, 374.85382080078125], [385.5699768066406, 166.28453063964844, 498.2055969238281, 205.07119750976562], [486.9978332519531, 83.46247863769531, 499.90325927734375, 185.68716430664062], [351.1764831542969, 0.11629052460193634, 439.02716064453125, 178.9916534423828], [421.7541809082031, 0.658186137676239, 460.2367858886719, 180.75428771972656], [384.97369384765625, 105.47312927246094, 425.5103454589844, 176.7864227294922], [349.30218505859375, 0.14551542699337006, 500.4994812011719, 187.5981903076172], [1.0389089584350586, 281.0849914550781, 500.8053894042969, 374.7122802734375], [0.16793608665466309, 96.57732391357422, 500.1567687988281, 373.873291015625], [1.0389089584350586, 281.0849914550781, 500.8053894042969, 374.7122802734375], [0.21538138389587402, -0.112876296043396, 500.2104187011719, 374.88336181640625], [478.9786376953125, 9.13778305053711, 500.14263916015625, 186.2292022705078], [1.8097162246704102, 287.8910217285156, 500.3697814941406, 374.4375], [1.126015543937683, 319.6318054199219, 40.41911697387695, 374.85638427734375], [1.0389089584350586, 281.0849914550781, 500.8053894042969, 374.7122802734375], [0.5587488412857056, 186.44808959960938, 500.4537658691406, 374.85382080078125], [0.30738115310668945, 170.48741149902344, 500.3023681640625, 375.1564636230469], [422.007568359375, 84.18634796142578, 499.29241943359375, 185.8683319091797], [6.1571149826049805, 316.19464111328125, 459.8738098144531, 374.61370849609375], [100.3408432006836, 362.496337890625, 193.40994262695312, 375.0679626464844], [382.60528564453125, -0.17379596829414368, 438.37908935546875, 178.72821044921875], [350.8747253417969, 1.1369996070861816, 500.24139404296875, 182.3881378173828], [-1.3879835605621338, 1.1920742988586426, 358.4535217285156, 359.6436767578125], [421.84759521484375, 0.20133331418037415, 500.0857849121094, 184.90643310546875], [1.4825091361999512, 318.93768310546875, 201.54031372070312, 374.59722900390625], [3.916666030883789, 350.2933044433594, 39.29833221435547, 374.8299560546875], [0.5587488412857056, 186.44808959960938, 500.4537658691406, 374.85382080078125], [0.21538138389587402, -0.112876296043396, 500.2104187011719, 374.88336181640625], [3.713793992996216, 352.4579772949219, 191.61656188964844, 374.87542724609375], [0.21538138389587402, -0.112876296043396, 500.2104187011719, 374.88336181640625], [0.5148053169250488, 182.82760620117188, 500.5097961425781, 375.0722351074219], [6.1571149826049805, 316.19464111328125, 459.8738098144531, 374.61370849609375], [11.179491996765137, 189.1063690185547, 496.5257568359375, 376.222412109375], [72.01956176757812, 313.017578125, 497.01409912109375, 374.6708068847656], [0.5587488412857056, 186.44808959960938, 500.4537658691406, 374.85382080078125], [0.5148053169250488, 182.82760620117188, 500.5097961425781, 375.0722351074219], [0.41997432708740234, 183.39781188964844, 500.41497802734375, 375.0419006347656], [1.8097162246704102, 287.8910217285156, 500.3697814941406, 374.4375], [0.30738115310668945, 170.48741149902344, 500.3023681640625, 375.1564636230469], [421.83489990234375, 95.78195190429688, 498.8680419921875, 184.4065704345703], [1.8097162246704102, 287.8910217285156, 500.3697814941406, 374.4375], [1.4825091361999512, 318.93768310546875, 201.54031372070312, 374.59722900390625], [0.5587488412857056, 186.44808959960938, 500.4537658691406, 374.85382080078125], [0.30738115310668945, 170.48741149902344, 500.3023681640625, 375.1564636230469], [0.16793608665466309, 96.57732391357422, 500.1567687988281, 373.873291015625], [1.9191652536392212, -0.07279962301254272, 498.0570068359375, 191.14060974121094], [461.8039855957031, 7.445044040679932, 499.0008544921875, 44.02189636230469], [-0.29243528842926025, 0.2273228019475937, 357.8875732421875, 163.7521209716797], [0.5148053169250488, 182.82760620117188, 500.5097961425781, 375.0722351074219], [421.7861022949219, 0.594986617565155, 458.8366394042969, 179.96771240234375], [0.5587488412857056, 186.44808959960938, 500.4537658691406, 374.85382080078125], [476.29443359375, 42.37864685058594, 500.572509765625, 203.43353271484375], [0.5645788908004761, 285.02313232421875, 78.53683471679688, 374.2449035644531], [1.8097162246704102, 287.8910217285156, 500.3697814941406, 374.4375], [1.0389089584350586, 281.0849914550781, 500.8053894042969, 374.7122802734375], [0.41997432708740234, 183.39781188964844, 500.41497802734375, 375.0419006347656], [218.0984649658203, 0.2549998462200165, 500.4159240722656, 186.41688537597656], [350.2146911621094, 0.12368336319923401, 499.8009948730469, 190.85276794433594], [350.3910827636719, 0.28552114963531494, 499.6683044433594, 372.3667907714844], [5.004480361938477, 315.0513916015625, 441.05792236328125, 374.70416259765625], [143.4250030517578, -0.22056140005588531, 500.322509765625, 185.64816284179688], [0.35876035690307617, 254.69183349609375, 500.35150146484375, 375.07623291015625], [264.3313903808594, 183.58151245117188, 500.09649658203125, 374.2833557128906], [6.1571149826049805, 316.19464111328125, 459.8738098144531, 374.61370849609375], [1.126015543937683, 319.6318054199219, 40.41911697387695, 374.85638427734375], [0.21538138389587402, -0.112876296043396, 500.2104187011719, 374.88336181640625], [6.1571149826049805, 316.19464111328125, 459.8738098144531, 374.61370849609375], [1.4825091361999512, 318.93768310546875, 201.54031372070312, 374.59722900390625], [-1.3879835605621338, 1.1920742988586426, 358.4535217285156, 359.6436767578125], [350.2146911621094, 0.12368336319923401, 499.8009948730469, 190.85276794433594], [348.1424560546875, 0.14628097414970398, 446.28411865234375, 322.47412109375], [485.51031494140625, 127.73734283447266, 499.5677795410156, 185.024169921875], [-0.29243528842926025, 0.2273228019475937, 357.8875732421875, 163.7521209716797], [0.5587488412857056, 186.44808959960938, 500.4537658691406, 374.85382080078125], [0.16793608665466309, 96.57732391357422, 500.1567687988281, 373.873291015625], [421.9285888671875, 0.04945322871208191, 500.3291320800781, 185.16493225097656], [0.30738115310668945, 170.48741149902344, 500.3023681640625, 375.1564636230469], [0.30738115310668945, 170.48741149902344, 500.3023681640625, 375.1564636230469], [0.490725040435791, 265.77703857421875, 500.4854736328125, 374.9558410644531], [379.5543518066406, -0.5853641629219055, 436.6529235839844, 179.2631378173828], [1.0389089584350586, 281.0849914550781, 500.8053894042969, 374.7122802734375], [3.754382848739624, 319.5906982421875, 39.37659454345703, 353.83160400390625], [350.2146911621094, 0.12368336319923401, 499.8009948730469, 190.85276794433594], [3.713793992996216, 352.4579772949219, 191.61656188964844, 374.87542724609375], [0.38674846291542053, 272.8642883300781, 56.1981315612793, 373.8139343261719], [1.126015543937683, 319.6318054199219, 40.41911697387695, 374.85638427734375], [0.41997432708740234, 183.39781188964844, 500.41497802734375, 375.0419006347656], [0.21538138389587402, -0.112876296043396, 500.2104187011719, 374.88336181640625], [0.21538138389587402, -0.112876296043396, 500.2104187011719, 374.88336181640625], [350.2146911621094, 0.12368336319923401, 499.8009948730469, 190.85276794433594], [0.5587488412857056, 186.44808959960938, 500.4537658691406, 374.85382080078125], [5.004480361938477, 315.0513916015625, 441.05792236328125, 374.70416259765625], [0.4890710115432739, 89.73831939697266, 279.6266784667969, 359.3880310058594], [0.21538138389587402, -0.112876296043396, 500.2104187011719, 374.88336181640625], [0.30738115310668945, 170.48741149902344, 500.3023681640625, 375.1564636230469], [0.5148053169250488, 182.82760620117188, 500.5097961425781, 375.0722351074219], [0.21538138389587402, -0.112876296043396, 500.2104187011719, 374.88336181640625], [487.6794738769531, 128.9502410888672, 499.3752136230469, 184.3038330078125], [0.5645788908004761, 285.02313232421875, 78.53683471679688, 374.2449035644531], [211.0883331298828, -0.33271127939224243, 438.5118103027344, 180.62208557128906], [0.38674846291542053, 272.8642883300781, 56.1981315612793, 373.8139343261719], [11.179491996765137, 189.1063690185547, 496.5257568359375, 376.222412109375], [477.6793212890625, 135.95486450195312, 498.4753112792969, 189.93418884277344], [41.578948974609375, 359.91656494140625, 196.252197265625, 375.0244445800781], [349.20526123046875, 0.0019222497940063477, 499.75592041015625, 188.20376586914062], [3.713793992996216, 352.4579772949219, 191.61656188964844, 374.87542724609375], [384.9933166503906, 30.926746368408203, 431.2405090332031, 178.17433166503906], [1.4825091361999512, 318.93768310546875, 201.54031372070312, 374.59722900390625], [1.0389089584350586, 281.0849914550781, 500.8053894042969, 374.7122802734375], [478.9786376953125, 9.13778305053711, 500.14263916015625, 186.2292022705078], [3.7314257621765137, 350.8050537109375, 70.22122955322266, 374.76812744140625], [414.20623779296875, 182.11453247070312, 499.4842834472656, 204.65554809570312], [1.4825091361999512, 318.93768310546875, 201.54031372070312, 374.59722900390625], [0.4068538546562195, 90.39804077148438, 170.52871704101562, 354.1405944824219], [350.2146911621094, 0.12368336319923401, 499.8009948730469, 190.85276794433594], [0.38674846291542053, 272.8642883300781, 56.1981315612793, 373.8139343261719], [0.30738115310668945, 170.48741149902344, 500.3023681640625, 375.1564636230469], [0.41997432708740234, 183.39781188964844, 500.41497802734375, 375.0419006347656], [0.4890710115432739, 89.73831939697266, 279.6266784667969, 359.3880310058594], [264.3313903808594, 183.58151245117188, 500.09649658203125, 374.2833557128906], [0.16793608665466309, 96.57732391357422, 500.1567687988281, 373.873291015625], [259.3800964355469, 0.4801657199859619, 499.6600036621094, 187.06785583496094], [0.16793608665466309, 96.57732391357422, 500.1567687988281, 373.873291015625], [-0.7938742637634277, -4.359818935394287, 359.176025390625, 301.9817199707031], [0.16793608665466309, 96.57732391357422, 500.1567687988281, 373.873291015625], [-0.7938742637634277, -4.359818935394287, 359.176025390625, 301.9817199707031], [0.490725040435791, 265.77703857421875, 500.4854736328125, 374.9558410644531], [0.5645788908004761, 285.02313232421875, 78.53683471679688, 374.2449035644531], [1.8097162246704102, 287.8910217285156, 500.3697814941406, 374.4375], [-1.3879835605621338, 1.1920742988586426, 358.4535217285156, 359.6436767578125], [0.21538138389587402, -0.112876296043396, 500.2104187011719, 374.88336181640625], [0.21538138389587402, -0.112876296043396, 500.2104187011719, 374.88336181640625], [121.39179992675781, 362.872802734375, 190.98910522460938, 374.8628234863281], [-0.7938742637634277, -4.359818935394287, 359.176025390625, 301.9817199707031], [487.896240234375, 131.2403106689453, 499.22308349609375, 184.22634887695312], [1.4825091361999512, 318.93768310546875, 201.54031372070312, 374.59722900390625], [0.21538138389587402, -0.112876296043396, 500.2104187011719, 374.88336181640625], [0.5148053169250488, 182.82760620117188, 500.5097961425781, 375.0722351074219], [350.3910827636719, 0.28552114963531494, 499.6683044433594, 372.3667907714844], [0.16793608665466309, 96.57732391357422, 500.1567687988281, 373.873291015625], [-0.170975923538208, 0.2257414162158966, 499.8239440917969, 203.36500549316406], [351.4569396972656, 185.02537536621094, 499.7052001953125, 374.3326416015625], [0.490725040435791, 265.77703857421875, 500.4854736328125, 374.9558410644531], [0.5148053169250488, 182.82760620117188, 500.5097961425781, 375.0722351074219], [3.713793992996216, 352.4579772949219, 191.61656188964844, 374.87542724609375], [-0.29243528842926025, 0.2273228019475937, 357.8875732421875, 163.7521209716797], [436.337158203125, 192.9646453857422, 467.1513671875, 201.67494201660156], [386.3238220214844, 173.6585235595703, 500.274658203125, 217.14736938476562], [479.4407653808594, 137.72552490234375, 498.56646728515625, 186.6782684326172], [1.8097162246704102, 287.8910217285156, 500.3697814941406, 374.4375], [0.30738115310668945, 170.48741149902344, 500.3023681640625, 375.1564636230469], [351.4569396972656, 185.02537536621094, 499.7052001953125, 374.3326416015625], [11.179491996765137, 189.1063690185547, 496.5257568359375, 376.222412109375], [0.5507543683052063, 91.43203735351562, 222.39425659179688, 356.53863525390625], [201.4436798095703, -0.7110871076583862, 503.8251953125, 372.9576721191406], [-0.5863159894943237, 187.8949737548828, 297.4456481933594, 373.0838623046875], [5.004480361938477, 315.0513916015625, 441.05792236328125, 374.70416259765625], [100.3408432006836, 362.496337890625, 193.40994262695312, 375.0679626464844], [0.35876035690307617, 254.69183349609375, 500.35150146484375, 375.07623291015625], [-0.32411515712738037, 176.20266723632812, 499.6708068847656, 374.9623718261719], [388.39923095703125, 18.10356903076172, 497.09619140625, 200.40745544433594], [1.126015543937683, 319.6318054199219, 40.41911697387695, 374.85638427734375], [0.5148053169250488, 182.82760620117188, 500.5097961425781, 375.0722351074219], [413.8358459472656, 174.8375244140625, 497.92401123046875, 197.2297821044922], [0.41997432708740234, 183.39781188964844, 500.41497802734375, 375.0419006347656], [1.126015543937683, 319.6318054199219, 40.41911697387695, 374.85638427734375], [0.21538138389587402, -0.112876296043396, 500.2104187011719, 374.88336181640625], [216.8352508544922, 157.9814910888672, 445.8311767578125, 324.0422668457031], [376.3749084472656, -0.012762844562530518, 500.4202575683594, 372.98260498046875], [1.8097162246704102, 287.8910217285156, 500.3697814941406, 374.4375], [0.41997432708740234, 183.39781188964844, 500.41497802734375, 375.0419006347656], [421.9285888671875, 0.04945322871208191, 500.3291320800781, 185.16493225097656], [433.963134765625, 183.780517578125, 498.93084716796875, 204.10865783691406], [350.4213562011719, 0.012785196304321289, 499.6227722167969, 200.13150024414062], [-0.17817318439483643, 188.81021118164062, 499.81640625, 374.91400146484375], [277.17620849609375, 148.8531951904297, 446.4290771484375, 323.4505310058594], [436.4764404296875, 193.09158325195312, 465.8885803222656, 201.33383178710938], [1.0389089584350586, 281.0849914550781, 500.8053894042969, 374.7122802734375], [3.916666030883789, 350.2933044433594, 39.29833221435547, 374.8299560546875], [3.7314257621765137, 350.8050537109375, 70.22122955322266, 374.76812744140625], [100.3408432006836, 362.496337890625, 193.40994262695312, 375.0679626464844], [41.578948974609375, 359.91656494140625, 196.252197265625, 375.0244445800781], [350.4213562011719, 0.012785196304321289, 499.6227722167969, 200.13150024414062], [0.30738115310668945, 170.48741149902344, 500.3023681640625, 375.1564636230469], [0.47632306814193726, 197.04779052734375, 232.3401336669922, 372.766845703125], [487.0412902832031, 78.64201354980469, 498.802490234375, 183.06747436523438], [-0.27421116828918457, 90.71957397460938, 446.08489990234375, 355.843017578125], [149.0015106201172, -0.3228485584259033, 357.6603698730469, 160.1537322998047], [350.2146911621094, 0.12368336319923401, 499.8009948730469, 190.85276794433594], [487.93243408203125, 53.06400680541992, 499.2236022949219, 184.79696655273438], [0.41997432708740234, 183.39781188964844, 500.41497802734375, 375.0419006347656], [263.02410888671875, -0.16325712203979492, 357.1075439453125, 157.8943634033203], [0.5587488412857056, 186.44808959960938, 500.4537658691406, 374.85382080078125], [-0.10654330253601074, 0.30566006898880005, 357.9615783691406, 225.93800354003906], [3.8502068519592285, 237.8422393798828, 468.5411376953125, 375.194580078125], [11.179491996765137, 189.1063690185547, 496.5257568359375, 376.222412109375], [351.1764831542969, 0.11629052460193634, 439.02716064453125, 178.9916534423828], [6.1571149826049805, 316.19464111328125, 459.8738098144531, 374.61370849609375], [1.5034228563308716, 198.82139587402344, 258.0845947265625, 364.73944091796875], [0.5148053169250488, 182.82760620117188, 500.5097961425781, 375.0722351074219], [0.35876035690307617, 254.69183349609375, 500.35150146484375, 375.07623291015625], [3.7314257621765137, 350.8050537109375, 70.22122955322266, 374.76812744140625], [1.8097162246704102, 287.8910217285156, 500.3697814941406, 374.4375], [350.2205810546875, -0.9124875068664551, 510.06060791015625, 195.457763671875], [41.578948974609375, 359.91656494140625, 196.252197265625, 375.0244445800781], [1.8097162246704102, 287.8910217285156, 500.3697814941406, 374.4375], [0.5587488412857056, 186.44808959960938, 500.4537658691406, 374.85382080078125], [-1.3879835605621338, 1.1920742988586426, 358.4535217285156, 359.6436767578125], [3.713793992996216, 352.4579772949219, 191.61656188964844, 374.87542724609375], [-0.4639774560928345, 224.09999084472656, 499.52972412109375, 373.14801025390625], [121.39179992675781, 362.872802734375, 190.98910522460938, 374.8628234863281], [3.916666030883789, 350.2933044433594, 39.29833221435547, 374.8299560546875], [3.713793992996216, 352.4579772949219, 191.61656188964844, 374.87542724609375], [1.0389089584350586, 281.0849914550781, 500.8053894042969, 374.7122802734375], [488.1712341308594, 112.30986022949219, 499.0545959472656, 182.74520874023438], [-0.29243528842926025, 0.2273228019475937, 357.8875732421875, 163.7521209716797], [0.5587488412857056, 186.44808959960938, 500.4537658691406, 374.85382080078125], [0.16793608665466309, 96.57732391357422, 500.1567687988281, 373.873291015625], [348.1424560546875, 0.14628097414970398, 446.28411865234375, 322.47412109375], [-0.170975923538208, 0.2257414162158966, 499.8239440917969, 203.36500549316406], [-0.1548975706100464, -3.551971197128296, 349.82489013671875, 371.3072204589844], [1.0389089584350586, 281.0849914550781, 500.8053894042969, 374.7122802734375], [6.1571149826049805, 316.19464111328125, 459.8738098144531, 374.61370849609375], [0.5148053169250488, 182.82760620117188, 500.5097961425781, 375.0722351074219], [1.126015543937683, 319.6318054199219, 40.41911697387695, 374.85638427734375], [0.16793608665466309, 96.57732391357422, 500.1567687988281, 373.873291015625], [11.179491996765137, 189.1063690185547, 496.5257568359375, 376.222412109375], [-1.3879835605621338, 1.1920742988586426, 358.4535217285156, 359.6436767578125], [1.4825091361999512, 318.93768310546875, 201.54031372070312, 374.59722900390625], [6.1571149826049805, 316.19464111328125, 459.8738098144531, 374.61370849609375], [1.8097162246704102, 287.8910217285156, 500.3697814941406, 374.4375], [350.4213562011719, 0.012785196304321289, 499.6227722167969, 200.13150024414062], [0.16793608665466309, 96.57732391357422, 500.1567687988281, 373.873291015625], [3.713793992996216, 352.4579772949219, 191.61656188964844, 374.87542724609375], [0.5645788908004761, 285.02313232421875, 78.53683471679688, 374.2449035644531], [3.713793992996216, 352.4579772949219, 191.61656188964844, 374.87542724609375], [1.8097162246704102, 287.8910217285156, 500.3697814941406, 374.4375], [-0.170975923538208, 0.2257414162158966, 499.8239440917969, 203.36500549316406], [350.2146911621094, 0.12368336319923401, 499.8009948730469, 190.85276794433594], [100.3408432006836, 362.496337890625, 193.40994262695312, 375.0679626464844], [41.578948974609375, 359.91656494140625, 196.252197265625, 375.0244445800781], [0.41997432708740234, 183.39781188964844, 500.41497802734375, 375.0419006347656], [100.3408432006836, 362.496337890625, 193.40994262695312, 375.0679626464844], [1.8097162246704102, 287.8910217285156, 500.3697814941406, 374.4375], [461.8039855957031, 7.445044040679932, 499.0008544921875, 44.02189636230469], [0.30738115310668945, 170.48741149902344, 500.3023681640625, 375.1564636230469], [97.6095199584961, 184.9314727783203, 445.4154357910156, 355.64599609375], [0.38674846291542053, 272.8642883300781, 56.1981315612793, 373.8139343261719], [1.8097162246704102, 287.8910217285156, 500.3697814941406, 374.4375], [100.3408432006836, 362.496337890625, 193.40994262695312, 375.0679626464844], [72.01956176757812, 313.017578125, 497.01409912109375, 374.6708068847656], [480.3440856933594, 99.28375244140625, 499.90753173828125, 186.05035400390625], [1.8097162246704102, 287.8910217285156, 500.3697814941406, 374.4375], [421.9285888671875, 0.04945322871208191, 500.3291320800781, 185.16493225097656], [1.0389089584350586, 281.0849914550781, 500.8053894042969, 374.7122802734375], [0.41997432708740234, 183.39781188964844, 500.41497802734375, 375.0419006347656], [149.0015106201172, -0.3228485584259033, 357.6603698730469, 160.1537322998047], [0.16793608665466309, 96.57732391357422, 500.1567687988281, 373.873291015625], [1.5034228563308716, 198.82139587402344, 258.0845947265625, 364.73944091796875], [-0.7938742637634277, -4.359818935394287, 359.176025390625, 301.9817199707031], [3.754382848739624, 319.5906982421875, 39.37659454345703, 353.83160400390625], [0.21538138389587402, -0.112876296043396, 500.2104187011719, 374.88336181640625], [0.5587488412857056, 186.44808959960938, 500.4537658691406, 374.85382080078125]), Score: [0.9558120369911194, 0.6619939208030701, 0.3708972632884979, 0.34941551089286804, 0.31454354524612427, 0.2407577931880951, 0.1865115761756897, 0.17190012335777283, 0.16740404069423676, 0.1653604656457901, 0.15163755416870117, 0.1501752734184265, 0.1386529952287674, 0.1379471868276596, 0.1336122304201126, 0.13308148086071014, 0.12187954038381577, 0.11885059624910355, 0.11690815538167953, 0.115266814827919, 0.10922624915838242, 0.10707110166549683, 0.10559902340173721, 0.10348957031965256, 0.10180522501468658, 0.09908505529165268, 0.09811799228191376, 0.0941869392991066, 0.09166567772626877, 0.09085208177566528, 0.08934418112039566, 0.08639560639858246, 0.0851331502199173, 0.08353729546070099, 0.0822010487318039, 0.08137082308530807, 0.0792565569281578, 0.07892096787691116, 0.07771243155002594, 0.07759173214435577, 0.07744592428207397, 0.07656101882457733, 0.07511689513921738, 0.07338900119066238, 0.07298823446035385, 0.07204131036996841, 0.07201404124498367, 0.07032066583633423, 0.07031279802322388, 0.06981280446052551, 0.06801878660917282, 0.0668807104229927, 0.06538674980401993, 0.0648079589009285, 0.06341297179460526, 0.06255190074443817, 0.06242241710424423, 0.062420111149549484, 0.061656299978494644, 0.06115617975592613, 0.06092458218336105, 0.05916639789938927, 0.059044674038887024, 0.05778494477272034, 0.056080907583236694, 0.055429842323064804, 0.05468031018972397, 0.05455494299530983, 0.053950291126966476, 0.05331359803676605, 0.05293118953704834, 0.05267336592078209, 0.052374184131622314, 0.05221797153353691, 0.05202530324459076, 0.05192995071411133, 0.05154713615775108, 0.0514373742043972, 0.051318708807229996, 0.0513155534863472, 0.05082763358950615, 0.05002428591251373, 0.04987284168601036, 0.04979728162288666, 0.04951053857803345, 0.04850880056619644, 0.04843154922127724, 0.0481637604534626, 0.04808833450078964, 0.04733496159315109, 0.047226108610630035, 0.04707828164100647, 0.046979714184999466, 0.046651437878608704, 0.0465620718896389, 0.04627087712287903, 0.04585334658622742, 0.04550087824463844, 0.04535107687115669, 0.04535051807761192, 0.04508284851908684, 0.04504190757870674, 0.044944148510694504, 0.04493481293320656, 0.044906724244356155, 0.04490549862384796, 0.04478234052658081, 0.04452267661690712, 0.044521406292915344, 0.04428442195057869, 0.04407486692070961, 0.04407452791929245, 0.0440467931330204, 0.04388444498181343, 0.04371349886059761, 0.04363301396369934, 0.04352738335728645, 0.04343986138701439, 0.04315191134810448, 0.04281887412071228, 0.04226461797952652, 0.04224138706922531, 0.042159877717494965, 0.041912078857421875, 0.041782282292842865, 0.04164256900548935, 0.041571035981178284, 0.04115891456604004, 0.041028041392564774, 0.041024889796972275, 0.04084845259785652, 0.04083031415939331, 0.040813885629177094, 0.04078314080834389, 0.04071194306015968, 0.04058656096458435, 0.040560923516750336, 0.040544651448726654, 0.04049773886799812, 0.040017157793045044, 0.0399504229426384, 0.03984016180038452, 0.03968382626771927, 0.03965066745877266, 0.039433542639017105, 0.039429567754268646, 0.039303794503211975, 0.03920922428369522, 0.039066851139068604, 0.038896311074495316, 0.038640838116407394, 0.038640785962343216, 0.038598187267780304, 0.038463760167360306, 0.038444485515356064, 0.03797522559762001, 0.03795700892806053, 0.03795234113931656, 0.03780217096209526, 0.03767261281609535, 0.03761003166437149, 0.03758857026696205, 0.0375869981944561, 0.03754695877432823, 0.037483036518096924, 0.03725482523441315, 0.03709102421998978, 0.036626603454351425, 0.03643414005637169, 0.035857781767845154, 0.035826753824949265, 0.03579271584749222, 0.035757530480623245, 0.03574962541460991, 0.03554779663681984, 0.035498734563589096, 0.03548983857035637, 0.03543094918131828, 0.03542046993970871, 0.03540584444999695, 0.03518982604146004, 0.03517812117934227, 0.03515426814556122, 0.03514531999826431, 0.0351395420730114, 0.03494087606668472, 0.03484039381146431, 0.03471500054001808, 0.03469637408852577, 0.03460940718650818, 0.03455717861652374, 0.03455433249473572, 0.0345412977039814, 0.03450595587491989, 0.034382887184619904, 0.03435821458697319, 0.03419208526611328, 0.034142639487981796, 0.03390694409608841, 0.033754512667655945, 0.03368566930294037, 0.03348226472735405, 0.033475153148174286, 0.0332808680832386, 0.033150672912597656, 0.03307569772005081, 0.03279457241296768, 0.032665010541677475, 0.03265088051557541, 0.03260396793484688, 0.03255770727992058, 0.03253883495926857, 0.03251507505774498, 0.03233370929956436, 0.03233164921402931, 0.03228137269616127, 0.0322381816804409, 0.03199642151594162, 0.03198661655187607, 0.0319732204079628, 0.03195909038186073, 0.03191578760743141, 0.031775739043951035, 0.03161304444074631, 0.03156472370028496, 0.0315384604036808, 0.031482525169849396, 0.031390924006700516, 0.031358230859041214, 0.03133801743388176, 0.03069903515279293, 0.03068118914961815, 0.030672568827867508, 0.030626095831394196, 0.03056182526051998, 0.0303446464240551, 0.03024047426879406, 0.030147960409522057, 0.030109915882349014, 0.03004545345902443, 0.030001752078533173, 0.02993714064359665, 0.02981608547270298, 0.029803434386849403, 0.029803220182657242, 0.029782427474856377, 0.029752232134342194, 0.029667841270565987, 0.029658636078238487, 0.029645904898643494, 0.02959849312901497, 0.029517821967601776, 0.0293416865170002, 0.029239537194371223, 0.029165752232074738, 0.02911476604640484, 0.02899838797748089, 0.028998374938964844, 0.028947792947292328, 0.028768328949809074, 0.028762053698301315, 0.028656624257564545, 0.028599869459867477, 0.02858232893049717, 0.028568193316459656, 0.02853258326649666, 0.028517797589302063, 0.02847052924335003, 0.028465991839766502, 0.02835717611014843, 0.028149081394076347, 0.028084339573979378, 0.02801128476858139, 0.027952279895544052, 0.02774546481668949, 0.02764705941081047, 0.02758851833641529, 0.027583280578255653, 0.027547089383006096, 0.02754312939941883, 0.02744682878255844, 0.027414768934249878, 0.02733856439590454, 0.02733033522963524, 0.027312545105814934, 0.02730390429496765, 0.027237901464104652, 0.027122266590595245, 0.027106737717986107, 0.02708769403398037, 0.027072204276919365, 0.026999427005648613, 0.026885058730840683, 0.026820281520485878, 0.02677319385111332, 0.026758365333080292, 0.02675464004278183, 0.02662593498826027, 0.026586659252643585, 0.026413749903440475]

Execution time: 0.4042 sec
