Label: tensor([ 0, 24, 26, 67, 24, 31, 26, 26, 31, 36, 67, 37, 26, 24, 67, 36, 37, 67,
        26, 26, 24, 67, 30, 24, 35, 30, 31, 24, 41, 39, 48, 73, 24, 26, 26, 26,
        67, 24, 26, 26, 37, 73, 26, 67, 26, 26, 28, 24, 77, 26, 24, 24, 41, 35,
        30, 26, 24, 24, 24, 24, 67, 31, 32, 24, 16, 31, 24, 39, 26, 24, 26, 24,
        24, 29, 77, 47,  0,  0, 11, 24, 77, 33, 26, 27, 28,  0, 55,  0, 26, 24,
        26, 48, 24, 14, 26, 36, 32, 56, 46, 41, 67, 14,  0, 31, 27, 65, 26, 26,
        67, 53, 39, 31, 26, 24, 54, 37,  0, 16, 29, 63, 52, 26, 25, 24, 27, 31,
        36, 33, 39,  0, 37,  0, 31, 67, 24, 67, 24, 26, 24, 67, 24, 31, 37, 36,
        29, 32, 67, 67,  0, 26, 24, 32, 67,  0, 26, 67, 24, 25, 36, 37, 36, 24,
        24, 37, 24, 12, 40, 26,  0, 25, 33, 36, 29,  0, 36, 25, 77, 37, 64, 27,
        28,  2, 11, 27, 67, 74, 16, 24, 37,  0, 25, 41, 73, 31, 31, 46, 31, 36,
        26, 67, 28,  0,  0, 67, 31, 39, 36, 31, 31, 45, 16, 50, 53,  0, 26, 29,
        37, 77, 40, 77, 37,  0, 39, 37, 41, 24, 73, 63, 26, 30, 37, 55, 37, 31,
        28, 31, 33, 74, 36,  0, 36, 39, 33, 63,  0, 26, 47, 15,  0, 73,  0, 15,
        64, 65, 67, 32,  0, 37, 39, 24, 31, 30, 25,  0, 28, 74, 37, 27, 24, 29,
        27, 67, 24, 56, 24, 38, 28, 36, 33, 30, 31, 59, 31, 36, 27, 37, 31, 31,
        37,  0, 24, 24,  0, 27, 24, 74, 32, 26,  9, 76]), Box: ([54.41804122924805, 174.4752655029297, 129.85997009277344, 429.2393798828125], [68.01300811767578, 214.18727111816406, 118.14976501464844, 292.6976623535156], [68.01300811767578, 214.18727111816406, 118.14976501464844, 292.6976623535156], [102.08018493652344, 192.63470458984375, 117.6405029296875, 211.8280792236328], [70.50214385986328, 249.49139404296875, 118.86185455322266, 291.5025939941406], [66.1126937866211, 416.71917724609375, 110.71464538574219, 434.010009765625], [59.33143615722656, 213.57469177246094, 118.41471862792969, 293.45245361328125], [70.50214385986328, 249.49139404296875, 118.86185455322266, 291.5025939941406], [64.32075500488281, 416.9465637207031, 110.513671875, 445.6517333984375], [66.1126937866211, 416.71917724609375, 110.71464538574219, 434.010009765625], [94.87890625, 192.3720245361328, 117.95138549804688, 213.41351318359375], [66.1126937866211, 416.71917724609375, 110.71464538574219, 434.010009765625], [71.3846435546875, 215.5043182373047, 113.69998168945312, 291.01934814453125], [54.88716125488281, 212.72930908203125, 91.63732147216797, 273.74407958984375], [94.17176818847656, 193.27783203125, 105.59114074707031, 214.61099243164062], [64.32075500488281, 416.9465637207031, 110.513671875, 445.6517333984375], [64.32075500488281, 416.9465637207031, 110.513671875, 445.6517333984375], [108.29480743408203, 194.5481719970703, 117.28858947753906, 210.72439575195312], [108.64720916748047, 254.32733154296875, 119.97317504882812, 277.989013671875], [63.03619384765625, 251.46231079101562, 116.38050079345703, 298.5378723144531], [63.03619384765625, 251.46231079101562, 116.38050079345703, 298.5378723144531], [93.79354858398438, 193.73452758789062, 102.52033996582031, 212.99139404296875], [66.1126937866211, 416.71917724609375, 110.71464538574219, 434.010009765625], [93.5354995727539, 192.0998992919922, 129.82516479492188, 254.93356323242188], [102.08018493652344, 192.63470458984375, 117.6405029296875, 211.8280792236328], [64.32075500488281, 416.9465637207031, 110.513671875, 445.6517333984375], [65.49114227294922, 400.4738464355469, 184.45481872558594, 436.1600341796875], [92.53670501708984, 212.1007537841797, 129.50733947753906, 256.883544921875], [102.08018493652344, 192.63470458984375, 117.6405029296875, 211.8280792236328], [102.08018493652344, 192.63470458984375, 117.6405029296875, 211.8280792236328], [102.08018493652344, 192.63470458984375, 117.6405029296875, 211.8280792236328], [94.87890625, 192.3720245361328, 117.95138549804688, 213.41351318359375], [108.64720916748047, 254.32733154296875, 119.97317504882812, 277.989013671875], [100.01686096191406, 251.8714599609375, 119.98284149169922, 278.8150329589844], [102.08018493652344, 192.63470458984375, 117.6405029296875, 211.8280792236328], [65.54315948486328, 214.4539337158203, 117.4528579711914, 292.7770080566406], [109.64351654052734, 200.04925537109375, 116.7059097290039, 211.46896362304688], [100.01686096191406, 251.8714599609375, 119.98284149169922, 278.8150329589844], [63.18242263793945, 273.3111572265625, 82.08247375488281, 298.5435485839844], [74.54855346679688, 213.6513671875, 117.89017486572266, 290.2803955078125], [65.49114227294922, 400.4738464355469, 184.45481872558594, 436.1600341796875], [102.08018493652344, 192.63470458984375, 117.6405029296875, 211.8280792236328], [94.87890625, 192.3720245361328, 117.95138549804688, 213.41351318359375], [102.69178009033203, 193.3818359375, 109.912109375, 202.9405975341797], [92.53670501708984, 212.1007537841797, 129.50733947753906, 256.883544921875], [68.24679565429688, 214.15728759765625, 117.35442352294922, 292.3106689453125], [70.50214385986328, 249.49139404296875, 118.86185455322266, 291.5025939941406], [63.18242263793945, 273.3111572265625, 82.08247375488281, 298.5435485839844], [94.87890625, 192.3720245361328, 117.95138549804688, 213.41351318359375], [93.5354995727539, 192.0998992919922, 129.82516479492188, 254.93356323242188], [55.04409408569336, 207.71534729003906, 123.08586883544922, 291.54534912109375], [93.029052734375, 192.26710510253906, 129.6503143310547, 277.8388671875], [94.87890625, 192.3720245361328, 117.95138549804688, 213.41351318359375], [94.87890625, 192.3720245361328, 117.95138549804688, 213.41351318359375], [65.49114227294922, 400.4738464355469, 184.45481872558594, 436.1600341796875], [63.24100112915039, 251.52760314941406, 118.27348327636719, 299.6024475097656], [65.54315948486328, 214.4539337158203, 117.4528579711914, 292.7770080566406], [106.82963562011719, 212.15585327148438, 129.61929321289062, 252.7926025390625], [63.24100112915039, 251.52760314941406, 118.27348327636719, 299.6024475097656], [74.54855346679688, 213.6513671875, 117.89017486572266, 290.2803955078125], [104.3557357788086, 197.65745544433594, 116.380615234375, 211.6766357421875], [64.55272674560547, 415.2910461425781, 110.66285705566406, 439.52264404296875], [102.08018493652344, 192.63470458984375, 117.6405029296875, 211.8280792236328], [59.33143615722656, 213.57469177246094, 118.41471862792969, 293.45245361328125], [94.87890625, 192.3720245361328, 117.95138549804688, 213.41351318359375], [64.63577270507812, 425.3184814453125, 109.11900329589844, 441.4282531738281], [63.65645980834961, 251.41506958007812, 119.27725219726562, 320.7855224609375], [94.87890625, 192.3720245361328, 117.95138549804688, 213.41351318359375], [54.88716125488281, 212.72930908203125, 91.63732147216797, 273.74407958984375], [71.3846435546875, 215.5043182373047, 113.69998168945312, 291.01934814453125], [83.06935119628906, 214.27536010742188, 128.5779266357422, 287.4615173339844], [110.28720092773438, 279.4370422363281, 119.68501281738281, 322.4565124511719], [109.71398162841797, 211.94302368164062, 129.64224243164062, 250.21768188476562], [60.8319091796875, 175.13339233398438, 96.10368347167969, 211.67160034179688], [102.08018493652344, 192.63470458984375, 117.6405029296875, 211.8280792236328], [102.08018493652344, 192.63470458984375, 117.6405029296875, 211.8280792236328], [94.87890625, 192.3720245361328, 117.95138549804688, 213.41351318359375], [93.029052734375, 192.26710510253906, 129.6503143310547, 277.8388671875], [60.8319091796875, 175.13339233398438, 96.10368347167969, 211.67160034179688], [102.08018493652344, 192.63470458984375, 117.6405029296875, 211.8280792236328], [87.23251342773438, 175.3499298095703, 117.94601440429688, 213.12680053710938], [94.87890625, 192.3720245361328, 117.95138549804688, 213.41351318359375], [93.96398162841797, 210.7997283935547, 129.6988983154297, 279.8661804199219], [94.87890625, 192.3720245361328, 117.95138549804688, 213.41351318359375], [59.33143615722656, 213.57469177246094, 118.41471862792969, 293.45245361328125], [93.5354995727539, 192.0998992919922, 129.82516479492188, 254.93356323242188], [102.08018493652344, 192.63470458984375, 117.6405029296875, 211.8280792236328], [87.23251342773438, 175.3499298095703, 117.94601440429688, 213.12680053710938], [110.28720092773438, 279.4370422363281, 119.68501281738281, 322.4565124511719], [55.4312629699707, 176.2949676513672, 128.83396911621094, 290.482421875], [93.029052734375, 192.26710510253906, 129.6503143310547, 277.8388671875], [94.87890625, 192.3720245361328, 117.95138549804688, 213.41351318359375], [94.87890625, 192.3720245361328, 117.95138549804688, 213.41351318359375], [94.87890625, 192.3720245361328, 117.95138549804688, 213.41351318359375], [55.04409408569336, 207.71534729003906, 123.08586883544922, 291.54534912109375], [64.55272674560547, 415.2910461425781, 110.66285705566406, 439.52264404296875], [60.8319091796875, 175.13339233398438, 96.10368347167969, 211.67160034179688], [59.33143615722656, 213.57469177246094, 118.41471862792969, 293.45245361328125], [102.08018493652344, 192.63470458984375, 117.6405029296875, 211.8280792236328], [60.8319091796875, 175.13339233398438, 96.10368347167969, 211.67160034179688], [100.64854431152344, 192.98431396484375, 107.57585906982422, 199.7013702392578], [102.08018493652344, 192.63470458984375, 117.6405029296875, 211.8280792236328], [102.08018493652344, 192.63470458984375, 117.6405029296875, 211.8280792236328], [65.46440887451172, 426.4327392578125, 110.06446075439453, 439.20867919921875], [102.08018493652344, 192.63470458984375, 117.6405029296875, 211.8280792236328], [102.08018493652344, 192.63470458984375, 117.6405029296875, 211.8280792236328], [55.0040397644043, 177.85047912597656, 129.18316650390625, 296.7909240722656], [106.82963562011719, 212.15585327148438, 129.61929321289062, 252.7926025390625], [99.08092498779297, 206.75665283203125, 108.23027038574219, 217.29737854003906], [102.08018493652344, 192.63470458984375, 117.6405029296875, 211.8280792236328], [94.17176818847656, 193.27783203125, 105.59114074707031, 214.61099243164062], [60.8319091796875, 175.13339233398438, 96.10368347167969, 211.67160034179688], [63.65645980834961, 251.41506958007812, 119.27725219726562, 320.7855224609375], [93.96398162841797, 210.7997283935547, 129.6988983154297, 279.8661804199219], [102.08018493652344, 192.63470458984375, 117.6405029296875, 211.8280792236328], [64.63577270507812, 425.3184814453125, 109.11900329589844, 441.4282531738281], [55.4312629699707, 176.2949676513672, 128.83396911621094, 290.482421875], [102.08018493652344, 192.63470458984375, 117.6405029296875, 211.8280792236328], [60.84196472167969, 175.14349365234375, 95.91783142089844, 211.7109375], [94.87890625, 192.3720245361328, 117.95138549804688, 213.41351318359375], [102.08018493652344, 192.63470458984375, 117.6405029296875, 211.8280792236328], [106.49591064453125, 254.02471923828125, 120.84347534179688, 321.8867492675781], [87.23251342773438, 175.3499298095703, 117.94601440429688, 213.12680053710938], [86.00096130371094, 175.12289428710938, 130.06893920898438, 255.84521484375], [94.17176818847656, 193.27783203125, 105.59114074707031, 214.61099243164062], [59.245994567871094, 415.6770935058594, 111.15129852294922, 437.5786437988281], [64.63577270507812, 425.3184814453125, 109.11900329589844, 441.4282531738281], [87.23251342773438, 175.3499298095703, 117.94601440429688, 213.12680053710938], [108.64720916748047, 254.32733154296875, 119.97317504882812, 277.989013671875], [46.696006774902344, 173.67538452148438, 376.3326110839844, 441.8949279785156], [64.55272674560547, 415.2910461425781, 110.66285705566406, 439.52264404296875], [55.0040397644043, 177.85047912597656, 129.18316650390625, 296.7909240722656], [63.7844123840332, 417.3731994628906, 110.3125991821289, 442.0439758300781], [106.3728256225586, 193.1042022705078, 113.47117614746094, 202.6446533203125], [57.61619567871094, 213.47727966308594, 119.78792572021484, 297.7569885253906], [87.23251342773438, 175.3499298095703, 117.94601440429688, 213.12680053710938], [55.0040397644043, 177.85047912597656, 129.18316650390625, 296.7909240722656], [110.96648406982422, 291.6876525878906, 119.60907745361328, 322.1891784667969], [83.06935119628906, 214.27536010742188, 128.5779266357422, 287.4615173339844], [108.64720916748047, 254.32733154296875, 119.97317504882812, 277.989013671875], [110.96648406982422, 291.6876525878906, 119.60907745361328, 322.1891784667969], [94.87890625, 192.3720245361328, 117.95138549804688, 213.41351318359375], [60.8319091796875, 175.13339233398438, 96.10368347167969, 211.67160034179688], [63.7844123840332, 417.3731994628906, 110.3125991821289, 442.0439758300781], [102.08018493652344, 192.63470458984375, 117.6405029296875, 211.8280792236328], [94.87890625, 192.3720245361328, 117.95138549804688, 213.41351318359375], [67.11408996582031, 204.46328735351562, 89.52722930908203, 212.45460510253906], [95.9909439086914, 192.86598205566406, 103.82015228271484, 198.56707763671875], [94.17176818847656, 193.27783203125, 105.59114074707031, 214.61099243164062], [109.71398162841797, 211.94302368164062, 129.64224243164062, 250.21768188476562], [87.23251342773438, 175.3499298095703, 117.94601440429688, 213.12680053710938], [60.84196472167969, 175.14349365234375, 95.91783142089844, 211.7109375], [93.294921875, 194.96168518066406, 102.99254608154297, 213.18869018554688], [56.379295349121094, 175.77806091308594, 127.28286743164062, 424.2753601074219], [86.38113403320312, 253.37216186523438, 119.93170166015625, 289.8080139160156], [90.0244140625, 175.63009643554688, 117.60641479492188, 211.7701416015625], [94.17176818847656, 193.27783203125, 105.59114074707031, 214.61099243164062], [60.8319091796875, 175.13339233398438, 96.10368347167969, 211.67160034179688], [65.49114227294922, 400.4738464355469, 184.45481872558594, 436.1600341796875], [-0.4742145538330078, 213.1880340576172, 374.52203369140625, 497.914306640625], [59.245994567871094, 415.6770935058594, 111.15129852294922, 437.5786437988281], [86.38113403320312, 253.37216186523438, 119.93170166015625, 289.8080139160156], [106.49591064453125, 254.02471923828125, 120.84347534179688, 321.8867492675781], [-0.2719201147556305, 362.1107482910156, 374.54669189453125, 498.8110046386719], [54.95410919189453, 175.65283203125, 98.65428161621094, 278.1681823730469], [60.8319091796875, 175.13339233398438, 96.10368347167969, 211.67160034179688], [102.08018493652344, 192.63470458984375, 117.6405029296875, 211.8280792236328], [55.4312629699707, 176.2949676513672, 128.83396911621094, 290.482421875], [68.01300811767578, 214.18727111816406, 118.14976501464844, 292.6976623535156], [94.87890625, 192.3720245361328, 117.95138549804688, 213.41351318359375], [102.08018493652344, 192.63470458984375, 117.6405029296875, 211.8280792236328], [65.46440887451172, 426.4327392578125, 110.06446075439453, 439.20867919921875], [80.11927032470703, 175.1920928955078, 96.19924926757812, 209.82933044433594], [-0.2537257969379425, 0.6562769412994385, 374.7424621582031, 498.65618896484375], [70.50214385986328, 249.49139404296875, 118.86185455322266, 291.5025939941406], [60.70513916015625, 175.2311248779297, 118.11772155761719, 213.50938415527344], [93.5354995727539, 192.0998992919922, 129.82516479492188, 254.93356323242188], [65.46440887451172, 426.4327392578125, 110.06446075439453, 439.20867919921875], [102.08018493652344, 192.63470458984375, 117.6405029296875, 211.8280792236328], [108.64720916748047, 254.32733154296875, 119.97317504882812, 277.989013671875], [71.3846435546875, 215.5043182373047, 113.69998168945312, 291.01934814453125], [347.9031982421875, 181.8430938720703, 375.04473876953125, 203.4770965576172], [60.84196472167969, 175.14349365234375, 95.91783142089844, 211.7109375], [93.79354858398438, 193.73452758789062, 102.52033996582031, 212.99139404296875], [60.8319091796875, 175.13339233398438, 96.10368347167969, 211.67160034179688], [102.08018493652344, 192.63470458984375, 117.6405029296875, 211.8280792236328], [87.23251342773438, 175.3499298095703, 117.94601440429688, 213.12680053710938], [111.46903228759766, 227.9036102294922, 129.74002075195312, 253.88955688476562], [-0.48862025141716003, 266.8663635253906, 374.50762939453125, 498.5249328613281], [86.00096130371094, 175.12289428710938, 130.06893920898438, 255.84521484375], [102.08018493652344, 192.63470458984375, 117.6405029296875, 211.8280792236328], [60.84196472167969, 175.14349365234375, 95.91783142089844, 211.7109375], [87.23251342773438, 175.3499298095703, 117.94601440429688, 213.12680053710938], [103.56123352050781, 396.4077453613281, 135.3686981201172, 405.4767761230469], [60.70513916015625, 175.2311248779297, 118.11772155761719, 213.50938415527344], [94.87890625, 192.3720245361328, 117.95138549804688, 213.41351318359375], [64.614501953125, 416.8719177246094, 110.50952911376953, 441.2408447265625], [94.87890625, 192.3720245361328, 117.95138549804688, 213.41351318359375], [87.23251342773438, 175.3499298095703, 117.94601440429688, 213.12680053710938], [111.60990142822266, 195.81805419921875, 117.51762390136719, 207.7588348388672], [68.01300811767578, 214.18727111816406, 118.14976501464844, 292.6976623535156], [145.26513671875, 157.08164978027344, 152.246826171875, 171.38807678222656], [60.8319091796875, 175.13339233398438, 96.10368347167969, 211.67160034179688], [95.09246826171875, 204.2223358154297, 100.73480987548828, 214.01657104492188], [-0.4742145538330078, 213.1880340576172, 374.52203369140625, 497.914306640625], [93.79354858398438, 193.73452758789062, 102.52033996582031, 212.99139404296875], [64.614501953125, 416.8719177246094, 110.50952911376953, 441.2408447265625], [102.08018493652344, 192.63470458984375, 117.6405029296875, 211.8280792236328], [60.84196472167969, 175.14349365234375, 95.91783142089844, 211.7109375], [102.08018493652344, 192.63470458984375, 117.6405029296875, 211.8280792236328], [93.5354995727539, 192.0998992919922, 129.82516479492188, 254.93356323242188], [102.08018493652344, 192.63470458984375, 117.6405029296875, 211.8280792236328], [94.87890625, 192.3720245361328, 117.95138549804688, 213.41351318359375], [59.33143615722656, 213.57469177246094, 118.41471862792969, 293.45245361328125], [94.17176818847656, 193.27783203125, 105.59114074707031, 214.61099243164062], [66.1126937866211, 416.71917724609375, 110.71464538574219, 434.010009765625], [-0.19858404994010925, 357.4867858886719, 374.7975769042969, 498.92718505859375], [93.029052734375, 192.26710510253906, 129.6503143310547, 277.8388671875], [94.87890625, 192.3720245361328, 117.95138549804688, 213.41351318359375], [60.70513916015625, 175.2311248779297, 118.11772155761719, 213.50938415527344], [-0.2537257969379425, 0.6562769412994385, 374.7424621582031, 498.65618896484375], [56.850337982177734, 176.6476287841797, 127.13691711425781, 424.8914489746094], [100.01686096191406, 251.8714599609375, 119.98284149169922, 278.8150329589844], [103.56123352050781, 396.4077453613281, 135.3686981201172, 405.4767761230469], [94.17176818847656, 193.27783203125, 105.59114074707031, 214.61099243164062], [93.79354858398438, 193.73452758789062, 102.52033996582031, 212.99139404296875], [60.8319091796875, 175.13339233398438, 96.10368347167969, 211.67160034179688], [102.08018493652344, 192.63470458984375, 117.6405029296875, 211.8280792236328], [56.51253890991211, 174.29432678222656, 130.19004821777344, 293.228271484375], [103.56123352050781, 396.4077453613281, 135.3686981201172, 405.4767761230469], [60.84196472167969, 175.14349365234375, 95.91783142089844, 211.7109375], [94.87890625, 192.3720245361328, 117.95138549804688, 213.41351318359375], [0.0711679458618164, 402.455078125, 244.71397399902344, 498.26849365234375], [70.50214385986328, 249.49139404296875, 118.86185455322266, 291.5025939941406], [63.03619384765625, 251.46231079101562, 116.38050079345703, 298.5378723144531], [72.32335662841797, 420.30694580078125, 110.19864654541016, 430.1129150390625], [60.8319091796875, 175.13339233398438, 96.10368347167969, 211.67160034179688], [94.87890625, 192.3720245361328, 117.95138549804688, 213.41351318359375], [102.08018493652344, 192.63470458984375, 117.6405029296875, 211.8280792236328], [60.70513916015625, 175.2311248779297, 118.11772155761719, 213.50938415527344], [64.17991638183594, 415.8133544921875, 110.49760437011719, 435.4190979003906], [71.3846435546875, 215.5043182373047, 113.69998168945312, 291.01934814453125], [60.70513916015625, 175.2311248779297, 118.11772155761719, 213.50938415527344], [87.23251342773438, 175.3499298095703, 117.94601440429688, 213.12680053710938], [55.189273834228516, 175.6690673828125, 129.05120849609375, 298.6006164550781], [86.00096130371094, 175.12289428710938, 130.06893920898438, 255.84521484375], [94.87890625, 192.3720245361328, 117.95138549804688, 213.41351318359375], [68.01300811767578, 214.18727111816406, 118.14976501464844, 292.6976623535156], [146.6698760986328, 157.88328552246094, 151.05435180664062, 162.16912841796875], [94.17176818847656, 193.27783203125, 105.59114074707031, 214.61099243164062], [64.18321990966797, 273.823974609375, 118.70305633544922, 427.647705078125], [94.87890625, 192.3720245361328, 117.95138549804688, 213.41351318359375], [94.87890625, 192.3720245361328, 117.95138549804688, 213.41351318359375], [94.87890625, 192.3720245361328, 117.95138549804688, 213.41351318359375], [80.11927032470703, 175.1920928955078, 96.19924926757812, 209.82933044433594], [80.11927032470703, 175.1920928955078, 96.19924926757812, 209.82933044433594], [56.51253890991211, 174.29432678222656, 130.19004821777344, 293.228271484375], [59.245994567871094, 415.6770935058594, 111.15129852294922, 437.5786437988281], [87.23251342773438, 175.3499298095703, 117.94601440429688, 213.12680053710938], [81.3873291015625, 214.8383331298828, 91.71141815185547, 254.00120544433594], [0.0711679458618164, 402.455078125, 244.71397399902344, 498.26849365234375], [64.55272674560547, 415.2910461425781, 110.66285705566406, 439.52264404296875], [60.84196472167969, 175.14349365234375, 95.91783142089844, 211.7109375], [92.41012573242188, 198.0796356201172, 130.3658447265625, 321.403076171875], [65.54315948486328, 214.4539337158203, 117.4528579711914, 292.7770080566406], [108.29480743408203, 194.5481719970703, 117.28858947753906, 210.72439575195312], [-0.17595291137695312, 391.8573303222656, 374.80865478515625, 498.84503173828125], [81.3873291015625, 214.8383331298828, 91.71141815185547, 254.00120544433594], [71.04542541503906, 251.29177856445312, 118.1309585571289, 291.4223937988281], [94.87890625, 192.3720245361328, 117.95138549804688, 213.41351318359375], [71.3846435546875, 215.5043182373047, 113.69998168945312, 291.01934814453125], [60.84196472167969, 175.14349365234375, 95.91783142089844, 211.7109375], [68.24679565429688, 214.15728759765625, 117.35442352294922, 292.3106689453125], [71.3846435546875, 215.5043182373047, 113.69998168945312, 291.01934814453125], [60.8319091796875, 175.13339233398438, 96.10368347167969, 211.67160034179688], [68.01300811767578, 214.18727111816406, 118.14976501464844, 292.6976623535156], [64.32075500488281, 416.9465637207031, 110.513671875, 445.6517333984375], [72.32335662841797, 420.30694580078125, 110.19864654541016, 430.1129150390625], [-0.2537257969379425, 0.6562769412994385, 374.7424621582031, 498.65618896484375], [64.63577270507812, 425.3184814453125, 109.11900329589844, 441.4282531738281], [64.17991638183594, 415.8133544921875, 110.49760437011719, 435.4190979003906], [-0.2537257969379425, 0.6562769412994385, 374.7424621582031, 498.65618896484375], [87.23251342773438, 175.3499298095703, 117.94601440429688, 213.12680053710938], [64.05035400390625, 423.19342041015625, 105.60431671142578, 447.52117919921875], [68.01300811767578, 214.18727111816406, 118.14976501464844, 292.6976623535156], [63.7844123840332, 417.3731994628906, 110.3125991821289, 442.0439758300781], [-0.2719201147556305, 362.1107482910156, 374.54669189453125, 498.8110046386719], [67.87798309326172, 420.46771240234375, 110.2497329711914, 430.2774353027344], [126.97024536132812, 403.2142028808594, 185.03713989257812, 419.1327209472656], [93.96398162841797, 210.7997283935547, 129.6988983154297, 279.8661804199219], [56.51253890991211, 174.29432678222656, 130.19004821777344, 293.228271484375], [63.599544525146484, 255.0775146484375, 118.95563507080078, 320.8128967285156], [93.79354858398438, 193.73452758789062, 102.52033996582031, 212.99139404296875], [70.50214385986328, 249.49139404296875, 118.86185455322266, 291.5025939941406], [60.84196472167969, 175.14349365234375, 95.91783142089844, 211.7109375], [102.69178009033203, 193.3818359375, 109.912109375, 202.9405975341797], [66.1126937866211, 416.71917724609375, 110.71464538574219, 434.010009765625], [98.08000946044922, 242.46864318847656, 121.25166320800781, 280.5882568359375], [102.08018493652344, 192.63470458984375, 117.6405029296875, 211.8280792236328], [94.87890625, 192.3720245361328, 117.95138549804688, 213.41351318359375]), Score: [0.9269098043441772, 0.5521401762962341, 0.2891607880592346, 0.27516406774520874, 0.27096420526504517, 0.25271379947662354, 0.24758684635162354, 0.20317719876766205, 0.1728219985961914, 0.1483556181192398, 0.14615412056446075, 0.14535582065582275, 0.13584072887897491, 0.12645506858825684, 0.1200806051492691, 0.11522615700960159, 0.11515504121780396, 0.10462452471256256, 0.09245159476995468, 0.08482710272073746, 0.08449199795722961, 0.08308778703212738, 0.08121275901794434, 0.08118529617786407, 0.07965043187141418, 0.07670554518699646, 0.07644867897033691, 0.07498686015605927, 0.07454214245080948, 0.07109024375677109, 0.06924472749233246, 0.06766976416110992, 0.0672517940402031, 0.06669901311397552, 0.06668464094400406, 0.0658484548330307, 0.06369949132204056, 0.06131897121667862, 0.06118840351700783, 0.05955398082733154, 0.059394754469394684, 0.05849902704358101, 0.05735836923122406, 0.056632816791534424, 0.056403663009405136, 0.05521995201706886, 0.05495959147810936, 0.054414696991443634, 0.054129473865032196, 0.05333125591278076, 0.0531102791428566, 0.05310890078544617, 0.052384525537490845, 0.05217963084578514, 0.051996685564517975, 0.05177612602710724, 0.05146108940243721, 0.05081405118107796, 0.04784693196415901, 0.04679469019174576, 0.046371690928936005, 0.04629188030958176, 0.04625347629189491, 0.04579462483525276, 0.044722676277160645, 0.044433943927288055, 0.04391266405582428, 0.04390764981508255, 0.04371025413274765, 0.04246028885245323, 0.042423855513334274, 0.04239567741751671, 0.04209307208657265, 0.04206676036119461, 0.04185202717781067, 0.041336752474308014, 0.04045270010828972, 0.04034562408924103, 0.04009699448943138, 0.03993156552314758, 0.039853282272815704, 0.039837583899497986, 0.03966397047042847, 0.039634209126234055, 0.03947872295975685, 0.03940582647919655, 0.03901005908846855, 0.038940124213695526, 0.03891006484627724, 0.03828052058815956, 0.038132939487695694, 0.03812021762132645, 0.03802056238055229, 0.037975504994392395, 0.037772003561258316, 0.037535663694143295, 0.03737305849790573, 0.03715042769908905, 0.03710762411355972, 0.03634278103709221, 0.035462770611047745, 0.035374946892261505, 0.03528124466538429, 0.03523634001612663, 0.035226114094257355, 0.03500847890973091, 0.03468150645494461, 0.03451712056994438, 0.034326594322919846, 0.03430568054318428, 0.03318421170115471, 0.032957106828689575, 0.03278619423508644, 0.03221432864665985, 0.03201361000537872, 0.03197381645441055, 0.031919464468955994, 0.0317145474255085, 0.03139647841453552, 0.031311310827732086, 0.03130106255412102, 0.03126252815127373, 0.031192513182759285, 0.031104285269975662, 0.03100360743701458, 0.030895093455910683, 0.030846374109387398, 0.030836524441838264, 0.03067740425467491, 0.0303241815418005, 0.030158907175064087, 0.030155861750245094, 0.030115501955151558, 0.030076930299401283, 0.030023464933037758, 0.0296006016433239, 0.02944510243833065, 0.029428385198116302, 0.029246879741549492, 0.029170675203204155, 0.02912507951259613, 0.02907058782875538, 0.02888358384370804, 0.028853878378868103, 0.028759794309735298, 0.02851756103336811, 0.028395360335707664, 0.02837510220706463, 0.028332268819212914, 0.02821461856365204, 0.02819688431918621, 0.028102418407797813, 0.028100542724132538, 0.02779836766421795, 0.027598056942224503, 0.027578499168157578, 0.027481889352202415, 0.02741282619535923, 0.027065705507993698, 0.027050131931900978, 0.02695745788514614, 0.026935428380966187, 0.026872536167502403, 0.0268463846296072, 0.026681950315833092, 0.026666613295674324, 0.02662051096558571, 0.02654458023607731, 0.026459841057658195, 0.02638152614235878, 0.026259398087859154, 0.026209933683276176, 0.02612806297838688, 0.026099734008312225, 0.025962723419070244, 0.02586592361330986, 0.0257729422301054, 0.02569846250116825, 0.025608573108911514, 0.02557244896888733, 0.025437502190470695, 0.025189822539687157, 0.025057116523385048, 0.025051595643162727, 0.025007905438542366, 0.024912485852837563, 0.024869630113244057, 0.024851998314261436, 0.0248183012008667, 0.02481047995388508, 0.024784808978438377, 0.024776669219136238, 0.02476038783788681, 0.024757174775004387, 0.02473369985818863, 0.02471846342086792, 0.024604719132184982, 0.024600939825177193, 0.024447456002235413, 0.02423681691288948, 0.024233339354395866, 0.02417105808854103, 0.024151096120476723, 0.02398892119526863, 0.023926477879285812, 0.023787494748830795, 0.02378154546022415, 0.0237486120313406, 0.02359098009765148, 0.023583922535181046, 0.023573027923703194, 0.023543938994407654, 0.02349802851676941, 0.0234063807874918, 0.023357218131422997, 0.023224692791700363, 0.023088086396455765, 0.02305730991065502, 0.023028967902064323, 0.02291744574904442, 0.022892437875270844, 0.022855253890156746, 0.02272246964275837, 0.022619495168328285, 0.02260000631213188, 0.022483965381979942, 0.022409342229366302, 0.02236945368349552, 0.022222096100449562, 0.022144155576825142, 0.022118182852864265, 0.02200723998248577, 0.02187936007976532, 0.021755816414952278, 0.02172677032649517, 0.02171679027378559, 0.021709050983190536, 0.021579790860414505, 0.021569885313510895, 0.02150840312242508, 0.021480731666088104, 0.021465303376317024, 0.021364744752645493, 0.021353935822844505, 0.021228153258562088, 0.021070849150419235, 0.02104092575609684, 0.021021496504545212, 0.021013841032981873, 0.02093064971268177, 0.020906126126646996, 0.020867861807346344, 0.02077806368470192, 0.02073228359222412, 0.020719492807984352, 0.020703844726085663, 0.020550033077597618, 0.020549088716506958, 0.020518289878964424, 0.02049112878739834, 0.02043730579316616, 0.020405536517500877, 0.02039770781993866, 0.020284317433834076, 0.020269718021154404, 0.020267046988010406, 0.020235246047377586, 0.020092051476240158, 0.01992013305425644, 0.019834907725453377, 0.019832562655210495, 0.01977590285241604, 0.0197455994784832, 0.019697673618793488, 0.019635621458292007, 0.01960376463830471, 0.01959817484021187, 0.019551625475287437, 0.019520483911037445, 0.019411355257034302, 0.019382255151867867, 0.01931852288544178, 0.01912633888423443, 0.01908627338707447, 0.019078999757766724, 0.019058948382735252, 0.019051317125558853, 0.018976394087076187, 0.018964223563671112, 0.018919188529253006, 0.01890607550740242, 0.01889842562377453, 0.018867265433073044, 0.018720677122473717, 0.01866159774363041, 0.018633726984262466, 0.01861296221613884, 0.018578654155135155, 0.018547197803854942, 0.018527068197727203]

Execution time: 0.4052 sec
