Label: tensor([ 0,  0,  0,  0, 16, 26, 67, 27,  0, 38,  0, 38, 13,  0, 32, 29, 38,  0,
        26,  0, 26,  0,  0,  0, 39, 13, 56, 27, 67, 26, 26, 38,  0, 13, 24, 67,
         0, 35, 29, 26, 67, 77, 16,  0, 32, 17, 13, 38, 29, 41, 27, 38, 74, 26,
        29,  0, 38, 67,  0,  0,  0, 29,  0,  0,  0,  2, 39, 77, 28, 26, 26, 32,
        67,  2,  0, 28,  0, 13, 77, 29,  6, 16,  0, 17, 29,  0, 77,  2,  3, 13,
        13,  0, 38, 67, 56,  0, 58,  0, 29, 67, 26,  0, 67,  0, 65, 16, 26, 38,
         0,  0, 26, 13,  0, 74, 32, 56,  0, 26, 74, 67, 13, 67, 38,  0, 29, 79,
        41,  0, 35, 79, 13,  6, 76,  6,  0,  0,  6,  0,  0, 29, 28, 15, 26,  8,
         0, 13, 67, 16, 56,  6,  0, 13, 13,  0, 26, 38, 35,  0,  8,  6,  2,  0,
        33,  6,  0, 67, 38, 67, 15,  0, 74,  0, 74,  0,  0,  0, 32, 35,  5, 67,
        67, 56, 41, 65,  0,  0, 28, 13,  0, 13, 76,  8, 24,  0, 29, 74, 58, 25,
         6,  0,  0, 32, 29, 56, 73, 16, 58, 39,  2,  0, 13,  0, 29, 35, 16, 28,
        32, 29, 67,  0, 67,  0,  2, 29,  0,  2, 26, 28,  0, 39, 29, 13, 45, 56,
        24,  0,  6, 32,  6,  0, 29, 26, 26, 16, 24, 56, 29, 76,  0, 16,  8, 32,
        41,  5, 56,  8, 13, 61, 56, 65,  0, 56,  1, 77,  6, 39, 13, 56, 79, 67,
        58,  0, 29,  5, 67, 56, 29, 24, 74, 32, 38, 38, 32, 56,  4, 24,  0, 61,
         0, 38,  2, 38, 32, 24, 38, 36, 29,  0,  8, 29]), Box: ([117.3130874633789, 21.57088279724121, 201.9518280029297, 293.75048828125], [345.4421691894531, 164.05113220214844, 461.6060791015625, 374.88055419921875], [264.4051818847656, 75.13508605957031, 296.9089050292969, 133.98318481445312], [211.22698974609375, 63.417640686035156, 247.74755859375, 135.12213134765625], [264.4051818847656, 75.13508605957031, 296.9089050292969, 133.98318481445312], [349.66326904296875, 338.5111389160156, 430.4516906738281, 374.7347717285156], [350.9211730957031, 339.7474670410156, 364.25921630859375, 364.4300842285156], [403.4029846191406, 247.99986267089844, 417.3656005859375, 277.0641784667969], [202.354736328125, 36.61205291748047, 248.06419372558594, 135.7262725830078], [350.9211730957031, 339.7474670410156, 364.25921630859375, 364.4300842285156], [198.94314575195312, -0.17184577882289886, 243.47366333007812, 58.15769958496094], [349.66326904296875, 338.5111389160156, 430.4516906738281, 374.7347717285156], [-0.17292797565460205, 162.6053466796875, 128.4540252685547, 281.89349365234375], [199.02093505859375, 0.19428133964538574, 247.32388305664062, 136.3078155517578], [193.0943145751953, 264.2091064453125, 203.61175537109375, 281.10296630859375], [349.66326904296875, 338.5111389160156, 430.4516906738281, 374.7347717285156], [346.43426513671875, 339.4432067871094, 364.754638671875, 374.6551208496094], [201.55894470214844, 31.24966812133789, 247.2924041748047, 135.7072296142578], [349.6933288574219, 316.29315185546875, 432.071533203125, 374.484375], [264.3089294433594, 45.33690643310547, 302.9996032714844, 134.00636291503906], [350.2200927734375, 314.98968505859375, 432.1221008300781, 374.4665222167969], [265.0640563964844, 83.78590393066406, 289.93743896484375, 133.6058807373047], [198.92764282226562, 0.2695731818675995, 252.44227600097656, 136.1158905029297], [215.0535888671875, 63.62666320800781, 245.21139526367188, 94.44438934326172], [193.0943145751953, 264.2091064453125, 203.61175537109375, 281.10296630859375], [-1.9880086183547974, 162.5547637939453, 481.3424987792969, 282.72027587890625], [443.9009094238281, 230.4456024169922, 478.7677307128906, 268.5480041503906], [394.043701171875, 231.80648803710938, 438.36114501953125, 276.1153259277344], [354.0031433105469, 338.663818359375, 364.53253173828125, 347.1891784667969], [350.15576171875, 287.9950866699219, 432.13592529296875, 374.6221618652344], [349.03741455078125, 339.2117004394531, 458.5410461425781, 375.1531982421875], [349.6933288574219, 316.29315185546875, 432.071533203125, 374.484375], [265.4305114746094, 74.96791076660156, 354.6355285644531, 134.2775421142578], [443.9009094238281, 230.4456024169922, 478.7677307128906, 268.5480041503906], [264.4051818847656, 75.13508605957031, 296.9089050292969, 133.98318481445312], [352.77374267578125, 338.5375671386719, 364.4330139160156, 347.4984436035156], [84.39314270019531, 77.90608215332031, 120.87835693359375, 139.09109497070312], [349.66326904296875, 338.5111389160156, 430.4516906738281, 374.7347717285156], [348.1611633300781, 339.5398864746094, 379.5180969238281, 374.7293395996094], [348.1611633300781, 339.5398864746094, 379.5180969238281, 374.7293395996094], [144.6135711669922, 45.32050323486328, 151.06385803222656, 53.24807357788086], [349.6933288574219, 316.29315185546875, 432.071533203125, 374.484375], [211.22698974609375, 63.417640686035156, 247.74755859375, 135.12213134765625], [266.1527099609375, 74.94126892089844, 296.0155334472656, 101.09751892089844], [349.66326904296875, 338.5111389160156, 430.4516906738281, 374.7347717285156], [264.4051818847656, 75.13508605957031, 296.9089050292969, 133.98318481445312], [1.7624199390411377, 161.3131866455078, 475.61669921875, 285.1674499511719], [350.2200927734375, 314.98968505859375, 432.1221008300781, 374.4665222167969], [349.03741455078125, 339.2117004394531, 458.5410461425781, 375.1531982421875], [193.0943145751953, 264.2091064453125, 203.61175537109375, 281.10296630859375], [403.54595947265625, 247.69786071777344, 420.7024230957031, 276.93560791015625], [349.03741455078125, 339.2117004394531, 458.5410461425781, 375.1531982421875], [350.9211730957031, 339.7474670410156, 364.25921630859375, 364.4300842285156], [346.43426513671875, 339.4432067871094, 364.754638671875, 374.6551208496094], [346.43426513671875, 339.4432067871094, 364.754638671875, 374.6551208496094], [424.5279846191406, 152.4866485595703, 439.19970703125, 169.40231323242188], [348.1611633300781, 339.5398864746094, 379.5180969238281, 374.7293395996094], [350.5582275390625, 346.2632751464844, 358.0784912109375, 364.1983642578125], [266.2582702636719, 75.04962158203125, 296.0755615234375, 102.093505859375], [202.45387268066406, 30.109952926635742, 240.71286010742188, 58.770294189453125], [199.29547119140625, 34.538429260253906, 223.34359741210938, 135.3146209716797], [350.9211730957031, 339.7474670410156, 364.25921630859375, 364.4300842285156], [199.20907592773438, 29.0257625579834, 213.05914306640625, 58.97757339477539], [265.7218933105469, 99.60719299316406, 289.5207824707031, 133.63999938964844], [202.5470428466797, 84.08433532714844, 223.86691284179688, 135.1792755126953], [443.9009094238281, 230.4456024169922, 478.7677307128906, 268.5480041503906], [350.9211730957031, 339.7474670410156, 364.25921630859375, 364.4300842285156], [349.66326904296875, 338.5111389160156, 430.4516906738281, 374.7347717285156], [349.66326904296875, 338.5111389160156, 430.4516906738281, 374.7347717285156], [350.9033203125, 234.4728546142578, 460.48687744140625, 374.39910888671875], [350.9211730957031, 339.7474670410156, 364.25921630859375, 364.4300842285156], [193.42921447753906, 272.5718688964844, 203.17491149902344, 281.1206359863281], [182.7815704345703, 123.75714874267578, 189.6282196044922, 138.3350372314453], [264.4051818847656, 75.13508605957031, 296.9089050292969, 133.98318481445312], [231.13352966308594, 75.35015869140625, 248.66859436035156, 134.5361328125], [349.03741455078125, 339.2117004394531, 458.5410461425781, 375.1531982421875], [81.67715454101562, 57.02291488647461, 122.42939758300781, 139.31466674804688], [369.3250427246094, 228.17845153808594, 478.2426452636719, 270.3062438964844], [350.2200927734375, 314.98968505859375, 432.1221008300781, 374.4665222167969], [273.939453125, 74.64913177490234, 295.9599304199219, 85.98462677001953], [0.35278499126434326, 0.6330348253250122, 481.1665344238281, 375.1103210449219], [265.4305114746094, 74.96791076660156, 354.6355285644531, 134.2775421142578], [224.9945068359375, -0.19018259644508362, 248.231201171875, 56.90621566772461], [211.22698974609375, 63.417640686035156, 247.74755859375, 135.12213134765625], [350.2200927734375, 314.98968505859375, 432.1221008300781, 374.4665222167969], [333.7040100097656, 0.20811426639556885, 358.6152038574219, 55.12171936035156], [264.4051818847656, 75.13508605957031, 296.9089050292969, 133.98318481445312], [350.9211730957031, 339.7474670410156, 364.25921630859375, 364.4300842285156], [264.4051818847656, 75.13508605957031, 296.9089050292969, 133.98318481445312], [360.09808349609375, 223.3236541748047, 477.7981262207031, 271.948974609375], [-0.2678707242012024, 162.4488067626953, 130.68753051757812, 359.10693359375], [424.394775390625, 152.6412811279297, 456.3481750488281, 240.73561096191406], [394.043701171875, 231.80648803710938, 438.36114501953125, 276.1153259277344], [143.1576690673828, 33.70505142211914, 157.42715454101562, 52.30362319946289], [264.4051818847656, 75.13508605957031, 296.9089050292969, 133.98318481445312], [198.37579345703125, 0.08392520248889923, 218.68609619140625, 58.48378372192383], [443.9009094238281, 230.4456024169922, 478.7677307128906, 268.5480041503906], [350.9033203125, 234.4728546142578, 460.48687744140625, 374.39910888671875], [349.6933288574219, 316.29315185546875, 432.071533203125, 374.484375], [143.39108276367188, 38.9846076965332, 154.768310546875, 53.02023696899414], [264.4051818847656, 75.13508605957031, 296.9089050292969, 133.98318481445312], [166.32777404785156, 23.156431198120117, 181.6894073486328, 57.73100662231445], [182.63833618164062, 122.83356475830078, 188.62234497070312, 137.98268127441406], [202.9759063720703, 74.71006774902344, 225.15472412109375, 134.88397216796875], [350.9211730957031, 339.7474670410156, 364.25921630859375, 364.4300842285156], [265.0640563964844, 83.78590393066406, 289.93743896484375, 133.6058807373047], [443.9009094238281, 230.4456024169922, 478.7677307128906, 268.5480041503906], [193.0943145751953, 264.2091064453125, 203.61175537109375, 281.10296630859375], [171.83456420898438, 28.05773162841797, 181.48187255859375, 57.49972152709961], [213.9116668701172, 46.041160583496094, 245.82322692871094, 96.0950698852539], [352.1423645019531, 235.05357360839844, 458.634521484375, 374.22894287109375], [384.1322937011719, 227.53302001953125, 478.0254211425781, 270.2244567871094], [340.5248718261719, 0.2539185881614685, 360.01495361328125, 54.96659851074219], [398.4877014160156, 314.9598388671875, 430.3734436035156, 334.1115417480469], [349.03741455078125, 339.2117004394531, 458.5410461425781, 375.1531982421875], [349.66326904296875, 338.5111389160156, 430.4516906738281, 374.7347717285156], [207.60577392578125, 35.188655853271484, 245.40675354003906, 98.90451049804688], [349.18304443359375, 311.9046630859375, 459.6297912597656, 374.8301086425781], [350.5582275390625, 346.2632751464844, 358.0784912109375, 364.1983642578125], [151.83401489257812, 36.70296096801758, 161.17005920410156, 46.900821685791016], [0.6560161709785461, 163.56021118164062, 201.6897430419922, 285.5975341796875], [184.2150421142578, 124.9330825805664, 190.17958068847656, 137.68836975097656], [186.588134765625, 113.88603973388672, 201.96726989746094, 142.40084838867188], [77.96246337890625, 74.63504028320312, 92.26358795166016, 96.97114562988281], [278.19586181640625, 75.85002136230469, 295.382080078125, 84.95263671875], [403.4029846191406, 247.99986267089844, 417.3656005859375, 277.0641784667969], [187.32261657714844, 120.57408905029297, 202.28367614746094, 142.5252685546875], [199.84059143066406, -0.04729209467768669, 233.9070281982422, 27.6656551361084], [350.2200927734375, 314.98968505859375, 432.1221008300781, 374.4665222167969], [144.6135711669922, 45.32050323486328, 151.06385803222656, 53.24807357788086], [0.1396387815475464, 160.1030731201172, 356.93408203125, 374.77874755859375], [0.3559887409210205, 0.13169646263122559, 301.4087829589844, 287.8287353515625], [350.9211730957031, 339.7474670410156, 364.25921630859375, 364.4300842285156], [0.066414475440979, 1.1566691398620605, 484.7122497558594, 283.8421325683594], [175.24879455566406, 0.04284270107746124, 239.7633514404297, 58.70096969604492], [226.11927795410156, 0.01873844303190708, 246.57102966308594, 22.607675552368164], [-1.9880086183547974, 162.5547637939453, 481.3424987792969, 282.72027587890625], [273.939453125, 74.64913177490234, 295.9599304199219, 85.98462677001953], [213.3228302001953, 45.748138427734375, 245.61114501953125, 98.54776763916016], [148.47816467285156, 47.74580764770508, 175.02169799804688, 56.717193603515625], [349.6933288574219, 316.29315185546875, 432.071533203125, 374.484375], [264.4051818847656, 75.13508605957031, 296.9089050292969, 133.98318481445312], [349.15545654296875, 269.482421875, 460.63836669921875, 374.9398498535156], [0.066414475440979, 1.1566691398620605, 484.7122497558594, 283.8421325683594], [199.63673400878906, 41.47600555419922, 212.10304260253906, 58.92389678955078], [0.38905441761016846, 163.7508087158203, 126.95088958740234, 205.2622833251953], [346.45111083984375, 32.18244934082031, 356.58489990234375, 44.92123031616211], [266.1527099609375, 74.94126892089844, 296.0155334472656, 101.09751892089844], [349.6933288574219, 316.29315185546875, 432.071533203125, 374.484375], [0.5405694246292114, -0.14638155698776245, 294.8390808105469, 285.2308349609375], [266.2470703125, 80.74761962890625, 290.093505859375, 101.09786987304688], [-0.9557157754898071, 159.8485565185547, 499.02392578125, 374.1573486328125], [375.9801940917969, 199.8677978515625, 478.4792785644531, 269.6581115722656], [275.8754577636719, 49.69124221801758, 298.2829284667969, 85.15469360351562], [349.1700439453125, 257.18157958984375, 460.30877685546875, 374.5991516113281], [264.4051818847656, 75.13508605957031, 296.9089050292969, 133.98318481445312], [349.6933288574219, 316.29315185546875, 432.071533203125, 374.484375], [142.02801513671875, 21.908203125, 179.3265838623047, 56.51482009887695], [0.35278499126434326, 0.6330348253250122, 481.1665344238281, 375.1103210449219], [0.11812150478363037, -0.005710870027542114, 301.0978088378906, 286.80767822265625], [0.2456754446029663, 59.533329010009766, 123.97396850585938, 143.05038452148438], [199.6218719482422, 41.97092056274414, 217.78036499023438, 134.5536651611328], [349.66326904296875, 338.5111389160156, 430.4516906738281, 374.7347717285156], [1.7624199390411377, 161.3131866455078, 475.61669921875, 285.1674499511719], [35.00586700439453, 70.57766723632812, 71.46833801269531, 91.88175201416016], [346.43426513671875, 339.4432067871094, 364.754638671875, 374.6551208496094], [266.2470703125, 80.74761962890625, 290.093505859375, 101.09786987304688], [403.4029846191406, 247.99986267089844, 417.3656005859375, 277.0641784667969], [211.22698974609375, 63.417640686035156, 247.74755859375, 135.12213134765625], [287.0135498046875, 86.50872039794922, 303.4492492675781, 133.318603515625], [349.66326904296875, 338.5111389160156, 430.4516906738281, 374.7347717285156], [309.5079040527344, 84.7693862915039, 355.3906555175781, 133.23338317871094], [354.0031433105469, 338.663818359375, 364.53253173828125, 347.1891784667969], [119.61195373535156, 22.772523880004883, 197.77197265625, 291.5546875], [200.12249755859375, 0.011611729860305786, 234.24197387695312, 24.045774459838867], [199.96824645996094, 0.011393800377845764, 276.9600524902344, 57.505584716796875], [443.9009094238281, 230.4456024169922, 478.7677307128906, 268.5480041503906], [348.1611633300781, 339.5398864746094, 379.5180969238281, 374.7293395996094], [0.2456754446029663, 59.533329010009766, 123.97396850585938, 143.05038452148438], [148.47816467285156, 47.74580764770508, 175.02169799804688, 56.717193603515625], [132.8991241455078, 28.723407745361328, 150.48309326171875, 53.58055114746094], [349.03741455078125, 339.2117004394531, 458.5410461425781, 375.1531982421875], [186.588134765625, 113.88603973388672, 201.96726989746094, 142.40084838867188], [187.32261657714844, 120.57408905029297, 202.28367614746094, 142.5252685546875], [199.0773468017578, -0.21144747734069824, 227.9227294921875, 57.56449890136719], [54.70631408691406, 73.02821350097656, 71.43061828613281, 84.2589111328125], [348.1611633300781, 339.5398864746094, 379.5180969238281, 374.7293395996094], [0.02308189868927002, 274.04986572265625, 353.7223205566406, 374.92919921875], [77.8306655883789, 84.20164489746094, 88.54505920410156, 97.6098403930664], [0.22864341735839844, 159.5865020751953, 345.48431396484375, 284.7464599609375], [403.4029846191406, 247.99986267089844, 417.3656005859375, 277.0641784667969], [0.031128525733947754, 0.737791895866394, 132.1448211669922, 169.08665466308594], [349.66326904296875, 338.5111389160156, 430.4516906738281, 374.7347717285156], [78.76730346679688, 73.97087097167969, 89.88040161132812, 83.91924285888672], [193.0943145751953, 264.2091064453125, 203.61175537109375, 281.10296630859375], [352.77374267578125, 338.5375671386719, 364.4330139160156, 347.4984436035156], [309.5079040527344, 84.7693862915039, 355.3906555175781, 133.23338317871094], [349.66326904296875, 338.5111389160156, 430.4516906738281, 374.7347717285156], [-1.689910888671875, 0.07905811071395874, 488.5687561035156, 285.5652160644531], [0.35278499126434326, 0.6330348253250122, 481.1665344238281, 375.1103210449219], [425.00799560546875, 152.8654327392578, 456.527587890625, 238.95599365234375], [348.1611633300781, 339.5398864746094, 379.5180969238281, 374.7293395996094], [384.1322937011719, 227.53302001953125, 478.0254211425781, 270.2244567871094], [350.2200927734375, 314.98968505859375, 432.1221008300781, 374.4665222167969], [350.9211730957031, 339.7474670410156, 364.25921630859375, 364.4300842285156], [202.354736328125, 36.61205291748047, 248.06419372558594, 135.7262725830078], [264.4051818847656, 75.13508605957031, 296.9089050292969, 133.98318481445312], [186.588134765625, 113.88603973388672, 201.96726989746094, 142.40084838867188], [369.3250427246094, 228.17845153808594, 478.2426452636719, 270.3062438964844], [202.56973266601562, 49.20591735839844, 247.65272521972656, 135.94900512695312], [349.03741455078125, 339.2117004394531, 458.5410461425781, 375.1531982421875], [349.28607177734375, 198.32843017578125, 460.29351806640625, 370.6154479980469], [349.18304443359375, 311.9046630859375, 459.6297912597656, 374.8301086425781], [349.03741455078125, 339.2117004394531, 458.5410461425781, 375.1531982421875], [266.2582702636719, 75.04962158203125, 296.0755615234375, 102.093505859375], [350.2200927734375, 314.98968505859375, 432.1221008300781, 374.4665222167969], [346.45111083984375, 32.18244934082031, 356.58489990234375, 44.92123031616211], [398.4877014160156, 314.9598388671875, 430.3734436035156, 334.1115417480469], [398.4877014160156, 314.9598388671875, 430.3734436035156, 334.1115417480469], [350.15576171875, 287.9950866699219, 432.13592529296875, 374.6221618652344], [379.135986328125, 231.81773376464844, 389.0097351074219, 246.94065856933594], [-0.9557157754898071, 159.8485565185547, 499.02392578125, 374.1573486328125], [84.39314270019531, 77.90608215332031, 120.87835693359375, 139.09109497070312], [366.8839416503906, 341.3647155761719, 429.4653625488281, 365.76043701171875], [346.78814697265625, 219.22561645507812, 390.15008544921875, 361.8060302734375], [265.4305114746094, 74.96791076660156, 354.6355285644531, 134.2775421142578], [265.7218933105469, 99.60719299316406, 289.5207824707031, 133.63999938964844], [443.9009094238281, 230.4456024169922, 478.7677307128906, 268.5480041503906], [229.59002685546875, 22.412731170654297, 248.33079528808594, 57.39114761352539], [187.32261657714844, 120.57408905029297, 202.28367614746094, 142.5252685546875], [443.9009094238281, 230.4456024169922, 478.7677307128906, 268.5480041503906], [-0.3325343132019043, 161.60836791992188, 308.093994140625, 284.9517517089844], [193.0943145751953, 264.2091064453125, 203.61175537109375, 281.10296630859375], [350.9211730957031, 339.7474670410156, 364.25921630859375, 364.4300842285156], [266.1527099609375, 74.94126892089844, 296.0155334472656, 101.09751892089844], [349.6933288574219, 316.29315185546875, 432.071533203125, 374.484375], [-0.7652789354324341, -0.7453076839447021, 346.4139709472656, 283.2637939453125], [266.1527099609375, 74.94126892089844, 296.0155334472656, 101.09751892089844], [0.2456754446029663, 59.533329010009766, 123.97396850585938, 143.05038452148438], [346.43426513671875, 339.4432067871094, 364.754638671875, 374.6551208496094], [193.42921447753906, 272.5718688964844, 203.17491149902344, 281.1206359863281], [394.043701171875, 231.80648803710938, 438.36114501953125, 276.1153259277344], [266.1527099609375, 74.94126892089844, 296.0155334472656, 101.09751892089844], [349.6933288574219, 316.29315185546875, 432.071533203125, 374.484375], [266.2582702636719, 75.04962158203125, 296.0755615234375, 102.093505859375], [346.43426513671875, 339.4432067871094, 364.754638671875, 374.6551208496094], [142.02801513671875, 21.908203125, 179.3265838623047, 56.51482009887695], [394.043701171875, 231.80648803710938, 438.36114501953125, 276.1153259277344], [202.97792053222656, 30.98088836669922, 271.6590270996094, 57.32514190673828], [198.94314575195312, -0.17184577882289886, 243.47366333007812, 58.15769958496094], [0.2456754446029663, 59.533329010009766, 123.97396850585938, 143.05038452148438], [398.4877014160156, 314.9598388671875, 430.3734436035156, 334.1115417480469], [350.9211730957031, 339.7474670410156, 364.25921630859375, 364.4300842285156], [0.35278499126434326, 0.6330348253250122, 481.1665344238281, 375.1103210449219], [369.3250427246094, 228.17845153808594, 478.2426452636719, 270.3062438964844], [-1.9880086183547974, 162.5547637939453, 481.3424987792969, 282.72027587890625], [377.5064392089844, 177.26840209960938, 479.51287841796875, 268.1136474609375], [443.9009094238281, 230.4456024169922, 478.7677307128906, 268.5480041503906], [349.28607177734375, 198.32843017578125, 460.29351806640625, 370.6154479980469], [186.588134765625, 113.88603973388672, 201.96726989746094, 142.40084838867188], [262.052734375, 75.52757263183594, 299.9313049316406, 208.0782012939453], [375.8213806152344, 168.00367736816406, 479.0806579589844, 269.7174072265625], [264.4051818847656, 75.13508605957031, 296.9089050292969, 133.98318481445312], [403.4029846191406, 247.99986267089844, 417.3656005859375, 277.0641784667969], [-0.620327889919281, 2.6166625022888184, 208.69371032714844, 374.8215026855469], [424.5279846191406, 152.4866485595703, 439.19970703125, 169.40231323242188], [375.8213806152344, 168.00367736816406, 479.0806579589844, 269.7174072265625], [349.18304443359375, 311.9046630859375, 459.6297912597656, 374.8301086425781], [148.47816467285156, 47.74580764770508, 175.02169799804688, 56.717193603515625], [356.3448486328125, 340.60906982421875, 363.9523010253906, 349.63299560546875], [422.83978271484375, 165.5941619873047, 479.3363037109375, 268.50091552734375], [202.23822021484375, 24.555377960205078, 248.5233154296875, 58.339447021484375], [266.2470703125, 80.74761962890625, 290.093505859375, 101.09786987304688], [0.031128525733947754, 0.737791895866394, 132.1448211669922, 169.08665466308594], [143.02944946289062, 26.78812599182129, 176.62367248535156, 52.561222076416016], [211.22698974609375, 63.417640686035156, 247.74755859375, 135.12213134765625], [266.1527099609375, 74.94126892089844, 296.0155334472656, 101.09751892089844], [350.2200927734375, 314.98968505859375, 432.1221008300781, 374.4665222167969], [346.43426513671875, 339.4432067871094, 364.754638671875, 374.6551208496094], [264.4051818847656, 75.13508605957031, 296.9089050292969, 133.98318481445312], [187.32261657714844, 120.57408905029297, 202.28367614746094, 142.5252685546875], [132.8991241455078, 28.723407745361328, 150.48309326171875, 53.58055114746094], [349.6933288574219, 316.29315185546875, 432.071533203125, 374.484375], [349.15545654296875, 269.482421875, 460.63836669921875, 374.9398498535156], [0.066414475440979, 1.1566691398620605, 484.7122497558594, 283.8421325683594], [265.7218933105469, 99.60719299316406, 289.5207824707031, 133.63999938964844], [130.71029663085938, 0.16650371253490448, 181.72857666015625, 34.27592468261719], [350.9211730957031, 339.7474670410156, 364.25921630859375, 364.4300842285156], [422.83978271484375, 165.5941619873047, 479.3363037109375, 268.50091552734375], [273.939453125, 74.64913177490234, 295.9599304199219, 85.98462677001953], [2.4455785751342773, 51.791751861572266, 263.9537048339844, 138.11956787109375], [350.5582275390625, 346.2632751464844, 358.0784912109375, 364.1983642578125], [266.2470703125, 80.74761962890625, 290.093505859375, 101.09786987304688], [349.6933288574219, 316.29315185546875, 432.071533203125, 374.484375], [266.1527099609375, 74.94126892089844, 296.0155334472656, 101.09751892089844], [349.66326904296875, 338.5111389160156, 430.4516906738281, 374.7347717285156], [187.32261657714844, 120.57408905029297, 202.28367614746094, 142.5252685546875], [375.8213806152344, 168.00367736816406, 479.0806579589844, 269.7174072265625], [-1.689910888671875, 0.07905811071395874, 488.5687561035156, 285.5652160644531], [186.588134765625, 113.88603973388672, 201.96726989746094, 142.40084838867188]), Score: [0.9436105489730835, 0.911151647567749, 0.24668341875076294, 0.24010153114795685, 0.20718863606452942, 0.13506710529327393, 0.12143142521381378, 0.1157931238412857, 0.11390818655490875, 0.11123228073120117, 0.11104011535644531, 0.11101084202528, 0.10805121809244156, 0.10163562744855881, 0.10014667361974716, 0.09837178885936737, 0.09695165604352951, 0.08770129829645157, 0.08755510300397873, 0.082793690264225, 0.07645338773727417, 0.07377725094556808, 0.07300214469432831, 0.06919436156749725, 0.06570150703191757, 0.0649290457367897, 0.06394169479608536, 0.06350171566009521, 0.0629243329167366, 0.06224595010280609, 0.06163398176431656, 0.06150730326771736, 0.06117739528417587, 0.06106843054294586, 0.060417670756578445, 0.0593562014400959, 0.0588391087949276, 0.05704738572239876, 0.0569281131029129, 0.05576891824603081, 0.05414215102791786, 0.05394313484430313, 0.05390603467822075, 0.0523872934281826, 0.052125513553619385, 0.05198313668370247, 0.051665764302015305, 0.051629211753606796, 0.05137977749109268, 0.05031367763876915, 0.04969274625182152, 0.04966670647263527, 0.049483951181173325, 0.04946836456656456, 0.04913052171468735, 0.048512451350688934, 0.048484742641448975, 0.04738821089267731, 0.046347759664058685, 0.04514925181865692, 0.044948529452085495, 0.04437069594860077, 0.04335808381438255, 0.043303098529577255, 0.04315822944045067, 0.042722608894109726, 0.04233676940202713, 0.04232803359627724, 0.04219979792833328, 0.04189261421561241, 0.04185523837804794, 0.0412251278758049, 0.04111972078680992, 0.040928058326244354, 0.04088369384407997, 0.04079005494713783, 0.0405956469476223, 0.03996067866683006, 0.03909872844815254, 0.0390157587826252, 0.038765788078308105, 0.038019437342882156, 0.03796003758907318, 0.03757708892226219, 0.03754810243844986, 0.037461504340171814, 0.0374443344771862, 0.03744128346443176, 0.03743065521121025, 0.03721703216433525, 0.03719770163297653, 0.03670787438750267, 0.03606056421995163, 0.03594420850276947, 0.035902705043554306, 0.035721905529499054, 0.035679712891578674, 0.035068705677986145, 0.03493214771151543, 0.034832537174224854, 0.03480089083313942, 0.0347837395966053, 0.034691739827394485, 0.03458749130368233, 0.03435361012816429, 0.034335117787122726, 0.03407550975680351, 0.03405526280403137, 0.03371189534664154, 0.0334758460521698, 0.03293866291642189, 0.0329095795750618, 0.03290630131959915, 0.03276214748620987, 0.032754652202129364, 0.0326564684510231, 0.0325637087225914, 0.03235585615038872, 0.03206630051136017, 0.031870778650045395, 0.031838707625865936, 0.03178669139742851, 0.031391605734825134, 0.031244026497006416, 0.03115391544997692, 0.031092539429664612, 0.03087405487895012, 0.030531691387295723, 0.03046131320297718, 0.030377186834812164, 0.03033117763698101, 0.03032175451517105, 0.030297482386231422, 0.03018437884747982, 0.030106233432888985, 0.029950575903058052, 0.02990702912211418, 0.02986624464392662, 0.029724029824137688, 0.029681220650672913, 0.02929549850523472, 0.0292933639138937, 0.029271582141518593, 0.029231395572423935, 0.0291400495916605, 0.029079075902700424, 0.02903909608721733, 0.028936583548784256, 0.028926361352205276, 0.02871539071202278, 0.028686244040727615, 0.028667747974395752, 0.028544414788484573, 0.028542332351207733, 0.028396178036928177, 0.028343133628368378, 0.0283234603703022, 0.02809465117752552, 0.027990804985165596, 0.02793971076607704, 0.02790243551135063, 0.02757473848760128, 0.027469826862215996, 0.02740788832306862, 0.027351537719368935, 0.027349496260285378, 0.027214616537094116, 0.027179405093193054, 0.027120022103190422, 0.027113329619169235, 0.027101801708340645, 0.0270210150629282, 0.02697332203388214, 0.026849525049328804, 0.02678455412387848, 0.026695607230067253, 0.026568442583084106, 0.02629186026751995, 0.026248883455991745, 0.026148023083806038, 0.026125818490982056, 0.02612335979938507, 0.02609793283045292, 0.025974687188863754, 0.025784630328416824, 0.025752654299139977, 0.025733310729265213, 0.02569068968296051, 0.025539135560393333, 0.025509625673294067, 0.025501485913991928, 0.025459332391619682, 0.025429582223296165, 0.025426121428608894, 0.025390837341547012, 0.02533528581261635, 0.025231948122382164, 0.025148628279566765, 0.0249051321297884, 0.024900950491428375, 0.024898866191506386, 0.02481967583298683, 0.024758044630289078, 0.02465040609240532, 0.024588104337453842, 0.02454567141830921, 0.024528564885258675, 0.024494517594575882, 0.024326173588633537, 0.024287309497594833, 0.02426782064139843, 0.024260345846414566, 0.024234488606452942, 0.024200700223445892, 0.024165013805031776, 0.02394934743642807, 0.023943016305565834, 0.023844333365559578, 0.023581013083457947, 0.02357095293700695, 0.023354319855570793, 0.023351004347205162, 0.02333575114607811, 0.02332901395857334, 0.023300157859921455, 0.023289520293474197, 0.023161230608820915, 0.02310931123793125, 0.023107707500457764, 0.023081887513399124, 0.023040665313601494, 0.02302209474146366, 0.02300790324807167, 0.022952252998948097, 0.022924456745386124, 0.022914104163646698, 0.022911788895726204, 0.022837480530142784, 0.022834980860352516, 0.02282816544175148, 0.022824997082352638, 0.02281576208770275, 0.02279173769056797, 0.022627485916018486, 0.02259533479809761, 0.02258792705833912, 0.02258285880088806, 0.0225546732544899, 0.02251771092414856, 0.02247445285320282, 0.02245038002729416, 0.022447053343057632, 0.022430939599871635, 0.022409750148653984, 0.02236083708703518, 0.022340398281812668, 0.02227521687746048, 0.022233236581087112, 0.022188447415828705, 0.02214149199426174, 0.022055618464946747, 0.021955102682113647, 0.021943634375929832, 0.021891264244914055, 0.021842338144779205, 0.02182227000594139, 0.0217839814722538, 0.021782884374260902, 0.021761996671557426, 0.02174016274511814, 0.021708691492676735, 0.0216942448168993, 0.021662693470716476, 0.02160513959825039, 0.021524235606193542, 0.02147194929420948, 0.02140328846871853, 0.02134578488767147, 0.021345587447285652, 0.021329671144485474, 0.021326519548892975, 0.02119961380958557, 0.021189123392105103, 0.021187545731663704, 0.021185247227549553, 0.021143509075045586, 0.02104879356920719, 0.021012067794799805, 0.02100750431418419, 0.020879974588751793, 0.020877333357930183, 0.02087499387562275, 0.02083045244216919, 0.020822176709771156, 0.0207578893750906, 0.020637476816773415, 0.02061597630381584, 0.020594652742147446, 0.02059059962630272, 0.020565371960401535]

Execution time: 0.4103 sec
