Label: tensor([60, 45, 43, 40, 40, 42, 40, 56, 40, 56, 40, 40, 42, 43, 56, 56, 44, 42,
        42, 41, 40, 75, 40, 42, 43, 43, 45, 44, 43, 43, 45, 43, 45, 43, 39, 42,
        41, 40, 43, 44, 42, 41, 40, 40, 42, 45, 40, 43, 40, 44, 40, 44, 50, 42,
        43, 43, 39, 44, 40, 45, 43, 39, 42, 40, 42, 44, 42, 42, 42, 40, 40, 53,
        40, 43, 44, 43, 53, 42, 45, 42, 44, 44, 42, 39, 39, 42, 45, 43, 40, 40,
        44, 44, 40, 44, 42, 40, 43, 42, 42, 53, 44, 40, 43, 42, 50, 48, 42, 43,
        43, 42, 40, 43, 42, 53, 44, 45, 43, 45, 42, 44, 44, 42, 45, 40, 43, 44,
        44, 41, 44, 39, 40, 40, 44, 42, 42, 42, 44, 44, 42, 42, 50, 75, 44, 44,
        41, 39, 42, 40, 42, 53, 42, 41, 43, 40, 50, 40, 40, 44, 40, 43, 41, 43,
        41, 40, 42, 43, 75, 43, 43, 43, 40, 43, 42, 40, 40, 44, 42, 43, 44, 42,
        48, 55, 48, 42, 40, 41, 42, 40, 42, 41, 43, 55, 44, 43, 43, 41, 42, 44,
        42, 42, 41, 43, 40, 43, 45, 43, 44, 43, 41, 42, 39, 48, 44, 44, 42, 45,
        39, 43, 43, 42, 39, 42, 42, 41, 40, 44, 44, 55, 43, 40, 41, 42, 50, 44,
        41, 41, 40, 43, 43, 44, 40, 43, 42, 43, 42, 41, 44, 44, 39, 44, 42, 40,
        44, 42, 42, 50, 41, 43, 40, 43, 42, 44, 45, 42, 43, 43, 42, 42, 40, 75,
        44, 42, 40, 42, 44, 40, 39, 55, 44, 42, 41, 45, 42, 42, 44, 42, 44, 42,
        44, 41, 50, 40, 45, 44, 44, 44, 40, 42, 41, 40]), Box: ([0.2464503049850464, 106.96171569824219, 375.2422790527344, 498.14874267578125], [137.3979949951172, 203.10321044921875, 231.6963653564453, 265.5771179199219], [330.9030456542969, 369.00445556640625, 360.7417907714844, 472.7195739746094], [270.6888122558594, 248.02410888671875, 320.19415283203125, 354.7243347167969], [84.66537475585938, 272.7873840332031, 141.48912048339844, 392.14117431640625], [171.6750946044922, 364.6541442871094, 189.120361328125, 457.723876953125], [269.48260498046875, 183.91261291503906, 308.6196594238281, 255.69766235351562], [182.89962768554688, 72.28994750976562, 263.3183898925781, 121.67377471923828], [109.34712219238281, 153.4666748046875, 139.07589721679688, 225.36790466308594], [25.81194496154785, 108.80347442626953, 69.91641235351562, 187.8499755859375], [127.82291412353516, 105.93244934082031, 150.25363159179688, 155.48306274414062], [251.90798950195312, 132.85206604003906, 277.2422790527344, 194.9574737548828], [336.1422424316406, 314.9403991699219, 375.1361083984375, 329.1365966796875], [1.1006276607513428, 369.5682678222656, 78.37104034423828, 380.8435974121094], [333.95208740234375, 112.79635620117188, 374.8992919921875, 224.54428100585938], [0.07223105430603027, 163.98880004882812, 35.81540298461914, 273.05853271484375], [213.9185028076172, 188.4145050048828, 242.54103088378906, 206.61370849609375], [299.8160400390625, 212.0029296875, 357.552978515625, 223.42910766601562], [299.9327392578125, 213.78662109375, 357.3113708496094, 223.6164093017578], [218.4445037841797, 152.58883666992188, 241.2841033935547, 177.28912353515625], [96.92752075195312, 106.49058532714844, 132.50088500976562, 138.70684814453125], [146.33004760742188, 73.0149154663086, 192.54867553710938, 139.00982666015625], [227.00148010253906, 99.23690032958984, 248.7918243408203, 138.3230743408203], [273.068603515625, 152.9725341796875, 316.6759338378906, 159.85528564453125], [17.938907623291016, 237.56207275390625, 79.46070861816406, 248.33958435058594], [276.35308837890625, 136.8708038330078, 315.05938720703125, 144.68544006347656], [153.35646057128906, 134.24343872070312, 212.9826202392578, 162.86195373535156], [299.9327392578125, 213.78662109375, 357.3113708496094, 223.6164093017578], [273.068603515625, 152.9725341796875, 316.6759338378906, 159.85528564453125], [133.4007110595703, 289.15765380859375, 175.71131896972656, 323.4598388671875], [147.5321502685547, 179.79791259765625, 227.78993225097656, 206.9197235107422], [133.29638671875, 296.5157470703125, 166.44630432128906, 323.5912170410156], [61.50798797607422, 229.33355712890625, 123.97820281982422, 269.26068115234375], [128.58865356445312, 142.62147521972656, 148.7056884765625, 155.44796752929688], [172.28225708007812, 140.63755798339844, 196.33641052246094, 182.0208282470703], [52.93624496459961, 280.5981140136719, 86.17803192138672, 295.2391357421875], [61.50798797607422, 229.33355712890625, 123.97820281982422, 269.26068115234375], [226.9889373779297, 99.3055419921875, 248.44522094726562, 135.729248046875], [61.75120162963867, 281.1156921386719, 86.03057861328125, 295.0263366699219], [299.8160400390625, 212.0029296875, 357.552978515625, 223.42910766601562], [176.00698852539062, 267.8713684082031, 205.08583068847656, 291.19659423828125], [172.28225708007812, 140.63755798339844, 196.33641052246094, 182.0208282470703], [221.78765869140625, 119.47333526611328, 252.31808471679688, 148.92352294921875], [218.4445037841797, 152.58883666992188, 241.2841033935547, 177.28912353515625], [163.0074462890625, 274.1870422363281, 205.01605224609375, 303.70635986328125], [80.56852722167969, 147.1317138671875, 138.8610076904297, 187.6103057861328], [55.476112365722656, 0.041404739022254944, 68.3701171875, 25.976991653442383], [52.93624496459961, 280.5981140136719, 86.17803192138672, 295.2391357421875], [150.0274658203125, -0.16005896031856537, 165.18386840820312, 21.92656898498535], [52.93624496459961, 280.5981140136719, 86.17803192138672, 295.2391357421875], [67.95716094970703, 1.0491245985031128, 80.67080688476562, 24.145540237426758], [163.0074462890625, 274.1870422363281, 205.01605224609375, 303.70635986328125], [149.9172821044922, 214.6820068359375, 212.6381378173828, 236.79959106445312], [164.79473876953125, 277.5349426269531, 204.64157104492188, 304.892822265625], [299.8160400390625, 212.0029296875, 357.552978515625, 223.42910766601562], [213.9185028076172, 188.4145050048828, 242.54103088378906, 206.61370849609375], [232.22804260253906, -0.2812892198562622, 246.62887573242188, 20.942020416259766], [164.79473876953125, 277.5349426269531, 204.64157104492188, 304.892822265625], [70.57706451416016, 0.7602441906929016, 81.89429473876953, 23.56768035888672], [189.7229766845703, 117.04000854492188, 220.71826171875, 132.42221069335938], [299.9327392578125, 213.78662109375, 357.3113708496094, 223.6164093017578], [146.33004760742188, 73.0149154663086, 192.54867553710938, 139.00982666015625], [163.524658203125, 269.8642883300781, 205.52064514160156, 304.7028503417969], [48.04375457763672, 0.26591214537620544, 60.186676025390625, 25.68670654296875], [68.67887878417969, 158.7840576171875, 82.30369567871094, 165.8321075439453], [273.068603515625, 152.9725341796875, 316.6759338378906, 159.85528564453125], [231.3890380859375, 119.06827545166016, 240.84471130371094, 134.90687561035156], [140.4144287109375, 267.8455810546875, 204.89910888671875, 291.8133239746094], [133.4007110595703, 289.15765380859375, 175.71131896972656, 323.4598388671875], [52.58049392700195, 0.08348748087882996, 68.73802185058594, 25.884281158447266], [68.09362030029297, 30.236818313598633, 85.31531524658203, 60.07243728637695], [200.7994842529297, 280.86181640625, 257.6422119140625, 327.3951721191406], [149.49803161621094, -0.08642487227916718, 171.15072631835938, 22.441787719726562], [267.9678955078125, 182.51303100585938, 350.09722900390625, 193.3572540283203], [61.75120162963867, 281.1156921386719, 86.03057861328125, 295.0263366699219], [18.28420066833496, 235.22348022460938, 117.3309326171875, 251.10513305664062], [151.66383361816406, 278.5926208496094, 257.7498474121094, 336.46478271484375], [1.1006276607513428, 369.5682678222656, 78.37104034423828, 380.8435974121094], [151.75502014160156, 134.34852600097656, 217.00027465820312, 158.9116973876953], [0.3342116177082062, 280.82281494140625, 86.55549621582031, 302.632080078125], [336.5230712890625, 315.4491882324219, 375.07379150390625, 328.9221496582031], [128.58865356445312, 142.62147521972656, 148.7056884765625, 155.44796752929688], [61.75120162963867, 281.1156921386719, 86.03057861328125, 295.0263366699219], [220.95681762695312, -0.2817530035972595, 233.15895080566406, 20.19353675842285], [211.8412628173828, -0.4378175437450409, 223.03842163085938, 21.2858943939209], [293.6482238769531, 181.52064514160156, 352.52001953125, 197.58615112304688], [311.6173095703125, 259.8349304199219, 375.1565856933594, 308.5249328613281], [35.546142578125, 190.4366912841797, 112.92713165283203, 206.23297119140625], [163.33343505859375, 0.18215087056159973, 176.80322265625, 22.545154571533203], [63.2506217956543, 0.241745263338089, 73.73017120361328, 24.004104614257812], [176.00698852539062, 267.8713684082031, 205.08583068847656, 291.19659423828125], [163.524658203125, 269.8642883300781, 205.52064514160156, 304.7028503417969], [227.18788146972656, 99.15462493896484, 249.01829528808594, 124.32003021240234], [133.4007110595703, 289.15765380859375, 175.71131896972656, 323.4598388671875], [138.4727325439453, 267.4150390625, 197.56646728515625, 293.866943359375], [61.476226806640625, 0.2321787178516388, 72.37665557861328, 24.03835105895996], [43.27267837524414, 190.04006958007812, 112.28968811035156, 199.6151580810547], [43.27267837524414, 190.04006958007812, 112.28968811035156, 199.6151580810547], [309.79833984375, 216.5514678955078, 357.38458251953125, 223.58026123046875], [81.73239135742188, 151.92274475097656, 115.28782653808594, 185.9901123046875], [309.79833984375, 216.5514678955078, 357.38458251953125, 223.58026123046875], [226.98287963867188, 118.60904693603516, 242.5635986328125, 149.3211669921875], [293.30853271484375, 181.13742065429688, 350.7430114746094, 191.2190704345703], [17.938907623291016, 237.56207275390625, 79.46070861816406, 248.33958435058594], [151.87615966796875, 218.3258514404297, 178.5737762451172, 235.41134643554688], [81.73239135742188, 151.92274475097656, 115.28782653808594, 185.9901123046875], [293.30853271484375, 181.13742065429688, 350.7430114746094, 191.2190704345703], [114.53218841552734, 263.4384765625, 175.16896057128906, 275.9916076660156], [272.84698486328125, 153.87225341796875, 330.5602111816406, 166.60105895996094], [158.64100646972656, 278.65594482421875, 186.49435424804688, 298.96484375], [51.31385040283203, 0.025253742933273315, 62.93744659423828, 25.776084899902344], [290.4090270996094, 228.1492462158203, 374.7387390136719, 238.32107543945312], [273.4338073730469, 153.3461456298828, 315.0252685546875, 159.67666625976562], [147.5321502685547, 179.79791259765625, 227.78993225097656, 206.9197235107422], [158.64100646972656, 278.65594482421875, 186.49435424804688, 298.96484375], [76.22172546386719, 234.78797912597656, 118.26874542236328, 252.14480590820312], [273.4338073730469, 153.3461456298828, 315.0252685546875, 159.67666625976562], [61.987464904785156, 234.41001892089844, 120.26649475097656, 268.609375], [176.1939697265625, 276.70733642578125, 192.66714477539062, 291.61383056640625], [336.1422424316406, 314.9403991699219, 375.1361083984375, 329.1365966796875], [18.28420066833496, 235.22348022460938, 117.3309326171875, 251.10513305664062], [276.35308837890625, 136.8708038330078, 315.05938720703125, 144.68544006347656], [96.92752075195312, 106.49058532714844, 132.50088500976562, 138.70684814453125], [173.94261169433594, 0.47704017162323, 185.94264221191406, 20.444923400878906], [96.41710662841797, 192.43138122558594, 112.44932556152344, 199.3800811767578], [300.43756103515625, 214.04556274414062, 356.9344177246094, 223.5679473876953], [1.1006276607513428, 369.5682678222656, 78.37104034423828, 380.8435974121094], [269.8335266113281, 183.98550415039062, 308.2556457519531, 252.84335327148438], [273.4338073730469, 153.3461456298828, 315.0252685546875, 159.67666625976562], [229.986572265625, -0.2703787684440613, 241.3088836669922, 20.98771858215332], [74.45661163330078, 40.1447639465332, 85.80282592773438, 59.66180419921875], [168.83343505859375, 0.28707271814346313, 183.73712158203125, 21.57687759399414], [205.8109893798828, 179.9795684814453, 230.19012451171875, 195.76370239257812], [35.546142578125, 190.4366912841797, 112.92713165283203, 206.23297119140625], [176.04673767089844, 267.41009521484375, 194.34097290039062, 289.11572265625], [191.13572692871094, 269.6347351074219, 217.06719970703125, 285.7343444824219], [176.1939697265625, 276.70733642578125, 192.66714477539062, 291.61383056640625], [231.3890380859375, 119.06827545166016, 240.84471130371094, 134.90687561035156], [213.98080444335938, 188.37875366210938, 242.5111083984375, 206.31996154785156], [190.7779541015625, 275.4475402832031, 205.0284423828125, 289.86358642578125], [164.53143310546875, 218.0834503173828, 196.32850646972656, 235.98825073242188], [96.92752075195312, 106.49058532714844, 132.50088500976562, 138.70684814453125], [0.3342116177082062, 280.82281494140625, 86.55549621582031, 302.632080078125], [155.25338745117188, 279.0663146972656, 176.16371154785156, 295.9756164550781], [61.987464904785156, 234.41001892089844, 120.26649475097656, 268.609375], [227.0294189453125, -0.05653221160173416, 237.8240966796875, 20.727521896362305], [301.09075927734375, 207.083984375, 356.9759216308594, 215.26853942871094], [65.1877670288086, 0.7439684271812439, 74.5960693359375, 23.664901733398438], [152.19775390625, 268.5464782714844, 206.360107421875, 308.8516845703125], [80.56852722167969, 147.1317138671875, 138.8610076904297, 187.6103057861328], [45.27496337890625, 280.931884765625, 86.33602905273438, 297.85626220703125], [67.95716094970703, 1.0491245985031128, 80.67080688476562, 24.145540237426758], [309.79833984375, 216.5514678955078, 357.38458251953125, 223.58026123046875], [261.828369140625, 131.13807678222656, 278.19464111328125, 145.06610107421875], [172.0645294189453, 220.16876220703125, 194.2178192138672, 235.37945556640625], [253.2228546142578, 131.1563720703125, 277.9004211425781, 158.40988159179688], [103.13540649414062, 96.95068359375, 133.2161407470703, 109.99501037597656], [140.4144287109375, 267.8455810546875, 204.89910888671875, 291.8133239746094], [218.5198211669922, 152.69752502441406, 241.19073486328125, 176.74826049804688], [139.7613525390625, 279.57659912109375, 162.5645294189453, 292.7262878417969], [221.78765869140625, 119.47333526611328, 252.31808471679688, 148.92352294921875], [0.3342116177082062, 280.82281494140625, 86.55549621582031, 302.632080078125], [76.22172546386719, 234.78797912597656, 118.26874542236328, 252.14480590820312], [109.88289642333984, 27.162317276000977, 122.9369125366211, 73.22156524658203], [133.29638671875, 296.5157470703125, 166.44630432128906, 323.5912170410156], [293.6482238769531, 181.52064514160156, 352.52001953125, 197.58615112304688], [154.26596069335938, 112.10301971435547, 192.53741455078125, 140.0626678466797], [336.5230712890625, 315.4491882324219, 375.07379150390625, 328.9221496582031], [301.09075927734375, 207.083984375, 356.9759216308594, 215.26853942871094], [35.225914001464844, 192.61404418945312, 80.00017547607422, 207.40455627441406], [232.22804260253906, -0.2812892198562622, 246.62887573242188, 20.942020416259766], [79.39112854003906, 135.77732849121094, 133.88636779785156, 144.5098876953125], [291.8073425292969, 246.02633666992188, 373.0074462890625, 259.6603088378906], [149.55960083007812, 26.7736873626709, 171.42112731933594, 70.83480072021484], [109.68435668945312, 26.502084732055664, 120.44957733154297, 51.09858703613281], [213.91506958007812, 120.40657806396484, 232.84779357910156, 133.5906982421875], [213.91506958007812, 120.40657806396484, 232.84779357910156, 133.5906982421875], [291.8073425292969, 246.02633666992188, 373.0074462890625, 259.6603088378906], [43.27267837524414, 190.04006958007812, 112.28968811035156, 199.6151580810547], [200.83140563964844, 272.8188781738281, 216.8037872314453, 285.7926025390625], [200.7994842529297, 280.86181640625, 257.6422119140625, 327.3951721191406], [76.22172546386719, 234.78797912597656, 118.26874542236328, 252.14480590820312], [151.66383361816406, 278.5926208496094, 257.7498474121094, 336.46478271484375], [59.21674728393555, 191.92701721191406, 112.49299621582031, 199.2675018310547], [75.22835540771484, 1.2008566856384277, 82.53201293945312, 22.80900001525879], [96.92900085449219, 106.16500091552734, 132.32977294921875, 137.5348663330078], [128.58865356445312, 142.62147521972656, 148.7056884765625, 155.44796752929688], [50.99260330200195, 7.318397045135498, 60.00566482543945, 26.254419326782227], [18.28420066833496, 235.22348022460938, 117.3309326171875, 251.10513305664062], [70.57706451416016, 0.7602441906929016, 81.89429473876953, 23.56768035888672], [231.3890380859375, 119.06827545166016, 240.84471130371094, 134.90687561035156], [81.73239135742188, 151.92274475097656, 115.28782653808594, 185.9901123046875], [17.938907623291016, 237.56207275390625, 79.46070861816406, 248.33958435058594], [98.14994812011719, 189.9766387939453, 119.34141540527344, 203.0325469970703], [17.58721160888672, 236.39585876464844, 84.6705551147461, 248.1593475341797], [228.9850311279297, 152.70721435546875, 241.2752227783203, 174.4418182373047], [96.41710662841797, 192.43138122558594, 112.44932556152344, 199.3800811767578], [301.09075927734375, 207.083984375, 356.9759216308594, 215.26853942871094], [139.7613525390625, 279.57659912109375, 162.5645294189453, 292.7262878417969], [294.06256103515625, 245.9293975830078, 337.8102722167969, 265.0834045410156], [154.26596069335938, 112.10301971435547, 192.53741455078125, 140.0626678466797], [136.38954162597656, 264.66668701171875, 185.31024169921875, 275.138427734375], [150.69866943359375, 26.430112838745117, 170.81910705566406, 44.76734924316406], [34.62460708618164, 190.8882598876953, 114.6302719116211, 205.91986083984375], [74.37445068359375, 223.8552703857422, 125.63232421875, 251.71142578125], [300.43756103515625, 214.04556274414062, 356.9344177246094, 223.5679473876953], [76.22172546386719, 234.78797912597656, 118.26874542236328, 252.14480590820312], [44.753143310546875, 371.6878662109375, 78.24425506591797, 380.3330383300781], [218.19415283203125, 154.2193603515625, 232.5732879638672, 177.27304077148438], [183.2399139404297, 266.75958251953125, 224.06179809570312, 286.24212646484375], [218.83151245117188, -0.042856670916080475, 246.0847625732422, 21.642841339111328], [80.56852722167969, 147.1317138671875, 138.8610076904297, 187.6103057861328], [267.9678955078125, 182.51303100585938, 350.09722900390625, 193.3572540283203], [138.4727325439453, 267.4150390625, 197.56646728515625, 293.866943359375], [219.0144805908203, 121.84402465820312, 233.32969665527344, 133.6537628173828], [155.86196899414062, 136.93125915527344, 209.85655212402344, 157.9085693359375], [48.04375457763672, 0.26591214537620544, 60.186676025390625, 25.68670654296875], [331.0723571777344, 368.8013610839844, 360.75604248046875, 472.7461853027344], [70.31018829345703, 141.1779022216797, 133.722412109375, 156.1520538330078], [155.25338745117188, 279.0663146972656, 176.16371154785156, 295.9756164550781], [124.69203186035156, 20.92218589782715, 139.54335021972656, 66.22257995605469], [272.84698486328125, 153.87225341796875, 330.5602111816406, 166.60105895996094], [267.9678955078125, 182.51303100585938, 350.09722900390625, 193.3572540283203], [237.32191467285156, 120.22651672363281, 252.7438201904297, 135.44480895996094], [211.8412628173828, -0.4378175437450409, 223.03842163085938, 21.2858943939209], [45.27496337890625, 280.931884765625, 86.33602905273438, 297.85626220703125], [79.39112854003906, 135.77732849121094, 133.88636779785156, 144.5098876953125], [200.7994842529297, 280.86181640625, 257.6422119140625, 327.3951721191406], [5.693312644958496, 370.99884033203125, 78.63958740234375, 380.3636169433594], [61.50798797607422, 229.33355712890625, 123.97820281982422, 269.26068115234375], [48.04375457763672, 0.26591214537620544, 60.186676025390625, 25.68670654296875], [114.53218841552734, 263.4384765625, 175.16896057128906, 275.9916076660156], [224.5007781982422, 292.16192626953125, 248.61294555664062, 319.98492431640625], [5.693312644958496, 370.99884033203125, 78.63958740234375, 380.3636169433594], [212.65170288085938, 134.82000732421875, 239.21749877929688, 152.69610595703125], [55.476112365722656, 0.041404739022254944, 68.3701171875, 25.976991653442383], [124.69203186035156, 20.92218589782715, 139.54335021972656, 66.22257995605469], [59.21674728393555, 191.92701721191406, 112.49299621582031, 199.2675018310547], [164.79473876953125, 277.5349426269531, 204.64157104492188, 304.892822265625], [175.8296356201172, 279.2963562011719, 188.31756591796875, 292.0173034667969], [153.421630859375, 26.343612670898438, 171.36949157714844, 63.55466842651367], [275.4176330566406, 136.37515258789062, 318.2391662597656, 148.4359130859375], [171.83187866210938, 364.3638000488281, 188.84593200683594, 457.7771301269531], [205.8109893798828, 179.9795684814453, 230.19012451171875, 195.76370239257812], [70.7049331665039, 209.3345947265625, 89.35577392578125, 220.30613708496094], [96.92752075195312, 106.49058532714844, 132.50088500976562, 138.70684814453125], [276.35308837890625, 136.8708038330078, 315.05938720703125, 144.68544006347656], [202.729248046875, 178.39556884765625, 242.746337890625, 196.0787811279297], [173.94261169433594, 0.47704017162323, 185.94264221191406, 20.444923400878906], [336.54156494140625, 315.7178039550781, 374.9721374511719, 329.22906494140625], [14.864971160888672, 258.5201416015625, 48.518550872802734, 269.4212646484375], [262.4438171386719, 131.4130096435547, 278.65435791015625, 160.0497589111328], [190.7779541015625, 275.4475402832031, 205.0284423828125, 289.86358642578125], [336.5230712890625, 315.4491882324219, 375.07379150390625, 328.9221496582031], [294.5910949707031, 181.6875762939453, 344.1578369140625, 191.7368927001953], [81.73239135742188, 151.92274475097656, 115.28782653808594, 185.9901123046875], [253.2228546142578, 131.1563720703125, 277.9004211425781, 158.40988159179688], [213.98080444335938, 188.37875366210938, 242.5111083984375, 206.31996154785156], [159.88160705566406, -0.07041916251182556, 172.54953002929688, 22.133258819580078], [213.91506958007812, 120.40657806396484, 232.84779357910156, 133.5906982421875], [300.43756103515625, 214.04556274414062, 356.9344177246094, 223.5679473876953], [293.30853271484375, 181.13742065429688, 350.7430114746094, 191.2190704345703], [151.66383361816406, 278.5926208496094, 257.7498474121094, 336.46478271484375], [43.458045959472656, 206.58935546875, 96.029541015625, 221.051025390625], [45.27496337890625, 280.931884765625, 86.33602905273438, 297.85626220703125], [140.4144287109375, 267.8455810546875, 204.89910888671875, 291.8133239746094], [70.31018829345703, 141.1779022216797, 133.722412109375, 156.1520538330078], [79.39112854003906, 135.77732849121094, 133.88636779785156, 144.5098876953125], [60.59009552001953, 29.789344787597656, 79.10791778564453, 61.22454071044922], [172.28225708007812, 140.63755798339844, 196.33641052246094, 182.0208282470703], [59.21674728393555, 191.92701721191406, 112.49299621582031, 199.2675018310547], [35.225914001464844, 192.61404418945312, 80.00017547607422, 207.40455627441406], [109.64386749267578, 23.487926483154297, 137.71923828125, 74.43670654296875], [78.80706024169922, 190.7873077392578, 113.01628875732422, 198.5753936767578], [293.6482238769531, 181.52064514160156, 352.52001953125, 197.58615112304688], [49.970069885253906, 0.2280808985233307, 60.05205535888672, 25.24770736694336], [150.0274658203125, -0.16005896031856537, 165.18386840820312, 21.92656898498535], [147.5321502685547, 179.79791259765625, 227.78993225097656, 206.9197235107422], [68.67887878417969, 158.7840576171875, 82.30369567871094, 165.8321075439453], [143.08514404296875, 279.3996887207031, 186.78488159179688, 313.0864562988281], [227.18788146972656, 99.15462493896484, 249.01829528808594, 124.32003021240234], [70.31018829345703, 141.1779022216797, 133.722412109375, 156.1520538330078], [17.58721160888672, 236.39585876464844, 84.6705551147461, 248.1593475341797], [272.8282775878906, 153.20237731933594, 309.74273681640625, 158.23316955566406], [176.32611083984375, 276.5832214355469, 203.85890197753906, 292.4143371582031], [176.32611083984375, 276.5832214355469, 203.85890197753906, 292.4143371582031], [133.29638671875, 296.5157470703125, 166.44630432128906, 323.5912170410156], [226.98287963867188, 118.60904693603516, 242.5635986328125, 149.3211669921875], [291.8073425292969, 246.02633666992188, 373.0074462890625, 259.6603088378906], [52.58049392700195, 0.08348748087882996, 68.73802185058594, 25.884281158447266], [153.38623046875, 220.89373779296875, 168.09375, 233.19760131835938], [54.2894401550293, 0.3832317888736725, 71.93074035644531, 63.46452331542969], [188.69754028320312, 117.86544799804688, 233.83514404296875, 134.28553771972656], [219.0144805908203, 121.84402465820312, 233.32969665527344, 133.6537628173828], [152.19775390625, 268.5464782714844, 206.360107421875, 308.8516845703125], [136.38954162597656, 264.66668701171875, 185.31024169921875, 275.138427734375], [152.88949584960938, -0.319208025932312, 166.55657958984375, 22.341899871826172], [70.24042510986328, 148.09080505371094, 85.97203063964844, 158.1213836669922], [172.34207153320312, 141.2246551513672, 196.3176727294922, 181.63690185546875], [163.524658203125, 269.8642883300781, 205.52064514160156, 304.7028503417969]), Score: [0.9669938683509827, 0.9472140073776245, 0.946062445640564, 0.927129864692688, 0.9271060824394226, 0.9130254983901978, 0.8753195405006409, 0.8718390464782715, 0.8676935434341431, 0.8167809247970581, 0.7709563374519348, 0.7448496222496033, 0.7433308959007263, 0.7288885712623596, 0.7055020928382874, 0.6432169079780579, 0.6281424164772034, 0.5234163403511047, 0.5233978629112244, 0.4964931905269623, 0.4896390736103058, 0.48872700333595276, 0.47953471541404724, 0.46254652738571167, 0.4247908294200897, 0.4130200743675232, 0.4112183749675751, 0.3888068199157715, 0.3805379271507263, 0.37735846638679504, 0.36142200231552124, 0.3610186278820038, 0.35978811979293823, 0.3587706685066223, 0.3148856461048126, 0.31104615330696106, 0.31032875180244446, 0.31001055240631104, 0.3075720965862274, 0.3057222068309784, 0.2955988943576813, 0.29438918828964233, 0.2909061014652252, 0.2904980778694153, 0.2890860438346863, 0.2779717445373535, 0.2745770812034607, 0.2643510699272156, 0.25838062167167664, 0.2582412660121918, 0.255109965801239, 0.2527608275413513, 0.24963800609111786, 0.24832332134246826, 0.24789127707481384, 0.23930661380290985, 0.23607923090457916, 0.23552845418453217, 0.2321060299873352, 0.2318366914987564, 0.23058868944644928, 0.22951148450374603, 0.2255580574274063, 0.22079230844974518, 0.22053305804729462, 0.21819458901882172, 0.21490336954593658, 0.21338824927806854, 0.21281494200229645, 0.21134500205516815, 0.20931954681873322, 0.20864805579185486, 0.20779801905155182, 0.2077750414609909, 0.2058033049106598, 0.20442098379135132, 0.20323091745376587, 0.20017258822917938, 0.19643278419971466, 0.19547966122627258, 0.19150100648403168, 0.19141025841236115, 0.19032511115074158, 0.18845102190971375, 0.18625035881996155, 0.1836855113506317, 0.18202096223831177, 0.17763683199882507, 0.17500588297843933, 0.1738385260105133, 0.17373526096343994, 0.17310203611850739, 0.17062032222747803, 0.1704787313938141, 0.1688820868730545, 0.16870850324630737, 0.16862064599990845, 0.168547123670578, 0.16521485149860382, 0.16496703028678894, 0.1649533063173294, 0.16468796133995056, 0.16465899348258972, 0.16444985568523407, 0.16377395391464233, 0.16292467713356018, 0.16245810687541962, 0.1613389402627945, 0.16019192337989807, 0.1600235402584076, 0.15977811813354492, 0.15953931212425232, 0.15852992236614227, 0.15800851583480835, 0.15616251528263092, 0.1506761610507965, 0.15025638043880463, 0.14867492020130157, 0.14792782068252563, 0.1464068740606308, 0.14606580138206482, 0.14585815370082855, 0.14559206366539001, 0.14554883539676666, 0.14505510032176971, 0.14473003149032593, 0.14439783990383148, 0.1434992104768753, 0.1428818702697754, 0.14188018441200256, 0.14031778275966644, 0.13993436098098755, 0.13980025053024292, 0.1396198719739914, 0.13925057649612427, 0.13911207020282745, 0.13683858513832092, 0.13675333559513092, 0.1365746259689331, 0.13643617928028107, 0.13601647317409515, 0.13430087268352509, 0.13334381580352783, 0.13290928304195404, 0.13278114795684814, 0.13266657292842865, 0.13265234231948853, 0.1315537393093109, 0.13054519891738892, 0.1297537386417389, 0.1296883523464203, 0.12962044775485992, 0.12824487686157227, 0.12802712619304657, 0.1274610310792923, 0.12739239633083344, 0.12730711698532104, 0.12688224017620087, 0.12671002745628357, 0.1261550337076187, 0.12614139914512634, 0.12612386047840118, 0.1253318339586258, 0.12522941827774048, 0.1250782161951065, 0.12317180633544922, 0.12208176404237747, 0.12177154421806335, 0.12175656110048294, 0.12153472751379013, 0.12135270982980728, 0.1209150031208992, 0.12056877464056015, 0.1203669011592865, 0.11988141387701035, 0.11934761703014374, 0.1190095767378807, 0.1186443343758583, 0.11698780953884125, 0.11608900129795074, 0.11603730916976929, 0.11601530015468597, 0.11567492038011551, 0.11531262844800949, 0.11516577750444412, 0.11389114707708359, 0.11370860785245895, 0.11317779868841171, 0.11309360712766647, 0.1129954531788826, 0.11296845227479935, 0.11254365742206573, 0.11222998797893524, 0.11201315373182297, 0.11188486218452454, 0.1118670329451561, 0.11176017671823502, 0.11123468726873398, 0.11087021231651306, 0.1106874868273735, 0.11024164408445358, 0.11011885851621628, 0.10955394804477692, 0.1094105914235115, 0.1091211587190628, 0.10882945358753204, 0.1078832745552063, 0.10787774622440338, 0.10770874470472336, 0.10738920420408249, 0.10695207118988037, 0.10691949725151062, 0.10673477500677109, 0.10667755454778671, 0.10661666095256805, 0.1060912162065506, 0.1060057282447815, 0.1056332215666771, 0.1052757129073143, 0.1052638590335846, 0.10508275777101517, 0.10468732565641403, 0.10443057119846344, 0.10404322296380997, 0.10400764644145966, 0.10396461933851242, 0.10370917618274689, 0.10321682691574097, 0.10108185559511185, 0.10099218785762787, 0.1005629301071167, 0.10048990696668625, 0.09967544674873352, 0.09917209297418594, 0.09908052533864975, 0.09766962379217148, 0.0976267009973526, 0.0973183810710907, 0.0972636491060257, 0.09722459316253662, 0.09712597727775574, 0.09689406305551529, 0.09675751626491547, 0.09672745317220688, 0.09653658419847488, 0.09610763937234879, 0.09549529105424881, 0.09503982961177826, 0.09494800120592117, 0.09489593654870987, 0.09483122825622559, 0.09481038898229599, 0.09407985955476761, 0.09403054416179657, 0.09383954107761383, 0.09340628236532211, 0.09321971237659454, 0.09309622645378113, 0.09298301488161087, 0.0929599180817604, 0.09285859018564224, 0.09285830706357956, 0.0928443893790245, 0.0924644023180008, 0.09229930490255356, 0.09188420325517654, 0.09180927276611328, 0.0917448028922081, 0.0909440666437149, 0.08953817933797836, 0.08944075554609299, 0.08936546742916107, 0.08901815116405487, 0.08900686353445053, 0.08889491856098175, 0.08869365602731705, 0.08820535987615585, 0.0881594866514206, 0.08800913393497467, 0.08792056888341904, 0.08786789327859879, 0.08760472387075424, 0.08753209561109543, 0.08692201226949692, 0.0868009477853775, 0.08675137162208557, 0.08627461642026901, 0.08577708899974823, 0.08566168695688248, 0.08535656332969666, 0.08526304364204407, 0.08505669236183167, 0.08503182232379913, 0.08495157212018967, 0.08484712988138199, 0.08478610217571259, 0.08465846627950668, 0.08453553169965744, 0.0841086357831955, 0.08382871747016907]

Execution time: 0.4062 sec
