Label: tensor([ 5,  2,  0,  0,  2,  2,  9,  9,  2,  9,  2,  2,  2,  2,  2, 26,  1, 24,
        26,  2, 24,  2,  2,  9,  2,  0,  2,  9,  1,  2,  7, 26,  2,  2, 25,  0,
         2, 26,  2,  0, 24,  2,  2, 26, 25,  0,  2,  0, 26,  2,  7,  9, 26,  2,
         0, 26,  2,  2,  1,  0,  2,  2,  2, 26,  0,  2,  9,  0,  2,  2,  0, 25,
         5,  9,  2,  2,  2,  0, 26,  0,  7,  0,  7,  2, 28,  0,  2, 25,  0,  2,
        24,  9,  9,  2, 26,  7, 26, 13, 12,  0,  0, 67, 24,  2, 26, 24,  7,  9,
        24,  0,  9, 26, 26, 24, 67,  5,  5, 26,  0,  1,  2, 26, 26,  9,  0,  2,
        26,  2,  9,  2, 26, 26, 25,  0,  2,  0,  7,  0, 24,  1, 11,  2,  7,  2,
        13, 26,  2, 28,  0, 11, 27, 26,  2,  0,  2,  9, 26,  9,  7,  2,  0,  2,
         0,  7,  7, 13,  2, 36, 27,  9,  7,  2,  7, 24,  7, 26,  1,  0,  7, 24,
        26, 24,  2, 26,  2,  0, 24,  0, 26, 24, 28,  0,  9,  0, 26,  2, 74,  9,
        25,  2, 24,  7, 24, 13, 24,  0,  2,  7,  2, 26,  7,  1, 27, 24, 27,  2,
         0, 24,  0, 26,  0, 12,  7,  5,  0,  0, 26,  2,  2,  9,  9, 24,  2,  2,
         1, 26, 26, 26, 25, 39,  0, 16,  2, 25, 24, 24,  0, 24, 25, 26,  7,  5,
        11,  0, 28,  3,  0, 24,  2,  1,  9,  2, 25, 26,  0,  9,  0,  0,  2, 24,
         2, 25, 28, 24, 25,  5,  2,  7, 25,  0, 26, 28, 26, 26, 10, 25, 26,  1,
        24,  0,  9, 26, 73, 27,  2,  0, 24, 39, 39, 24]), Box: ([101.86582946777344, 74.48402404785156, 353.68170166015625, 260.4139709472656], [5.569443225860596, 188.43270874023438, 105.08447265625, 248.11781311035156], [14.93423080444336, 181.90817260742188, 54.76428985595703, 281.7339172363281], [0.036017969250679016, 201.25790405273438, 36.51447677612305, 333.5389099121094], [453.2637634277344, 188.53530883789062, 499.8958740234375, 233.96990966796875], [377.7534484863281, 167.86331176757812, 414.83856201171875, 185.08412170410156], [243.35491943359375, 74.07115936279297, 273.4522705078125, 84.439697265625], [277.3911437988281, 73.25727844238281, 307.46990966796875, 84.38801574707031], [-0.03180280327796936, 173.94834899902344, 27.475980758666992, 189.14178466796875], [242.75811767578125, 73.02397155761719, 310.0532531738281, 84.88473510742188], [0.12244842946529388, 184.72238159179688, 28.619916915893555, 206.4720458984375], [-0.026726163923740387, 174.10946655273438, 27.066144943237305, 185.98065185546875], [410.2477111816406, 170.70489501953125, 426.3255920410156, 184.1347198486328], [0.08952850103378296, 158.4859619140625, 12.104570388793945, 173.8087158203125], [351.46966552734375, 174.25453186035156, 366.0658874511719, 185.48696899414062], [6.0264153480529785, 299.7647399902344, 26.238637924194336, 333.6850891113281], [0.18522796034812927, 260.2237854003906, 27.018356323242188, 333.9267272949219], [14.808431625366211, 194.89120483398438, 31.024351119995117, 237.38018798828125], [14.808431625366211, 194.89120483398438, 31.024351119995117, 237.38018798828125], [351.4210510253906, 171.5624237060547, 367.3161315917969, 185.4103546142578], [0.06197206676006317, 201.92153930664062, 20.561119079589844, 246.8358612060547], [0.15493668615818024, 174.08621215820312, 28.053638458251953, 205.24200439453125], [53.94754409790039, 181.49386596679688, 75.76791381835938, 190.44842529296875], [261.2411193847656, 74.56524658203125, 273.15350341796875, 84.27806091308594], [434.84259033203125, 171.3328399658203, 465.14434814453125, 186.42684936523438], [53.94754409790039, 181.49386596679688, 75.76791381835938, 190.44842529296875], [39.93815612792969, 189.3544464111328, 105.51554107666016, 246.67831420898438], [293.63446044921875, 73.97538757324219, 306.22802734375, 83.97297668457031], [0.8858861327171326, 266.4710998535156, 26.2635498046875, 333.83233642578125], [0.012547709047794342, 185.14854431152344, 28.43048858642578, 226.65045166015625], [377.5079040527344, 167.7432403564453, 414.714599609375, 185.30078125], [39.62569046020508, 200.84666442871094, 54.58369064331055, 247.90618896484375], [0.003977678716182709, 184.4919891357422, 27.963842391967773, 193.70211791992188], [368.183837890625, 167.8490753173828, 383.1011657714844, 178.92916870117188], [6.0264153480529785, 299.7647399902344, 26.238637924194336, 333.6850891113281], [56.78799057006836, 196.51046752929688, 71.8263931274414, 207.83921813964844], [0.07342267781496048, 185.06202697753906, 29.658287048339844, 241.4015350341797], [20.368494033813477, 254.06056213378906, 30.007776260375977, 279.2169189453125], [0.01935381442308426, 184.83447265625, 29.336706161499023, 232.68646240234375], [81.13851928710938, 196.7276153564453, 97.77210998535156, 208.57821655273438], [16.327863693237305, 192.91529846191406, 50.670257568359375, 240.6818389892578], [388.57135009765625, 168.35671997070312, 414.7054138183594, 185.30117797851562], [431.6096496582031, 172.95431518554688, 453.1023254394531, 185.97573852539062], [0.8858861327171326, 266.4710998535156, 26.2635498046875, 333.83233642578125], [0.8858861327171326, 266.4710998535156, 26.2635498046875, 333.83233642578125], [79.46078491210938, 196.64389038085938, 91.05583953857422, 208.23382568359375], [351.26611328125, 175.30889892578125, 358.8864440917969, 186.9557647705078], [54.305301666259766, 197.36575317382812, 64.33467102050781, 207.53652954101562], [32.75502395629883, 231.23797607421875, 45.90919494628906, 251.85154724121094], [368.0789794921875, 167.47982788085938, 424.5202941894531, 184.9617919921875], [2.835340738296509, 185.9104461669922, 105.76022338867188, 249.442138671875], [454.9119567871094, 0.01665424555540085, 468.773193359375, 15.065746307373047], [40.51838302612305, 200.70579528808594, 54.534507751464844, 237.30465698242188], [429.6240234375, 173.73126220703125, 471.8065185546875, 203.1117706298828], [0.054858624935150146, 201.89981079101562, 23.067352294921875, 334.15277099609375], [4.302772521972656, 284.6820068359375, 26.071638107299805, 334.0433349609375], [364.4821472167969, 168.40882873535156, 382.80120849609375, 184.45762634277344], [412.3077392578125, 169.57997131347656, 451.1519775390625, 185.50079345703125], [0.2452237606048584, 259.6699523925781, 27.785152435302734, 334.1107177734375], [0.8858861327171326, 266.4710998535156, 26.2635498046875, 333.83233642578125], [-0.07510930299758911, 184.86361694335938, 73.64945220947266, 208.84461975097656], [1.4385395050048828, 188.8595733642578, 76.65130615234375, 245.37843322753906], [-0.025741755962371826, 185.3654022216797, 70.54371643066406, 208.87120056152344], [29.51409339904785, 198.6886749267578, 49.16189956665039, 250.4163818359375], [-0.07648952305316925, 202.03158569335938, 22.596824645996094, 302.4421691894531], [0.2776719629764557, 184.65731811523438, 33.91312026977539, 249.87234497070312], [350.7348327636719, 150.63201904296875, 357.95068359375, 161.2576904296875], [15.309288024902344, 195.92306518554688, 36.19390106201172, 278.9446105957031], [429.59259033203125, 170.15036010742188, 499.7436828613281, 202.86441040039062], [-0.1100301742553711, 174.427734375, 73.29022216796875, 206.24685668945312], [67.28582000732422, 180.8902587890625, 76.10575866699219, 190.42970275878906], [4.302772521972656, 284.6820068359375, 26.071638107299805, 334.0433349609375], [392.9940490722656, 154.2885284423828, 425.24658203125, 173.9051513671875], [243.5135040283203, 74.57086944580078, 257.986328125, 83.89762878417969], [0.1970473676919937, 158.9144287109375, 11.393226623535156, 166.73439025878906], [449.3472595214844, 171.13218688964844, 465.4861755371094, 184.61732482910156], [456.8697814941406, 175.99551391601562, 471.5563659667969, 187.04489135742188], [62.65150833129883, 196.46629333496094, 74.65652465820312, 207.99423217773438], [0.06197206676006317, 201.92153930664062, 20.561119079589844, 246.8358612060547], [53.04312515258789, 175.56005859375, 77.30229187011719, 190.5973663330078], [368.0789794921875, 167.47982788085938, 424.5202941894531, 184.9617919921875], [0.2565178871154785, 202.89358520507812, 34.8270378112793, 333.483642578125], [101.44352722167969, 74.15593719482422, 353.7272033691406, 260.46063232421875], [0.4029013216495514, 185.70948791503906, 103.59564208984375, 208.796630859375], [6.0264153480529785, 299.7647399902344, 26.238637924194336, 333.6850891113281], [27.78838539123535, 231.38612365722656, 44.48933029174805, 281.5266418457031], [418.6083068847656, 170.2210693359375, 462.7287902832031, 186.3148193359375], [53.94754409790039, 181.49386596679688, 75.76791381835938, 190.44842529296875], [87.77056121826172, 198.30479431152344, 100.86329650878906, 208.62921142578125], [392.9940490722656, 154.2885284423828, 425.24658203125, 173.9051513671875], [40.51838302612305, 200.70579528808594, 54.534507751464844, 237.30465698242188], [357.26416015625, 122.6465072631836, 370.8611755371094, 134.84823608398438], [362.0620422363281, 126.9339370727539, 370.8399658203125, 135.1940155029297], [351.7641906738281, 170.9857635498047, 366.5914611816406, 179.400390625], [18.51409912109375, 237.29803466796875, 31.5723819732666, 279.2839660644531], [454.3008728027344, 69.80188751220703, 500.0466613769531, 234.23623657226562], [3.182345151901245, 299.2192687988281, 25.32291030883789, 333.88653564453125], [429.6110534667969, 190.1613311767578, 455.0982971191406, 207.21484375], [465.73333740234375, 176.53939819335938, 471.5068359375, 186.94113159179688], [85.28205108642578, 199.07916259765625, 96.34432983398438, 208.4703369140625], [27.069889068603516, 186.97085571289062, 51.3097038269043, 279.7666931152344], [30.197660446166992, 189.50552368164062, 38.46012496948242, 199.8184356689453], [39.62569046020508, 200.84666442871094, 54.58369064331055, 247.90618896484375], [378.29278564453125, 169.49131774902344, 387.3180236816406, 180.6084747314453], [8.414383888244629, 299.5185241699219, 25.655445098876953, 327.8893737792969], [28.25196647644043, 197.1228790283203, 42.463436126708984, 231.55172729492188], [429.59259033203125, 170.15036010742188, 499.7436828613281, 202.86441040039062], [296.59515380859375, 73.1143569946289, 316.24658203125, 84.27194213867188], [6.0264153480529785, 299.7647399902344, 26.238637924194336, 333.6850891113281], [54.33148193359375, 183.57176208496094, 69.12323760986328, 190.20584106445312], [243.19171142578125, 74.04292297363281, 280.8826599121094, 102.76046752929688], [22.315021514892578, 254.68707275390625, 32.64569091796875, 279.8952941894531], [0.18522796034812927, 260.2237854003906, 27.018356323242188, 333.9267272949219], [14.280281066894531, 195.8294677734375, 32.484771728515625, 242.65878295898438], [31.146175384521484, 191.20681762695312, 37.46528244018555, 199.53224182128906], [369.5775451660156, 154.19932556152344, 426.7724914550781, 183.25437927246094], [390.40606689453125, 154.3535919189453, 436.142578125, 183.00169372558594], [5.312725067138672, 286.44171142578125, 25.86915397644043, 332.84619140625], [0.82024747133255, 237.68678283691406, 29.194517135620117, 301.2763366699219], [-0.5560778379440308, 257.6039123535156, 26.341083526611328, 333.962646484375], [51.93034744262695, 175.54510498046875, 78.8669662475586, 190.72886657714844], [1.2403438091278076, 265.1268615722656, 17.262197494506836, 302.5028381347656], [16.68689727783203, 210.880126953125, 28.60494041442871, 230.8707733154297], [277.35784912109375, 74.58065032958984, 290.5826416015625, 83.75615692138672], [0.18522796034812927, 260.2237854003906, 27.018356323242188, 333.9267272949219], [458.6585388183594, 169.25059509277344, 499.9962158203125, 200.2009735107422], [15.464315414428711, 196.81492614746094, 34.60957717895508, 249.62362670898438], [38.819313049316406, 188.63650512695312, 71.70787048339844, 199.90017700195312], [256.4539489746094, 83.34288787841797, 280.83148193359375, 102.84593200683594], [394.4219970703125, 153.92181396484375, 424.4679870605469, 162.26206970214844], [44.871665954589844, 230.50262451171875, 54.18952560424805, 245.7742156982422], [45.484039306640625, 204.23033142089844, 54.27655029296875, 218.0887451171875], [38.819313049316406, 188.63650512695312, 71.70787048339844, 199.90017700195312], [458.51788330078125, 175.80130004882812, 472.3410949707031, 202.1985321044922], [40.946319580078125, 188.3319854736328, 104.10224151611328, 207.92312622070312], [455.6891174316406, 169.0803985595703, 471.0870666503906, 187.13165283203125], [458.6585388183594, 169.25059509277344, 499.9962158203125, 200.2009735107422], [292.3790588378906, 139.38394165039062, 307.8489074707031, 163.3852996826172], [0.2651223838329315, 201.30633544921875, 30.92658233642578, 272.29833984375], [4.302772521972656, 284.6820068359375, 26.071638107299805, 334.0433349609375], [62.46780014038086, 148.89549255371094, 88.88262176513672, 167.87855529785156], [379.2619323730469, 168.44046020507812, 397.9344787597656, 188.73602294921875], [466.9460144042969, 168.58758544921875, 499.9151306152344, 189.124267578125], [53.04312515258789, 175.56005859375, 77.30229187011719, 190.5973663330078], [429.0299987792969, 185.85400390625, 490.4176025390625, 204.6383056640625], [40.880714416503906, 230.00338745117188, 53.42520523071289, 249.85182189941406], [460.99072265625, 175.7847442626953, 500.1493835449219, 201.1168212890625], [0.8858861327171326, 266.4710998535156, 26.2635498046875, 333.83233642578125], [30.115236282348633, 177.69773864746094, 40.99505615234375, 189.0818634033203], [70.29893493652344, 154.8634033203125, 80.66292572021484, 164.0452880859375], [28.25196647644043, 197.1228790283203, 42.463436126708984, 231.55172729492188], [43.433563232421875, 200.88731384277344, 54.199462890625, 218.7726593017578], [466.9460144042969, 168.58758544921875, 499.9151306152344, 189.124267578125], [0.06197206676006317, 201.92153930664062, 20.561119079589844, 246.8358612060547], [351.5802001953125, 173.56504821777344, 358.3685302734375, 180.15370178222656], [251.96859741210938, 74.17324829101562, 280.3414611816406, 102.59912872314453], [0.82024747133255, 237.68678283691406, 29.194517135620117, 301.2763366699219], [278.4767761230469, 73.81720733642578, 305.3044738769531, 84.14202880859375], [453.4416809082031, 188.6654510498047, 499.98724365234375, 233.8193817138672], [361.5186767578125, 171.07406616210938, 369.3402404785156, 179.0584716796875], [29.720937728881836, 177.9995574951172, 41.4189338684082, 189.3138885498047], [361.70794677734375, 171.0904998779297, 369.06866455078125, 184.95277404785156], [455.8777770996094, 156.52378845214844, 463.9459228515625, 171.62461853027344], [-0.03180280327796936, 173.94834899902344, 27.475980758666992, 189.14178466796875], [0.15493668615818024, 174.08621215820312, 28.053638458251953, 205.24200439453125], [429.6175231933594, 185.27273559570312, 499.85784912109375, 205.29168701171875], [431.9561462402344, 153.8998565673828, 445.5314025878906, 163.23045349121094], [0.8858861327171326, 266.4710998535156, 26.2635498046875, 333.83233642578125], [29.508710861206055, 197.00344848632812, 36.291934967041016, 220.6491241455078], [163.63430786132812, 50.69969940185547, 177.3190155029297, 72.56938934326172], [39.93815612792969, 189.3544464111328, 105.51554107666016, 246.67831420898438], [54.33148193359375, 183.57176208496094, 69.12323760986328, 190.20584106445312], [-0.026726163923740387, 174.10946655273438, 27.066144943237305, 185.98065185546875], [15.464315414428711, 196.81492614746094, 34.60957717895508, 249.62362670898438], [460.1014404296875, 70.34689331054688, 499.78863525390625, 188.5631561279297], [14.280281066894531, 195.8294677734375, 32.484771728515625, 242.65878295898438], [0.2565178871154785, 202.89358520507812, 34.8270378112793, 333.483642578125], [79.02212524414062, 196.9559326171875, 88.11295318603516, 208.0902099609375], [369.5775451660156, 154.19932556152344, 426.7724914550781, 183.25437927246094], [40.13252639770508, 200.41458129882812, 54.83606719970703, 247.75051879882812], [40.13252639770508, 200.41458129882812, 54.83606719970703, 247.75051879882812], [16.68689727783203, 210.880126953125, 28.60494041442871, 230.8707733154297], [2.835340738296509, 185.9104461669922, 105.76022338867188, 249.442138671875], [0.2135084867477417, 233.98194885253906, 21.847002029418945, 265.5589904785156], [1.6917791366577148, 187.24185180664062, 55.494895935058594, 282.7744140625], [27.202407836914062, 257.7272033691406, 37.89769744873047, 281.9776306152344], [0.2135084867477417, 233.98194885253906, 21.847002029418945, 265.5589904785156], [295.04644775390625, 153.27622985839844, 305.83135986328125, 164.5902557373047], [0.8033607006072998, 233.9596710205078, 21.620391845703125, 258.8604736328125], [29.51409339904785, 198.6886749267578, 49.16189956665039, 250.4163818359375], [0.18522796034812927, 260.2237854003906, 27.018356323242188, 333.9267272949219], [51.93034744262695, 175.54510498046875, 78.8669662475586, 190.72886657714844], [243.2980194091797, 74.0185775756836, 272.86669921875, 84.36602783203125], [0.2651223838329315, 201.30633544921875, 30.92658233642578, 272.29833984375], [16.327863693237305, 192.91529846191406, 50.670257568359375, 240.6818389892578], [463.48828125, 188.93565368652344, 500.1964111328125, 203.18226623535156], [62.46780014038086, 148.89549255371094, 88.88262176513672, 167.87855529785156], [56.61415481567383, 131.6563262939453, 71.45832061767578, 142.76341247558594], [0.18522796034812927, 260.2237854003906, 27.018356323242188, 333.9267272949219], [390.40606689453125, 154.3535919189453, 436.142578125, 183.00169372558594], [13.165861129760742, 194.51841735839844, 28.108213424682617, 210.9473419189453], [-0.1100301742553711, 174.427734375, 73.29022216796875, 206.24685668945312], [17.162405014038086, 197.1531219482422, 27.22014045715332, 213.1673583984375], [429.6240234375, 173.73126220703125, 471.8065185546875, 203.1117706298828], [32.75502395629883, 231.23797607421875, 45.90919494628906, 251.85154724121094], [18.51409912109375, 237.29803466796875, 31.5723819732666, 279.2839660644531], [411.16357421875, 170.19683837890625, 424.9107971191406, 176.66262817382812], [390.40606689453125, 154.3535919189453, 436.142578125, 183.00169372558594], [432.35369873046875, 154.38124084472656, 442.8965148925781, 163.81947326660156], [41.76106262207031, 200.07476806640625, 53.88438034057617, 219.27308654785156], [388.57135009765625, 168.35671997070312, 414.7054138183594, 185.30117797851562], [1.2403438091278076, 265.1268615722656, 17.262197494506836, 302.5028381347656], [31.146175384521484, 191.20681762695312, 37.46528244018555, 199.53224182128906], [0.8033607006072998, 233.9596710205078, 21.620391845703125, 258.8604736328125], [23.4460391998291, 196.8925323486328, 31.22982406616211, 225.3318328857422], [468.078369140625, 175.87611389160156, 499.3674621582031, 189.22866821289062], [378.29278564453125, 169.49131774902344, 387.3180236816406, 180.6084747314453], [0.2776719629764557, 184.65731811523438, 33.91312026977539, 249.87234497070312], [1.3921241760253906, 177.02330017089844, 11.210222244262695, 185.76519775390625], [0.2651223838329315, 201.30633544921875, 30.92658233642578, 272.29833984375], [58.86733627319336, 197.50921630859375, 66.23408508300781, 205.74305725097656], [456.8697814941406, 175.99551391601562, 471.5563659667969, 187.04489135742188], [0.08952850103378296, 158.4859619140625, 12.104570388793945, 173.8087158203125], [-0.03180280327796936, 173.94834899902344, 27.475980758666992, 189.14178466796875], [66.2831039428711, 197.78758239746094, 75.506103515625, 207.87478637695312], [1.3975183963775635, 177.07249450683594, 11.263747215270996, 186.15402221679688], [23.4460391998291, 196.8925323486328, 31.22982406616211, 225.3318328857422], [0.14520995318889618, 158.31016540527344, 25.98646354675293, 185.24212646484375], [18.51409912109375, 237.29803466796875, 31.5723819732666, 279.2839660644531], [432.35369873046875, 154.38124084472656, 442.8965148925781, 163.81947326660156], [62.46780014038086, 148.89549255371094, 88.88262176513672, 167.87855529785156], [43.433563232421875, 200.88731384277344, 54.199462890625, 218.7726593017578], [369.5775451660156, 154.19932556152344, 426.7724914550781, 183.25437927246094], [368.21185302734375, 167.49610900878906, 412.5738830566406, 180.24343872070312], [27.78838539123535, 231.38612365722656, 44.48933029174805, 281.5266418457031], [17.162405014038086, 197.1531219482422, 27.22014045715332, 213.1673583984375], [15.309288024902344, 195.92306518554688, 36.19390106201172, 278.9446105957031], [11.198248863220215, 301.8174133300781, 26.123821258544922, 326.8399963378906], [1.2403438091278076, 265.1268615722656, 17.262197494506836, 302.5028381347656], [20.368494033813477, 254.06056213378906, 30.007776260375977, 279.2169189453125], [432.35369873046875, 154.38124084472656, 442.8965148925781, 163.81947326660156], [6.0264153480529785, 299.7647399902344, 26.238637924194336, 333.6850891113281], [53.69694519042969, 175.23805236816406, 76.23403930664062, 183.86097717285156], [53.69694519042969, 175.23805236816406, 76.23403930664062, 183.86097717285156], [0.21949690580368042, 204.9736785888672, 19.547950744628906, 243.68605041503906], [41.76106262207031, 200.07476806640625, 53.88438034057617, 219.27308654785156], [6.0264153480529785, 299.7647399902344, 26.238637924194336, 333.6850891113281], [23.4460391998291, 196.8925323486328, 31.22982406616211, 225.3318328857422], [8.414383888244629, 299.5185241699219, 25.655445098876953, 327.8893737792969], [27.49616813659668, 258.8581237792969, 35.2748908996582, 272.7747497558594], [377.7534484863281, 167.86331176757812, 414.83856201171875, 185.08412170410156], [394.4219970703125, 153.92181396484375, 424.4679870605469, 162.26206970214844], [256.4539489746094, 83.34288787841797, 280.83148193359375, 102.84593200683594], [39.62569046020508, 200.84666442871094, 54.58369064331055, 247.90618896484375], [3.182345151901245, 299.2192687988281, 25.32291030883789, 333.88653564453125], [0.18522796034812927, 260.2237854003906, 27.018356323242188, 333.9267272949219], [15.464315414428711, 196.81492614746094, 34.60957717895508, 249.62362670898438], [0.82024747133255, 237.68678283691406, 29.194517135620117, 301.2763366699219], [0.8858861327171326, 266.4710998535156, 26.2635498046875, 333.83233642578125], [6.0264153480529785, 299.7647399902344, 26.238637924194336, 333.6850891113281], [70.29893493652344, 154.8634033203125, 80.66292572021484, 164.0452880859375], [365.2881774902344, 168.22482299804688, 389.4319152832031, 183.73629760742188], [5.312725067138672, 286.44171142578125, 25.86915397644043, 332.84619140625], [-0.12012943625450134, 228.5598602294922, 31.184162139892578, 284.1712646484375], [56.646785736083984, 199.0787353515625, 63.19405746459961, 207.7200164794922], [431.9561462402344, 153.8998565673828, 445.5314025878906, 163.23045349121094], [0.07342267781496048, 185.06202697753906, 29.658287048339844, 241.4015350341797], [456.8697814941406, 175.99551391601562, 471.5563659667969, 187.04489135742188], [20.368494033813477, 254.06056213378906, 30.007776260375977, 279.2169189453125], [45.484039306640625, 204.23033142089844, 54.27655029296875, 218.0887451171875], [0.18522796034812927, 260.2237854003906, 27.018356323242188, 333.9267272949219], [394.4219970703125, 153.92181396484375, 424.4679870605469, 162.26206970214844], [4.302772521972656, 284.6820068359375, 26.071638107299805, 334.0433349609375], [0.07342267781496048, 185.06202697753906, 29.658287048339844, 241.4015350341797], [54.33148193359375, 183.57176208496094, 69.12323760986328, 190.20584106445312], [101.44352722167969, 74.15593719482422, 353.7272033691406, 260.46063232421875], [455.6891174316406, 169.0803985595703, 471.0870666503906, 187.13165283203125], [392.9940490722656, 154.2885284423828, 425.24658203125, 173.9051513671875], [53.04312515258789, 175.56005859375, 77.30229187011719, 190.5973663330078], [465.73333740234375, 176.53939819335938, 471.5068359375, 186.94113159179688], [-0.07648952305316925, 202.03158569335938, 22.596824645996094, 302.4421691894531], [20.368494033813477, 254.06056213378906, 30.007776260375977, 279.2169189453125], [6.244754314422607, 301.6081237792969, 25.78921890258789, 333.15545654296875], [16.906476974487305, 238.06031799316406, 24.17898178100586, 253.7950897216797], [458.51788330078125, 175.80130004882812, 472.3410949707031, 202.1985321044922], [3.182345151901245, 299.2192687988281, 25.32291030883789, 333.88653564453125], [0.19690394401550293, 232.517333984375, 19.66680908203125, 265.4420166015625], [40.880714416503906, 230.00338745117188, 53.42520523071289, 249.85182189941406], [0.19690394401550293, 232.517333984375, 19.66680908203125, 265.4420166015625], [20.368494033813477, 254.06056213378906, 30.007776260375977, 279.2169189453125], [243.28404235839844, 74.33867645263672, 273.3677673339844, 84.5210189819336], [30.508668899536133, 231.1598358154297, 39.38453674316406, 247.99659729003906], [20.368494033813477, 254.06056213378906, 30.007776260375977, 279.2169189453125], [23.86809539794922, 197.279052734375, 29.798906326293945, 219.40512084960938], [415.0695495605469, 175.55615234375, 425.9420471191406, 184.5819854736328], [12.96254825592041, 190.28709411621094, 53.33146286010742, 276.93768310546875], [4.302772521972656, 284.6820068359375, 26.071638107299805, 334.0433349609375], [22.315021514892578, 254.68707275390625, 32.64569091796875, 279.8952941894531], [27.202407836914062, 257.7272033691406, 37.89769744873047, 281.9776306152344], [0.8858861327171326, 266.4710998535156, 26.2635498046875, 333.83233642578125]), Score: [0.9581820368766785, 0.856261134147644, 0.8394302129745483, 0.8360119462013245, 0.6666017174720764, 0.6456819176673889, 0.6125027537345886, 0.564889669418335, 0.4799107015132904, 0.3904837667942047, 0.3881034553050995, 0.3858509361743927, 0.37481024861335754, 0.3746393024921417, 0.28828102350234985, 0.2841632068157196, 0.2818838357925415, 0.2530921995639801, 0.2351800501346588, 0.22806459665298462, 0.22578781843185425, 0.22299247980117798, 0.2127128392457962, 0.21030175685882568, 0.21010471880435944, 0.2080703228712082, 0.20749744772911072, 0.2040739357471466, 0.20149391889572144, 0.19603706896305084, 0.1853938102722168, 0.18300144374370575, 0.1782228946685791, 0.16841566562652588, 0.1681271344423294, 0.16593487560749054, 0.1645745187997818, 0.15932084619998932, 0.15930992364883423, 0.15728965401649475, 0.15646924078464508, 0.1556156724691391, 0.1537402719259262, 0.1525263786315918, 0.14855067431926727, 0.14327989518642426, 0.14192473888397217, 0.1417262703180313, 0.1391681283712387, 0.13779163360595703, 0.13313834369182587, 0.13246449828147888, 0.13104602694511414, 0.13061127066612244, 0.12712709605693817, 0.12370715290307999, 0.12331490963697433, 0.12248217314481735, 0.12223624438047409, 0.11988236010074615, 0.11894887685775757, 0.11612378805875778, 0.11591736972332001, 0.11566396802663803, 0.11525845527648926, 0.11424646526575089, 0.11381801217794418, 0.11368760466575623, 0.11301196366548538, 0.11130552738904953, 0.11113204807043076, 0.11007323116064072, 0.10981876403093338, 0.10972195863723755, 0.10865660756826401, 0.1058102399110794, 0.10516691952943802, 0.10501105338335037, 0.1045902669429779, 0.10323584824800491, 0.10222962498664856, 0.10100816935300827, 0.0987192913889885, 0.09774735569953918, 0.09685438871383667, 0.09541253745555878, 0.09536602348089218, 0.09464695304632187, 0.09397327154874802, 0.09339255094528198, 0.0933355838060379, 0.09243886917829514, 0.09139186888933182, 0.09127365797758102, 0.090775266289711, 0.09051226824522018, 0.09040547162294388, 0.09027578681707382, 0.09001343697309494, 0.08943495154380798, 0.08927803486585617, 0.08916550129652023, 0.08817158639431, 0.08789342641830444, 0.08592153340578079, 0.08567743003368378, 0.08476096391677856, 0.08446889370679855, 0.08368360251188278, 0.08314293622970581, 0.0826166570186615, 0.08219262957572937, 0.08216795325279236, 0.08164844661951065, 0.0815620943903923, 0.0812903568148613, 0.08062726259231567, 0.07966591417789459, 0.07955539971590042, 0.07759881019592285, 0.07742942124605179, 0.07625822722911835, 0.07593979686498642, 0.07543549686670303, 0.07513364404439926, 0.07489887624979019, 0.07422355562448502, 0.07417232543230057, 0.07411646842956543, 0.07378547638654709, 0.0735207200050354, 0.0733974426984787, 0.0726293995976448, 0.07245437800884247, 0.07240866124629974, 0.07111649215221405, 0.07103017717599869, 0.07099943608045578, 0.07080859690904617, 0.07079842686653137, 0.07064462453126907, 0.06971423327922821, 0.06963810324668884, 0.06940191984176636, 0.06908020377159119, 0.06865370273590088, 0.06843199580907822, 0.0683770403265953, 0.06813155114650726, 0.06798761337995529, 0.06720376759767532, 0.06673138588666916, 0.06668753176927567, 0.06599836051464081, 0.06588788330554962, 0.06575974076986313, 0.06518569588661194, 0.06482001394033432, 0.06462736427783966, 0.06411690264940262, 0.06410576403141022, 0.06403940171003342, 0.06347159296274185, 0.06261137127876282, 0.062123481184244156, 0.06211353465914726, 0.06200365349650383, 0.061807792633771896, 0.06159210950136185, 0.061170682311058044, 0.0604105144739151, 0.06036314368247986, 0.060274116694927216, 0.06014475226402283, 0.060113050043582916, 0.05973260477185249, 0.0594167560338974, 0.059266868978738785, 0.05877518653869629, 0.05856101214885712, 0.058513130992650986, 0.05848794803023338, 0.05821642652153969, 0.0580761656165123, 0.057919856160879135, 0.0577634759247303, 0.05767514556646347, 0.057454247027635574, 0.05732715129852295, 0.05692433565855026, 0.056801777333021164, 0.0567154698073864, 0.056291379034519196, 0.05621016025543213, 0.05620325356721878, 0.056024421006441116, 0.05556552857160568, 0.055502112954854965, 0.05522380769252777, 0.05511115863919258, 0.0550413504242897, 0.054999127984046936, 0.054528556764125824, 0.05450175330042839, 0.05447578802704811, 0.05434524640440941, 0.05433716997504234, 0.05422224849462509, 0.054094478487968445, 0.05393301323056221, 0.05376914143562317, 0.05374592915177345, 0.05337061360478401, 0.05294131860136986, 0.05271725729107857, 0.05258083716034889, 0.05244067683815956, 0.05218246579170227, 0.051441121846437454, 0.051325224339962006, 0.05131177231669426, 0.0512562058866024, 0.051016807556152344, 0.05088181421160698, 0.05067449063062668, 0.05049887299537659, 0.0504920594394207, 0.0504145473241806, 0.050098493695259094, 0.050015293061733246, 0.04986118525266647, 0.04984031245112419, 0.04983828216791153, 0.04933521896600723, 0.04910319671034813, 0.04770898073911667, 0.04770094156265259, 0.04763895645737648, 0.04746401682496071, 0.0471104234457016, 0.046830203384160995, 0.04671323299407959, 0.04636262357234955, 0.04633080214262009, 0.04623923450708389, 0.04616184160113335, 0.04596181586384773, 0.045854758471250534, 0.0458371527493, 0.04579675942659378, 0.04551598057150841, 0.04523216933012009, 0.04511670023202896, 0.044944845139980316, 0.044891104102134705, 0.044699449092149734, 0.04453761503100395, 0.04437023028731346, 0.04433825612068176, 0.044250551611185074, 0.044194296002388, 0.04408402740955353, 0.0439615398645401, 0.04382089525461197, 0.043624307960271835, 0.04344235733151436, 0.043253399431705475, 0.04318482056260109, 0.04310206323862076, 0.04307091608643532, 0.042986318469047546, 0.042872317135334015, 0.04236442223191261, 0.041921913623809814, 0.04183628410100937, 0.041470080614089966, 0.0414411686360836, 0.0413299985229969, 0.04118121787905693, 0.04093201830983162, 0.04091588407754898, 0.04090215265750885, 0.04073397070169449, 0.04058971256017685, 0.04024583473801613, 0.0402178131043911, 0.04005509614944458, 0.03996516764163971, 0.039855532348155975, 0.03977033123373985, 0.03970829397439957, 0.039496049284935, 0.0394740030169487, 0.03925148770213127, 0.039220262318849564, 0.039187412708997726, 0.039162807166576385, 0.039128586649894714, 0.03908593952655792, 0.039021436125040054]

Execution time: 0.4136 sec
