Label: tensor([ 6,  0,  7,  0,  0,  6,  6,  0,  2,  7,  0,  0,  0,  0,  6,  0,  0,  0,
         0,  7,  7,  0,  0,  0,  0,  0,  2,  0,  0,  0,  6,  0,  2,  0,  0, 52,
         0,  0, 13,  0,  0,  0,  9,  9,  0,  6,  0,  0,  0,  0,  0,  2,  0,  6,
         0,  6,  0,  9,  0,  0,  0,  0,  7,  0,  0,  0,  0,  0,  0,  6,  6,  2,
        13,  6,  7,  7,  0,  0,  0,  6, 13,  7,  2,  0, 36,  0,  7,  0,  0,  6,
        76, 22,  2,  0,  7,  0,  6, 35,  0,  0,  0,  0,  0, 56,  0,  0,  6, 13,
         2,  5,  0,  2,  6, 56,  0,  0,  2,  0,  0, 14,  0,  0,  0,  0,  6,  0,
         6,  0,  2,  0,  6,  0,  0, 56,  0, 58,  0,  0, 27,  6, 58,  0,  0,  0,
         5,  9,  6,  6,  2,  9,  0,  0,  0,  0, 10,  0,  6,  2,  0, 56,  0,  0,
         6, 69,  0, 11,  5,  0,  0, 17,  0, 56, 13,  6,  0,  7,  0, 27, 58, 74,
         0, 13,  6,  5, 11, 61,  0, 51, 61,  2,  7, 13,  2,  6,  0, 67,  9,  5,
         0, 57, 47,  0, 55,  6, 11,  9,  2, 18,  2,  9,  0,  7, 69,  6,  0, 13,
        10,  0, 39, 56, 56,  6,  6,  6,  6,  2, 13, 67,  7, 39,  0, 58,  0,  0,
        67, 59,  0,  0, 17, 17,  0,  2,  8,  0,  6,  0, 30,  0, 27, 53, 13,  6,
        71, 11,  2,  0,  2,  0, 17,  9,  9,  0,  0, 60, 35, 23,  6,  9, 58,  0,
        33, 56, 27,  2, 14,  6, 13,  6,  0, 56, 27,  8, 14,  0,  0,  0, 79,  9,
        41, 67, 17,  6,  9,  7,  6, 13,  2, 23, 13, 26]), Box: ([49.98517608642578, 102.47488403320312, 374.906982421875, 423.8010559082031], [288.2859191894531, 158.04615783691406, 301.3536376953125, 193.62158203125], [0.02290494740009308, 279.8185119628906, 58.42686462402344, 359.71923828125], [288.4817199707031, 170.87442016601562, 300.4199523925781, 193.2286376953125], [157.947998046875, 158.9549560546875, 170.18482971191406, 180.06752014160156], [0.02290494740009308, 279.8185119628906, 58.42686462402344, 359.71923828125], [345.9118957519531, 249.300048828125, 374.87603759765625, 324.89068603515625], [102.15164947509766, 245.99942016601562, 114.54441833496094, 265.30316162109375], [367.61822509765625, 306.74188232421875, 375.1166687011719, 325.2656555175781], [-0.21021254360675812, 280.1024169921875, 58.790130615234375, 396.270263671875], [252.65211486816406, 201.63174438476562, 270.3619384765625, 227.78688049316406], [101.66834259033203, 243.1162872314453, 115.09442901611328, 265.586181640625], [251.3982391357422, 188.2541961669922, 270.4319152832031, 226.86781311035156], [101.3991470336914, 342.2042236328125, 138.9556121826172, 382.7929382324219], [-0.21021254360675812, 280.1024169921875, 58.790130615234375, 396.270263671875], [157.89450073242188, 156.34347534179688, 178.76779174804688, 180.1665802001953], [273.7703552246094, 154.91136169433594, 300.78912353515625, 193.55947875976562], [286.9096984863281, 146.08175659179688, 301.4808654785156, 193.42764282226562], [101.83985900878906, 233.0938720703125, 121.62309265136719, 265.5576171875], [50.71707534790039, 103.84642791748047, 374.2881774902344, 422.02294921875], [-0.44010719656944275, 280.26251220703125, 44.737403869628906, 359.7049865722656], [103.15172576904297, 256.8316955566406, 113.3626480102539, 265.03033447265625], [100.68190002441406, 244.3278350830078, 114.18731689453125, 265.5598449707031], [150.03848266601562, 181.2906494140625, 156.4658203125, 188.8795166015625], [286.51226806640625, 155.9393768310547, 296.134521484375, 190.7984619140625], [156.2682647705078, 159.30844116210938, 171.8043670654297, 187.0464630126953], [0.14425674080848694, 344.5223693847656, 22.625520706176758, 360.9477844238281], [251.2286834716797, 187.9820098876953, 270.9450988769531, 236.65492248535156], [158.4326934814453, 156.52992248535156, 179.79653930664062, 179.93446350097656], [251.62294006347656, 158.6015625, 303.579833984375, 225.58389282226562], [311.6302490234375, 229.56716918945312, 375.131103515625, 325.1765441894531], [249.7809600830078, 160.9379425048828, 270.8220520019531, 225.9313201904297], [0.02290494740009308, 279.8185119628906, 58.42686462402344, 359.71923828125], [249.7595672607422, 158.99099731445312, 271.6250305175781, 238.07235717773438], [251.09169006347656, 197.68556213378906, 271.402587890625, 261.2466735839844], [49.98517608642578, 102.47488403320312, 374.906982421875, 423.8010559082031], [291.45904541015625, 181.06301879882812, 300.1912841796875, 193.16082763671875], [294.1291198730469, 158.76918029785156, 300.83404541015625, 184.78720092773438], [367.61822509765625, 306.74188232421875, 375.1166687011719, 325.2656555175781], [289.6726989746094, 177.33432006835938, 300.2397155761719, 193.0657196044922], [367.61822509765625, 306.74188232421875, 375.1166687011719, 325.2656555175781], [70.23696899414062, 267.7102355957031, 88.80760955810547, 284.23431396484375], [11.664052963256836, 223.28248596191406, 28.228858947753906, 280.8106384277344], [101.3991470336914, 342.2042236328125, 138.9556121826172, 382.7929382324219], [100.56465148925781, 242.86961364746094, 114.45579528808594, 289.8696594238281], [50.71707534790039, 103.84642791748047, 374.2881774902344, 422.02294921875], [100.58287048339844, 243.84190368652344, 113.80551147460938, 265.7992248535156], [293.80145263671875, 164.3962860107422, 301.51995849609375, 194.24838256835938], [249.8621826171875, 189.03182983398438, 272.7325744628906, 261.531005859375], [270.9028625488281, 158.935546875, 278.10198974609375, 191.39918518066406], [350.2894592285156, 281.34918212890625, 357.56146240234375, 302.55670166015625], [5.430242538452148, 348.1645202636719, 22.473861694335938, 360.45904541015625], [159.75965881347656, 158.71929931640625, 168.21597290039062, 173.00096130371094], [367.3718566894531, 267.7846984863281, 375.339599609375, 324.5189514160156], [286.8511047363281, 150.86141967773438, 295.6152038574219, 186.53564453125], [0.6000995635986328, 266.6484680175781, 100.14762878417969, 360.9058837890625], [272.27899169921875, 136.14495849609375, 302.9130859375, 193.6734619140625], [12.816052436828613, 226.32777404785156, 19.36525535583496, 256.5419921875], [369.1636962890625, 269.53961181640625, 375.1920166015625, 307.8822937011719], [370.97930908203125, 270.7059326171875, 375.387451171875, 301.4026184082031], [271.43017578125, 157.17645263671875, 286.7853088378906, 191.6899871826172], [101.36097717285156, 344.63714599609375, 138.8813018798828, 382.5368957519531], [367.3718566894531, 267.7846984863281, 375.339599609375, 324.5189514160156], [157.3452606201172, 180.487548828125, 165.47137451171875, 187.37083435058594], [159.7628631591797, 158.6997833251953, 167.99002075195312, 172.7611083984375], [157.2134246826172, 159.78451538085938, 168.81361389160156, 179.93084716796875], [289.29864501953125, 179.8089141845703, 298.4935607910156, 192.11766052246094], [243.3574981689453, 162.28610229492188, 272.668212890625, 242.1837158203125], [125.85762786865234, 218.10215759277344, 145.0347137451172, 269.7561340332031], [367.7016906738281, 268.2760925292969, 375.25982666015625, 324.0609130859375], [-0.44010719656944275, 280.26251220703125, 44.737403869628906, 359.7049865722656], [-0.21021254360675812, 280.1024169921875, 58.790130615234375, 396.270263671875], [67.30471801757812, 264.69305419921875, 113.86111450195312, 294.37664794921875], [101.3991470336914, 342.2042236328125, 138.9556121826172, 382.7929382324219], [49.98517608642578, 102.47488403320312, 374.906982421875, 423.8010559082031], [367.7016906738281, 268.2760925292969, 375.25982666015625, 324.0609130859375], [294.3472595214844, 157.28292846679688, 301.09326171875, 169.8199920654297], [350.8180847167969, 281.6697692871094, 357.26507568359375, 301.72900390625], [249.9390106201172, 157.7235107421875, 269.78607177734375, 187.15867614746094], [367.61822509765625, 306.74188232421875, 375.1166687011719, 325.2656555175781], [0.02290494740009308, 279.8185119628906, 58.42686462402344, 359.71923828125], [0.6000995635986328, 266.6484680175781, 100.14762878417969, 360.9058837890625], [367.3718566894531, 267.7846984863281, 375.339599609375, 324.5189514160156], [67.26583099365234, 266.1512145996094, 95.97740936279297, 294.5129699707031], [49.98517608642578, 102.47488403320312, 374.906982421875, 423.8010559082031], [349.68951416015625, 280.6864318847656, 358.1149597167969, 309.5030212402344], [367.61822509765625, 306.74188232421875, 375.1166687011719, 325.2656555175781], [287.6717224121094, 174.08807373046875, 294.432373046875, 191.06687927246094], [271.89996337890625, 158.18431091308594, 289.0398254394531, 191.4416046142578], [50.55403137207031, 123.65274047851562, 248.0345916748047, 417.19287109375], [49.98517608642578, 102.47488403320312, 374.906982421875, 423.8010559082031], [49.98517608642578, 102.47488403320312, 374.906982421875, 423.8010559082031], [367.7016906738281, 268.2760925292969, 375.25982666015625, 324.0609130859375], [84.04325103759766, 239.7452392578125, 114.37470245361328, 266.3749084472656], [345.9118957519531, 249.300048828125, 374.87603759765625, 324.89068603515625], [287.3831481933594, 151.59255981445312, 295.5980224609375, 183.41073608398438], [0.5374001264572144, 279.44427490234375, 67.41046142578125, 288.25653076171875], [101.3991470336914, 342.2042236328125, 138.9556121826172, 382.7929382324219], [112.06453704833984, 232.7052764892578, 121.92395782470703, 255.57627868652344], [102.51610565185547, 255.41001892089844, 113.4050521850586, 265.4436950683594], [367.7016906738281, 268.2760925292969, 375.25982666015625, 324.0609130859375], [126.10747528076172, 247.2383575439453, 143.67889404296875, 270.1986083984375], [69.9944076538086, 272.0523986816406, 78.25074768066406, 283.4640197753906], [252.65211486816406, 201.63174438476562, 270.3619384765625, 227.78688049316406], [274.6928405761719, 168.69915771484375, 287.63458251953125, 191.22100830078125], [101.87354278564453, 222.37100219726562, 142.84063720703125, 268.17047119140625], [49.4874382019043, 134.2004852294922, 187.0917510986328, 415.3272705078125], [99.88136291503906, 262.0857238769531, 113.80075073242188, 289.50732421875], [-0.44010719656944275, 280.26251220703125, 44.737403869628906, 359.7049865722656], [50.71707534790039, 103.84642791748047, 374.2881774902344, 422.02294921875], [250.75405883789062, 153.81088256835938, 265.3031311035156, 168.23927307128906], [0.18353433907032013, 348.7901916503906, 35.49882888793945, 367.78094482421875], [51.624053955078125, 218.19517517089844, 373.49249267578125, 417.3826904296875], [251.3982391357422, 188.2541961669922, 270.4319152832031, 226.86781311035156], [148.30471801757812, 356.7900695800781, 168.80484008789062, 387.96246337890625], [252.21591186523438, 204.7511444091797, 269.8348083496094, 241.4805450439453], [67.30471801757812, 264.69305419921875, 113.86111450195312, 294.37664794921875], [100.27322387695312, 232.5578155517578, 142.10061645507812, 289.7944030761719], [274.58709716796875, 169.0769805908203, 289.2120361328125, 191.04397583007812], [101.3991470336914, 342.2042236328125, 138.9556121826172, 382.7929382324219], [12.816052436828613, 226.32777404785156, 19.36525535583496, 256.5419921875], [356.3104553222656, 281.34503173828125, 363.3938903808594, 301.9110412597656], [288.78375244140625, 170.40814208984375, 299.0540771484375, 191.83607482910156], [355.1536560058594, 281.7179260253906, 360.419921875, 291.5516662597656], [-0.3346949815750122, 125.98181915283203, 141.43453979492188, 371.869384765625], [367.3718566894531, 267.7846984863281, 375.339599609375, 324.5189514160156], [52.32454299926758, 216.84765625, 257.9765319824219, 415.3740539550781], [357.476806640625, 266.3628234863281, 369.9448547363281, 303.9372253417969], [368.64776611328125, 313.3280029296875, 374.7044677734375, 325.0169372558594], [201.9881134033203, 146.92572021484375, 245.55331420898438, 185.32461547851562], [-0.26944464445114136, 120.67996215820312, 167.0000762939453, 393.4594421386719], [249.00967407226562, 200.20767211914062, 270.3348083496094, 243.5911102294922], [169.86598205566406, 159.17481994628906, 181.69834899902344, 178.21653747558594], [99.88136291503906, 262.0857238769531, 113.80075073242188, 289.50732421875], [250.09640502929688, 154.91830444335938, 261.04290771484375, 168.31289672851562], [367.61822509765625, 306.74188232421875, 375.1166687011719, 325.2656555175781], [134.90992736816406, 169.1003875732422, 147.60691833496094, 191.01556396484375], [102.1756591796875, 232.0229949951172, 144.98171997070312, 268.6434326171875], [291.45904541015625, 181.06301879882812, 300.1912841796875, 193.16082763671875], [322.7920227050781, 247.7692108154297, 374.37713623046875, 319.6181945800781], [101.3991470336914, 342.2042236328125, 138.9556121826172, 382.7929382324219], [250.8740997314453, 155.2546844482422, 269.1529846191406, 186.76223754882812], [68.94410705566406, 271.8480224609375, 88.679931640625, 293.2982482910156], [83.34259033203125, 238.9783477783203, 114.35196685791016, 266.7048034667969], [345.9118957519531, 249.300048828125, 374.87603759765625, 324.89068603515625], [101.36097717285156, 344.63714599609375, 138.8813018798828, 382.5368957519531], [51.341033935546875, 113.27499389648438, 245.12327575683594, 415.0506896972656], [53.03266906738281, 262.33148193359375, 233.4028778076172, 416.65142822265625], [49.98517608642578, 102.47488403320312, 374.906982421875, 423.8010559082031], [49.98517608642578, 102.47488403320312, 374.906982421875, 423.8010559082031], [143.04244995117188, 177.4051055908203, 149.1611785888672, 189.88941955566406], [287.1274108886719, 153.25363159179688, 294.1791076660156, 174.7198486328125], [69.93164825439453, 276.0789794921875, 94.93470764160156, 294.2934265136719], [114.48397827148438, 342.6062316894531, 166.50857543945312, 387.9145812988281], [101.3991470336914, 342.2042236328125, 138.9556121826172, 382.7929382324219], [102.12699890136719, 232.68106079101562, 145.93966674804688, 268.3644714355469], [51.35105895996094, 112.87531280517578, 243.06764221191406, 414.9266052246094], [69.39776611328125, 264.4691162109375, 113.50779724121094, 289.26251220703125], [368.6964111328125, 305.70941162109375, 374.5350036621094, 320.3365783691406], [251.2286834716797, 187.9820098876953, 270.9450988769531, 236.65492248535156], [143.3935089111328, 177.39466857910156, 149.98184204101562, 189.6798095703125], [150.7733612060547, 181.768310546875, 156.22703552246094, 188.7706298828125], [101.36097717285156, 344.63714599609375, 138.8813018798828, 382.5368957519531], [49.98517608642578, 102.47488403320312, 374.906982421875, 423.8010559082031], [99.88136291503906, 262.0857238769531, 113.80075073242188, 289.50732421875], [101.3991470336914, 342.2042236328125, 138.9556121826172, 382.7929382324219], [0.02290494740009308, 279.8185119628906, 58.42686462402344, 359.71923828125], [293.62762451171875, 157.6588592529297, 299.0943908691406, 170.14785766601562], [199.4867401123047, 165.22950744628906, 271.3259582519531, 243.6502685546875], [101.3991470336914, 342.2042236328125, 138.9556121826172, 382.7929382324219], [125.57106018066406, 350.6003723144531, 147.1745147705078, 382.2649841308594], [251.09169006347656, 197.68556213378906, 271.402587890625, 261.2466735839844], [69.39776611328125, 264.4691162109375, 113.50779724121094, 289.26251220703125], [52.559410095214844, 230.9579620361328, 234.01148986816406, 415.6168518066406], [165.00994873046875, 177.86337280273438, 171.7536163330078, 186.21279907226562], [-0.3431369662284851, 223.63645935058594, 39.91157913208008, 361.0065002441406], [85.57051849365234, 279.65875244140625, 95.47283935546875, 294.14019775390625], [289.29864501953125, 179.8089141845703, 298.4935607910156, 192.11766052246094], [0.18305028975009918, 252.8352508544922, 15.719175338745117, 280.4870910644531], [15.121698379516602, 247.8990020751953, 24.181232452392578, 259.80865478515625], [174.82334899902344, 341.1697692871094, 194.00299072265625, 414.4354553222656], [-0.21021254360675812, 280.1024169921875, 58.790130615234375, 396.270263671875], [67.30471801757812, 264.69305419921875, 113.86111450195312, 294.37664794921875], [367.3718566894531, 267.7846984863281, 375.339599609375, 324.5189514160156], [12.816052436828613, 226.32777404785156, 19.36525535583496, 256.5419921875], [49.98517608642578, 102.47488403320312, 374.906982421875, 423.8010559082031], [148.50265502929688, 357.26171875, 167.7272186279297, 387.80462646484375], [49.98517608642578, 102.47488403320312, 374.906982421875, 423.8010559082031], [0.02290494740009308, 279.8185119628906, 58.42686462402344, 359.71923828125], [369.1636962890625, 269.53961181640625, 375.1920166015625, 307.8822937011719], [67.30471801757812, 264.69305419921875, 113.86111450195312, 294.37664794921875], [0.14425674080848694, 344.5223693847656, 22.625520706176758, 360.9477844238281], [0.6000995635986328, 266.6484680175781, 100.14762878417969, 360.9058837890625], [369.1636962890625, 269.53961181640625, 375.1920166015625, 307.8822937011719], [98.20297241210938, 235.51336669921875, 138.8385772705078, 290.4127502441406], [157.3452606201172, 180.487548828125, 165.47137451171875, 187.37083435058594], [367.61822509765625, 306.74188232421875, 375.1166687011719, 325.2656555175781], [367.7016906738281, 268.2760925292969, 375.25982666015625, 324.0609130859375], [180.75729370117188, 243.970947265625, 213.13706970214844, 265.5029296875], [49.98517608642578, 102.47488403320312, 374.906982421875, 423.8010559082031], [49.98517608642578, 102.47488403320312, 374.906982421875, 423.8010559082031], [11.664052963256836, 223.28248596191406, 28.228858947753906, 280.8106384277344], [49.98517608642578, 102.47488403320312, 374.906982421875, 423.8010559082031], [-0.3431369662284851, 223.63645935058594, 39.91157913208008, 361.0065002441406], [11.664052963256836, 223.28248596191406, 28.228858947753906, 280.8106384277344], [15.26937484741211, 250.75289916992188, 19.248083114624023, 256.71514892578125], [50.71707534790039, 103.84642791748047, 374.2881774902344, 422.02294921875], [49.98517608642578, 102.47488403320312, 374.906982421875, 423.8010559082031], [67.26583099365234, 266.1512145996094, 95.97740936279297, 294.5129699707031], [369.1636962890625, 269.53961181640625, 375.1920166015625, 307.8822937011719], [278.802978515625, 153.70997619628906, 290.3890380859375, 188.7279510498047], [0.14425674080848694, 344.5223693847656, 22.625520706176758, 360.9477844238281], [0.02290494740009308, 279.8185119628906, 58.42686462402344, 359.71923828125], [51.47257995605469, 141.13523864746094, 200.19749450683594, 395.999267578125], [276.1870422363281, 156.60546875, 285.7599182128906, 177.5168914794922], [0.5374001264572144, 279.44427490234375, 67.41046142578125, 288.25653076171875], [49.98517608642578, 102.47488403320312, 374.906982421875, 423.8010559082031], [0.18305028975009918, 252.8352508544922, 15.719175338745117, 280.4870910644531], [288.2859191894531, 158.04615783691406, 301.3536376953125, 193.62158203125], [249.8621826171875, 189.03182983398438, 272.7325744628906, 261.531005859375], [367.61822509765625, 306.74188232421875, 375.1166687011719, 325.2656555175781], [53.42221450805664, 121.92694854736328, 265.49725341796875, 403.8913879394531], [53.68091583251953, 119.58539581298828, 266.73187255859375, 407.4211730957031], [53.86544418334961, 262.2056579589844, 240.65603637695312, 416.399658203125], [286.3408203125, 143.70068359375, 375.9493103027344, 365.9530029296875], [0.18305028975009918, 252.8352508544922, 15.719175338745117, 280.4870910644531], [87.25757598876953, 263.669921875, 114.04017639160156, 292.4912109375], [49.98517608642578, 102.47488403320312, 374.906982421875, 423.8010559082031], [51.624053955078125, 218.19517517089844, 373.49249267578125, 417.3826904296875], [288.4817199707031, 170.87442016601562, 300.4199523925781, 193.2286376953125], [125.29402923583984, 217.73037719726562, 145.3650665283203, 269.6911315917969], [0.14425674080848694, 344.5223693847656, 22.625520706176758, 360.9477844238281], [49.98517608642578, 102.47488403320312, 374.906982421875, 423.8010559082031], [370.04803466796875, 270.8705749511719, 374.5274658203125, 314.2503967285156], [165.00994873046875, 177.86337280273438, 171.7536163330078, 186.21279907226562], [49.98517608642578, 102.47488403320312, 374.906982421875, 423.8010559082031], [69.55838775634766, 277.7931213378906, 93.5040283203125, 294.1093444824219], [268.6609191894531, 186.70669555664062, 279.0094299316406, 242.41163635253906], [0.02290494740009308, 279.8185119628906, 58.42686462402344, 359.71923828125], [49.98517608642578, 102.47488403320312, 374.906982421875, 423.8010559082031], [368.64776611328125, 313.3280029296875, 374.7044677734375, 325.0169372558594], [70.23696899414062, 267.7102355957031, 88.80760955810547, 284.23431396484375], [0.02290494740009308, 279.8185119628906, 58.42686462402344, 359.71923828125], [268.64483642578125, 186.77659606933594, 279.3590087890625, 239.99322509765625], [50.96221160888672, 144.25732421875, 201.9280242919922, 399.0007019042969], [198.83763122558594, 152.74972534179688, 207.3679962158203, 180.876953125], [49.98517608642578, 102.47488403320312, 374.906982421875, 423.8010559082031], [286.3028564453125, 160.84707641601562, 308.875244140625, 284.71136474609375], [288.4817199707031, 170.87442016601562, 300.4199523925781, 193.2286376953125], [101.3991470336914, 342.2042236328125, 138.9556121826172, 382.7929382324219], [368.64776611328125, 313.3280029296875, 374.7044677734375, 325.0169372558594], [126.47627258300781, 107.90327453613281, 375.5073547363281, 392.8808288574219], [49.98517608642578, 102.47488403320312, 374.906982421875, 423.8010559082031], [49.98517608642578, 102.47488403320312, 374.906982421875, 423.8010559082031], [345.9118957519531, 249.300048828125, 374.87603759765625, 324.89068603515625], [162.6850128173828, 155.2777862548828, 178.2180633544922, 177.0637969970703], [0.23866979777812958, 356.70062255859375, 22.153718948364258, 368.5786437988281], [65.20759582519531, 220.53204345703125, 114.44772338867188, 292.74462890625], [0.14425674080848694, 344.5223693847656, 22.625520706176758, 360.9477844238281], [367.7016906738281, 268.2760925292969, 375.25982666015625, 324.0609130859375], [15.121698379516602, 247.8990020751953, 24.181232452392578, 259.80865478515625], [201.0996551513672, 183.66400146484375, 272.5362243652344, 286.6025695800781], [271.2172546386719, 159.81105041503906, 277.1648254394531, 189.5363006591797], [0.438496470451355, 339.7740173339844, 375.43475341796875, 498.0149230957031], [101.36097717285156, 344.63714599609375, 138.8813018798828, 382.5368957519531], [101.3991470336914, 342.2042236328125, 138.9556121826172, 382.7929382324219], [52.359806060791016, 128.88491821289062, 216.55203247070312, 394.18310546875], [50.71707534790039, 103.84642791748047, 374.2881774902344, 422.02294921875], [288.2859191894531, 158.04615783691406, 301.3536376953125, 193.62158203125], [278.1495361328125, 169.42652893066406, 286.82672119140625, 177.982177734375], [49.98517608642578, 102.47488403320312, 374.906982421875, 423.8010559082031], [126.10747528076172, 247.2383575439453, 143.67889404296875, 270.1986083984375], [293.80145263671875, 164.3962860107422, 301.51995849609375, 194.24838256835938], [368.6964111328125, 305.70941162109375, 374.5350036621094, 320.3365783691406], [101.66834259033203, 243.1162872314453, 115.09442901611328, 265.586181640625], [272.34454345703125, 138.18728637695312, 376.6948547363281, 323.6310119628906], [67.26583099365234, 266.1512145996094, 95.97740936279297, 294.5129699707031], [20.86198616027832, 231.39395141601562, 378.4551696777344, 406.0343017578125], [67.8956527709961, 267.35662841796875, 89.6973876953125, 294.1979675292969], [249.00967407226562, 200.20767211914062, 270.3348083496094, 243.5911102294922], [289.6726989746094, 177.33432006835938, 300.2397155761719, 193.0657196044922], [367.61822509765625, 306.74188232421875, 375.1166687011719, 325.2656555175781], [102.15164947509766, 245.99942016601562, 114.54441833496094, 265.30316162109375], [102.04273986816406, 245.28956604003906, 118.83426666259766, 265.3441467285156], [215.51783752441406, 151.50865173339844, 243.78233337402344, 182.229248046875], [264.4710693359375, 194.99533081054688, 273.59722900390625, 239.98667907714844], [49.98517608642578, 102.47488403320312, 374.906982421875, 423.8010559082031], [367.3718566894531, 267.7846984863281, 375.339599609375, 324.5189514160156], [157.3452606201172, 180.487548828125, 165.47137451171875, 187.37083435058594], [294.3472595214844, 157.28292846679688, 301.09326171875, 169.8199920654297], [5.430242538452148, 348.1645202636719, 22.473861694335938, 360.45904541015625], [194.3441925048828, 228.02978515625, 376.3773193359375, 381.0163879394531], [345.9118957519531, 249.300048828125, 374.87603759765625, 324.89068603515625], [-0.3346949815750122, 125.98181915283203, 141.43453979492188, 371.869384765625], [69.39776611328125, 264.4691162109375, 113.50779724121094, 289.26251220703125], [49.98517608642578, 102.47488403320312, 374.906982421875, 423.8010559082031], [0.5374001264572144, 279.44427490234375, 67.41046142578125, 288.25653076171875], [49.98517608642578, 102.47488403320312, 374.906982421875, 423.8010559082031], [101.3991470336914, 342.2042236328125, 138.9556121826172, 382.7929382324219], [252.65211486816406, 201.63174438476562, 270.3619384765625, 227.78688049316406]), Score: [0.9529955387115479, 0.08863910287618637, 0.08612809330224991, 0.07074761390686035, 0.052639421075582504, 0.05146496370434761, 0.05143843591213226, 0.04637393727898598, 0.03996943309903145, 0.03855716437101364, 0.03789178282022476, 0.037153273820877075, 0.035462405532598495, 0.034875404089689255, 0.032186709344387054, 0.03148134797811508, 0.030831793323159218, 0.030114080756902695, 0.029439542442560196, 0.028380809351801872, 0.028029389679431915, 0.027528777718544006, 0.027328385040163994, 0.027210602536797523, 0.026692597195506096, 0.0266183502972126, 0.025916432961821556, 0.02591438591480255, 0.0253811813890934, 0.025256367400288582, 0.02519051358103752, 0.024658765643835068, 0.02354869432747364, 0.023202279582619667, 0.022982746362686157, 0.022153519093990326, 0.021802769973874092, 0.02157157100737095, 0.021348420530557632, 0.02113186940550804, 0.021062295883893967, 0.020851971581578255, 0.020395083352923393, 0.020131006836891174, 0.02008012868463993, 0.01973004639148712, 0.01961299031972885, 0.019604990258812904, 0.019319629296660423, 0.019068587571382523, 0.019052481278777122, 0.019052213057875633, 0.018724698573350906, 0.018633916974067688, 0.018419988453388214, 0.01833834871649742, 0.018228653818368912, 0.01815834827721119, 0.01805967278778553, 0.018012473359704018, 0.01794453337788582, 0.017881494015455246, 0.017756538465619087, 0.017745722085237503, 0.01746574230492115, 0.017315568402409554, 0.016920853406190872, 0.016552796587347984, 0.01647893711924553, 0.016458947211503983, 0.016414236277341843, 0.016392681747674942, 0.0162961483001709, 0.016286710277199745, 0.01628231070935726, 0.016070036217570305, 0.015994137153029442, 0.015939986333251, 0.015402227640151978, 0.01537376269698143, 0.015331593342125416, 0.015231803990900517, 0.014835997484624386, 0.01475638709962368, 0.014681440778076649, 0.014555497094988823, 0.014386243186891079, 0.014334476552903652, 0.014331392012536526, 0.014241156168282032, 0.014114859513938427, 0.014025159180164337, 0.01393224485218525, 0.013897829689085484, 0.013866113498806953, 0.01359113585203886, 0.013448414392769337, 0.013291754759848118, 0.013288815505802631, 0.01328874658793211, 0.013186945579946041, 0.013180457055568695, 0.01317584328353405, 0.013123716227710247, 0.013015295378863811, 0.013004965148866177, 0.012998711317777634, 0.012970099225640297, 0.012935015372931957, 0.012867126613855362, 0.012814250774681568, 0.012794705107808113, 0.012706534937024117, 0.012661217711865902, 0.012625168077647686, 0.01262449100613594, 0.012588825076818466, 0.012541825883090496, 0.012497789226472378, 0.012469607405364513, 0.012410003691911697, 0.012388124130666256, 0.012360896915197372, 0.012350400909781456, 0.01231512799859047, 0.01229739747941494, 0.012226857244968414, 0.01209721714258194, 0.01206743810325861, 0.012024259194731712, 0.011938106268644333, 0.011928491294384003, 0.011865313164889812, 0.011829908937215805, 0.011677012778818607, 0.01167389377951622, 0.011659053154289722, 0.011562121100723743, 0.011531855911016464, 0.011528334580361843, 0.011509217321872711, 0.01144455000758171, 0.01141185499727726, 0.011388923041522503, 0.011370115913450718, 0.011331101879477501, 0.011295026168227196, 0.011291725561022758, 0.011197611689567566, 0.011179691180586815, 0.01115807332098484, 0.011149778962135315, 0.011146667413413525, 0.011104865930974483, 0.010881306603550911, 0.010871944949030876, 0.010821188800036907, 0.010812581516802311, 0.01079666055738926, 0.010784058831632137, 0.01077628880739212, 0.01075190119445324, 0.01073902752250433, 0.01073512714356184, 0.010706048458814621, 0.010677466168999672, 0.010632277466356754, 0.010623994283378124, 0.0105387382209301, 0.010375616140663624, 0.01036870013922453, 0.010356768034398556, 0.01034481544047594, 0.01032179407775402, 0.010281311348080635, 0.010281190276145935, 0.010249264538288116, 0.010177306830883026, 0.010146346874535084, 0.010131698101758957, 0.0099961431697011, 0.009961001574993134, 0.009927908889949322, 0.00992308184504509, 0.009918374940752983, 0.009856774471700191, 0.009783091023564339, 0.009713465347886086, 0.009705404751002789, 0.009696541354060173, 0.009692938067018986, 0.009682923555374146, 0.00964462198317051, 0.009612211026251316, 0.009602502919733524, 0.009525706060230732, 0.009485641494393349, 0.009476756677031517, 0.00945861916989088, 0.009439218789339066, 0.009401321411132812, 0.009388287551701069, 0.0093745281919837, 0.009367887862026691, 0.00936584360897541, 0.009365185163915157, 0.009342662990093231, 0.009340695105493069, 0.009337197057902813, 0.009274210780858994, 0.009249765425920486, 0.009222231805324554, 0.009200237691402435, 0.009163866750895977, 0.009146024473011494, 0.009136228822171688, 0.00912451185286045, 0.00912064965814352, 0.009107756428420544, 0.009086999110877514, 0.009069973602890968, 0.009066721424460411, 0.009029285982251167, 0.009019260294735432, 0.008974764496088028, 0.008951731026172638, 0.008940701372921467, 0.008883791044354439, 0.008792916312813759, 0.008730375207960606, 0.00870539154857397, 0.008623468689620495, 0.008610380813479424, 0.008588903583586216, 0.00856105424463749, 0.00854630209505558, 0.008533318527042866, 0.008530152030289173, 0.008509698323905468, 0.008471662178635597, 0.008452949114143848, 0.008426688611507416, 0.008422644808888435, 0.008385800756514072, 0.008372286334633827, 0.00830459501594305, 0.008296669460833073, 0.008287332952022552, 0.00826607272028923, 0.00825337041169405, 0.008232343941926956, 0.008228965103626251, 0.008211988024413586, 0.008191004395484924, 0.008189408108592033, 0.008119538426399231, 0.008087129332125187, 0.008084108121693134, 0.008082747459411621, 0.008073595352470875, 0.00807067472487688, 0.00805750023573637, 0.008056754246354103, 0.00805274210870266, 0.008021071553230286, 0.00799911841750145, 0.0079690832644701, 0.007963554933667183, 0.007924847304821014, 0.007915480062365532, 0.007861729711294174, 0.007857033982872963, 0.007848180830478668, 0.007843893952667713, 0.007829638198018074, 0.007792613003402948, 0.007748571690171957, 0.007744239643216133, 0.007740689907222986, 0.007728601805865765, 0.007708022836595774, 0.007703418377786875, 0.007647376041859388, 0.00764473807066679, 0.007639776915311813, 0.007631726562976837, 0.007629314437508583, 0.0076094986870884895, 0.007588444743305445, 0.0075760651379823685, 0.007573673967272043, 0.0075642503798007965, 0.0075615267269313335, 0.007551464252173901, 0.007545648142695427, 0.007506984751671553, 0.0075022438541054726, 0.007478517480194569, 0.007477879989892244, 0.007470462471246719]

Execution time: 0.4117 sec
