Label: tensor([57, 58, 75, 75, 75, 15, 17,  0, 41, 14, 56, 58, 60, 16, 14, 41, 75, 75,
        58, 75, 75, 58, 45, 77, 20, 15, 75, 13, 15, 60, 75, 41, 57, 75, 14, 14,
        14, 75, 14, 59, 14, 75, 57, 14, 17, 45, 75, 14, 75, 14, 14, 17, 77, 58,
        75, 75, 49, 57, 75, 58, 75, 75, 58, 74, 15,  0, 41, 56, 13, 56, 75, 45,
        57, 56, 58, 75, 60,  0, 16, 14, 49, 45, 49, 16, 75, 63, 75, 58, 14, 21,
        74, 75, 39, 58, 49, 58, 73, 49, 56, 75, 57, 58, 56, 49, 39, 13, 40, 13,
        14,  0, 60, 75, 58, 57, 58, 56, 56, 60, 56, 58, 45, 14, 74, 14, 77, 75,
        57, 15, 58, 19,  0, 14, 14, 75, 41, 74, 56, 75, 75, 13, 75, 56, 56, 58,
        57, 45, 57, 41, 56, 60, 45,  0, 14, 14, 49, 45, 14, 56, 58, 39, 60,  0,
         0, 14, 45, 18, 47, 56, 60, 15, 59, 45, 74, 75, 18, 41, 14, 57, 14, 14,
        56,  0, 58, 45, 39, 14, 58, 56,  0, 74, 61, 20, 49, 56, 14,  0, 14, 32,
        57, 40,  8, 23, 15, 49, 77, 58, 15, 58, 40, 75, 15, 74, 39, 39, 57, 17,
        75, 58, 58, 62, 58, 73, 14, 60,  0, 65, 59, 77, 15, 56, 47, 13,  2, 74,
        26,  8, 41, 72, 56, 14, 60, 14, 74,  8, 14, 60, 13, 75, 75, 56, 60, 73,
        60, 77, 56, 14, 40, 75, 72, 45, 75, 17, 13, 26, 25, 60, 17,  8,  0, 58,
        75, 77, 41, 16,  2, 56, 56, 77, 16, 56, 17, 56, 62, 56, 75, 49,  0, 16,
        56, 56, 47, 15, 58, 75, 39, 58, 14, 15, 14, 39]), Box: ([0.004060566425323486, 235.18663024902344, 175.92689514160156, 374.84344482421875], [127.77411651611328, 224.44288635253906, 176.69430541992188, 274.2722473144531], [143.65846252441406, 255.7758026123047, 161.60955810546875, 274.2008056640625], [111.79679870605469, 163.9635009765625, 143.56263732910156, 185.98121643066406], [186.23495483398438, 363.34979248046875, 206.38522338867188, 374.84912109375], [109.59601593017578, 118.92794036865234, 146.77297973632812, 185.4331512451172], [109.59601593017578, 118.92794036865234, 146.77297973632812, 185.4331512451172], [109.59601593017578, 118.92794036865234, 146.77297973632812, 185.4331512451172], [186.23495483398438, 363.34979248046875, 206.38522338867188, 374.84912109375], [109.59601593017578, 118.92794036865234, 146.77297973632812, 185.4331512451172], [-0.13474375009536743, 235.15155029296875, 176.1127166748047, 375.19696044921875], [142.1353302001953, 230.14735412597656, 163.60031127929688, 274.3649597167969], [0.13099238276481628, 219.00640869140625, 119.13335418701172, 259.2594299316406], [109.59601593017578, 118.92794036865234, 146.77297973632812, 185.4331512451172], [109.4626235961914, 126.14257049560547, 146.65318298339844, 161.21104431152344], [143.65846252441406, 255.7758026123047, 161.60955810546875, 274.2008056640625], [111.5059814453125, 142.92196655273438, 143.51904296875, 185.5466766357422], [111.39144134521484, 128.45071411132812, 144.0719451904297, 184.8329620361328], [143.65846252441406, 255.7758026123047, 161.60955810546875, 274.2008056640625], [109.59601593017578, 118.92794036865234, 146.77297973632812, 185.4331512451172], [185.68345642089844, 315.0285339355469, 212.7330322265625, 375.0282897949219], [142.48880004882812, 236.7107391357422, 163.21478271484375, 274.44866943359375], [186.23495483398438, 363.34979248046875, 206.38522338867188, 374.84912109375], [109.59601593017578, 118.92794036865234, 146.77297973632812, 185.4331512451172], [109.59601593017578, 118.92794036865234, 146.77297973632812, 185.4331512451172], [109.4626235961914, 126.14257049560547, 146.65318298339844, 161.21104431152344], [115.83251190185547, 144.4114990234375, 139.81394958496094, 183.99557495117188], [0.13099238276481628, 219.00640869140625, 119.13335418701172, 259.2594299316406], [111.39144134521484, 128.45071411132812, 144.0719451904297, 184.8329620361328], [0.03827735781669617, 219.26663208007812, 119.52513122558594, 246.65435791015625], [140.04116821289062, 262.5458068847656, 147.11782836914062, 272.8601989746094], [191.23780822753906, 314.9078063964844, 210.08798217773438, 338.3641662597656], [-0.028677284717559814, 234.81402587890625, 98.56046295166016, 325.7209777832031], [142.54676818847656, 241.86451721191406, 164.63726806640625, 274.2789306640625], [355.58660888671875, 115.07630157470703, 392.5303039550781, 131.26980590820312], [120.52972412109375, 117.70414733886719, 138.7428436279297, 139.07415771484375], [109.61927032470703, 117.44805145263672, 144.74578857421875, 144.8086395263672], [186.4685516357422, 314.9221496582031, 213.86607360839844, 374.9535217285156], [119.07138061523438, 128.0972137451172, 127.89237213134766, 136.8196258544922], [-0.13474375009536743, 235.15155029296875, 176.1127166748047, 375.19696044921875], [109.37488555908203, 126.70062255859375, 137.1348876953125, 159.04177856445312], [356.267822265625, 115.23532104492188, 371.51068115234375, 128.76414489746094], [-0.13474375009536743, 235.15155029296875, 176.1127166748047, 375.19696044921875], [111.79679870605469, 163.9635009765625, 143.56263732910156, 185.98121643066406], [109.4626235961914, 126.14257049560547, 146.65318298339844, 161.21104431152344], [157.826416015625, 356.8796081542969, 193.1943359375, 374.9401550292969], [380.5628967285156, 121.65785217285156, 391.782470703125, 130.94338989257812], [357.6558837890625, 115.41183471679688, 370.7803955078125, 124.84956359863281], [185.99960327148438, 340.7851257324219, 207.947021484375, 375.046142578125], [109.47428894042969, 127.23619842529297, 128.79945373535156, 142.80859375], [111.39144134521484, 128.45071411132812, 144.0719451904297, 184.8329620361328], [111.39144134521484, 128.45071411132812, 144.0719451904297, 184.8329620361328], [111.39144134521484, 128.45071411132812, 144.0719451904297, 184.8329620361328], [186.23495483398438, 363.34979248046875, 206.38522338867188, 374.84912109375], [185.86553955078125, 340.3674011230469, 207.94772338867188, 375.0863342285156], [110.67489624023438, 128.5155029296875, 144.9923858642578, 186.7006378173828], [358.30560302734375, 115.41605377197266, 370.34466552734375, 122.80842590332031], [0.16307830810546875, 235.5421600341797, 145.42152404785156, 331.96820068359375], [157.826416015625, 356.8796081542969, 193.1943359375, 374.9401550292969], [185.99960327148438, 340.7851257324219, 207.947021484375, 375.046142578125], [142.48880004882812, 236.7107391357422, 163.21478271484375, 274.44866943359375], [191.23780822753906, 314.9078063964844, 210.08798217773438, 338.3641662597656], [109.59601593017578, 118.92794036865234, 146.77297973632812, 185.4331512451172], [186.23495483398438, 363.34979248046875, 206.38522338867188, 374.84912109375], [111.79679870605469, 163.9635009765625, 143.56263732910156, 185.98121643066406], [12.063941955566406, 113.0868911743164, 32.26659393310547, 155.65960693359375], [143.50375366210938, 255.71646118164062, 161.57188415527344, 274.16461181640625], [0.13099238276481628, 219.00640869140625, 119.13335418701172, 259.2594299316406], [0.03827735781669617, 219.26663208007812, 119.52513122558594, 246.65435791015625], [87.1666488647461, 218.89205932617188, 119.50056457519531, 251.6455841064453], [357.6558837890625, 115.41183471679688, 370.7803955078125, 124.84956359863281], [111.97837829589844, 176.15261840820312, 143.58364868164062, 186.02703857421875], [-0.44264644384384155, 234.0323486328125, 145.38890075683594, 322.6215515136719], [87.22655487060547, 218.8102264404297, 119.4722671508789, 243.52352905273438], [142.54676818847656, 241.86451721191406, 164.63726806640625, 274.2789306640625], [145.2581329345703, 245.3266143798828, 160.0883026123047, 258.69775390625], [157.23912048339844, 357.47979736328125, 262.1261291503906, 375.2110595703125], [111.39144134521484, 128.45071411132812, 144.0719451904297, 184.8329620361328], [111.39144134521484, 128.45071411132812, 144.0719451904297, 184.8329620361328], [380.5628967285156, 121.65785217285156, 391.782470703125, 130.94338989257812], [357.6558837890625, 115.41183471679688, 370.7803955078125, 124.84956359863281], [355.71533203125, 123.02210998535156, 370.23876953125, 129.4606475830078], [369.44354248046875, 120.72449493408203, 391.9924621582031, 131.26321411132812], [109.4626235961914, 126.14257049560547, 146.65318298339844, 161.21104431152344], [142.1353302001953, 230.14735412597656, 163.60031127929688, 274.3649597167969], [143.65846252441406, 255.7758026123047, 161.60955810546875, 274.2008056640625], [143.50375366210938, 255.71646118164062, 161.57188415527344, 274.16461181640625], [185.86553955078125, 340.3674011230469, 207.94772338867188, 375.0863342285156], [356.267822265625, 115.23532104492188, 371.51068115234375, 128.76414489746094], [109.59601593017578, 118.92794036865234, 146.77297973632812, 185.4331512451172], [380.5628967285156, 121.65785217285156, 391.782470703125, 130.94338989257812], [157.52920532226562, 356.984130859375, 206.23886108398438, 374.9820861816406], [186.23495483398438, 363.34979248046875, 206.38522338867188, 374.84912109375], [143.50375366210938, 255.71646118164062, 161.57188415527344, 274.16461181640625], [380.5628967285156, 121.65785217285156, 391.782470703125, 130.94338989257812], [111.39144134521484, 128.45071411132812, 144.0719451904297, 184.8329620361328], [143.65846252441406, 255.7758026123047, 161.60955810546875, 274.2008056640625], [371.0050048828125, 120.89076232910156, 381.3257751464844, 127.66608428955078], [157.826416015625, 356.8796081542969, 193.1943359375, 374.9401550292969], [146.4332275390625, 247.64527893066406, 158.7071075439453, 257.6270751953125], [0.01633167266845703, 227.24508666992188, 500.0082702636719, 375.064453125], [157.826416015625, 356.8796081542969, 193.1943359375, 374.9401550292969], [157.52920532226562, 356.984130859375, 206.23886108398438, 374.9820861816406], [370.1729431152344, 121.02348327636719, 381.8844299316406, 130.4086456298828], [185.68345642089844, 315.0285339355469, 212.7330322265625, 375.0282897949219], [-0.13474375009536743, 235.15155029296875, 176.1127166748047, 375.19696044921875], [186.23495483398438, 363.34979248046875, 206.38522338867188, 374.84912109375], [0.07201358675956726, 221.56272888183594, 98.7221450805664, 252.47398376464844], [111.97837829589844, 176.15261840820312, 143.58364868164062, 186.02703857421875], [380.5628967285156, 121.65785217285156, 391.782470703125, 130.94338989257812], [0.07201358675956726, 221.56272888183594, 98.7221450805664, 252.47398376464844], [139.6778564453125, 256.4949645996094, 182.51121520996094, 351.9632873535156], [185.68345642089844, 315.0285339355469, 212.7330322265625, 375.0282897949219], [0.6781220436096191, 308.8135070800781, 172.13613891601562, 375.1537780761719], [129.30357360839844, 224.61021423339844, 180.8933563232422, 353.0049743652344], [0.03827735781669617, 219.26663208007812, 119.52513122558594, 246.65435791015625], [159.7755584716797, 270.09490966796875, 182.35293579101562, 351.4310302734375], [-0.03024563193321228, 221.58090209960938, 97.69295501708984, 248.51319885253906], [139.6778564453125, 256.4949645996094, 182.51121520996094, 351.9632873535156], [355.58660888671875, 115.07630157470703, 392.5303039550781, 131.26980590820312], [356.267822265625, 115.23532104492188, 371.51068115234375, 128.76414489746094], [109.34941101074219, 127.38081359863281, 127.7298355102539, 157.0924072265625], [109.59601593017578, 118.92794036865234, 146.77297973632812, 185.4331512451172], [319.4544677734375, -0.061640866100788116, 334.5816955566406, 5.50968599319458], [380.5628967285156, 121.65785217285156, 391.782470703125, 130.94338989257812], [120.69309997558594, 164.18621826171875, 136.4027099609375, 180.8081512451172], [0.07764250040054321, 318.8230285644531, 171.41282653808594, 375.08306884765625], [109.37488555908203, 126.70062255859375, 137.1348876953125, 159.04177856445312], [356.267822265625, 115.23532104492188, 371.51068115234375, 128.76414489746094], [109.59601593017578, 118.92794036865234, 146.77297973632812, 185.4331512451172], [120.52972412109375, 117.70414733886719, 138.7428436279297, 139.07415771484375], [369.44354248046875, 120.72449493408203, 391.9924621582031, 131.26321411132812], [109.4131088256836, 127.2247085571289, 116.72744750976562, 134.85740661621094], [122.01943969726562, 164.82904052734375, 138.03887939453125, 181.70166015625], [186.0970916748047, 363.4049377441406, 206.64474487304688, 374.75396728515625], [111.39144134521484, 128.45071411132812, 144.0719451904297, 184.8329620361328], [129.30357360839844, 224.61021423339844, 180.8933563232422, 353.0049743652344], [140.8820343017578, 265.7611999511719, 149.4169158935547, 274.2440490722656], [111.97837829589844, 176.15261840820312, 143.58364868164062, 186.02703857421875], [-0.03024563193321228, 221.58090209960938, 97.69295501708984, 248.51319885253906], [119.14990997314453, 163.14715576171875, 137.15280151367188, 180.04051208496094], [186.23495483398438, 363.34979248046875, 206.38522338867188, 374.84912109375], [87.72245025634766, 218.68336486816406, 119.31111145019531, 232.2172088623047], [130.18313598632812, 226.02163696289062, 164.08175659179688, 273.84283447265625], [0.10132044553756714, 235.0766143798828, 169.6314239501953, 323.5621032714844], [357.6558837890625, 115.41183471679688, 370.7803955078125, 124.84956359863281], [-0.2410300076007843, 235.49325561523438, 97.97565460205078, 374.4997253417969], [157.826416015625, 356.8796081542969, 193.1943359375, 374.9401550292969], [0.07201358675956726, 221.56272888183594, 98.7221450805664, 252.47398376464844], [0.16042590141296387, 205.17092895507812, 119.57061767578125, 259.03955078125], [186.0970916748047, 363.4049377441406, 206.64474487304688, 374.75396728515625], [356.267822265625, 115.23532104492188, 371.51068115234375, 128.76414489746094], [109.45425415039062, 127.2547836303711, 122.48323059082031, 137.3186492919922], [186.23495483398438, 363.34979248046875, 206.38522338867188, 374.84912109375], [355.58660888671875, 115.07630157470703, 392.5303039550781, 131.26980590820312], [355.58660888671875, 115.07630157470703, 392.5303039550781, 131.26980590820312], [118.72696685791016, 127.4126205444336, 132.90089416503906, 142.5386962890625], [-0.028677284717559814, 234.81402587890625, 98.56046295166016, 325.7209777832031], [157.52920532226562, 356.984130859375, 206.23886108398438, 374.9820861816406], [185.99960327148438, 340.7851257324219, 207.947021484375, 375.046142578125], [87.72245025634766, 218.68336486816406, 119.31111145019531, 232.2172088623047], [370.1729431152344, 121.02348327636719, 381.8844299316406, 130.4086456298828], [355.58660888671875, 115.07630157470703, 392.5303039550781, 131.26980590820312], [127.21800994873047, 133.4002227783203, 146.9148406982422, 147.27806091308594], [157.52920532226562, 356.984130859375, 206.23886108398438, 374.9820861816406], [109.4626235961914, 126.14257049560547, 146.65318298339844, 161.21104431152344], [355.58660888671875, 115.07630157470703, 392.5303039550781, 131.26980590820312], [88.25423431396484, 199.7072296142578, 119.32217407226562, 252.59922790527344], [0.01633167266845703, 227.24508666992188, 500.0082702636719, 375.064453125], [109.61927032470703, 117.44805145263672, 144.74578857421875, 144.8086395263672], [0.004060566425323486, 235.18663024902344, 175.92689514160156, 374.84344482421875], [143.65846252441406, 255.7758026123047, 161.60955810546875, 274.2008056640625], [111.79679870605469, 163.9635009765625, 143.56263732910156, 185.98121643066406], [159.48731994628906, 314.4236145019531, 215.92091369628906, 374.8591003417969], [109.59601593017578, 118.92794036865234, 146.77297973632812, 185.4331512451172], [357.6558837890625, 115.41183471679688, 370.7803955078125, 124.84956359863281], [122.50640106201172, 132.86068725585938, 146.1146697998047, 162.15293884277344], [0.33114105463027954, 301.8184814453125, 171.8562774658203, 375.0772399902344], [131.17953491210938, 134.76722717285156, 147.3100128173828, 144.79681396484375], [358.30560302734375, 115.41605377197266, 370.34466552734375, 122.80842590332031], [0.27414411306381226, 225.76095581054688, 96.2904281616211, 259.51806640625], [369.44354248046875, 120.72449493408203, 391.9924621582031, 131.26321411132812], [-0.13474375009536743, 235.15155029296875, 176.1127166748047, 375.19696044921875], [111.79679870605469, 163.9635009765625, 143.56263732910156, 185.98121643066406], [185.86553955078125, 340.3674011230469, 207.94772338867188, 375.0863342285156], [121.14764404296875, 117.40074920654297, 139.28387451171875, 143.1954803466797], [159.48731994628906, 314.4236145019531, 215.92091369628906, 374.8591003417969], [0.16307830810546875, 235.5421600341797, 145.42152404785156, 331.96820068359375], [0.004060566425323486, 235.18663024902344, 175.92689514160156, 374.84344482421875], [69.73027038574219, 64.56382751464844, 84.34777069091797, 83.42977905273438], [157.52920532226562, 356.984130859375, 206.23886108398438, 374.9820861816406], [111.39144134521484, 128.45071411132812, 144.0719451904297, 184.8329620361328], [369.7362976074219, 123.50555419921875, 380.56536865234375, 130.5408172607422], [-0.03024563193321228, 221.58090209960938, 97.69295501708984, 248.51319885253906], [126.97432708740234, 117.74867248535156, 138.353271484375, 133.21395874023438], [109.61927032470703, 117.44805145263672, 144.74578857421875, 144.8086395263672], [122.67366027832031, 128.13661193847656, 131.24903869628906, 137.35342407226562], [186.23495483398438, 363.34979248046875, 206.38522338867188, 374.84912109375], [0.8880645036697388, 233.7394256591797, 408.1427307128906, 375.21435546875], [185.68345642089844, 315.0285339355469, 212.7330322265625, 375.0282897949219], [111.97837829589844, 176.15261840820312, 143.58364868164062, 186.02703857421875], [109.59601593017578, 118.92794036865234, 146.77297973632812, 185.4331512451172], [111.97837829589844, 176.15261840820312, 143.58364868164062, 186.02703857421875], [356.267822265625, 115.23532104492188, 371.51068115234375, 128.76414489746094], [111.79679870605469, 163.9635009765625, 143.56263732910156, 185.98121643066406], [111.79679870605469, 163.9635009765625, 143.56263732910156, 185.98121643066406], [111.5059814453125, 142.92196655273438, 143.51904296875, 185.5466766357422], [380.5628967285156, 121.65785217285156, 391.782470703125, 130.94338989257812], [186.4685516357422, 314.9221496582031, 213.86607360839844, 374.9535217285156], [111.65399169921875, 150.53927612304688, 142.438720703125, 185.04205322265625], [120.52972412109375, 117.70414733886719, 138.7428436279297, 139.07415771484375], [111.5059814453125, 142.92196655273438, 143.51904296875, 185.5466766357422], [356.267822265625, 115.23532104492188, 371.51068115234375, 128.76414489746094], [109.59601593017578, 118.92794036865234, 146.77297973632812, 185.4331512451172], [0.13099238276481628, 219.00640869140625, 119.13335418701172, 259.2594299316406], [120.52972412109375, 117.70414733886719, 138.7428436279297, 139.07415771484375], [117.25410461425781, 164.94781494140625, 138.1476593017578, 183.03829956054688], [115.83251190185547, 144.4114990234375, 139.81394958496094, 183.99557495117188], [0.004060566425323486, 235.18663024902344, 175.92689514160156, 374.84344482421875], [143.65846252441406, 255.7758026123047, 161.60955810546875, 274.2008056640625], [369.44354248046875, 120.72449493408203, 391.9924621582031, 131.26321411132812], [186.23495483398438, 363.34979248046875, 206.38522338867188, 374.84912109375], [123.51316833496094, 124.01952362060547, 147.02581787109375, 147.6844024658203], [87.22655487060547, 218.8102264404297, 119.4722671508789, 243.52352905273438], [109.4626235961914, 126.14257049560547, 146.65318298339844, 161.21104431152344], [245.29568481445312, 222.71615600585938, 257.0934143066406, 226.72654724121094], [0.13099238276481628, 219.00640869140625, 119.13335418701172, 259.2594299316406], [111.5059814453125, 142.92196655273438, 143.51904296875, 185.5466766357422], [110.67489624023438, 128.5155029296875, 144.9923858642578, 186.7006378173828], [143.65846252441406, 255.7758026123047, 161.60955810546875, 274.2008056640625], [369.44354248046875, 120.72449493408203, 391.9924621582031, 131.26321411132812], [0.27414411306381226, 225.76095581054688, 96.2904281616211, 259.51806640625], [105.52389526367188, 185.62911987304688, 147.90798950195312, 199.0791473388672], [356.267822265625, 115.23532104492188, 371.51068115234375, 128.76414489746094], [111.39144134521484, 128.45071411132812, 144.0719451904297, 184.8329620361328], [355.58660888671875, 115.07630157470703, 392.5303039550781, 131.26980590820312], [157.52920532226562, 356.984130859375, 206.23886108398438, 374.9820861816406], [87.76514434814453, 122.06275177001953, 119.04263305664062, 243.62942504882812], [0.004060566425323486, 235.18663024902344, 175.92689514160156, 374.84344482421875], [370.1729431152344, 121.02348327636719, 381.8844299316406, 130.4086456298828], [0.27414411306381226, 225.76095581054688, 96.2904281616211, 259.51806640625], [126.48452758789062, 127.48182678222656, 133.6579132080078, 137.29141235351562], [370.1729431152344, 121.02348327636719, 381.8844299316406, 130.4086456298828], [105.52389526367188, 185.62911987304688, 147.90798950195312, 199.0791473388672], [118.73316192626953, 128.19354248046875, 125.91160583496094, 135.93927001953125], [139.6778564453125, 256.4949645996094, 182.51121520996094, 351.9632873535156], [105.52389526367188, 185.62911987304688, 147.90798950195312, 199.0791473388672], [370.1729431152344, 121.02348327636719, 381.8844299316406, 130.4086456298828], [147.15838623046875, 242.35894775390625, 160.20315551757812, 257.76593017578125], [125.60264587402344, 356.3199462890625, 163.89573669433594, 374.9499816894531], [63.1708869934082, 218.6035614013672, 119.41111755371094, 235.24041748046875], [105.52389526367188, 185.62911987304688, 147.90798950195312, 199.0791473388672], [128.3996124267578, 356.3030700683594, 195.5782470703125, 375.2200622558594], [356.267822265625, 115.23532104492188, 371.51068115234375, 128.76414489746094], [0.6781220436096191, 308.8135070800781, 172.13613891601562, 375.1537780761719], [111.5059814453125, 142.92196655273438, 143.51904296875, 185.5466766357422], [143.50375366210938, 255.71646118164062, 161.57188415527344, 274.16461181640625], [186.0970916748047, 363.4049377441406, 206.64474487304688, 374.75396728515625], [91.04098510742188, 110.03945922851562, 149.0489501953125, 252.1581573486328], [143.50375366210938, 255.71646118164062, 161.57188415527344, 274.16461181640625], [238.50914001464844, 0.549422562122345, 274.7655944824219, 90.5362777709961], [109.37488555908203, 126.70062255859375, 137.1348876953125, 159.04177856445312], [87.22655487060547, 218.8102264404297, 119.4722671508789, 243.52352905273438], [109.59601593017578, 118.92794036865234, 146.77297973632812, 185.4331512451172], [109.59601593017578, 118.92794036865234, 146.77297973632812, 185.4331512451172], [87.1666488647461, 218.89205932617188, 119.50056457519531, 251.6455841064453], [109.61927032470703, 117.44805145263672, 144.74578857421875, 144.8086395263672], [111.79679870605469, 163.9635009765625, 143.56263732910156, 185.98121643066406], [357.6558837890625, 115.41183471679688, 370.7803955078125, 124.84956359863281], [110.67489624023438, 128.5155029296875, 144.9923858642578, 186.7006378173828], [105.1785888671875, 165.11773681640625, 147.10736083984375, 198.8814239501953], [109.4626235961914, 126.14257049560547, 146.65318298339844, 161.21104431152344], [358.30560302734375, 115.41605377197266, 370.34466552734375, 122.80842590332031], [111.79679870605469, 163.9635009765625, 143.56263732910156, 185.98121643066406], [355.58660888671875, 115.07630157470703, 392.5303039550781, 131.26980590820312], [89.5864486694336, 199.5940399169922, 119.61463165283203, 253.6490478515625], [-0.2410300076007843, 235.49325561523438, 97.97565460205078, 374.4997253417969], [115.83251190185547, 144.4114990234375, 139.81394958496094, 183.99557495117188], [109.99552917480469, 119.51625061035156, 146.11599731445312, 185.2769012451172], [97.10485076904297, 218.7085723876953, 119.11174774169922, 229.2475128173828], [111.79679870605469, 163.9635009765625, 143.56263732910156, 185.98121643066406], [0.07764250040054321, 318.8230285644531, 171.41282653808594, 375.08306884765625], [-0.13474375009536743, 235.15155029296875, 176.1127166748047, 375.19696044921875], [171.6835174560547, 294.85882568359375, 180.04576110839844, 349.8726501464844], [355.58660888671875, 115.07630157470703, 392.5303039550781, 131.26980590820312], [370.5279235839844, 121.75900268554688, 382.4174499511719, 130.64895629882812], [409.890869140625, 104.63494110107422, 471.5765380859375, 164.650146484375], [186.23495483398438, 363.34979248046875, 206.38522338867188, 374.84912109375], [0.33114105463027954, 301.8184814453125, 171.8562774658203, 375.0772399902344], [137.8673095703125, 270.56134033203125, 177.58364868164062, 353.5834045410156], [357.6558837890625, 115.41183471679688, 370.7803955078125, 124.84956359863281], [122.50640106201172, 132.86068725585938, 146.1146697998047, 162.15293884277344], [370.1729431152344, 121.02348327636719, 381.8844299316406, 130.4086456298828], [113.5206527709961, 155.54112243652344, 140.2955322265625, 184.0152130126953], [143.50375366210938, 255.71646118164062, 161.57188415527344, 274.16461181640625], [150.0574493408203, 234.5144805908203, 176.7396240234375, 268.6662902832031], [157.826416015625, 356.8796081542969, 193.1943359375, 374.9401550292969], [157.52920532226562, 356.984130859375, 206.23886108398438, 374.9820861816406], [133.69190979003906, 136.14505004882812, 147.6494598388672, 144.89804077148438], [186.4685516357422, 314.9221496582031, 213.86607360839844, 374.9535217285156]), Score: [0.9324352741241455, 0.8896719217300415, 0.24291925132274628, 0.14647312462329865, 0.1281726211309433, 0.12770353257656097, 0.12295063585042953, 0.11784692108631134, 0.10811591893434525, 0.10444341599941254, 0.10078489035367966, 0.08874063193798065, 0.0791274681687355, 0.0787888839840889, 0.07742155343294144, 0.07551750540733337, 0.07449307292699814, 0.06953980028629303, 0.0693020224571228, 0.06786691397428513, 0.06684063374996185, 0.06591286510229111, 0.06391333788633347, 0.06382513791322708, 0.06198742240667343, 0.06164702773094177, 0.06122862547636032, 0.055161647498607635, 0.05290662497282028, 0.052779149264097214, 0.05175323411822319, 0.05166158452630043, 0.05034460499882698, 0.049185775220394135, 0.04875265434384346, 0.04860565438866615, 0.04828523099422455, 0.04637039080262184, 0.04556940123438835, 0.04555099830031395, 0.045421067625284195, 0.045218393206596375, 0.04507727548480034, 0.045073725283145905, 0.04475843161344528, 0.04441326856613159, 0.04431143403053284, 0.043831966817379, 0.0437656044960022, 0.04333601891994476, 0.043310731649398804, 0.042933836579322815, 0.042829036712646484, 0.0427672304213047, 0.04165283590555191, 0.04136639088392258, 0.04129917547106743, 0.04116341844201088, 0.0410836860537529, 0.0410035103559494, 0.04090955853462219, 0.04052405059337616, 0.040325142443180084, 0.04004457965493202, 0.0394776277244091, 0.03944341465830803, 0.0391760878264904, 0.03908814117312431, 0.03905785083770752, 0.0388222336769104, 0.038624122738838196, 0.03860561177134514, 0.03773581236600876, 0.03769540414214134, 0.03706520423293114, 0.036878347396850586, 0.03676978871226311, 0.035933997482061386, 0.035611070692539215, 0.03557247668504715, 0.035569414496421814, 0.03519115224480629, 0.035159554332494736, 0.03515421226620674, 0.03499631956219673, 0.03498519957065582, 0.03490066900849342, 0.03489398956298828, 0.034854259341955185, 0.034285563975572586, 0.03420763835310936, 0.034101132303476334, 0.03390328586101532, 0.0338887982070446, 0.033587075769901276, 0.032802384346723557, 0.0325702428817749, 0.03227144852280617, 0.031869713217020035, 0.03132450208067894, 0.03125762194395065, 0.03118675760924816, 0.030942585319280624, 0.030937548726797104, 0.030835285782814026, 0.030703209340572357, 0.03059254214167595, 0.03052883967757225, 0.030401378870010376, 0.03029860369861126, 0.03019941784441471, 0.030104486271739006, 0.0300933625549078, 0.029851796105504036, 0.029599810019135475, 0.029491661116480827, 0.029490018263459206, 0.02932460606098175, 0.029210779815912247, 0.029190625995397568, 0.029170669615268707, 0.02909087762236595, 0.02897772379219532, 0.028943851590156555, 0.02885703183710575, 0.02854703553020954, 0.02825111337006092, 0.02819865383207798, 0.02811112441122532, 0.028057878836989403, 0.02803957462310791, 0.027974171563982964, 0.0276863444596529, 0.027538888156414032, 0.027513615787029266, 0.02737937681376934, 0.02737775817513466, 0.027275944128632545, 0.0272473506629467, 0.027084752917289734, 0.026825563982129097, 0.026807159185409546, 0.02679763175547123, 0.026738861575722694, 0.026690056547522545, 0.026676392182707787, 0.02625013142824173, 0.02616601064801216, 0.02611733227968216, 0.026116717606782913, 0.02606206387281418, 0.02596781775355339, 0.025816157460212708, 0.025738464668393135, 0.02566414698958397, 0.02556663379073143, 0.02547098882496357, 0.025279533118009567, 0.02526344172656536, 0.024978606030344963, 0.024976585060358047, 0.024953627958893776, 0.024914808571338654, 0.024812059476971626, 0.024788226932287216, 0.024776006117463112, 0.02449623867869377, 0.02437952347099781, 0.02429324947297573, 0.02405410073697567, 0.02388494834303856, 0.023799153044819832, 0.023778147995471954, 0.02376946620643139, 0.023767026141285896, 0.023759370669722557, 0.023684753105044365, 0.02365649677813053, 0.023571060970425606, 0.023419149219989777, 0.02334757335484028, 0.023167679086327553, 0.02306816168129444, 0.022996731102466583, 0.022966554388403893, 0.022961361333727837, 0.0229322612285614, 0.022905558347702026, 0.022902727127075195, 0.022837141528725624, 0.02280205860733986, 0.022638024762272835, 0.02259081043303013, 0.0224966611713171, 0.022438041865825653, 0.022398127242922783, 0.022355258464813232, 0.022337976843118668, 0.02230953425168991, 0.022271426394581795, 0.022252095863223076, 0.02222197689116001, 0.0221918523311615, 0.022139541804790497, 0.022087568417191505, 0.02205192670226097, 0.02192780189216137, 0.021907653659582138, 0.02189839817583561, 0.02183469571173191, 0.021771449595689774, 0.02145402319729328, 0.02135263942182064, 0.021329699084162712, 0.02131541445851326, 0.021300658583641052, 0.02124955877661705, 0.02105659805238247, 0.021041978150606155, 0.021008489653468132, 0.0209769569337368, 0.020785992965102196, 0.0207749605178833, 0.020696483552455902, 0.0205709096044302, 0.020488999783992767, 0.020470714196562767, 0.020441588014364243, 0.02043623849749565, 0.020426154136657715, 0.02042335458099842, 0.02040025219321251, 0.0203398484736681, 0.020315535366535187, 0.020291272550821304, 0.020209621638059616, 0.020093897357583046, 0.02005622535943985, 0.019944315776228905, 0.019885852932929993, 0.01983410120010376, 0.019789593294262886, 0.019757958129048347, 0.01974688284099102, 0.019738271832466125, 0.01971440017223358, 0.019693735986948013, 0.019574008882045746, 0.01954369805753231, 0.019506463780999184, 0.019497795030474663, 0.019471796229481697, 0.019379716366529465, 0.019369421526789665, 0.019349120557308197, 0.019244732335209846, 0.01923225261271, 0.019214214757084846, 0.01919633150100708, 0.019191717728972435, 0.019133681431412697, 0.01907919906079769, 0.019060106948018074, 0.019030744209885597, 0.019017748534679413, 0.018961718305945396, 0.018933556973934174, 0.01892685703933239, 0.018804531544446945, 0.01879853755235672, 0.018789147958159447, 0.018706580623984337, 0.01867285743355751, 0.01865721307694912, 0.01865176297724247, 0.018642595037817955, 0.018627405166625977, 0.01849505491554737, 0.018465522676706314, 0.01843620091676712, 0.01841580867767334, 0.018372613936662674, 0.01835189387202263, 0.018345482647418976, 0.018288975581526756, 0.018273139372467995, 0.018058760091662407, 0.017979802563786507, 0.017956823110580444, 0.017954686656594276, 0.017932437360286713, 0.017931470647454262, 0.017911622300744057, 0.017888789996504784, 0.017859701067209244, 0.01772581785917282, 0.0176882054656744, 0.017666760832071304, 0.017609618604183197, 0.017607754096388817]

Execution time: 0.4005 sec
