Label: tensor([ 2,  2,  2,  2,  2,  2,  2,  2,  2,  2,  2,  2,  0,  2,  0,  0,  7,  0,
         2,  0,  2,  2,  2,  2,  2,  0,  2,  2,  7,  7,  2,  0,  2,  7,  0,  7,
         2,  2,  3,  2,  1,  7,  2,  2, 26,  7,  2,  0,  2,  2,  2,  2,  2,  2,
         2,  7,  2,  1,  7,  2,  0,  7, 13,  7,  7,  1, 10,  2,  2, 12,  7,  7,
         0,  2,  2,  2,  7,  7, 16,  0,  2,  0,  2,  2,  0,  0,  7,  0,  0,  7,
         2,  2, 74,  2,  0,  2,  7,  2, 26,  7,  7,  2, 10,  0,  0, 10,  2,  7,
         2, 12,  0,  9,  0,  7, 14, 12,  2,  2,  0,  7,  0,  7,  2,  0,  2,  2,
         7,  2,  7, 13,  7, 12,  2,  0,  0, 12,  2, 12,  2,  0,  2,  2,  2,  0,
         2,  7,  2,  2,  2,  0,  7, 58,  7,  0, 12,  2,  7,  5,  2,  9,  0,  2,
        25, 74,  2,  1,  3,  7,  2,  2,  2,  0,  0,  0,  0,  2, 12, 12,  2,  0,
         2,  2,  7,  0,  2,  2,  0,  2,  2,  2,  2, 10,  3,  2,  2, 15,  2,  2,
        26,  9,  0, 14,  2,  2,  0, 10,  0,  2,  7,  7,  2, 10,  2,  1, 14,  7,
         2, 26, 74,  3, 58, 12,  0,  2,  0, 11,  0,  7,  2,  0, 26, 12,  0,  7,
         2,  9,  7,  2,  0, 24, 25, 13,  2,  0, 14,  2, 12, 13,  2,  2,  2,  2,
         0,  2,  2,  0,  1,  3,  7,  0, 12,  0, 12,  2,  7,  0, 13, 26,  0,  2,
         0,  2, 12, 10,  7,  7,  0,  9,  0,  0,  7,  0,  2,  2, 13,  0, 12,  2,
         0, 25,  3,  0,  2,  0,  0,  0,  7, 24,  2,  2]), Box: ([270.9180908203125, 244.20306396484375, 341.10369873046875, 273.23431396484375], [149.455810546875, 250.21157836914062, 224.8594207763672, 271.60833740234375], [440.32196044921875, 249.4787139892578, 499.61993408203125, 273.1490478515625], [16.162559509277344, 248.2757568359375, 81.21212005615234, 270.058837890625], [89.5561752319336, 246.8396759033203, 105.06461334228516, 263.2225036621094], [389.8595886230469, 250.46340942382812, 418.4523620605469, 271.8658752441406], [-0.10068714618682861, 267.8777160644531, 62.99068069458008, 281.035400390625], [89.19393920898438, 246.9134521484375, 105.05859375, 268.6692199707031], [89.0450668334961, 246.2153778076172, 150.71861267089844, 267.27276611328125], [127.03673553466797, 252.86172485351562, 152.59706115722656, 264.28802490234375], [47.670406341552734, 250.9752655029297, 81.64891815185547, 269.2253723144531], [337.24774169921875, 245.13510131835938, 369.9193115234375, 269.693603515625], [307.91888427734375, 265.92578125, 322.399169921875, 281.0775146484375], [338.2653503417969, 245.34596252441406, 416.58990478515625, 275.775390625], [239.21310424804688, 245.0910186767578, 249.77577209472656, 273.2086486816406], [353.5282897949219, 259.4169006347656, 372.65869140625, 281.1002502441406], [149.26028442382812, 250.14273071289062, 224.99484252929688, 271.55712890625], [355.1540832519531, 262.4229736328125, 366.91729736328125, 281.2427978515625], [-0.053515657782554626, 245.7584228515625, 32.94410705566406, 268.8512268066406], [239.16827392578125, 245.0156707763672, 251.25706481933594, 272.7981872558594], [-0.3371778726577759, 272.1506042480469, 47.47275924682617, 281.06353759765625], [389.8228454589844, 250.5865478515625, 431.66839599609375, 280.7538757324219], [-0.04940107464790344, 247.16241455078125, 82.99180603027344, 280.1098327636719], [389.6410217285156, 250.71913146972656, 404.5428466796875, 259.54345703125], [86.56995391845703, 246.5205535888672, 151.14625549316406, 280.4677429199219], [237.9576416015625, 244.96157836914062, 250.0199737548828, 279.8272705078125], [126.66815185546875, 253.33377075195312, 151.32763671875, 279.9523620605469], [442.1623840332031, 238.0569305419922, 488.9578857421875, 256.9440002441406], [270.9707946777344, 244.13893127441406, 341.3108215332031, 273.120849609375], [88.14256286621094, 245.8059539794922, 151.62554931640625, 269.0633544921875], [337.08642578125, 244.61984252929688, 371.7862243652344, 280.26470947265625], [254.832275390625, 249.42913818359375, 263.7823791503906, 269.81982421875], [13.30184555053711, 267.2170715332031, 63.298179626464844, 280.7729797363281], [16.920488357543945, 248.72393798828125, 81.54756164550781, 270.0566101074219], [248.21578979492188, 240.1613311767578, 259.0333251953125, 273.0234375], [89.0450668334961, 246.2153778076172, 150.71861267089844, 267.27276611328125], [337.29425048828125, 240.5227813720703, 406.4709777832031, 279.9864196777344], [440.1368408203125, 249.22824096679688, 500.1474609375, 280.99371337890625], [353.5282897949219, 259.4169006347656, 372.65869140625, 281.1002502441406], [63.98395538330078, 252.4475555419922, 83.98660278320312, 267.0346984863281], [208.1839141845703, 271.2856140136719, 220.22515869140625, 281.1295471191406], [88.76009368896484, 246.66224670410156, 104.8599624633789, 269.8428955078125], [126.84834289550781, 252.19566345214844, 152.35928344726562, 273.4127197265625], [336.9502868652344, 238.48428344726562, 368.8783874511719, 269.5119323730469], [307.91888427734375, 265.92578125, 322.399169921875, 281.0775146484375], [-0.04940107464790344, 247.16241455078125, 82.99180603027344, 280.1098327636719], [85.85462188720703, 244.43309020996094, 151.29705810546875, 280.6797180175781], [247.5891571044922, 240.0240478515625, 258.7816162109375, 273.0770263671875], [440.37945556640625, 249.95028686523438, 487.06915283203125, 271.74493408203125], [88.34396362304688, 242.71951293945312, 126.69195556640625, 267.9369812011719], [439.9890441894531, 250.4866943359375, 462.3269348144531, 271.5232238769531], [2.615971565246582, 270.1934814453125, 62.90512466430664, 281.1105041503906], [392.1524658203125, 259.2030334472656, 417.2125244140625, 272.3648986816406], [-0.053835101425647736, 246.90255737304688, 11.123552322387695, 255.23199462890625], [63.57309341430664, 252.4539794921875, 82.33940887451172, 263.8692932128906], [87.12643432617188, 245.69744873046875, 151.07821655273438, 271.28778076171875], [353.5282897949219, 259.4169006347656, 372.65869140625, 281.1002502441406], [208.20138549804688, 270.837158203125, 223.20265197753906, 281.1416015625], [337.29425048828125, 240.5227813720703, 406.4709777832031, 279.9864196777344], [-0.12544728815555573, 242.02597045898438, 16.432308197021484, 267.9422302246094], [298.9294128417969, 248.33221435546875, 305.6719665527344, 253.80673217773438], [389.93524169921875, 250.42616271972656, 418.9501953125, 271.9623718261719], [133.06802368164062, 268.35479736328125, 219.42469787597656, 281.0472106933594], [87.55941772460938, 246.30105590820312, 146.756103515625, 267.1387939453125], [338.2653503417969, 245.34596252441406, 416.58990478515625, 275.775390625], [353.5282897949219, 259.4169006347656, 372.65869140625, 281.1002502441406], [307.91888427734375, 265.92578125, 322.399169921875, 281.0775146484375], [62.42708969116211, 251.56210327148438, 79.62800598144531, 260.89837646484375], [392.28997802734375, 261.0396423339844, 416.40850830078125, 280.9314880371094], [239.6399688720703, 245.20489501953125, 248.57357788085938, 257.721923828125], [440.1368408203125, 249.22824096679688, 500.1474609375, 280.99371337890625], [440.4639892578125, 249.49758911132812, 500.10943603515625, 273.141357421875], [84.76837158203125, 256.3070373535156, 102.30563354492188, 281.023681640625], [460.6482849121094, 237.45445251464844, 500.01519775390625, 264.903076171875], [460.0715637207031, 237.5991973876953, 487.2351989746094, 252.01271057128906], [335.13323974609375, 244.52674865722656, 398.6952209472656, 276.05999755859375], [-0.6583109498023987, 240.60299682617188, 81.75511932373047, 270.320556640625], [85.85462188720703, 244.43309020996094, 151.29705810546875, 280.6797180175781], [307.91888427734375, 265.92578125, 322.399169921875, 281.0775146484375], [441.8377685546875, 250.09715270996094, 462.09881591796875, 281.0731201171875], [45.33289337158203, 250.97354125976562, 83.29566192626953, 280.50054931640625], [462.50885009765625, 243.38182067871094, 472.5863342285156, 250.77552795410156], [406.09942626953125, 246.7356414794922, 424.3427429199219, 271.9831237792969], [16.70142364501953, 238.0986785888672, 44.214359283447266, 250.80386352539062], [208.1839141845703, 271.2856140136719, 220.22515869140625, 281.1295471191406], [239.1217803955078, 244.99737548828125, 247.0281219482422, 262.5492248535156], [89.19393920898438, 246.9134521484375, 105.05859375, 268.6692199707031], [311.1017761230469, 247.57928466796875, 319.4791259765625, 253.17147827148438], [239.6399688720703, 245.20489501953125, 248.57357788085938, 257.721923828125], [86.56995391845703, 246.5205535888672, 151.14625549316406, 280.4677429199219], [485.8210144042969, 237.99942016601562, 500.2354431152344, 269.490234375], [0.03119558095932007, 237.68614196777344, 43.55495071411133, 253.5966339111328], [226.597412109375, 92.4933853149414, 273.85406494140625, 133.35215759277344], [486.967529296875, 256.1270446777344, 500.0547180175781, 280.5311279296875], [485.8210144042969, 237.99942016601562, 500.2354431152344, 269.490234375], [-0.6583109498023987, 240.60299682617188, 81.75511932373047, 270.320556640625], [-0.10068714618682861, 267.8777160644531, 62.99068069458008, 281.035400390625], [407.59295654296875, 246.5815887451172, 421.1667785644531, 258.1878662109375], [254.832275390625, 249.42913818359375, 263.7823791503906, 269.81982421875], [89.82212829589844, 247.1959686279297, 151.7163543701172, 267.137939453125], [16.162559509277344, 248.2757568359375, 81.21212005615234, 270.058837890625], [390.07452392578125, 237.40574645996094, 423.026123046875, 272.048828125], [487.0583801269531, 269.26080322265625, 499.9940185546875, 280.5619201660156], [86.08174133300781, 247.2152099609375, 105.24250793457031, 280.7193603515625], [180.5775604248047, 252.6732940673828, 187.61663818359375, 257.45867919921875], [208.1839141845703, 271.2856140136719, 220.22515869140625, 281.1295471191406], [487.0583801269531, 269.26080322265625, 499.9940185546875, 280.5619201660156], [-0.032100826501846313, 269.2330017089844, 62.94584274291992, 281.13543701171875], [133.06802368164062, 268.35479736328125, 219.42469787597656, 281.0472106933594], [353.5282897949219, 259.4169006347656, 372.65869140625, 281.1002502441406], [363.69366455078125, 259.5875549316406, 373.555908203125, 281.0547790527344], [355.9198913574219, 260.5970458984375, 364.356689453125, 267.5660095214844], [61.65742111206055, 253.38612365722656, 83.06507110595703, 280.9163818359375], [88.34396362304688, 242.71951293945312, 126.69195556640625, 267.9369812011719], [436.88189697265625, 28.388551712036133, 442.4120178222656, 33.477806091308594], [307.91888427734375, 265.92578125, 322.399169921875, 281.0775146484375], [17.305068969726562, 246.55860900878906, 45.92289733886719, 259.6352844238281], [254.832275390625, 249.42913818359375, 263.7823791503906, 269.81982421875], [67.74152374267578, 255.7303009033203, 85.5887451171875, 280.9462585449219], [442.1623840332031, 238.0569305419922, 488.9578857421875, 256.9440002441406], [64.60850524902344, 255.25062561035156, 86.21019744873047, 281.00341796875], [337.88555908203125, 234.589111328125, 500.6302490234375, 280.8006286621094], [391.4101867675781, 248.83522033691406, 501.1994934082031, 280.5646667480469], [400.1217041015625, 245.494873046875, 409.49261474609375, 258.0346374511719], [8.960187911987305, 241.51119995117188, 434.12957763671875, 280.5025634765625], [389.7240905761719, 251.4083251953125, 403.49774169921875, 263.87774658203125], [88.29995727539062, 246.05458068847656, 151.51263427734375, 267.0027160644531], [441.55804443359375, 240.21395874023438, 470.52923583984375, 255.94264221191406], [89.5561752319336, 246.8396759033203, 105.06461334228516, 263.2225036621094], [207.13864135742188, 267.9078063964844, 246.4064178466797, 281.1020812988281], [337.24774169921875, 245.13510131835938, 369.9193115234375, 269.693603515625], [239.16827392578125, 245.0156707763672, 251.25706481933594, 272.7981872558594], [337.88555908203125, 234.589111328125, 500.6302490234375, 280.8006286621094], [90.15280151367188, 256.35089111328125, 102.0943832397461, 270.0643005371094], [485.9005126953125, 237.74032592773438, 500.1845397949219, 257.1437072753906], [120.2502670288086, 256.89013671875, 135.47573852539062, 281.0797119140625], [0.23572705686092377, 271.2619323730469, 56.0745735168457, 281.1014099121094], [355.1540832519531, 262.4229736328125, 366.91729736328125, 281.2427978515625], [367.83624267578125, 237.8887939453125, 416.140625, 280.24322509765625], [241.4826202392578, 240.0103759765625, 258.8307189941406, 273.00811767578125], [442.69244384765625, 239.81353759765625, 475.2981262207031, 256.0951232910156], [389.86492919921875, 250.95065307617188, 407.00506591796875, 271.6280822753906], [0.004075933247804642, 236.4092559814453, 14.450263023376465, 247.18687438964844], [308.4665832519531, 266.248046875, 316.5563049316406, 280.9826965332031], [0.029480550438165665, 239.69386291503906, 14.900686264038086, 249.9569549560547], [367.83624267578125, 237.8887939453125, 416.140625, 280.24322509765625], [408.84307861328125, 262.1424560546875, 434.43902587890625, 281.1139831542969], [86.08174133300781, 247.2152099609375, 105.24250793457031, 280.7193603515625], [307.91888427734375, 265.92578125, 322.399169921875, 281.0775146484375], [486.967529296875, 256.1270446777344, 500.0547180175781, 280.5311279296875], [440.0208740234375, 249.87391662597656, 487.72998046875, 272.1102600097656], [254.832275390625, 249.42913818359375, 263.7823791503906, 269.81982421875], [390.07452392578125, 237.40574645996094, 423.026123046875, 272.048828125], [208.33497619628906, 271.54669189453125, 217.54624938964844, 281.13446044921875], [239.21310424804688, 245.0910186767578, 249.77577209472656, 273.2086486816406], [485.9005126953125, 237.74032592773438, 500.1845397949219, 257.1437072753906], [336.9502868652344, 238.48428344726562, 368.8783874511719, 269.5119323730469], [442.1623840332031, 238.0569305419922, 488.9578857421875, 256.9440002441406], [440.0208740234375, 249.87391662597656, 487.72998046875, 272.1102600097656], [353.5282897949219, 259.4169006347656, 372.65869140625, 281.1002502441406], [90.94922637939453, 255.5758056640625, 101.91954040527344, 269.81097412109375], [23.973413467407227, 262.7945556640625, 48.23250961303711, 270.1307373046875], [392.8815612792969, 63.55525207519531, 500.7876281738281, 239.25439453125], [150.489990234375, 76.92333221435547, 170.7855987548828, 88.23242950439453], [126.80191040039062, 253.5458526611328, 143.88951110839844, 259.7674560546875], [208.33497619628906, 271.54669189453125, 217.54624938964844, 281.13446044921875], [208.1839141845703, 271.2856140136719, 220.22515869140625, 281.1295471191406], [389.8595886230469, 250.46340942382812, 418.4523620605469, 271.8658752441406], [30.31672477722168, 262.8869323730469, 47.56953430175781, 269.7437438964844], [271.3997802734375, 258.93511962890625, 291.3702392578125, 273.1965026855469], [407.7237243652344, 234.4862518310547, 476.7470397949219, 270.99761962890625], [485.7826843261719, 238.0318603515625, 500.0919189453125, 279.90606689453125], [474.3533020019531, 234.080322265625, 485.4899597167969, 252.1410675048828], [349.321044921875, 260.0461730957031, 367.4978942871094, 281.0381164550781], [351.81304931640625, 262.5062255859375, 361.62164306640625, 281.1507873535156], [27.0924072265625, 274.1765441894531, 62.69816970825195, 280.95111083984375], [78.34165954589844, 256.4970703125, 85.29637908935547, 267.2226257324219], [86.08174133300781, 247.2152099609375, 105.24250793457031, 280.7193603515625], [392.4969787597656, 262.0181579589844, 407.0333557128906, 272.2303161621094], [75.42183685302734, 256.302001953125, 87.79947662353516, 280.7783508300781], [346.0422058105469, 254.61106872558594, 422.2352600097656, 279.1898498535156], [0.29081106185913086, 241.32717895507812, 226.43678283691406, 280.3587646484375], [389.8228454589844, 250.5865478515625, 431.66839599609375, 280.7538757324219], [207.38412475585938, 264.7928466796875, 221.33297729492188, 281.2410888671875], [449.6712341308594, 249.6454620361328, 484.8028259277344, 260.3684387207031], [406.6001892089844, 236.782958984375, 422.25189208984375, 258.40887451171875], [440.1368408203125, 249.22824096679688, 500.1474609375, 280.99371337890625], [17.18340492248535, 246.60255432128906, 33.95347595214844, 258.4788818359375], [16.576404571533203, 253.05319213867188, 33.89735412597656, 268.5892639160156], [378.0617370605469, 238.20294189453125, 398.83612060546875, 249.4681854248047], [6.953373432159424, 242.4486083984375, 414.09014892578125, 280.766357421875], [353.5282897949219, 259.4169006347656, 372.65869140625, 281.1002502441406], [307.91888427734375, 265.92578125, 322.399169921875, 281.0775146484375], [448.28375244140625, 238.76052856445312, 478.5713806152344, 257.98028564453125], [61.65742111206055, 253.38612365722656, 83.06507110595703, 280.9163818359375], [307.91888427734375, 265.92578125, 322.399169921875, 281.0775146484375], [490.36956787109375, 255.1120147705078, 500.3846740722656, 269.42681884765625], [79.20914459228516, 251.19627380371094, 222.17205810546875, 280.29400634765625], [487.0583801269531, 269.26080322265625, 499.9940185546875, 280.5619201660156], [355.1540832519531, 262.4229736328125, 366.91729736328125, 281.2427978515625], [64.8008041381836, 267.031494140625, 86.9459457397461, 281.13897705078125], [307.91888427734375, 265.92578125, 322.399169921875, 281.0775146484375], [459.75604248046875, 224.27523803710938, 483.6456604003906, 238.60604858398438], [90.15280151367188, 256.35089111328125, 102.0943832397461, 270.0643005371094], [358.77996826171875, 265.90325927734375, 371.37158203125, 280.88250732421875], [208.33497619628906, 271.54669189453125, 217.54624938964844, 281.13446044921875], [453.5840759277344, 250.63970947265625, 478.1124572753906, 280.909423828125], [44.2849006652832, 272.5126037597656, 63.273773193359375, 280.7601318359375], [337.08642578125, 244.61984252929688, 371.7862243652344, 280.26470947265625], [440.32196044921875, 249.4787139892578, 499.61993408203125, 273.1490478515625], [460.253173828125, 238.4949188232422, 475.4194030761719, 251.11460876464844], [355.1540832519531, 262.4229736328125, 366.91729736328125, 281.2427978515625], [64.60850524902344, 255.25062561035156, 86.21019744873047, 281.00341796875], [238.15403747558594, 259.8392028808594, 248.6378936767578, 280.0815124511719], [426.326416015625, 28.230466842651367, 442.8862609863281, 33.853729248046875], [90.87382507324219, 246.94808959960938, 104.91544342041016, 261.21258544921875], [355.1540832519531, 262.4229736328125, 366.91729736328125, 281.2427978515625], [254.63607788085938, 256.4578857421875, 262.7236022949219, 268.9042053222656], [264.9544677734375, 161.2071075439453, 278.4124450683594, 184.20895385742188], [355.1540832519531, 262.4229736328125, 366.91729736328125, 281.2427978515625], [486.967529296875, 256.1270446777344, 500.0547180175781, 280.5311279296875], [239.1217803955078, 244.99737548828125, 247.0281219482422, 262.5492248535156], [136.4985809326172, 256.6947021484375, 151.2843475341797, 279.0973815917969], [143.6256866455078, 256.4032287597656, 152.8728790283203, 264.2106628417969], [303.7886657714844, 248.01206970214844, 309.6986389160156, 253.7074737548828], [239.6399688720703, 245.20489501953125, 248.57357788085938, 257.721923828125], [474.138671875, 236.77833557128906, 486.0584716796875, 252.4471435546875], [-0.053515657782554626, 245.7584228515625, 32.94410705566406, 268.8512268066406], [64.8008041381836, 267.031494140625, 86.9459457397461, 281.13897705078125], [356.2034606933594, 261.0055236816406, 368.3041076660156, 281.21917724609375], [355.8951416015625, 267.6217346191406, 367.25494384765625, 281.1714172363281], [126.66815185546875, 253.33377075195312, 151.32763671875, 279.9523620605469], [408.3990783691406, 263.8927001953125, 422.3531799316406, 280.9626159667969], [440.37945556640625, 249.95028686523438, 487.06915283203125, 271.74493408203125], [406.4249267578125, 246.5238494873047, 422.87646484375, 261.4400939941406], [487.0583801269531, 269.26080322265625, 499.9940185546875, 280.5619201660156], [407.7237243652344, 234.4862518310547, 476.7470397949219, 270.99761962890625], [16.920488357543945, 248.72393798828125, 81.54756164550781, 270.0566101074219], [406.09942626953125, 246.7356414794922, 424.3427429199219, 271.9831237792969], [307.91888427734375, 265.92578125, 322.399169921875, 281.0775146484375], [311.5799560546875, -0.12702369689941406, 499.9297790527344, 280.86993408203125], [133.5186004638672, 268.2635498046875, 181.91891479492188, 280.8793640136719], [90.94922637939453, 255.5758056640625, 101.91954040527344, 269.81097412109375], [126.66815185546875, 253.33377075195312, 151.32763671875, 279.9523620605469], [484.62359619140625, 41.096397399902344, 487.97076416015625, 46.0906867980957], [449.3287658691406, 250.12425231933594, 462.634033203125, 258.7447814941406], [13.386350631713867, 237.4969024658203, 21.038982391357422, 250.9580535888672], [13.30184555053711, 267.2170715332031, 63.298179626464844, 280.7729797363281], [439.17822265625, 238.87973022460938, 470.0316162109375, 270.8053894042969], [265.6534118652344, 244.01121520996094, 419.7771301269531, 279.5028076171875], [393.01885986328125, 238.23611450195312, 410.7586364746094, 249.43356323242188], [461.6046142578125, 228.88328552246094, 483.02618408203125, 238.58023071289062], [76.22309112548828, 256.31427001953125, 87.28939056396484, 280.9078674316406], [49.3577995300293, 251.46327209472656, 71.12245178222656, 261.71575927734375], [440.4639892578125, 249.49758911132812, 500.10943603515625, 273.141357421875], [120.2502670288086, 256.89013671875, 135.47573852539062, 281.0797119140625], [355.1540832519531, 262.4229736328125, 366.91729736328125, 281.2427978515625], [271.3997802734375, 258.93511962890625, 291.3702392578125, 273.1965026855469], [8.960187911987305, 241.51119995117188, 434.12957763671875, 280.5025634765625], [77.56047821044922, 251.35096740722656, 86.49571990966797, 267.3416748046875], [208.1839141845703, 271.2856140136719, 220.22515869140625, 281.1295471191406], [45.33289337158203, 250.97354125976562, 83.29566192626953, 280.50054931640625], [90.15280151367188, 256.35089111328125, 102.0943832397461, 270.0643005371094], [449.2439880371094, 265.1917419433594, 486.6515808105469, 281.1194763183594], [0.23572705686092377, 271.2619323730469, 56.0745735168457, 281.1014099121094], [425.26666259765625, 258.62799072265625, 452.7558898925781, 281.12835693359375], [-0.10068714618682861, 267.8777160644531, 62.99068069458008, 281.035400390625], [355.1540832519531, 262.4229736328125, 366.91729736328125, 281.2427978515625], [85.85462188720703, 244.43309020996094, 151.29705810546875, 280.6797180175781], [460.288818359375, 237.4459228515625, 473.68890380859375, 242.9778594970703], [140.62240600585938, 257.0689392089844, 151.23394775390625, 274.1831359863281], [413.9635314941406, 255.4598846435547, 427.52142333984375, 272.1827697753906], [239.39549255371094, 246.5367889404297, 245.70115661621094, 254.7735595703125], [254.832275390625, 249.42913818359375, 263.7823791503906, 269.81982421875], [-0.3371778726577759, 272.1506042480469, 47.47275924682617, 281.06353759765625], [13.30184555053711, 267.2170715332031, 63.298179626464844, 280.7729797363281], [394.8489685058594, 239.12799072265625, 409.5369873046875, 257.9309997558594], [453.135009765625, 232.3045196533203, 461.08721923828125, 238.11866760253906], [308.7010498046875, 266.0983581542969, 318.60906982421875, 280.9964904785156], [450.3961181640625, 264.0126953125, 474.82275390625, 281.0766296386719], [389.86492919921875, 250.95065307617188, 407.00506591796875, 271.6280822753906], [13.215940475463867, 237.93386840820312, 21.53358268737793, 255.442138671875], [443.48614501953125, 231.1261749267578, 462.3957824707031, 242.66845703125], [425.26666259765625, 258.62799072265625, 452.7558898925781, 281.12835693359375], [133.36111450195312, 268.3219299316406, 182.5827178955078, 280.865234375], [355.8951416015625, 267.6217346191406, 367.25494384765625, 281.1714172363281], [363.69366455078125, 259.5875549316406, 373.555908203125, 281.0547790527344], [440.533203125, 257.1283264160156, 456.3798522949219, 271.7300720214844], [407.59295654296875, 246.5815887451172, 421.1667785644531, 258.1878662109375], [310.10577392578125, -0.04905754327774048, 499.84149169921875, 280.9479064941406], [208.20138549804688, 270.837158203125, 223.20265197753906, 281.1416015625], [460.0715637207031, 237.5991973876953, 487.2351989746094, 252.01271057128906], [133.5186004638672, 268.2635498046875, 181.91891479492188, 280.8793640136719], [86.56995391845703, 246.5205535888672, 151.14625549316406, 280.4677429199219], [13.386350631713867, 237.4969024658203, 21.038982391357422, 250.9580535888672], [392.28997802734375, 261.0396423339844, 416.40850830078125, 280.9314880371094], [126.66815185546875, 253.33377075195312, 151.32763671875, 279.9523620605469], [239.6399688720703, 245.20489501953125, 248.57357788085938, 257.721923828125], [17.0001277923584, 249.46617126464844, 37.20644760131836, 268.3789978027344], [270.9707946777344, 244.13893127441406, 341.3108215332031, 273.120849609375]), Score: [0.9067977070808411, 0.8980832695960999, 0.6845253109931946, 0.6488713026046753, 0.5399207472801208, 0.5333823561668396, 0.449335515499115, 0.446065217256546, 0.44519370794296265, 0.2944222092628479, 0.2870538830757141, 0.2732124626636505, 0.2657647132873535, 0.22399099171161652, 0.2218814492225647, 0.22086401283740997, 0.2159910649061203, 0.2107483297586441, 0.20921772718429565, 0.19655415415763855, 0.19000548124313354, 0.18815498054027557, 0.1861613392829895, 0.18360041081905365, 0.17874948680400848, 0.1777217984199524, 0.1761057823896408, 0.17429012060165405, 0.17395634949207306, 0.17382670938968658, 0.17166459560394287, 0.16943970322608948, 0.1691061556339264, 0.16690896451473236, 0.16603714227676392, 0.15994317829608917, 0.15524812042713165, 0.15295027196407318, 0.14588108658790588, 0.14372511208057404, 0.13930341601371765, 0.13716813921928406, 0.13233132660388947, 0.12671904265880585, 0.12564682960510254, 0.12514100968837738, 0.12499374151229858, 0.12365694344043732, 0.12286607921123505, 0.12184786051511765, 0.11866847425699234, 0.11864104121923447, 0.11781129240989685, 0.11684592068195343, 0.11612148582935333, 0.11413963884115219, 0.11306259781122208, 0.11190439760684967, 0.11135730147361755, 0.10837337374687195, 0.10823782533407211, 0.10736508667469025, 0.10708148777484894, 0.10707144439220428, 0.10536279529333115, 0.10475670546293259, 0.10418626666069031, 0.10398643463850021, 0.10363972187042236, 0.10347552597522736, 0.10084130614995956, 0.10020465403795242, 0.09799151867628098, 0.09575650840997696, 0.09492684155702591, 0.09484410285949707, 0.09459582716226578, 0.0941300168633461, 0.09371404349803925, 0.09336671233177185, 0.09189506620168686, 0.09156723320484161, 0.0903257504105568, 0.09018417447805405, 0.08964002132415771, 0.08891362696886063, 0.08799019455909729, 0.0863303393125534, 0.0861879512667656, 0.08611888438463211, 0.085493303835392, 0.08499198406934738, 0.08150431513786316, 0.08090275526046753, 0.080587238073349, 0.08037512749433517, 0.08012035489082336, 0.07999089360237122, 0.07926106452941895, 0.0781828835606575, 0.077919602394104, 0.07789258658885956, 0.07786426693201065, 0.07741990685462952, 0.07731875777244568, 0.07688000053167343, 0.07677720487117767, 0.07608498632907867, 0.07579105347394943, 0.07575616985559464, 0.07518389821052551, 0.07509902864694595, 0.07500778883695602, 0.07459340989589691, 0.07420216500759125, 0.07388538867235184, 0.07378386706113815, 0.0736699104309082, 0.0735626071691513, 0.07340721786022186, 0.07305879890918732, 0.0729549452662468, 0.07259903848171234, 0.07237440347671509, 0.07233370095491409, 0.0711880475282669, 0.07117531448602676, 0.0705094039440155, 0.07038767635822296, 0.07029468566179276, 0.07023856788873672, 0.06973323225975037, 0.06965472549200058, 0.06958501040935516, 0.06925273686647415, 0.06899578869342804, 0.06892219930887222, 0.06847932934761047, 0.06741952151060104, 0.06733851134777069, 0.06730245053768158, 0.06669403612613678, 0.06662749499082565, 0.0661410242319107, 0.06609956175088882, 0.06569600850343704, 0.06550680845975876, 0.06520111113786697, 0.06446758657693863, 0.06383608281612396, 0.06356709450483322, 0.06345529109239578, 0.06340720504522324, 0.06283129751682281, 0.06268661469221115, 0.06221940368413925, 0.061980362981557846, 0.061678458005189896, 0.06093462184071541, 0.060839585959911346, 0.060555871576070786, 0.0603923536837101, 0.060150209814310074, 0.06004486605525017, 0.05958021804690361, 0.05949272960424423, 0.05921003594994545, 0.058734942227602005, 0.05823870375752449, 0.057967424392700195, 0.05763690546154976, 0.057584166526794434, 0.057418081909418106, 0.0573485866189003, 0.057013947516679764, 0.056201908737421036, 0.056003957986831665, 0.05580838769674301, 0.055534981191158295, 0.0555264912545681, 0.05549026280641556, 0.05533796548843384, 0.05521256849169731, 0.05515002831816673, 0.05496219918131828, 0.054902516305446625, 0.05468704178929329, 0.05398941412568092, 0.053702399134635925, 0.053506117314100266, 0.053293950855731964, 0.05324811860918999, 0.05308886989951134, 0.05297050252556801, 0.05294002592563629, 0.052816737443208694, 0.05246435105800629, 0.05243761092424393, 0.05239877477288246, 0.05220614746212959, 0.052178386598825455, 0.052079472690820694, 0.051986344158649445, 0.051586948335170746, 0.051528919488191605, 0.05134280398488045, 0.0511004775762558, 0.051099348813295364, 0.05093931779265404, 0.05070171877741814, 0.050656359642744064, 0.05039669945836067, 0.0503527894616127, 0.05015333741903305, 0.05005880072712898, 0.049992334097623825, 0.04979977384209633, 0.049356672912836075, 0.04933440312743187, 0.04924074560403824, 0.04902192950248718, 0.04887663945555687, 0.048641663044691086, 0.04845689609646797, 0.04842739179730415, 0.048304472118616104, 0.048006895929574966, 0.04789215698838234, 0.04783766716718674, 0.04783083498477936, 0.047458499670028687, 0.04720335826277733, 0.046806659549474716, 0.046746328473091125, 0.04665040224790573, 0.046589501202106476, 0.04657357558608055, 0.04645070061087608, 0.04631386324763298, 0.04622912406921387, 0.04618089273571968, 0.04616576433181763, 0.04558075591921806, 0.04541662335395813, 0.0451277531683445, 0.04460657760500908, 0.044542912393808365, 0.04451315104961395, 0.04447416961193085, 0.04439299926161766, 0.0443008728325367, 0.04429582506418228, 0.04414490610361099, 0.044020526111125946, 0.04400705546140671, 0.04377681389451027, 0.043491706252098083, 0.04343661293387413, 0.043360885232686996, 0.043263956904411316, 0.043178390711545944, 0.04312238469719887, 0.04306911677122116, 0.04286975413560867, 0.042864903807640076, 0.042848099023103714, 0.042844150215387344, 0.04280776530504227, 0.04270121827721596, 0.04261612147092819, 0.04240890219807625, 0.042380813509225845, 0.04237862303853035, 0.042334701865911484, 0.04221397265791893, 0.04199305549263954, 0.04198940843343735, 0.0418737456202507, 0.04184555634856224, 0.04171810671687126, 0.04164018854498863, 0.04150307551026344, 0.04146469756960869, 0.04142926260828972, 0.04131963476538658, 0.04131068289279938, 0.0412549152970314, 0.041172176599502563, 0.04110927879810333, 0.04109108820557594, 0.04101584479212761, 0.04101404920220375, 0.040913697332143784, 0.04072475805878639, 0.04038047790527344, 0.040368687361478806, 0.04018435254693031, 0.040172215551137924, 0.040168263018131256, 0.03977278992533684]

Execution time: 0.4126 sec
