Label: tensor([ 1,  1,  0,  0,  0,  0,  0,  1,  1,  1, 39, 24, 39, 24, 24, 24, 39, 24,
        26, 24, 24, 24, 39, 39, 24, 24, 24, 24, 24, 24, 24, 24, 24, 24, 39, 39,
        24, 39, 24, 39, 24, 24, 24, 39, 24, 24, 24, 24, 39, 24, 24, 24, 24, 24,
        39, 24, 24, 39, 24, 24, 39, 26, 24, 26, 24, 39, 26,  1, 24, 26, 24, 26,
         0, 26, 39, 24, 39, 26, 24, 73,  1, 24, 24, 26, 24,  0, 26, 24, 24, 26,
        26,  1, 39, 28, 24,  0,  1,  1, 39, 24,  1, 26, 24, 26, 26, 26, 39,  1,
        39, 24, 26, 26, 39, 26,  1, 73,  1, 39, 26, 39, 24, 39,  0,  0, 26, 26,
        26,  1,  0, 26,  1,  1, 39, 28,  0, 26, 24, 24,  1, 26, 24,  1, 26, 24,
         0, 26,  1, 26,  1, 26,  0,  1,  1, 26,  1, 26, 24, 24,  1, 26,  1, 24,
         1, 24, 41,  1, 25,  1,  1, 39, 26,  1, 39, 39,  0,  1, 24, 39,  0,  1,
        26,  1, 26, 39,  1,  0, 26, 39, 24,  1, 41, 24, 24, 24, 26, 26, 39,  1,
         1, 26, 24, 24, 73, 25, 24,  1, 26,  1, 25, 24, 24,  1, 26,  1, 24,  1,
        26, 39, 41, 24,  1, 39,  0,  0, 24, 24, 39,  1,  1, 26, 12,  1, 24,  1,
         2, 26,  0,  1,  1, 26, 26, 26, 39, 41, 24,  1,  0,  1, 26, 24, 39,  0,
         2, 39,  1,  0, 24, 39,  1,  0,  0, 26, 25, 24, 13,  0, 39,  1,  0, 39,
        24,  0, 24, 39, 26,  1, 41,  1, 39,  1, 24, 39, 26, 25,  1, 58, 73, 24,
        73,  0, 67, 24, 24, 24, 26,  0,  1, 26,  1, 24]), Box: ([8.0867338180542, 162.02256774902344, 180.67091369628906, 318.40118408203125], [173.49871826171875, 184.05331420898438, 303.37158203125, 318.68951416015625], [24.643674850463867, 60.361961364746094, 162.2194366455078, 277.5108337402344], [188.00914001464844, 105.40442657470703, 289.74237060546875, 274.2063293457031], [330.53173828125, 78.56075286865234, 386.81927490234375, 176.38958740234375], [429.2479248046875, 74.90325927734375, 467.8480529785156, 167.89515686035156], [461.82659912109375, 65.6534194946289, 494.4822998046875, 150.81065368652344], [333.951904296875, 127.17668914794922, 381.07061767578125, 220.5652313232422], [437.27130126953125, 117.13114166259766, 464.88458251953125, 186.00372314453125], [467.0315856933594, 106.63764190673828, 489.5004577636719, 165.67852783203125], [110.55706787109375, 202.12539672851562, 123.53181457519531, 242.04644775390625], [127.95451354980469, 92.2695541381836, 160.8649444580078, 143.15475463867188], [89.09735107421875, 208.4481201171875, 111.7544174194336, 236.69970703125], [131.717041015625, 94.4238510131836, 159.7378692626953, 120.42719268798828], [112.42711639404297, 84.79975128173828, 160.51199340820312, 142.94873046875], [465.2245788574219, 78.36801147460938, 487.1036376953125, 99.8784408569336], [259.253662109375, 226.634521484375, 272.7253723144531, 270.4408264160156], [379.7560119628906, 109.10760498046875, 388.89678955078125, 135.23658752441406], [335.5168151855469, 127.61654663085938, 368.48956298828125, 153.265869140625], [113.46928405761719, 84.55134582519531, 159.58152770996094, 120.5790786743164], [371.5884094238281, 106.98992156982422, 388.5022888183594, 135.10751342773438], [335.5168151855469, 127.61654663085938, 368.48956298828125, 153.265869140625], [237.35693359375, 233.7881317138672, 259.71063232421875, 271.40869140625], [231.78781127929688, 227.56524658203125, 260.2181701660156, 271.9366455078125], [369.37591552734375, 92.17857360839844, 388.1688537597656, 146.68785095214844], [370.7144470214844, 107.17710876464844, 387.9237976074219, 147.52139282226562], [368.79583740234375, 91.85105895996094, 388.3210144042969, 134.02528381347656], [484.8077392578125, 83.22996520996094, 494.5465393066406, 107.19985961914062], [344.62469482421875, 90.50567626953125, 376.9702453613281, 129.8233184814453], [108.73052215576172, 84.00374603271484, 147.9112548828125, 117.59243774414062], [439.42626953125, 74.69926452636719, 458.4379577636719, 91.44741821289062], [368.0850524902344, 91.27521514892578, 388.01910400390625, 145.99273681640625], [265.3798828125, 133.21041870117188, 290.4079284667969, 197.5841522216797], [90.79806518554688, 85.10662841796875, 161.13792419433594, 143.37396240234375], [231.45663452148438, 223.17138671875, 262.67138671875, 251.991943359375], [89.09333038330078, 199.41098022460938, 124.2309341430664, 242.54222106933594], [379.62335205078125, 109.84288787841797, 388.78375244140625, 145.56924438476562], [265.04254150390625, 223.86415100097656, 287.70977783203125, 259.2569274902344], [466.74169921875, 78.32584381103516, 486.467041015625, 89.37045288085938], [258.94403076171875, 219.67636108398438, 272.68487548828125, 269.4861145019531], [346.9179382324219, 78.85031127929688, 370.76824951171875, 103.78384399414062], [264.81146240234375, 132.56629943847656, 281.0008544921875, 154.1784210205078], [381.132568359375, 114.7972640991211, 388.99853515625, 134.65777587890625], [111.02577209472656, 204.13880920410156, 122.85855865478516, 230.86776733398438], [131.15133666992188, 114.56307983398438, 160.14535522460938, 143.24124145507812], [342.28338623046875, 92.07596588134766, 385.68804931640625, 132.72816467285156], [345.90765380859375, 82.87689208984375, 377.0513916015625, 113.96259307861328], [83.96214294433594, 91.74430847167969, 160.14315795898438, 146.04624938964844], [253.90184020996094, 216.56166076660156, 271.35736083984375, 238.54258728027344], [350.4370422363281, 108.0068359375, 386.8493957519531, 150.02442932128906], [265.4164733886719, 132.8943328857422, 289.8177185058594, 178.75733947753906], [89.28800964355469, 89.27828216552734, 160.10110473632812, 149.27685546875], [230.61593627929688, 132.3951416015625, 282.30145263671875, 164.85008239746094], [258.9146423339844, 224.1219482421875, 287.3725891113281, 268.2109680175781], [33.23358917236328, 128.06446838378906, 41.58133316040039, 144.90638732910156], [369.3717346191406, 93.00843811035156, 388.8323669433594, 134.64047241210938], [368.8520812988281, 90.73665618896484, 380.9907531738281, 111.75462341308594], [371.0445251464844, 160.76995849609375, 379.7847595214844, 176.17625427246094], [338.8109436035156, 90.89257049560547, 386.50634765625, 149.87448120117188], [466.2464599609375, 78.95510864257812, 487.4581298828125, 111.81375885009766], [242.30987548828125, 242.8741912841797, 259.69964599609375, 270.84039306640625], [379.7560119628906, 109.10760498046875, 388.89678955078125, 135.23658752441406], [334.1802673339844, 106.88247680664062, 379.4299011230469, 154.27783203125], [258.9146423339844, 224.1219482421875, 287.3725891113281, 268.2109680175781], [229.55502319335938, 134.6966094970703, 289.16552734375, 198.03927612304688], [267.8490905761719, 231.78709411621094, 287.3167419433594, 258.6959228515625], [127.95451354980469, 92.2695541381836, 160.8649444580078, 143.15475463867188], [182.1123809814453, 182.38229370117188, 266.3153991699219, 270.73028564453125], [274.93536376953125, 153.99639892578125, 290.28533935546875, 200.94622802734375], [265.3798828125, 133.21041870117188, 290.4079284667969, 197.5841522216797], [336.585693359375, 91.54714965820312, 376.64581298828125, 133.66265869140625], [112.42711639404297, 84.79975128173828, 160.51199340820312, 142.94873046875], [438.8435363769531, 78.06741333007812, 446.0000915527344, 91.99447631835938], [371.5884094238281, 106.98992156982422, 388.5022888183594, 135.10751342773438], [46.84954071044922, 118.7306137084961, 53.88041687011719, 135.6967010498047], [90.92940521240234, 87.7889633178711, 161.0714111328125, 157.85458374023438], [45.8983039855957, 118.65650939941406, 54.589637756347656, 143.17384338378906], [334.1802673339844, 106.88247680664062, 379.4299011230469, 154.27783203125], [470.1815185546875, 78.8292236328125, 490.931640625, 105.08804321289062], [231.45663452148438, 223.17138671875, 262.67138671875, 251.991943359375], [198.32861328125, 187.57000732421875, 288.38995361328125, 270.9329833984375], [351.4394836425781, 113.04713439941406, 374.0449523925781, 131.24737548828125], [438.8435363769531, 78.06741333007812, 446.0000915527344, 91.99447631835938], [368.79583740234375, 91.85105895996094, 388.3210144042969, 134.02528381347656], [112.71917724609375, 83.93826293945312, 138.7664031982422, 102.16740417480469], [439.42626953125, 74.69926452636719, 458.4379577636719, 91.44741821289062], [369.37591552734375, 92.17857360839844, 388.1688537597656, 146.68785095214844], [482.0776062011719, 79.6568374633789, 492.4889831542969, 105.76372528076172], [345.8244323730469, 90.63589477539062, 370.3624572753906, 109.0879898071289], [381.132568359375, 114.7972640991211, 388.99853515625, 134.65777587890625], [131.15133666992188, 114.56307983398438, 160.14535522460938, 143.24124145507812], [453.73126220703125, 115.30481719970703, 465.81683349609375, 147.84832763671875], [262.7646179199219, 225.91192626953125, 272.9853515625, 238.04586791992188], [335.5168151855469, 127.61654663085938, 368.48956298828125, 153.265869140625], [440.0849609375, 89.02278137207031, 460.1003112792969, 109.59310150146484], [369.37591552734375, 92.17857360839844, 388.1688537597656, 146.68785095214844], [459.9420166015625, 116.55958557128906, 469.4993896484375, 154.5371551513672], [230.50230407714844, 188.19508361816406, 289.117919921875, 271.5591735839844], [258.9146423339844, 224.1219482421875, 287.3725891113281, 268.2109680175781], [335.5840759277344, 114.9144287109375, 377.7768249511719, 156.34722900390625], [452.6132507324219, 114.72799682617188, 466.3970031738281, 161.7665557861328], [370.7144470214844, 107.17710876464844, 387.9237976074219, 147.52139282226562], [119.75440979003906, 86.03983306884766, 138.2167205810547, 99.09285736083984], [338.5895690917969, 134.23849487304688, 363.0976867675781, 152.63775634765625], [274.93536376953125, 153.99639892578125, 290.28533935546875, 200.94622802734375], [369.7253112792969, 133.28260803222656, 381.61865234375, 176.03900146484375], [239.18692016601562, 238.2886962890625, 249.7767333984375, 249.85757446289062], [361.64129638671875, 131.7738037109375, 382.0020446777344, 202.29420471191406], [107.29691314697266, 200.84536743164062, 116.87235260009766, 232.08346557617188], [117.55126953125, 89.02261352539062, 161.43067932128906, 188.23736572265625], [369.3717346191406, 93.00843811035156, 388.8323669433594, 134.64047241210938], [333.31915283203125, 98.15836334228516, 374.1067810058594, 153.57301330566406], [89.29165649414062, 208.68441772460938, 103.74140167236328, 222.695068359375], [368.0850524902344, 91.27521514892578, 388.01910400390625, 145.99273681640625], [252.444091796875, 191.22097778320312, 289.1675720214844, 263.68450927734375], [231.78781127929688, 227.56524658203125, 260.2181701660156, 271.9366455078125], [367.7601318359375, 107.57579803466797, 387.7200927734375, 175.78050231933594], [369.7253112792969, 133.28260803222656, 381.61865234375, 176.03900146484375], [379.62335205078125, 109.84288787841797, 388.78375244140625, 145.56924438476562], [330.79400634765625, 130.5173797607422, 339.5873107910156, 150.44091796875], [461.9311828613281, 79.37387084960938, 469.80517578125, 98.44391632080078], [113.0950698852539, 204.17733764648438, 123.05734252929688, 219.42388916015625], [367.7601318359375, 107.57579803466797, 387.7200927734375, 175.78050231933594], [484.8077392578125, 83.22996520996094, 494.5465393066406, 107.19985961914062], [350.4370422363281, 108.0068359375, 386.8493957519531, 150.02442932128906], [267.8490905761719, 231.78709411621094, 287.3167419433594, 258.6959228515625], [351.4394836425781, 113.04713439941406, 374.0449523925781, 131.24737548828125], [338.00689697265625, 129.09872436523438, 378.0690612792969, 217.49935913085938], [33.23358917236328, 128.06446838378906, 41.58133316040039, 144.90638732910156], [330.79400634765625, 130.5173797607422, 339.5873107910156, 150.44091796875], [275.1900329589844, 182.86065673828125, 290.15509033203125, 204.27243041992188], [353.5075378417969, 113.25125885009766, 381.1213073730469, 176.373779296875], [248.0033416748047, 213.09254455566406, 282.6084899902344, 257.3542785644531], [338.5895690917969, 134.23849487304688, 363.0976867675781, 152.63775634765625], [368.0850524902344, 91.27521514892578, 388.01910400390625, 145.99273681640625], [461.34539794921875, 115.65487670898438, 468.0995788574219, 132.6955108642578], [333.31915283203125, 98.15836334228516, 374.1067810058594, 153.57301330566406], [468.9017333984375, 78.36865234375, 485.700927734375, 86.26710510253906], [459.03570556640625, 114.25389099121094, 470.1778259277344, 149.54225158691406], [361.0032653808594, 135.73507690429688, 376.7586364746094, 176.75408935546875], [338.5895690917969, 134.23849487304688, 363.0976867675781, 152.63775634765625], [369.7253112792969, 133.28260803222656, 381.61865234375, 176.03900146484375], [265.4164733886719, 132.8943328857422, 289.8177185058594, 178.75733947753906], [227.55836486816406, 134.31097412109375, 289.2446594238281, 196.99807739257812], [370.7144470214844, 107.17710876464844, 387.9237976074219, 147.52139282226562], [371.6794128417969, 129.2443084716797, 384.1233215332031, 148.01617431640625], [455.6297912597656, 82.96808624267578, 461.9618225097656, 89.2559585571289], [131.717041015625, 94.4238510131836, 159.7378692626953, 120.42719268798828], [247.15223693847656, 192.34841918945312, 288.0858459472656, 238.17141723632812], [265.04254150390625, 223.86415100097656, 287.70977783203125, 259.2569274902344], [24.83643913269043, 128.04762268066406, 47.06376266479492, 168.52374267578125], [475.7484130859375, 107.30838012695312, 489.5519714355469, 140.52914428710938], [361.5301818847656, 129.80197143554688, 382.87353515625, 176.79010009765625], [335.5840759277344, 114.9144287109375, 377.7768249511719, 156.34722900390625], [181.13905334472656, 182.87289428710938, 294.9065856933594, 291.14556884765625], [113.46928405761719, 84.55134582519531, 159.58152770996094, 120.5790786743164], [378.9703063964844, 107.51545715332031, 386.8551025390625, 121.45687103271484], [349.7250671386719, 95.51964569091797, 368.50189208984375, 109.67609405517578], [335.5840759277344, 114.9144287109375, 377.7768249511719, 156.34722900390625], [89.09333038330078, 199.41098022460938, 124.2309341430664, 242.54222106933594], [247.773681640625, 194.13528442382812, 288.5079040527344, 255.2021026611328], [265.04254150390625, 223.86415100097656, 287.70977783203125, 259.2569274902344], [350.4370422363281, 108.0068359375, 386.8493957519531, 150.02442932128906], [367.2497863769531, 90.12297821044922, 376.57122802734375, 100.46504211425781], [111.02577209472656, 204.13880920410156, 122.85855865478516, 230.86776733398438], [229.46444702148438, 198.93565368652344, 262.6767883300781, 276.085693359375], [259.2372741699219, 191.33006286621094, 288.61895751953125, 266.39508056640625], [481.126708984375, 107.42232513427734, 491.8240661621094, 139.26365661621094], [379.62335205078125, 109.84288787841797, 388.78375244140625, 145.56924438476562], [252.58905029296875, 214.6439208984375, 287.8688049316406, 263.5940856933594], [180.82257080078125, 181.82839965820312, 202.1498565673828, 195.5887908935547], [351.4394836425781, 113.04713439941406, 374.0449523925781, 131.24737548828125], [278.0791015625, 152.17916870117188, 289.2873229980469, 177.85345458984375], [113.27449798583984, 203.7826385498047, 123.1700210571289, 218.92567443847656], [464.2521667480469, 75.07240295410156, 490.5987243652344, 141.96192932128906], [463.79119873046875, 106.84049987792969, 482.876953125, 150.3811492919922], [434.992919921875, 75.02686309814453, 466.39813232421875, 105.75048828125], [180.82257080078125, 181.82839965820312, 202.1498565673828, 195.5887908935547], [338.8109436035156, 90.89257049560547, 386.50634765625, 149.87448120117188], [180.288330078125, 182.00831604003906, 211.31475830078125, 219.16348266601562], [231.78781127929688, 227.56524658203125, 260.2181701660156, 271.9366455078125], [259.2372741699219, 191.33006286621094, 288.61895751953125, 266.39508056640625], [90.79806518554688, 85.10662841796875, 161.13792419433594, 143.37396240234375], [103.15553283691406, 214.35707092285156, 113.98725891113281, 237.34051513671875], [439.3870849609375, 118.02774810791016, 463.1427001953125, 183.7262725830078], [265.3798828125, 133.21041870117188, 290.4079284667969, 197.5841522216797], [108.73052215576172, 84.00374603271484, 147.9112548828125, 117.59243774414062], [232.41004943847656, 228.9889678955078, 252.2134552001953, 249.727783203125], [208.98744201660156, 132.9451904296875, 288.7386779785156, 197.8490753173828], [31.116918563842773, 127.64430236816406, 47.48435974121094, 155.6840362548828], [110.55706787109375, 202.12539672851562, 123.53181457519531, 242.04644775390625], [361.5301818847656, 129.80197143554688, 382.87353515625, 176.79010009765625], [337.1393737792969, 114.85459899902344, 376.62786865234375, 153.05044555664062], [453.73126220703125, 115.30481719970703, 465.81683349609375, 147.84832763671875], [278.0791015625, 152.17916870117188, 289.2873229980469, 177.85345458984375], [252.444091796875, 191.22097778320312, 289.1675720214844, 263.68450927734375], [210.71231079101562, 231.33790588378906, 227.17738342285156, 241.75485229492188], [273.8993225097656, 183.64288330078125, 290.1361083984375, 207.62257385253906], [470.07525634765625, 109.48757934570312, 483.11822509765625, 164.06834411621094], [379.0841369628906, 132.52638244628906, 385.1339416503906, 149.39340209960938], [436.2333679199219, 74.77388763427734, 466.4056701660156, 102.46450805664062], [267.8490905761719, 231.78709411621094, 287.3167419433594, 258.6959228515625], [224.83154296875, 212.48361206054688, 262.96014404296875, 270.21832275390625], [259.253662109375, 226.634521484375, 272.7253723144531, 270.4408264160156], [367.7601318359375, 107.57579803466797, 387.7200927734375, 175.78050231933594], [335.5168151855469, 127.61654663085938, 368.48956298828125, 153.265869140625], [344.62469482421875, 90.50567626953125, 376.9702453613281, 129.8233184814453], [438.8435363769531, 78.06741333007812, 446.0000915527344, 91.99447631835938], [369.7253112792969, 133.28260803222656, 381.61865234375, 176.03900146484375], [369.7253112792969, 133.28260803222656, 381.61865234375, 176.03900146484375], [441.95880126953125, 89.62588500976562, 457.5602722167969, 99.86372375488281], [30.442167282104492, 161.30007934570312, 124.82321166992188, 271.226318359375], [129.07260131835938, 93.62479400634766, 160.61717224121094, 143.0074920654297], [30.263877868652344, 118.33180236816406, 55.54690170288086, 166.5261993408203], [361.0032653808594, 135.73507690429688, 376.7586364746094, 176.75408935546875], [8.384454727172852, 162.63970947265625, 85.8682861328125, 317.90814208984375], [264.81146240234375, 132.56629943847656, 281.0008544921875, 154.1784210205078], [110.1633529663086, 205.692138671875, 122.72369384765625, 241.47286987304688], [33.23358917236328, 128.06446838378906, 41.58133316040039, 144.90638732910156], [460.4622497558594, 79.57498931884766, 468.476318359375, 90.63863372802734], [179.36422729492188, 181.95944213867188, 216.592041015625, 236.797607421875], [224.83154296875, 212.48361206054688, 262.96014404296875, 270.21832275390625], [379.62335205078125, 109.84288787841797, 388.78375244140625, 145.56924438476562], [439.50311279296875, 79.0381088256836, 466.455322265625, 143.00218200683594], [367.6801452636719, 91.04486083984375, 388.90386962890625, 134.92166137695312], [461.34539794921875, 115.65487670898438, 468.0995788574219, 132.6955108642578], [110.3888168334961, 216.3307647705078, 121.9981460571289, 241.2629852294922], [248.96127319335938, 196.85780334472656, 287.0043640136719, 264.7916564941406], [63.46682357788086, 164.21286010742188, 154.63450622558594, 273.5904846191406], [259.2372741699219, 191.33006286621094, 288.61895751953125, 266.39508056640625], [335.5168151855469, 127.61654663085938, 368.48956298828125, 153.265869140625], [440.97113037109375, 120.20637512207031, 459.48309326171875, 165.2108154296875], [469.7712707519531, 65.4149398803711, 482.2704162597656, 79.78717803955078], [460.4622497558594, 79.57498931884766, 468.476318359375, 90.63863372802734], [455.6297912597656, 82.96808624267578, 461.9618225097656, 89.2559585571289], [361.5301818847656, 129.80197143554688, 382.87353515625, 176.79010009765625], [31.116918563842773, 127.64430236816406, 47.48435974121094, 155.6840362548828], [24.52020263671875, 168.49819946289062, 303.6043701171875, 277.63323974609375], [361.0032653808594, 135.73507690429688, 376.7586364746094, 176.75408935546875], [332.37139892578125, 135.09991455078125, 340.1417236328125, 150.50466918945312], [466.2464599609375, 78.95510864257812, 487.4581298828125, 111.81375885009766], [229.55502319335938, 134.6966094970703, 289.16552734375, 198.03927612304688], [332.37139892578125, 135.09991455078125, 340.1417236328125, 150.50466918945312], [46.84954071044922, 118.7306137084961, 53.88041687011719, 135.6967010498047], [371.6794128417969, 129.2443084716797, 384.1233215332031, 148.01617431640625], [461.34539794921875, 115.65487670898438, 468.0995788574219, 132.6955108642578], [455.6297912597656, 82.96808624267578, 461.9618225097656, 89.2559585571289], [381.132568359375, 114.7972640991211, 388.99853515625, 134.65777587890625], [248.96127319335938, 196.85780334472656, 287.0043640136719, 264.7916564941406], [252.444091796875, 191.22097778320312, 289.1675720214844, 263.68450927734375], [31.116918563842773, 127.64430236816406, 47.48435974121094, 155.6840362548828], [368.79583740234375, 91.85105895996094, 388.3210144042969, 134.02528381347656], [439.42626953125, 74.69926452636719, 458.4379577636719, 91.44741821289062], [379.0841369628906, 132.52638244628906, 385.1339416503906, 149.39340209960938], [274.93536376953125, 153.99639892578125, 290.28533935546875, 200.94622802734375], [252.58905029296875, 214.6439208984375, 287.8688049316406, 263.5940856933594], [230.4729461669922, 225.01010131835938, 271.01275634765625, 271.6493835449219], [357.66693115234375, 153.9480438232422, 369.4309387207031, 187.64109802246094], [204.30160522460938, 189.42987060546875, 289.3988952636719, 253.58071899414062], [45.8983039855957, 118.65650939941406, 54.589637756347656, 143.17384338378906], [469.7712707519531, 65.4149398803711, 482.2704162597656, 79.78717803955078], [484.8077392578125, 83.22996520996094, 494.5465393066406, 107.19985961914062], [231.78781127929688, 227.56524658203125, 260.2181701660156, 271.9366455078125], [330.79400634765625, 130.5173797607422, 339.5873107910156, 150.44091796875], [8.384454727172852, 162.63970947265625, 85.8682861328125, 317.90814208984375], [265.4164733886719, 132.8943328857422, 289.8177185058594, 178.75733947753906], [52.585960388183594, 113.88531494140625, 62.50075149536133, 134.62327575683594], [24.83643913269043, 128.04762268066406, 47.06376266479492, 168.52374267578125], [353.5075378417969, 113.25125885009766, 381.1213073730469, 176.373779296875], [234.29852294921875, 198.2646484375, 258.6882629394531, 232.75784301757812], [278.0791015625, 152.17916870117188, 289.2873229980469, 177.85345458984375], [344.62469482421875, 90.50567626953125, 376.9702453613281, 129.8233184814453], [252.58905029296875, 214.6439208984375, 287.8688049316406, 263.5940856933594], [361.0032653808594, 135.73507690429688, 376.7586364746094, 176.75408935546875], [453.73126220703125, 115.30481719970703, 465.81683349609375, 147.84832763671875], [14.748476028442383, 163.27102661132812, 179.28298950195312, 307.197021484375], [113.0950698852539, 204.17733764648438, 123.05734252929688, 219.42388916015625], [379.7560119628906, 109.10760498046875, 388.89678955078125, 135.23658752441406], [32.71896743774414, 126.88270568847656, 42.761783599853516, 145.97073364257812], [361.69171142578125, 133.6591339111328, 380.01300048828125, 202.45864868164062], [248.96127319335938, 196.85780334472656, 287.0043640136719, 264.7916564941406], [24.83643913269043, 128.04762268066406, 47.06376266479492, 168.52374267578125], [224.83154296875, 212.48361206054688, 262.96014404296875, 270.21832275390625], [361.0032653808594, 135.73507690429688, 376.7586364746094, 176.75408935546875], [252.58905029296875, 214.6439208984375, 287.8688049316406, 263.5940856933594], [351.4394836425781, 113.04713439941406, 374.0449523925781, 131.24737548828125], [89.09735107421875, 208.4481201171875, 111.7544174194336, 236.69970703125], [351.158203125, 110.7424545288086, 373.5699157714844, 131.31161499023438], [89.09333038330078, 199.41098022460938, 124.2309341430664, 242.54222106933594], [59.17279052734375, 94.63214874267578, 160.18995666503906, 266.1317443847656], [371.0445251464844, 160.76995849609375, 379.7847595214844, 176.17625427246094], [231.78781127929688, 227.56524658203125, 260.2181701660156, 271.9366455078125], [259.2372741699219, 191.33006286621094, 288.61895751953125, 266.39508056640625], [464.1877136230469, 79.09931182861328, 475.49005126953125, 99.77391815185547], [369.8392028808594, 125.14736938476562, 385.4082336425781, 148.8129119873047], [459.9420166015625, 116.55958557128906, 469.4993896484375, 154.5371551513672], [334.1802673339844, 106.88247680664062, 379.4299011230469, 154.27783203125], [247.773681640625, 194.13528442382812, 288.5079040527344, 255.2021026611328], [347.4916687011719, 116.67684173583984, 378.62591552734375, 183.44769287109375], [439.6634216308594, 118.89081573486328, 457.83001708984375, 140.87876892089844]), Score: [0.9570204615592957, 0.9495315551757812, 0.94942706823349, 0.9197855591773987, 0.891670823097229, 0.88954097032547, 0.8572067618370056, 0.8545195460319519, 0.8075166940689087, 0.8042758107185364, 0.518190324306488, 0.5123493671417236, 0.37017080187797546, 0.35238924622535706, 0.3495975732803345, 0.3375869691371918, 0.28489750623703003, 0.2795505225658417, 0.2783516049385071, 0.2710367441177368, 0.264920711517334, 0.25258588790893555, 0.24764619767665863, 0.2454492449760437, 0.23812006413936615, 0.23799240589141846, 0.22747927904129028, 0.21235163509845734, 0.2084789127111435, 0.20720405876636505, 0.2057865709066391, 0.1993444412946701, 0.19766061007976532, 0.19668728113174438, 0.19389744102954865, 0.1851273775100708, 0.18057894706726074, 0.17849591374397278, 0.17841693758964539, 0.17728988826274872, 0.17133916914463043, 0.1688140332698822, 0.1677931845188141, 0.16462233662605286, 0.1550908386707306, 0.15464620292186737, 0.1516699641942978, 0.14648643136024475, 0.14532780647277832, 0.14524833858013153, 0.14257559180259705, 0.14187069237232208, 0.13962607085704803, 0.13702581822872162, 0.13636817038059235, 0.1334628015756607, 0.13034304976463318, 0.13009902834892273, 0.12567153573036194, 0.12315955013036728, 0.1193479597568512, 0.11876892298460007, 0.11759694665670395, 0.1170734390616417, 0.11645978689193726, 0.11615533381700516, 0.11565835773944855, 0.1148252859711647, 0.11352446675300598, 0.11317528039216995, 0.11262454837560654, 0.1123545914888382, 0.1092568039894104, 0.10821536183357239, 0.10586947202682495, 0.10583526641130447, 0.10534843057394028, 0.10499528050422668, 0.10233687609434128, 0.10225352644920349, 0.10198725759983063, 0.10131290555000305, 0.10070200264453888, 0.10057488828897476, 0.09861429035663605, 0.09686994552612305, 0.09649910032749176, 0.09622211754322052, 0.09582800418138504, 0.09469910711050034, 0.09169188886880875, 0.08813095837831497, 0.08794204145669937, 0.08777298778295517, 0.0876258835196495, 0.08737823367118835, 0.08699328452348709, 0.08571497350931168, 0.08462956547737122, 0.08422891795635223, 0.08393246680498123, 0.08336552232503891, 0.08322875946760178, 0.08295135945081711, 0.07968878746032715, 0.07955268770456314, 0.07933352887630463, 0.07876954972743988, 0.0787184089422226, 0.0780549868941307, 0.07750195264816284, 0.07636700570583344, 0.0762525200843811, 0.07590898871421814, 0.07517875730991364, 0.07508502155542374, 0.0749615952372551, 0.07423166185617447, 0.07398199290037155, 0.07373373210430145, 0.07359649240970612, 0.07346896082162857, 0.073461152613163, 0.07323937863111496, 0.0731271281838417, 0.0730903223156929, 0.0728759914636612, 0.07272960245609283, 0.07169795781373978, 0.07131652534008026, 0.06997405737638474, 0.06952525675296783, 0.0692887008190155, 0.06909524649381638, 0.06903572380542755, 0.06860065460205078, 0.06838589906692505, 0.06811416894197464, 0.06760114431381226, 0.06760037690401077, 0.06747075170278549, 0.06700834631919861, 0.06694470345973969, 0.06662945449352264, 0.06551557034254074, 0.06543060392141342, 0.06537241488695145, 0.0648423358798027, 0.06417661160230637, 0.06404567509889603, 0.06380435824394226, 0.06312694400548935, 0.06201308220624924, 0.06190873682498932, 0.06180921196937561, 0.06178310886025429, 0.061386000365018845, 0.0605316087603569, 0.06007835641503334, 0.059927798807621, 0.05938364565372467, 0.05934780463576317, 0.059189483523368835, 0.05871034786105156, 0.0581141859292984, 0.05788111314177513, 0.05775449797511101, 0.057687632739543915, 0.057179044932127, 0.05700856074690819, 0.056920237839221954, 0.05642726272344589, 0.056315068155527115, 0.05625687167048454, 0.056122131645679474, 0.05582880973815918, 0.05573486536741257, 0.055728718638420105, 0.05532505735754967, 0.0547550804913044, 0.05472498759627342, 0.05456561595201492, 0.0544319711625576, 0.053924959152936935, 0.053473249077796936, 0.05342856049537659, 0.05340021848678589, 0.05294538289308548, 0.05277721583843231, 0.052749987691640854, 0.052622102200984955, 0.05246347188949585, 0.05218048393726349, 0.052113089710474014, 0.05154088884592056, 0.05139359459280968, 0.051336079835891724, 0.051041699945926666, 0.05061066895723343, 0.05053974688053131, 0.05016785487532616, 0.05010688304901123, 0.05002113804221153, 0.04990142211318016, 0.049716558307409286, 0.04940369725227356, 0.04936090111732483, 0.04912547394633293, 0.04911627620458603, 0.048995934426784515, 0.048993103206157684, 0.04893004894256592, 0.04886992275714874, 0.04817136749625206, 0.0480642095208168, 0.04805520176887512, 0.047882262617349625, 0.04787907376885414, 0.04753628745675087, 0.0474112369120121, 0.047339629381895065, 0.047273341566324234, 0.047056253999471664, 0.047032374888658524, 0.046777818351984024, 0.04670803248882294, 0.046666670590639114, 0.046647053211927414, 0.046610958874225616, 0.04657881706953049, 0.04641590639948845, 0.04624384269118309, 0.04616761952638626, 0.0458485409617424, 0.04584171995520592, 0.04583437740802765, 0.045822564512491226, 0.045814406126737595, 0.04572993144392967, 0.045696813613176346, 0.045564405620098114, 0.04547934606671333, 0.04539656266570091, 0.04535848647356033, 0.04533446952700615, 0.04528338834643364, 0.04526910185813904, 0.04505829140543938, 0.045042261481285095, 0.04488985985517502, 0.04471662640571594, 0.044654928147792816, 0.04459882527589798, 0.04453133046627045, 0.04434435814619064, 0.0442422591149807, 0.04390721768140793, 0.04378501698374748, 0.04370278865098953, 0.04329770430922508, 0.04267330840229988, 0.04257485643029213, 0.04254086688160896, 0.042427901178598404, 0.041579946875572205, 0.0414590984582901, 0.04141613468527794, 0.0413435660302639, 0.0412151962518692, 0.040965236723423004, 0.0409395806491375, 0.0409155935049057, 0.040659524500370026, 0.040545541793107986, 0.04041263833642006, 0.040140703320503235, 0.03997020050883293, 0.039830777794122696, 0.039829473942518234, 0.03958853706717491, 0.03913446515798569, 0.03897908702492714, 0.038911279290914536, 0.03880324214696884, 0.03876401111483574, 0.038714442402124405, 0.038288507610559464, 0.03821367770433426, 0.038173846900463104, 0.03805535286664963, 0.03803868964314461, 0.03799017518758774, 0.037954606115818024, 0.03786119818687439, 0.03782550245523453, 0.03772686421871185, 0.03757759928703308, 0.03752674162387848, 0.03751341253519058, 0.037469226866960526]

Execution time: 0.4101 sec
