Label: tensor([ 0,  0,  0, 56, 60, 59,  0, 43, 60, 56, 60, 67, 60, 55, 60, 60, 56, 56,
        56, 56, 56, 56, 59, 56, 56, 60, 14, 43, 56, 33, 74, 56, 56, 60, 59, 59,
        56, 43, 60, 59, 56, 60, 59, 59, 56, 37, 60, 56, 43, 56, 56, 56, 56, 59,
        62, 43, 60, 27, 56, 60, 56, 37, 56, 30, 56,  4, 56, 59, 59, 60, 59, 36,
        60, 76, 56, 60, 55, 27, 56, 37, 30, 39, 56, 60, 76, 37, 60, 25, 37, 56,
        33, 56, 76, 56, 60, 28, 27, 60, 13, 60, 60, 56, 67, 56, 33,  4, 56, 60,
        59, 60, 13, 56, 37, 59, 59, 56, 27, 56, 56, 37, 27, 59, 56, 55, 52, 60,
        30, 60, 56, 55, 13, 59, 55, 56, 52, 55, 56, 56, 55, 33, 24, 13, 56, 59,
        39, 13, 56, 28, 60, 56, 55, 13, 13, 13, 55, 33, 59, 43, 56, 60, 55, 56,
        37, 60,  0, 56, 59, 59, 30, 59,  0, 60, 60, 43, 56, 55, 56, 55, 13,  6,
        26, 56, 56, 39, 76, 56, 56, 56, 59, 25, 73, 58, 56, 56, 56, 37, 55, 37,
        13,  8, 56,  8, 59, 60, 55, 33, 56, 56, 60, 56, 37,  0, 76, 60, 33, 73,
        56, 60, 73, 25, 74, 17, 60, 33,  2, 60,  0, 39, 56, 59, 33, 60, 60, 36,
        37, 27, 33, 56, 56, 26, 25, 60, 13, 39, 37, 20, 60, 55, 39, 60, 56, 60,
        56, 37, 56, 59, 56, 56, 73, 56, 60, 58, 56, 41, 26, 33, 33, 13, 56, 73,
        37,  6, 56, 60, 62, 30, 56, 13, 56, 25, 26, 36, 31, 56, 56, 39, 39, 27,
        56,  0, 67,  4, 56, 63, 13, 58, 37, 39, 66, 63]), Box: ([238.53872680664062, 41.457183837890625, 292.4896545410156, 138.474609375], [381.548828125, 18.88564109802246, 492.3713684082031, 197.2650909423828], [117.39649963378906, 91.3484878540039, 157.76919555664062, 179.93406677246094], [-0.018052756786346436, 150.06619262695312, 60.67493438720703, 225.15931701660156], [0.7409751415252686, 121.34949493408203, 95.40528106689453, 201.3212432861328], [0.6333142518997192, 112.9963607788086, 481.3708801269531, 374.46685791015625], [147.57537841796875, 132.42205810546875, 172.87942504882812, 164.2685546875], [364.9514465332031, 90.72891998291016, 385.16455078125, 101.42377471923828], [1.0385550260543823, 119.58939361572266, 95.08834838867188, 146.31002807617188], [187.3086700439453, 137.81842041015625, 243.93629455566406, 160.080810546875], [-0.018052756786346436, 150.06619262695312, 60.67493438720703, 225.15931701660156], [364.9514465332031, 90.72891998291016, 385.16455078125, 101.42377471923828], [0.6333142518997192, 112.9963607788086, 481.3708801269531, 374.46685791015625], [0.6333142518997192, 112.9963607788086, 481.3708801269531, 374.46685791015625], [436.1965026855469, 189.64291381835938, 500.1434631347656, 373.330810546875], [436.3927307128906, 189.51382446289062, 500.0360107421875, 276.85552978515625], [187.48574829101562, 145.3790740966797, 222.36917114257812, 160.0098876953125], [0.5424991250038147, 298.07440185546875, 146.9107208251953, 374.69805908203125], [0.043472275137901306, 153.6691131591797, 50.28941345214844, 224.3267364501953], [147.57537841796875, 132.42205810546875, 172.87942504882812, 164.2685546875], [187.30758666992188, 145.2802276611328, 212.67788696289062, 159.9887237548828], [263.391845703125, 317.5451965332031, 425.97967529296875, 375.142822265625], [1.4065206050872803, 112.5645751953125, 496.9830627441406, 311.922119140625], [436.1965026855469, 189.64291381835938, 500.1434631347656, 373.330810546875], [29.299497604370117, 301.0690612792969, 147.30833435058594, 374.39971923828125], [0.0037048012018203735, 148.440673828125, 62.13703918457031, 189.02902221679688], [332.4573974609375, 0.012942356988787651, 364.10919189453125, 14.606466293334961], [364.9609375, 90.65049743652344, 392.33013916015625, 108.00121307373047], [192.16647338867188, 137.18772888183594, 233.25889587402344, 147.3271942138672], [332.4573974609375, 0.012942356988787651, 364.10919189453125, 14.606466293334961], [462.75958251953125, 136.5000762939453, 471.4535827636719, 142.31260681152344], [0.4404298961162567, 297.4958801269531, 105.81459045410156, 374.7431335449219], [31.553693771362305, 167.44871520996094, 55.54869079589844, 205.93243408203125], [0.9216703176498413, 103.26844787597656, 94.78895568847656, 146.06594848632812], [1.231163740158081, 193.48468017578125, 399.9576416015625, 289.1573181152344], [-0.21731853485107422, 96.82151794433594, 440.94073486328125, 343.2662353515625], [262.72857666015625, 315.8822021484375, 351.00244140625, 374.9493408203125], [365.4208679199219, 90.59040069580078, 405.4266662597656, 109.42697143554688], [0.18488802015781403, 147.9307403564453, 62.21650695800781, 169.0581512451172], [0.9861588478088379, 111.80337524414062, 489.8117370605469, 307.86358642578125], [436.3927307128906, 189.51382446289062, 500.0360107421875, 276.85552978515625], [0.09735487401485443, 149.21495056152344, 61.77333068847656, 222.6743621826172], [0.7134526968002319, 121.4134750366211, 439.91851806640625, 316.919921875], [0.33499300479888916, 106.73192596435547, 499.5615539550781, 312.2444152832031], [0.21653063595294952, 180.51025390625, 21.999000549316406, 225.028076171875], [0.6333142518997192, 112.9963607788086, 481.3708801269531, 374.46685791015625], [-0.11070072650909424, 180.75921630859375, 439.440673828125, 374.2243957519531], [262.4898681640625, 314.84564208984375, 314.30255126953125, 374.9648742675781], [111.06242370605469, 211.99334716796875, 161.87451171875, 226.8173828125], [16.335561752319336, 176.4228057861328, 45.170387268066406, 221.7473602294922], [0.2318909466266632, 143.34591674804688, 27.084365844726562, 159.49697875976562], [0.19860267639160156, 175.1721649169922, 45.8694953918457, 224.95181274414062], [56.99285125732422, 132.08489990234375, 95.40125274658203, 199.7103729248047], [0.6913244724273682, 179.74562072753906, 402.81805419921875, 316.67742919921875], [48.28400421142578, 58.89836883544922, 77.840087890625, 119.99760437011719], [136.098388671875, 174.43067932128906, 183.2102813720703, 183.2368927001953], [438.46844482421875, 188.9674530029297, 499.9321594238281, 248.4014129638672], [255.44451904296875, 63.39102554321289, 270.2297668457031, 99.73966217041016], [187.2888641357422, 138.06210327148438, 231.31971740722656, 160.08056640625], [0.2155601978302002, 185.66903686523438, 437.2989807128906, 374.2056579589844], [449.0430603027344, 257.2932434082031, 471.6912841796875, 370.5195617675781], [135.5316925048828, 235.0274200439453, 190.5072021484375, 254.25099182128906], [0.1672506332397461, 296.4301452636719, 70.58162689208984, 374.8390808105469], [408.57684326171875, 144.21673583984375, 499.98468017578125, 278.0643005371094], [-0.1492910087108612, 169.6572265625, 22.301729202270508, 225.86341857910156], [0.6333142518997192, 112.9963607788086, 481.3708801269531, 374.46685791015625], [408.57427978515625, 145.78143310546875, 500.1106872558594, 373.82965087890625], [0.2155601978302002, 185.66903686523438, 437.2989807128906, 374.2056579589844], [-0.2528727054595947, 143.36654663085938, 441.8757019042969, 322.9319763183594], [-0.7543414831161499, 69.07582092285156, 499.2252502441406, 375.0621337890625], [-0.11070072650909424, 180.75921630859375, 439.440673828125, 374.2243957519531], [93.49007415771484, 180.34104919433594, 160.95077514648438, 199.52273559570312], [0.043472275137901306, 153.6691131591797, 50.28941345214844, 224.3267364501953], [364.9609375, 90.65049743652344, 392.33013916015625, 108.00121307373047], [479.2489318847656, 158.060302734375, 499.8544006347656, 199.83648681640625], [0.4200004041194916, 106.24755096435547, 95.407958984375, 177.68048095703125], [1.4065206050872803, 112.5645751953125, 496.9830627441406, 311.922119140625], [253.5124053955078, 63.88589859008789, 270.4724426269531, 112.57508087158203], [38.80094909667969, 300.0346374511719, 106.88288879394531, 374.2574462890625], [1.4065206050872803, 112.5645751953125, 496.9830627441406, 311.922119140625], [135.5316925048828, 235.0274200439453, 190.5072021484375, 254.25099182128906], [21.64550018310547, 108.30054473876953, 31.36837387084961, 130.6879425048828], [0.1810714602470398, 203.9974365234375, 146.69239807128906, 374.3564147949219], [11.336654663085938, 129.2161407470703, 95.27857208251953, 145.12359619140625], [136.098388671875, 174.43067932128906, 183.2102813720703, 183.2368927001953], [1.231163740158081, 193.48468017578125, 399.9576416015625, 289.1573181152344], [0.2318909466266632, 143.34591674804688, 27.084365844726562, 159.49697875976562], [0.6333142518997192, 112.9963607788086, 481.3708801269531, 374.46685791015625], [0.33499300479888916, 106.73192596435547, 499.5615539550781, 312.2444152832031], [479.7892150878906, 161.45138549804688, 499.83392333984375, 187.74252319335938], [135.5316925048828, 235.0274200439453, 190.5072021484375, 254.25099182128906], [426.8097229003906, 254.29200744628906, 471.6447448730469, 373.7825927734375], [111.06242370605469, 211.99334716796875, 161.87451171875, 226.8173828125], [292.2987060546875, 319.19091796875, 352.3130798339844, 374.8221130371094], [0.24200230836868286, 149.09561157226562, 62.21150207519531, 170.15399169921875], [135.5316925048828, 235.0274200439453, 190.5072021484375, 254.25099182128906], [441.0633544921875, 61.680633544921875, 452.3553161621094, 82.12252807617188], [0.5267411470413208, 8.372649192810059, 495.7059020996094, 374.73065185546875], [0.31985342502593994, 123.64557647705078, 443.97418212890625, 374.79449462890625], [-0.15388429164886475, 65.98762512207031, 447.9154968261719, 374.72503662109375], [187.3086700439453, 137.81842041015625, 243.93629455566406, 160.080810546875], [467.14239501953125, 280.3363037109375, 499.9250183105469, 374.8634338378906], [364.9609375, 90.65049743652344, 392.33013916015625, 108.00121307373047], [118.97894287109375, 126.61687469482422, 173.13491821289062, 175.80996704101562], [187.3101806640625, 154.0195770263672, 244.41026306152344, 181.76016235351562], [332.4573974609375, 0.012942356988787651, 364.10919189453125, 14.606466293334961], [0.11638924479484558, 150.65643310546875, 106.59483337402344, 374.3516540527344], [0.1810714602470398, 203.9974365234375, 146.69239807128906, 374.3564147949219], [-0.3040730953216553, 123.8205795288086, 415.9810791015625, 315.1838684082031], [479.87640380859375, 154.5992431640625, 499.8161926269531, 187.67176818847656], [-0.018052756786346436, 150.06619262695312, 60.67493438720703, 225.15931701660156], [427.896484375, 259.03045654296875, 499.604248046875, 374.80682373046875], [17.167016983032227, 225.31427001953125, 399.7224426269531, 287.1629333496094], [0.31985342502593994, 123.64557647705078, 443.97418212890625, 374.79449462890625], [-0.15388429164886475, 65.98762512207031, 447.9154968261719, 374.72503662109375], [433.47979736328125, 148.1492462158203, 500.203369140625, 374.0744934082031], [444.1971435546875, 61.180809020996094, 452.0086364746094, 73.74169158935547], [364.9609375, 90.65049743652344, 392.33013916015625, 108.00121307373047], [221.43511962890625, 139.1996612548828, 244.82763671875, 149.14276123046875], [253.08712768554688, 159.9505157470703, 390.6478576660156, 184.96200561523438], [135.5316925048828, 235.0274200439453, 190.5072021484375, 254.25099182128906], [-0.14486908912658691, 75.99800109863281, 441.9715270996094, 322.65008544921875], [408.57684326171875, 144.21673583984375, 499.98468017578125, 278.0643005371094], [0.06923079490661621, 44.54222869873047, 444.2041015625, 375.3417663574219], [135.5316925048828, 235.0274200439453, 190.5072021484375, 254.25099182128906], [0.06923079490661621, 44.54222869873047, 444.2041015625, 375.3417663574219], [111.06242370605469, 211.99334716796875, 161.87451171875, 226.8173828125], [-0.1453142613172531, 141.53306579589844, 42.60721206665039, 189.3004150390625], [191.3665771484375, 136.26515197753906, 245.3782196044922, 149.21640014648438], [-0.21731853485107422, 96.82151794433594, 440.94073486328125, 343.2662353515625], [0.5424991250038147, 298.07440185546875, 146.9107208251953, 374.69805908203125], [-0.16519427299499512, 149.5975799560547, 438.27679443359375, 374.1526794433594], [1.231163740158081, 193.48468017578125, 399.9576416015625, 289.1573181152344], [-0.03119558095932007, 148.17364501953125, 68.24067687988281, 374.1695556640625], [111.06242370605469, 211.99334716796875, 161.87451171875, 226.8173828125], [-0.15388429164886475, 65.98762512207031, 447.9154968261719, 374.72503662109375], [129.26512145996094, 312.8487243652344, 310.6466979980469, 374.7570495605469], [364.9514465332031, 90.72891998291016, 385.16455078125, 101.42377471923828], [0.6913244724273682, 179.74562072753906, 402.81805419921875, 316.67742919921875], [0.6333142518997192, 112.9963607788086, 481.3708801269531, 374.46685791015625], [147.57537841796875, 132.42205810546875, 172.87942504882812, 164.2685546875], [436.1965026855469, 189.64291381835938, 500.1434631347656, 373.330810546875], [-0.2704160213470459, 157.90321350097656, 20.933025360107422, 225.8602752685547], [436.3927307128906, 189.51382446289062, 500.0360107421875, 276.85552978515625], [23.541967391967773, 108.06527709960938, 29.674285888671875, 119.64059448242188], [0.7409751415252686, 121.34949493408203, 95.40528106689453, 201.3212432861328], [479.87640380859375, 154.5992431640625, 499.8161926269531, 187.67176818847656], [93.49007415771484, 180.34104919433594, 160.95077514648438, 199.52273559570312], [479.7892150878906, 161.45138549804688, 499.83392333984375, 187.74252319335938], [90.51309204101562, 125.16989135742188, 173.38670349121094, 187.73936462402344], [0.9861588478088379, 111.80337524414062, 489.8117370605469, 307.86358642578125], [0.1810714602470398, 203.9974365234375, 146.69239807128906, 374.3564147949219], [436.3927307128906, 189.51382446289062, 500.0360107421875, 276.85552978515625], [-0.11070072650909424, 180.75921630859375, 439.440673828125, 374.2243957519531], [-0.14486908912658691, 75.99800109863281, 441.9715270996094, 322.65008544921875], [253.08712768554688, 159.9505157470703, 390.6478576660156, 184.96200561523438], [0.06923079490661621, 44.54222869873047, 444.2041015625, 375.3417663574219], [135.5316925048828, 235.0274200439453, 190.5072021484375, 254.25099182128906], [152.78616333007812, 145.0414581298828, 172.49742126464844, 164.4440155029297], [0.31985342502593994, 123.64557647705078, 443.97418212890625, 374.79449462890625], [0.33499300479888916, 106.73192596435547, 499.5615539550781, 312.2444152832031], [478.7584533691406, 152.4242706298828, 499.8285217285156, 199.7254180908203], [0.9861588478088379, 111.80337524414062, 489.8117370605469, 307.86358642578125], [35.313323974609375, 130.36410522460938, 90.34766387939453, 201.4287109375], [22.7648983001709, 103.32533264160156, 61.954402923583984, 130.8455810546875], [262.9908752441406, 202.11524963378906, 438.950439453125, 374.6703796386719], [436.1965026855469, 189.64291381835938, 500.1434631347656, 373.330810546875], [-0.7543414831161499, 69.07582092285156, 499.2252502441406, 375.0621337890625], [408.57427978515625, 145.78143310546875, 500.1106872558594, 373.82965087890625], [0.5267411470413208, 8.372649192810059, 495.7059020996094, 374.73065185546875], [-0.025976449251174927, 117.56388854980469, 27.626951217651367, 159.68617248535156], [0.5424991250038147, 298.07440185546875, 146.9107208251953, 374.69805908203125], [6.25555944442749, 129.5007781982422, 89.06111145019531, 201.146728515625], [122.62483978271484, 172.7998809814453, 183.07369995117188, 184.39344787597656], [0.0037048012018203735, 148.440673828125, 62.13703918457031, 189.02902221679688], [187.3101806640625, 154.0195770263672, 244.41026306152344, 181.76016235351562], [35.313323974609375, 130.36410522460938, 90.34766387939453, 201.4287109375], [0.7134526968002319, 121.4134750366211, 439.91851806640625, 316.919921875], [187.3086700439453, 137.81842041015625, 243.93629455566406, 160.080810546875], [135.5316925048828, 235.0274200439453, 190.5072021484375, 254.25099182128906], [238.49673461914062, 64.17245483398438, 256.91412353515625, 124.14360809326172], [95.3830337524414, 304.6748046875, 147.3070526123047, 366.6868896484375], [0.09735487401485443, 149.21495056152344, 61.77333068847656, 222.6743621826172], [0.016047153621912003, 116.76092529296875, 14.611894607543945, 140.84120178222656], [364.9514465332031, 90.72891998291016, 385.16455078125, 101.42377471923828], [152.9002685546875, 141.23471069335938, 172.40576171875, 164.06936645507812], [-0.1720823347568512, 255.34475708007812, 71.36399841308594, 374.6732482910156], [107.2732925415039, 309.9828186035156, 297.3085021972656, 374.5221252441406], [0.6038099527359009, 180.951171875, 437.58184814453125, 374.61846923828125], [0.5267411470413208, 8.372649192810059, 495.7059020996094, 374.73065185546875], [0.2318909466266632, 143.34591674804688, 27.084365844726562, 159.49697875976562], [22.7648983001709, 103.32533264160156, 61.954402923583984, 130.8455810546875], [0.5341880321502686, 59.04815673828125, 95.996337890625, 201.5893096923828], [438.46844482421875, 188.9674530029297, 499.9321594238281, 248.4014129638672], [-0.1453142613172531, 141.53306579589844, 42.60721206665039, 189.3004150390625], [436.3927307128906, 189.51382446289062, 500.0360107421875, 276.85552978515625], [0.5267411470413208, 8.372649192810059, 495.7059020996094, 374.73065185546875], [125.838623046875, 121.57582092285156, 427.7349853515625, 190.1078643798828], [0.2155601978302002, 185.66903686523438, 437.2989807128906, 374.2056579589844], [0.6333142518997192, 112.9963607788086, 481.3708801269531, 374.46685791015625], [0.7409751415252686, 121.34949493408203, 95.40528106689453, 201.3212432861328], [332.4573974609375, 0.012942356988787651, 364.10919189453125, 14.606466293334961], [0.1810714602470398, 203.9974365234375, 146.69239807128906, 374.3564147949219], [479.2489318847656, 158.060302734375, 499.8544006347656, 199.83648681640625], [135.5316925048828, 235.0274200439453, 190.5072021484375, 254.25099182128906], [125.838623046875, 121.57582092285156, 427.7349853515625, 190.1078643798828], [381.31317138671875, 116.73872375488281, 500.41485595703125, 373.886474609375], [262.6959533691406, 238.5348358154297, 436.5201721191406, 375.2996520996094], [192.16647338867188, 137.18772888183594, 233.25889587402344, 147.3271942138672], [409.7684631347656, 155.15133666992188, 499.99761962890625, 363.3631286621094], [467.14239501953125, 280.3363037109375, 499.9250183105469, 374.8634338378906], [37.781742095947266, 103.71415710449219, 57.37127685546875, 129.15524291992188], [365.4208679199219, 90.59040069580078, 405.4266662597656, 109.42697143554688], [0.3621429204940796, 195.27879333496094, 146.13546752929688, 374.1329040527344], [125.66691589355469, 152.1537322998047, 245.05174255371094, 186.16073608398438], [225.69058227539062, 150.19119262695312, 263.64605712890625, 158.4269561767578], [263.473388671875, 119.28828430175781, 499.54437255859375, 374.49578857421875], [1.4065206050872803, 112.5645751953125, 496.9830627441406, 311.922119140625], [135.5316925048828, 235.0274200439453, 190.5072021484375, 254.25099182128906], [436.3927307128906, 189.51382446289062, 500.0360107421875, 276.85552978515625], [463.99920654296875, 137.56768798828125, 471.01873779296875, 142.231201171875], [111.06242370605469, 211.99334716796875, 161.87451171875, 226.8173828125], [0.03458559513092041, 152.50721740722656, 38.60466766357422, 189.44326782226562], [123.58939361572266, 151.93431091308594, 244.53819274902344, 185.5973358154297], [0.6333142518997192, 112.9963607788086, 481.3708801269531, 374.46685791015625], [478.7584533691406, 152.4242706298828, 499.8285217285156, 199.7254180908203], [377.94012451171875, 21.25287437438965, 496.2821044921875, 372.2568664550781], [364.9514465332031, 90.72891998291016, 385.16455078125, 101.42377471923828], [68.87687683105469, 135.64752197265625, 94.80593872070312, 186.29371643066406], [125.838623046875, 121.57582092285156, 427.7349853515625, 190.1078643798828], [111.06242370605469, 211.99334716796875, 161.87451171875, 226.8173828125], [0.9496510028839111, 126.42143249511719, 88.07455444335938, 200.9790802001953], [-0.16519427299499512, 149.5975799560547, 438.27679443359375, 374.1526794433594], [111.06242370605469, 211.99334716796875, 161.87451171875, 226.8173828125], [408.57684326171875, 144.21673583984375, 499.98468017578125, 278.0643005371094], [257.77056884765625, 60.69756317138672, 275.6578674316406, 70.23350524902344], [125.55496215820312, 121.00213623046875, 428.4275207519531, 189.3809051513672], [38.21697235107422, 126.62687683105469, 85.13121032714844, 200.77528381347656], [434.134765625, 142.0192413330078, 500.1642761230469, 277.1849365234375], [22.7648983001709, 103.32533264160156, 61.954402923583984, 130.8455810546875], [187.3101806640625, 154.0195770263672, 244.41026306152344, 181.76016235351562], [0.5341880321502686, 59.04815673828125, 95.996337890625, 201.5893096923828], [-0.16519427299499512, 149.5975799560547, 438.27679443359375, 374.1526794433594], [18.967687606811523, 108.50489044189453, 29.34895133972168, 136.53627014160156], [332.4573974609375, 0.012942356988787651, 364.10919189453125, 14.606466293334961], [0.6333142518997192, 112.9963607788086, 481.3708801269531, 374.46685791015625], [0.6038099527359009, 180.951171875, 437.58184814453125, 374.61846923828125], [-0.3040730953216553, 123.8205795288086, 415.9810791015625, 315.1838684082031], [36.968204498291016, 105.9852066040039, 44.4911994934082, 114.61957550048828], [0.33499300479888916, 106.73192596435547, 499.5615539550781, 312.2444152832031], [-0.06785988807678223, 192.93988037109375, 105.12387084960938, 374.06158447265625], [56.99285125732422, 132.08489990234375, 95.40125274658203, 199.7103729248047], [454.822998046875, 259.16864013671875, 499.84124755859375, 374.26666259765625], [125.55496215820312, 121.00213623046875, 428.4275207519531, 189.3809051513672], [0.3621429204940796, 195.27879333496094, 146.13546752929688, 374.1329040527344], [137.767333984375, 117.75949096679688, 499.9598388671875, 373.0301513671875], [390.41485595703125, 253.56236267089844, 471.52044677734375, 374.5555114746094], [-0.025976449251174927, 117.56388854980469, 27.626951217651367, 159.68617248535156], [136.098388671875, 174.43067932128906, 183.2102813720703, 183.2368927001953], [135.5316925048828, 235.0274200439453, 190.5072021484375, 254.25099182128906], [0.9861588478088379, 111.80337524414062, 489.8117370605469, 307.86358642578125], [0.016047153621912003, 116.76092529296875, 14.611894607543945, 140.84120178222656], [365.4208679199219, 90.59040069580078, 405.4266662597656, 109.42697143554688], [78.61377716064453, 120.30697631835938, 89.73731994628906, 131.7706756591797], [238.27513122558594, 95.06414794921875, 249.0306396484375, 123.97245788574219], [225.69058227539062, 150.19119262695312, 263.64605712890625, 158.4269561767578], [136.098388671875, 174.43067932128906, 183.2102813720703, 183.2368927001953], [0.4404298961162567, 297.4958801269531, 105.81459045410156, 374.7431335449219], [255.50514221191406, 168.03565979003906, 434.3704528808594, 373.8368225097656], [25.010082244873047, 145.65843200683594, 44.95891571044922, 154.266845703125], [122.21403503417969, 113.06705474853516, 431.56890869140625, 186.35614013671875], [111.06242370605469, 211.99334716796875, 161.87451171875, 226.8173828125], [85.5491714477539, 136.8419952392578, 96.80024719238281, 186.56239318847656], [0.6631240248680115, 122.6978988647461, 245.19041442871094, 199.2166748046875], [0.7309839129447937, 58.882713317871094, 80.43614196777344, 145.0061798095703], [253.08712768554688, 159.9505157470703, 390.6478576660156, 184.96200561523438], [213.1516876220703, 315.0463562011719, 288.4488220214844, 374.81890869140625], [29.299497604370117, 301.0690612792969, 147.30833435058594, 374.39971923828125], [68.50891876220703, 133.0315399169922, 96.015625, 186.9326629638672], [135.5316925048828, 235.0274200439453, 190.5072021484375, 254.25099182128906], [147.57537841796875, 132.42205810546875, 172.87942504882812, 164.2685546875], [135.5316925048828, 235.0274200439453, 190.5072021484375, 254.25099182128906], [135.5316925048828, 235.0274200439453, 190.5072021484375, 254.25099182128906], [1.7168521881103516, 298.8893737792969, 337.8382263183594, 374.9369201660156], [264.05596923828125, 238.1006317138672, 423.5816650390625, 374.38330078125], [43.544700622558594, 103.05593872070312, 52.72280502319336, 115.73075866699219], [24.394567489624023, 108.43651580810547, 44.06667709350586, 131.13233947753906], [252.128662109375, 66.27486419677734, 263.12451171875, 113.28032684326172], [98.4692611694336, 307.40313720703125, 226.65673828125, 374.1296081542969], [118.22917938232422, 100.54647064208984, 174.23789978027344, 178.18600463867188], [365.2413635253906, 91.0904769897461, 385.0106201171875, 101.380859375], [-0.7543414831161499, 69.07582092285156, 499.2252502441406, 375.0621337890625], [25.010082244873047, 145.65843200683594, 44.95891571044922, 154.266845703125], [365.4208679199219, 90.59040069580078, 405.4266662597656, 109.42697143554688], [0.6038099527359009, 180.951171875, 437.58184814453125, 374.61846923828125], [37.781742095947266, 103.71415710449219, 57.37127685546875, 129.15524291992188], [93.49007415771484, 180.34104919433594, 160.95077514648438, 199.52273559570312], [26.576229095458984, 109.25222778320312, 39.07255935668945, 130.14634704589844], [93.49007415771484, 180.34104919433594, 160.95077514648438, 199.52273559570312], [93.49007415771484, 180.34104919433594, 160.95077514648438, 199.52273559570312]), Score: [0.929215669631958, 0.9271464943885803, 0.8097341060638428, 0.4775962829589844, 0.46893763542175293, 0.4462464153766632, 0.36441585421562195, 0.34577012062072754, 0.3091122508049011, 0.30100756883621216, 0.2698879539966583, 0.24698269367218018, 0.21502846479415894, 0.21409113705158234, 0.20330117642879486, 0.19650526344776154, 0.19431711733341217, 0.19332176446914673, 0.1893748641014099, 0.18451403081417084, 0.1815578192472458, 0.1786392629146576, 0.17365838587284088, 0.17222680151462555, 0.1694416105747223, 0.15903642773628235, 0.1579250693321228, 0.1571936309337616, 0.15593844652175903, 0.15487119555473328, 0.15297842025756836, 0.14990703761577606, 0.1483248770236969, 0.14753709733486176, 0.1466861516237259, 0.1448983997106552, 0.1409698873758316, 0.1408739686012268, 0.1404670625925064, 0.13587568700313568, 0.1356692761182785, 0.13499614596366882, 0.1346908062696457, 0.1344829648733139, 0.13398057222366333, 0.13127809762954712, 0.1289776861667633, 0.1283445954322815, 0.12722310423851013, 0.1266835331916809, 0.12530159950256348, 0.12527866661548615, 0.12362658977508545, 0.1220540925860405, 0.12156922370195389, 0.120927594602108, 0.12036236375570297, 0.12007540464401245, 0.11745999753475189, 0.11721658706665039, 0.11589552462100983, 0.11551756411790848, 0.11510730534791946, 0.11308088898658752, 0.11300703138113022, 0.1114250123500824, 0.11129990220069885, 0.11095922440290451, 0.1108761578798294, 0.10948307067155838, 0.10923564434051514, 0.10710041224956512, 0.10691860318183899, 0.10572543740272522, 0.1055290475487709, 0.1050773561000824, 0.10468178987503052, 0.1045195609331131, 0.102124884724617, 0.10148867219686508, 0.10130564868450165, 0.10124730318784714, 0.10121899098157883, 0.10079922527074814, 0.10022640973329544, 0.09972256422042847, 0.09954190999269485, 0.0992165058851242, 0.09844619035720825, 0.09832088649272919, 0.09746073931455612, 0.09728860855102539, 0.09726133197546005, 0.09724529832601547, 0.09720921516418457, 0.09670577943325043, 0.09569088369607925, 0.09545683115720749, 0.09503989666700363, 0.0947953313589096, 0.09450234472751617, 0.09446587413549423, 0.09436005353927612, 0.09408706426620483, 0.09397628903388977, 0.09374968707561493, 0.09333214908838272, 0.09329116344451904, 0.09286621958017349, 0.09206176549196243, 0.09200369566679001, 0.09187599271535873, 0.0913715735077858, 0.09124439209699631, 0.0905948057770729, 0.090155690908432, 0.09007808566093445, 0.08926381170749664, 0.08870743215084076, 0.08863459527492523, 0.08854281157255173, 0.08836199343204498, 0.08833322674036026, 0.08791770786046982, 0.08747360855340958, 0.08709036558866501, 0.08690892159938812, 0.08675828576087952, 0.08663419634103775, 0.08650065213441849, 0.08599402755498886, 0.08586842566728592, 0.08536604046821594, 0.08521626144647598, 0.08471288532018661, 0.08461666107177734, 0.08458453416824341, 0.08258126676082611, 0.08210842311382294, 0.08167272806167603, 0.08141318708658218, 0.08130010217428207, 0.0810198187828064, 0.08048824965953827, 0.07950269430875778, 0.07931970059871674, 0.07921864092350006, 0.0782097801566124, 0.07777150720357895, 0.07761065661907196, 0.07724976539611816, 0.07717685401439667, 0.07697968930006027, 0.07672468572854996, 0.07628005743026733, 0.0760321170091629, 0.07571890205144882, 0.0755823627114296, 0.07542861253023148, 0.07451615482568741, 0.07443305104970932, 0.07404964417219162, 0.0740426778793335, 0.07397312670946121, 0.07397039234638214, 0.07353498041629791, 0.07343198359012604, 0.07325541973114014, 0.07324270159006119, 0.07264398038387299, 0.07245063036680222, 0.07231751829385757, 0.0718521773815155, 0.0713573545217514, 0.07122978568077087, 0.0711626261472702, 0.0711129829287529, 0.07095065712928772, 0.0708438977599144, 0.07077650725841522, 0.07075295597314835, 0.07063367962837219, 0.0701846331357956, 0.07018094509840012, 0.0701357051730156, 0.0701204389333725, 0.06998403370380402, 0.0697045847773552, 0.06942629814147949, 0.06933210790157318, 0.0692010447382927, 0.06915652006864548, 0.0689980536699295, 0.06869777292013168, 0.06865920126438141, 0.06861142814159393, 0.0682297945022583, 0.06816370785236359, 0.06804630160331726, 0.0675889328122139, 0.06735260784626007, 0.06727919727563858, 0.06702904403209686, 0.0667707771062851, 0.06667952239513397, 0.06661684811115265, 0.066573366522789, 0.06631838530302048, 0.06627083569765091, 0.06613340973854065, 0.0661129280924797, 0.06600255519151688, 0.06598727405071259, 0.0654793456196785, 0.0648481696844101, 0.06460687518119812, 0.06458766013383865, 0.06456901878118515, 0.064334437251091, 0.06431807577610016, 0.06428685784339905, 0.06424301862716675, 0.06408224254846573, 0.06375662237405777, 0.06363721191883087, 0.06347789615392685, 0.0634460523724556, 0.06308537721633911, 0.06280346214771271, 0.06279069930315018, 0.06277953088283539, 0.06270897388458252, 0.0626654252409935, 0.06246614828705788, 0.062439680099487305, 0.06224643066525459, 0.06202146038413048, 0.061782222241163254, 0.061667781323194504, 0.06165226176381111, 0.06164468824863434, 0.06139134615659714, 0.061368152499198914, 0.061356257647275925, 0.061306294053792953, 0.06127668917179108, 0.060864780098199844, 0.06075320392847061, 0.06058262661099434, 0.06053391471505165, 0.06036202982068062, 0.06032774597406387, 0.06030663102865219, 0.06028454005718231, 0.06028437986969948, 0.05989375337958336, 0.0597602054476738, 0.05972563475370407, 0.0597008541226387, 0.05928350239992142, 0.059126269072294235, 0.058935392647981644, 0.058643799275159836, 0.058601588010787964, 0.0584636852145195, 0.058406006544828415, 0.05820206180214882, 0.057901881635189056, 0.05789163336157799, 0.057792261242866516, 0.05766011029481888, 0.05747044086456299, 0.057299643754959106, 0.057231757789850235, 0.057002436369657516, 0.05670476332306862, 0.05638635531067848, 0.056385912001132965, 0.05612780153751373, 0.05593099817633629, 0.055818215012550354, 0.05578017979860306, 0.05577404797077179, 0.05562196671962738, 0.055480968207120895, 0.05526550114154816, 0.05523655191063881, 0.05520008131861687, 0.055148910731077194, 0.05512683838605881, 0.05504384636878967, 0.05495058745145798, 0.05494461953639984, 0.05485561117529869, 0.05474228411912918, 0.05469873920083046, 0.05454173684120178, 0.054359130561351776, 0.05427506938576698, 0.05419372022151947]

Execution time: 0.4086 sec
