Label: tensor([ 0,  0,  6, 60, 56, 60, 39, 41, 56, 56, 56, 45, 56, 13, 56,  8, 24, 56,
        41,  8, 56, 41, 56,  8, 41, 44, 45, 13, 56,  8, 44,  8, 41, 56, 56, 48,
        39, 45, 44,  8, 55, 40, 45, 44, 44, 40, 48, 45, 56, 67, 56, 56, 56, 49,
        67,  8, 53, 41, 42, 45, 41, 41, 44, 56, 48,  6,  5, 43, 42, 56, 42, 56,
        60, 55, 56, 56, 48, 44, 56, 56, 42, 28, 56, 13, 42, 60, 55, 44, 40, 42,
        45,  6, 13, 44, 42, 56, 56, 56, 45, 44, 75, 56, 24, 42, 55,  8, 63, 60,
        45, 56, 43, 56, 56, 56, 44, 48, 56, 44, 43, 56, 42, 26, 44, 52, 44,  6,
        56, 39, 42,  8, 60, 45, 56, 41, 48, 26, 13, 41, 56,  8, 56, 28, 26, 40,
        41, 42, 55, 13,  0, 67, 57, 53, 53, 42, 42, 44, 56, 55, 62, 41, 60, 39,
        43, 56, 42, 42, 43, 56, 42, 44, 44,  5, 13,  0, 42, 26, 44, 56, 56, 52,
        44, 45, 60, 13, 42, 44, 60, 40, 60, 56, 60, 41, 60,  8, 40, 13, 44, 13,
        13, 13, 42, 51, 60, 60, 41, 43, 60, 42, 71, 57, 45, 60, 42, 56, 60, 26,
        42, 57, 47, 56, 26, 73, 39,  8, 26, 75, 42, 48, 26, 45, 42, 60, 56, 41,
         8, 43, 56, 53, 57, 43, 56, 56, 44, 56, 13, 56, 13, 42, 43, 13,  8, 13,
        44, 60, 42, 13, 44, 67, 56, 44, 43, 53, 42, 56, 39, 44, 67, 60, 53, 45,
        48, 52, 52, 44,  4, 56, 44, 52, 56, 13, 57, 71, 42, 13, 13, 57, 56, 44,
        56, 60, 43, 56, 43, 60, 56, 56, 41, 43, 13, 53]), Box: ([108.32945251464844, 140.4960479736328, 289.8519592285156, 374.5772399902344], [252.4485626220703, 150.51063537597656, 359.6840515136719, 259.07672119140625], [0.24840235710144043, -0.3666020929813385, 500.2433166503906, 374.62896728515625], [228.21060180664062, 241.7621612548828, 499.6038513183594, 325.37310791015625], [89.36984252929688, 258.92578125, 122.0657730102539, 374.85528564453125], [227.61534118652344, 242.61253356933594, 499.6709899902344, 373.8983459472656], [340.1854248046875, 244.389404296875, 362.2257995605469, 284.80072021484375], [340.1854248046875, 244.389404296875, 362.2257995605469, 284.80072021484375], [204.0, 220.8018798828125, 258.3746643066406, 259.8320007324219], [410.21759033203125, 212.8341522216797, 492.6834716796875, 267.0853576660156], [338.6817932128906, 359.84881591796875, 472.0928955078125, 375.16192626953125], [249.69708251953125, 272.09649658203125, 313.26312255859375, 295.6815185546875], [196.12979125976562, 267.0561218261719, 217.85635375976562, 293.0390625], [204.0, 220.8018798828125, 258.3746643066406, 259.8320007324219], [89.53962707519531, 258.5994873046875, 224.9764862060547, 375.0908508300781], [0.24840235710144043, -0.3666020929813385, 500.2433166503906, 374.62896728515625], [410.21759033203125, 212.8341522216797, 492.6834716796875, 267.0853576660156], [196.50111389160156, 267.303466796875, 236.8748016357422, 338.5435791015625], [320.0716857910156, 233.45115661621094, 342.63311767578125, 257.2255859375], [468.3201599121094, 124.77072143554688, 500.20135498046875, 145.71823120117188], [409.78125, 212.84225463867188, 500.1615905761719, 366.3422546386719], [322.48724365234375, 241.81314086914062, 342.7041320800781, 255.64793395996094], [212.67616271972656, 304.5719299316406, 237.55726623535156, 339.0594482421875], [468.3345947265625, 135.4055938720703, 499.97052001953125, 145.71849060058594], [306.6540222167969, 234.40240478515625, 326.1225891113281, 254.48646545410156], [278.51971435546875, 271.1148986816406, 333.8601379394531, 289.18292236328125], [307.55560302734375, 245.77587890625, 342.4062805175781, 262.2960510253906], [88.54142761230469, 219.7941131591797, 257.55908203125, 284.5450439453125], [90.26416015625, 259.0553894042969, 249.2046356201172, 375.44354248046875], [232.19627380371094, 138.40362548828125, 248.02935791015625, 144.5338134765625], [281.1432800292969, 267.8320007324219, 333.7305603027344, 288.4432067871094], [216.5501251220703, 128.25637817382812, 229.42013549804688, 144.4109649658203], [186.01963806152344, 289.4208679199219, 207.4507293701172, 313.9456787109375], [410.01580810546875, 212.553955078125, 500.0033874511719, 316.27105712890625], [338.3826904296875, 294.2464904785156, 499.757568359375, 374.6802673339844], [186.01963806152344, 289.4208679199219, 207.4507293701172, 313.9456787109375], [340.0696716308594, 244.1390380859375, 362.2235412597656, 284.7423400878906], [322.48724365234375, 241.81314086914062, 342.7041320800781, 255.64793395996094], [252.8358154296875, 265.0867919921875, 330.71881103515625, 291.00634765625], [468.2966003417969, 136.3193359375, 493.2521667480469, 145.50115966796875], [322.48724365234375, 241.81314086914062, 342.7041320800781, 255.64793395996094], [340.0696716308594, 244.1390380859375, 362.2235412597656, 284.7423400878906], [308.1510314941406, 250.9203643798828, 341.57373046875, 262.2564392089844], [280.2044982910156, 274.70855712890625, 310.7425231933594, 288.09027099609375], [278.3748474121094, 278.16802978515625, 309.60107421875, 288.6535339355469], [320.0716857910156, 233.45115661621094, 342.63311767578125, 257.2255859375], [322.48724365234375, 241.81314086914062, 342.7041320800781, 255.64793395996094], [239.0022430419922, 255.11026000976562, 341.7226257324219, 295.7184143066406], [192.994384765625, 315.4940185546875, 213.46783447265625, 333.25189208984375], [196.12979125976562, 267.0561218261719, 217.85635375976562, 293.0390625], [434.9048767089844, 330.0291748046875, 499.70037841796875, 374.6690979003906], [90.43094635009766, 258.8111267089844, 210.6551513671875, 375.22515869140625], [91.35823822021484, 239.9202880859375, 225.19468688964844, 374.2904357910156], [322.48724365234375, 241.81314086914062, 342.7041320800781, 255.64793395996094], [297.7324523925781, 239.2167510986328, 310.2127685546875, 253.452880859375], [217.71780395507812, 139.2794189453125, 229.123779296875, 144.3683319091797], [254.91195678710938, 276.99566650390625, 303.36474609375, 290.1186828613281], [340.9568176269531, 256.31134033203125, 361.61077880859375, 284.2975158691406], [280.2044982910156, 274.70855712890625, 310.7425231933594, 288.09027099609375], [186.01963806152344, 289.4208679199219, 207.4507293701172, 313.9456787109375], [340.0696716308594, 244.1390380859375, 362.2235412597656, 284.7423400878906], [339.759521484375, 244.6616668701172, 362.7504577636719, 263.3082580566406], [295.4916687011719, 274.3823547363281, 309.7606506347656, 283.9386291503906], [87.74057006835938, 235.84283447265625, 131.01495361328125, 283.0969543457031], [262.04205322265625, 239.43673706054688, 310.4359436035156, 262.52325439453125], [0.41344761848449707, -0.8791163563728333, 500.39361572265625, 301.3974609375], [0.24840235710144043, -0.3666020929813385, 500.2433166503906, 374.62896728515625], [269.87554931640625, 239.98350524902344, 308.7109680175781, 255.71478271484375], [281.1432800292969, 267.8320007324219, 333.7305603027344, 288.4432067871094], [484.1118469238281, 225.69500732421875, 499.7543029785156, 273.0030517578125], [278.3748474121094, 278.16802978515625, 309.60107421875, 288.6535339355469], [481.864013671875, 295.6062927246094, 499.8982849121094, 373.9140930175781], [338.3826904296875, 294.2464904785156, 499.757568359375, 374.6802673339844], [262.04205322265625, 239.43673706054688, 310.4359436035156, 262.52325439453125], [337.31378173828125, 213.3328399658203, 498.8766174316406, 373.8503112792969], [434.62176513671875, 297.00994873046875, 499.77825927734375, 374.3122863769531], [297.7324523925781, 239.2167510986328, 310.2127685546875, 253.452880859375], [279.2539367675781, 280.78826904296875, 300.2733154296875, 288.6861267089844], [92.76040649414062, 235.57191467285156, 236.28005981445312, 374.5524597167969], [0.08841976523399353, 339.9259948730469, 69.05643463134766, 375.0638427734375], [252.8358154296875, 265.0867919921875, 330.71881103515625, 291.00634765625], [410.21759033203125, 212.8341522216797, 492.6834716796875, 267.0853576660156], [338.37115478515625, 244.88922119140625, 500.6993408203125, 374.2713928222656], [203.3975372314453, 220.6127166748047, 258.0859680175781, 259.5882568359375], [295.4916687011719, 274.3823547363281, 309.7606506347656, 283.9386291503906], [91.67255401611328, 232.06039428710938, 500.8967590332031, 373.9527282714844], [186.01963806152344, 289.4208679199219, 207.4507293701172, 313.9456787109375], [296.0166015625, 264.91290283203125, 327.2034912109375, 283.4185791015625], [340.1854248046875, 244.389404296875, 362.2257995605469, 284.80072021484375], [278.51971435546875, 271.1148986816406, 333.8601379394531, 289.18292236328125], [250.1481475830078, 268.5841064453125, 336.9510498046875, 294.8820495605469], [0.5235075950622559, -0.556066632270813, 500.47283935546875, 281.6388244628906], [89.32489013671875, 258.7280578613281, 121.56288146972656, 374.872314453125], [254.91195678710938, 276.99566650390625, 303.36474609375, 290.1186828613281], [279.2539367675781, 280.78826904296875, 300.2733154296875, 288.6861267089844], [97.7696762084961, 259.6759338378906, 276.9984130859375, 374.86737060546875], [141.5894775390625, 325.584716796875, 193.34588623046875, 341.7497863769531], [-0.048939138650894165, 283.6728820800781, 74.04060363769531, 374.81500244140625], [254.91195678710938, 276.99566650390625, 303.36474609375, 290.1186828613281], [251.63299560546875, 273.88446044921875, 338.2557067871094, 295.1542663574219], [340.0696716308594, 244.1390380859375, 362.2235412597656, 284.7423400878906], [89.32489013671875, 258.7280578613281, 121.56288146972656, 374.872314453125], [410.1641540527344, 212.67103576660156, 493.0638427734375, 267.1897888183594], [259.7955017089844, 280.1413879394531, 292.5729064941406, 288.7835388183594], [297.7324523925781, 239.2167510986328, 310.2127685546875, 253.452880859375], [0.41344761848449707, -0.8791163563728333, 500.39361572265625, 301.3974609375], [196.12979125976562, 267.0561218261719, 217.85635375976562, 293.0390625], [196.50111389160156, 267.303466796875, 236.8748016357422, 338.5435791015625], [251.93002319335938, 272.743896484375, 308.40386962890625, 290.03302001953125], [107.4292221069336, 298.7500305175781, 228.92628479003906, 374.6833190917969], [278.51971435546875, 271.1148986816406, 333.8601379394531, 289.18292236328125], [221.4114990234375, 341.013671875, 290.4098815917969, 374.942626953125], [193.7395477294922, 313.350830078125, 236.8457794189453, 338.8670959472656], [194.4313201904297, 316.4418029785156, 290.6180419921875, 374.4225769042969], [269.87554931640625, 239.98350524902344, 308.7109680175781, 255.71478271484375], [261.5020446777344, 243.2012939453125, 286.5360107421875, 253.0603790283203], [396.6012268066406, 212.50323486328125, 497.570068359375, 317.969970703125], [250.1481475830078, 268.5841064453125, 336.9510498046875, 294.8820495605469], [281.1432800292969, 267.8320007324219, 333.7305603027344, 288.4432067871094], [87.01077270507812, 259.30169677734375, 221.04669189453125, 376.69677734375], [254.91195678710938, 276.99566650390625, 303.36474609375, 290.1186828613281], [196.50111389160156, 267.303466796875, 236.8748016357422, 338.5435791015625], [294.6751708984375, 256.0221862792969, 314.1217956542969, 288.1947021484375], [297.7324523925781, 239.2167510986328, 310.2127685546875, 253.452880859375], [295.8627014160156, 256.435302734375, 314.93536376953125, 282.2781982421875], [0.17496943473815918, -0.40009617805480957, 500.16998291015625, 374.40362548828125], [192.2450714111328, 266.9840087890625, 290.41644287109375, 373.82025146484375], [320.0716857910156, 233.45115661621094, 342.63311767578125, 257.2255859375], [274.3194885253906, 280.4792175292969, 291.9131774902344, 288.7185363769531], [0.5235075950622559, -0.556066632270813, 500.47283935546875, 281.6388244628906], [235.6246337890625, 305.4797058105469, 499.50189208984375, 374.3638610839844], [186.34579467773438, 300.0887756347656, 208.1787109375, 313.8491516113281], [412.02069091796875, 232.34762573242188, 500.8939514160156, 372.3957214355469], [312.23797607421875, 236.07997131347656, 324.36309814453125, 255.36595153808594], [262.98541259765625, 244.49893188476562, 287.1210632324219, 255.30653381347656], [196.12979125976562, 267.0561218261719, 217.85635375976562, 293.0390625], [-0.048939138650894165, 283.6728820800781, 74.04060363769531, 374.81500244140625], [196.12979125976562, 267.0561218261719, 217.85635375976562, 293.0390625], [178.33021545410156, 333.05499267578125, 290.3453674316406, 374.8061218261719], [250.97174072265625, 138.4796905517578, 267.3762512207031, 144.51251220703125], [202.03297424316406, 221.69061279296875, 292.3891906738281, 369.7336120605469], [410.1641540527344, 212.67103576660156, 493.0638427734375, 267.1897888183594], [410.21759033203125, 212.8341522216797, 492.6834716796875, 267.0853576660156], [306.6540222167969, 234.40240478515625, 326.1225891113281, 254.48646545410156], [319.56195068359375, 234.7282257080078, 331.5115661621094, 255.07327270507812], [361.9939880371094, 264.2265319824219, 393.29644775390625, 276.59344482421875], [279.2539367675781, 280.78826904296875, 300.2733154296875, 288.6861267089844], [89.53962707519531, 258.5994873046875, 224.9764862060547, 375.0908508300781], [409.78125, 212.84225463867188, 500.1615905761719, 366.3422546386719], [322.48724365234375, 241.81314086914062, 342.7041320800781, 255.64793395996094], [203.3975372314453, 220.6127166748047, 258.0859680175781, 259.5882568359375], [186.01963806152344, 289.4208679199219, 207.4507293701172, 313.9456787109375], [322.48724365234375, 241.81314086914062, 342.7041320800781, 255.64793395996094], [296.0166015625, 264.91290283203125, 327.2034912109375, 283.4185791015625], [250.1481475830078, 268.5841064453125, 336.9510498046875, 294.8820495605469], [260.3147888183594, 281.99700927734375, 285.3211975097656, 288.82293701171875], [87.74362182617188, 237.00537109375, 138.33895874023438, 373.4353942871094], [254.91195678710938, 276.99566650390625, 303.36474609375, 290.1186828613281], [412.6501159667969, 7.654454708099365, 463.554931640625, 69.81525421142578], [297.7324523925781, 239.2167510986328, 310.2127685546875, 253.452880859375], [434.62176513671875, 297.00994873046875, 499.77825927734375, 374.3122863769531], [340.9568176269531, 256.31134033203125, 361.61077880859375, 284.2975158691406], [297.7324523925781, 239.2167510986328, 310.2127685546875, 253.452880859375], [204.5651092529297, 220.90716552734375, 258.2784118652344, 259.1931457519531], [251.63299560546875, 273.88446044921875, 338.2557067871094, 295.1542663574219], [297.7324523925781, 239.2167510986328, 310.2127685546875, 253.452880859375], [196.12979125976562, 267.0561218261719, 217.85635375976562, 293.0390625], [236.26812744140625, 313.9302062988281, 276.2657775878906, 346.72967529296875], [269.87554931640625, 239.98350524902344, 308.7109680175781, 255.71478271484375], [260.3215026855469, 282.04510498046875, 295.9883117675781, 289.1118469238281], [274.3194885253906, 280.4792175292969, 291.9131774902344, 288.7185363769531], [0.7043182849884033, -0.8647106885910034, 500.69927978515625, 374.1299743652344], [409.78125, 212.84225463867188, 500.1615905761719, 366.3422546386719], [410.21759033203125, 212.8341522216797, 492.6834716796875, 267.0853576660156], [277.03155517578125, 244.8827362060547, 287.00830078125, 250.0386962890625], [177.62840270996094, 331.7478332519531, 227.4483184814453, 356.9700927734375], [277.03155517578125, 244.8827362060547, 287.00830078125, 250.0386962890625], [108.96102905273438, 308.2019348144531, 289.7634582519531, 374.7691650390625], [233.11131286621094, 308.397705078125, 291.1478576660156, 374.4604187011719], [322.48724365234375, 241.81314086914062, 342.7041320800781, 255.64793395996094], [249.78585815429688, 277.1148681640625, 263.6188659667969, 287.8766784667969], [323.28753662109375, 243.05447387695312, 342.5052185058594, 255.74212646484375], [196.12979125976562, 267.0561218261719, 217.85635375976562, 293.0390625], [204.5651092529297, 220.90716552734375, 258.2784118652344, 259.1931457519531], [260.3147888183594, 281.99700927734375, 285.3211975097656, 288.82293701171875], [301.77154541015625, 276.2501220703125, 340.7216491699219, 287.6357421875], [338.6817932128906, 359.84881591796875, 472.0928955078125, 375.16192626953125], [186.01963806152344, 289.4208679199219, 207.4507293701172, 313.9456787109375], [231.00083923339844, 298.53411865234375, 499.2834777832031, 374.56072998046875], [0.20239874720573425, 272.975341796875, 96.0691146850586, 374.44940185546875], [481.864013671875, 295.6062927246094, 499.8982849121094, 373.9140930175781], [317.46148681640625, 233.99124145507812, 329.60772705078125, 255.34640502929688], [204.0, 220.8018798828125, 258.3746643066406, 259.8320007324219], [102.87925720214844, 139.3809814453125, 109.48374938964844, 145.4400634765625], [322.48724365234375, 241.81314086914062, 342.7041320800781, 255.64793395996094], [410.1641540527344, 212.67103576660156, 493.0638427734375, 267.1897888183594], [259.7955017089844, 280.1413879394531, 292.5729064941406, 288.7835388183594], [87.74057006835938, 235.84283447265625, 131.01495361328125, 283.0969543457031], [-0.04349648952484131, 239.2079620361328, 117.01590728759766, 374.1744079589844], [0.20239874720573425, 272.975341796875, 96.0691146850586, 374.44940185546875], [260.3215026855469, 282.04510498046875, 295.9883117675781, 289.1118469238281], [322.48724365234375, 241.81314086914062, 342.7041320800781, 255.64793395996094], [93.30036926269531, 233.6793670654297, 500.5222473144531, 332.3154602050781], [228.10545349121094, 248.5225830078125, 343.0351257324219, 372.03118896484375], [340.3139343261719, 244.04833984375, 362.72113037109375, 259.81231689453125], [277.03155517578125, 244.8827362060547, 287.00830078125, 250.0386962890625], [338.37115478515625, 244.88922119140625, 500.6993408203125, 374.2713928222656], [261.5020446777344, 243.2012939453125, 286.5360107421875, 253.0603790283203], [196.12979125976562, 267.0561218261719, 217.85635375976562, 293.0390625], [88.54142761230469, 219.7941131591797, 257.55908203125, 284.5450439453125], [262.04205322265625, 239.43673706054688, 310.4359436035156, 262.52325439453125], [94.6506118774414, 233.78553771972656, 505.9759521484375, 367.56201171875], [295.8627014160156, 256.435302734375, 314.93536376953125, 282.2781982421875], [90.16072845458984, 259.0334777832031, 116.11661529541016, 326.3050231933594], [233.6077880859375, 243.558837890625, 497.3761901855469, 320.9508361816406], [194.4313201904297, 316.4418029785156, 290.6180419921875, 374.4225769042969], [294.6751708984375, 256.0221862792969, 314.1217956542969, 288.1947021484375], [410.1641540527344, 212.67103576660156, 493.0638427734375, 267.1897888183594], [322.48724365234375, 241.81314086914062, 342.7041320800781, 255.64793395996094], [156.3268280029297, 333.6353454589844, 229.81878662109375, 374.68017578125], [212.67616271972656, 304.5719299316406, 237.55726623535156, 339.0594482421875], [262.04205322265625, 239.43673706054688, 310.4359436035156, 262.52325439453125], [322.48724365234375, 241.81314086914062, 342.7041320800781, 255.64793395996094], [486.3406982421875, 134.60403442382812, 500.210693359375, 144.37718200683594], [410.1641540527344, 212.67103576660156, 493.0638427734375, 267.1897888183594], [340.1854248046875, 244.389404296875, 362.2257995605469, 284.80072021484375], [262.98541259765625, 244.49893188476562, 287.1210632324219, 255.30653381347656], [269.87554931640625, 239.98350524902344, 308.7109680175781, 255.71478271484375], [178.33021545410156, 333.05499267578125, 290.3453674316406, 374.8061218261719], [339.759521484375, 244.6616668701172, 362.7504577636719, 263.3082580566406], [307.1512145996094, 247.81715393066406, 321.44061279296875, 255.58773803710938], [201.0023956298828, 218.2567596435547, 258.406982421875, 232.8113555908203], [435.24029541015625, 332.5582580566406, 499.14190673828125, 374.6553039550781], [339.70440673828125, 245.9537811279297, 352.3592834472656, 263.1007080078125], [465.6626281738281, 123.96622467041016, 500.0343933105469, 223.15541076660156], [263.2324523925781, 253.34613037109375, 310.55279541015625, 263.22015380859375], [91.2461166381836, 257.7645263671875, 360.0038146972656, 374.502197265625], [279.2539367675781, 280.78826904296875, 300.2733154296875, 288.6861267089844], [204.0, 220.8018798828125, 258.3746643066406, 259.8320007324219], [278.3748474121094, 278.16802978515625, 309.60107421875, 288.6535339355469], [203.3975372314453, 220.6127166748047, 258.0859680175781, 259.5882568359375], [473.9383544921875, 257.7789611816406, 499.9243469238281, 371.9466247558594], [298.4769592285156, 275.3858947753906, 339.5325927734375, 287.4125671386719], [88.54142761230469, 219.7941131591797, 257.55908203125, 284.5450439453125], [90.26416015625, 259.0553894042969, 249.2046356201172, 375.44354248046875], [90.76170349121094, 299.41357421875, 331.8265075683594, 375.2834167480469], [89.36984252929688, 258.92578125, 122.0657730102539, 374.85528564453125], [249.78585815429688, 277.1148681640625, 263.6188659667969, 287.8766784667969], [252.8358154296875, 265.0867919921875, 330.71881103515625, 291.00634765625], [91.67255401611328, 232.06039428710938, 500.8967590332031, 373.9527282714844], [120.16223907470703, 140.506103515625, 145.87890625, 145.29083251953125], [338.6817932128906, 359.84881591796875, 472.0928955078125, 375.16192626953125], [274.0848693847656, 280.9593505859375, 311.1050720214844, 290.797119140625], [141.5894775390625, 325.584716796875, 193.34588623046875, 341.7497863769531], [191.26248168945312, 289.4186706542969, 206.06834411621094, 301.31463623046875], [-0.062249600887298584, 246.1825714111328, 200.69650268554688, 374.9967956542969], [253.13914489746094, 271.11322021484375, 335.60467529296875, 291.7944030761719], [186.01963806152344, 289.4208679199219, 207.4507293701172, 313.9456787109375], [107.1861572265625, 310.06396484375, 228.999267578125, 374.9344787597656], [252.15370178222656, 279.76654052734375, 265.0900573730469, 288.0038757324219], [254.91195678710938, 276.99566650390625, 303.36474609375, 290.1186828613281], [262.98541259765625, 244.49893188476562, 287.1210632324219, 255.30653381347656], [186.01963806152344, 289.4208679199219, 207.4507293701172, 313.9456787109375], [107.5239486694336, 308.18048095703125, 288.9001770019531, 375.0344543457031], [186.01963806152344, 289.4208679199219, 207.4507293701172, 313.9456787109375], [361.9939880371094, 264.2265319824219, 393.29644775390625, 276.59344482421875], [261.3015441894531, 242.79002380371094, 269.349609375, 250.44992065429688], [409.78125, 212.84225463867188, 500.1615905761719, 366.3422546386719], [261.5020446777344, 243.2012939453125, 286.5360107421875, 253.0603790283203], [306.62713623046875, 247.37074279785156, 343.2312316894531, 263.02227783203125], [279.2539367675781, 280.78826904296875, 300.2733154296875, 288.6861267089844], [186.01963806152344, 289.4208679199219, 207.4507293701172, 313.9456787109375], [262.98541259765625, 244.49893188476562, 287.1210632324219, 255.30653381347656], [295.05389404296875, 251.90478515625, 312.2354736328125, 284.2309265136719], [0.24840235710144043, -0.3666020929813385, 500.2433166503906, 374.62896728515625], [-0.04349648952484131, 239.2079620361328, 117.01590728759766, 374.1744079589844], [307.1512145996094, 247.81715393066406, 321.44061279296875, 255.58773803710938], [262.04205322265625, 239.43673706054688, 310.4359436035156, 262.52325439453125], [469.385009765625, 223.30447387695312, 500.1763610839844, 363.56903076171875], [90.43094635009766, 258.8111267089844, 210.6551513671875, 375.22515869140625], [409.78125, 212.84225463867188, 500.1615905761719, 366.3422546386719], [239.0022430419922, 255.11026000976562, 341.7226257324219, 295.7184143066406], [295.05389404296875, 251.90478515625, 312.2354736328125, 284.2309265136719], [410.01580810546875, 212.553955078125, 500.0033874511719, 316.27105712890625], [338.3826904296875, 294.2464904785156, 499.757568359375, 374.6802673339844], [204.5651092529297, 220.90716552734375, 258.2784118652344, 259.1931457519531], [322.48724365234375, 241.81314086914062, 342.7041320800781, 255.64793395996094], [275.0343322753906, 240.7604217529297, 307.94622802734375, 256.618896484375], [391.0494384765625, 295.7724304199219, 500.89263916015625, 373.9369201660156], [88.54142761230469, 219.7941131591797, 257.55908203125, 284.5450439453125], [279.2539367675781, 280.78826904296875, 300.2733154296875, 288.6861267089844], [235.6246337890625, 305.4797058105469, 499.50189208984375, 374.3638610839844], [301.77154541015625, 276.2501220703125, 340.7216491699219, 287.6357421875], [212.67616271972656, 304.5719299316406, 237.55726623535156, 339.0594482421875], [105.59805297851562, 224.71920776367188, 224.6178436279297, 345.8868408203125], [156.0443878173828, 332.8958435058594, 229.92855834960938, 374.63250732421875], [307.1512145996094, 247.81715393066406, 321.44061279296875, 255.58773803710938], [251.63299560546875, 273.88446044921875, 338.2557067871094, 295.1542663574219], [91.35823822021484, 239.9202880859375, 225.19468688964844, 374.2904357910156], [297.7324523925781, 239.2167510986328, 310.2127685546875, 253.452880859375]), Score: [0.9458633661270142, 0.8974668979644775, 0.6799677014350891, 0.6505320072174072, 0.6457449793815613, 0.596399188041687, 0.5389823913574219, 0.5108442902565002, 0.505469799041748, 0.4562636613845825, 0.40502098202705383, 0.38254088163375854, 0.3450368046760559, 0.3260958790779114, 0.32277029752731323, 0.3152400255203247, 0.29759442806243896, 0.2538374364376068, 0.2516447901725769, 0.2506430745124817, 0.23735268414020538, 0.23643815517425537, 0.21548838913440704, 0.2133447229862213, 0.1947457194328308, 0.1898851990699768, 0.18660075962543488, 0.18285055458545685, 0.17906001210212708, 0.17760169506072998, 0.1771615892648697, 0.17297130823135376, 0.1688368022441864, 0.1591053456068039, 0.1587340235710144, 0.15179504454135895, 0.14830602705478668, 0.1469954401254654, 0.14480288326740265, 0.14405101537704468, 0.14223283529281616, 0.14222723245620728, 0.13794592022895813, 0.13774187862873077, 0.13345567882061005, 0.13257412612438202, 0.13234831392765045, 0.13204878568649292, 0.13173756003379822, 0.12879252433776855, 0.12803439795970917, 0.12665650248527527, 0.12662504613399506, 0.12503249943256378, 0.12467638403177261, 0.12384531646966934, 0.118930883705616, 0.11872189491987228, 0.118684783577919, 0.11730145663022995, 0.11719003319740295, 0.1150984913110733, 0.11498542129993439, 0.11454108357429504, 0.11412905901670456, 0.11370790749788284, 0.11338753998279572, 0.10991300642490387, 0.10943540185689926, 0.10938083380460739, 0.1093420758843422, 0.10860912501811981, 0.10831815749406815, 0.10477538406848907, 0.10458926856517792, 0.10457055270671844, 0.10391020029783249, 0.10360846668481827, 0.10271168500185013, 0.10248514264822006, 0.10194440931081772, 0.10162683576345444, 0.10104995965957642, 0.10090100765228271, 0.10046727955341339, 0.10021131485700607, 0.09933323413133621, 0.0992586687207222, 0.09913469105958939, 0.09867231547832489, 0.09819629043340683, 0.0981307402253151, 0.09739680588245392, 0.09726452827453613, 0.09657405316829681, 0.09570631384849548, 0.09561403840780258, 0.0949549749493599, 0.093594491481781, 0.09318914264440536, 0.0924781858921051, 0.09146569669246674, 0.09131935238838196, 0.09051962941884995, 0.08884541690349579, 0.0872003510594368, 0.08690652251243591, 0.08670878410339355, 0.08537092059850693, 0.08504420518875122, 0.0845538005232811, 0.0843191146850586, 0.08422517031431198, 0.08370695263147354, 0.082526296377182, 0.08249703049659729, 0.08247492462396622, 0.08160962909460068, 0.08125847578048706, 0.08072520047426224, 0.08071160316467285, 0.07976894080638885, 0.07972250133752823, 0.07940296828746796, 0.07938317209482193, 0.07937761396169662, 0.07935390621423721, 0.07900076359510422, 0.07887248694896698, 0.07880493998527527, 0.07855630666017532, 0.07832012325525284, 0.077848419547081, 0.07784609496593475, 0.07768517732620239, 0.07741592079401016, 0.07670166343450546, 0.07625454664230347, 0.07593122124671936, 0.07584425806999207, 0.07572906464338303, 0.07515750825405121, 0.07459552586078644, 0.07403680682182312, 0.07385233789682388, 0.07335640490055084, 0.07293248921632767, 0.07292582094669342, 0.07244710624217987, 0.07227823138237, 0.07134366035461426, 0.07120946049690247, 0.07100816816091537, 0.07095397263765335, 0.0709114596247673, 0.0705992728471756, 0.06970852613449097, 0.0696026086807251, 0.06943503022193909, 0.06932000070810318, 0.06930159032344818, 0.0692887231707573, 0.06923707574605942, 0.0689229965209961, 0.06890236586332321, 0.06879747658967972, 0.06767342239618301, 0.06767255067825317, 0.06759220361709595, 0.06749486923217773, 0.06736917048692703, 0.06728307157754898, 0.06726643443107605, 0.06718835979700089, 0.0671706274151802, 0.06684720516204834, 0.06665059924125671, 0.06634902209043503, 0.06599459052085876, 0.06581520289182663, 0.06530161201953888, 0.06526128202676773, 0.065215103328228, 0.06521404534578323, 0.06492160260677338, 0.06491690874099731, 0.06480255722999573, 0.06442438066005707, 0.06435438245534897, 0.06427992880344391, 0.06418249756097794, 0.06401370465755463, 0.06397071480751038, 0.06341467052698135, 0.06307952851057053, 0.0630444809794426, 0.06291612982749939, 0.06283246725797653, 0.06267302483320236, 0.0624653585255146, 0.062454137951135635, 0.06229184940457344, 0.062183212488889694, 0.06217934936285019, 0.061956193298101425, 0.06159801036119461, 0.06149456277489662, 0.06149319186806679, 0.06132861226797104, 0.061318203806877136, 0.06105032190680504, 0.06086806580424309, 0.0608585923910141, 0.06084398552775383, 0.0607651025056839, 0.060715239495038986, 0.06040988862514496, 0.06032831594347954, 0.06025248393416405, 0.060185909271240234, 0.06016857177019119, 0.059906255453825, 0.05981266126036644, 0.05975889042019844, 0.05965644121170044, 0.059457551687955856, 0.05888039618730545, 0.058852799236774445, 0.058827437460422516, 0.058668624609708786, 0.05816212669014931, 0.05813665688037872, 0.057859472930431366, 0.05776391550898552, 0.05771942064166069, 0.0577012337744236, 0.05762315168976784, 0.0573807917535305, 0.05705764889717102, 0.05703635513782501, 0.056944116950035095, 0.05677003413438797, 0.056636445224285126, 0.056351590901613235, 0.05624005198478699, 0.055775318294763565, 0.05531212314963341, 0.05500637739896774, 0.05441499501466751, 0.05413300544023514, 0.05413098633289337, 0.053988490253686905, 0.05371047183871269, 0.05352889001369476, 0.053524818271398544, 0.05352088809013367, 0.053262658417224884, 0.0532112754881382, 0.05318934842944145, 0.05300741270184517, 0.05280067399144173, 0.05279406160116196, 0.052705805748701096, 0.05266806110739708, 0.05240722745656967, 0.05218986049294472, 0.05216558277606964, 0.05213593319058418, 0.05205417796969414, 0.052033424377441406, 0.05151257663965225, 0.051416512578725815, 0.051330190151929855, 0.05124441906809807, 0.05120665207505226, 0.05114708095788956, 0.050855427980422974, 0.0506492555141449, 0.050569888204336166, 0.05053379759192467, 0.05040794983506203, 0.05037000775337219, 0.050193920731544495, 0.04987543821334839, 0.04978329688310623, 0.049757178872823715, 0.04966582730412483, 0.04940056428313255, 0.049339648336172104, 0.04925396665930748, 0.049089882522821426, 0.04899492859840393, 0.04892689734697342, 0.048768408596515656, 0.04870135337114334, 0.04855051264166832, 0.04853111132979393, 0.04853071644902229, 0.04834351688623428, 0.04828038439154625]

Execution time: 0.4095 sec
