Label: tensor([15, 58, 39, 58, 58, 69, 71, 39, 41, 71, 58, 39, 68, 75, 39, 75, 75, 75,
        69, 70, 41, 75, 39, 72, 41, 41, 75, 39, 41, 26, 39, 39, 69, 41, 44, 75,
        58, 41, 39, 71, 39, 41, 41, 39, 39, 58, 45, 41, 75, 41, 75, 71, 69, 58,
        58, 39, 39, 72, 58, 44, 79, 43, 39, 79, 41, 43, 39, 45, 39, 68, 43, 75,
        41, 41, 41, 41, 69, 45, 58, 75, 39, 75, 39, 74, 58, 41, 26, 41, 58, 45,
        39, 41, 39, 47, 75, 79, 58, 45, 58, 58, 72, 71, 70, 39, 41, 58, 58, 69,
        41, 39, 41, 69, 39, 75, 75, 75, 44, 44, 44, 44, 75, 69, 72, 39, 44, 58,
        46, 43, 71, 45, 74, 44, 75, 39, 72, 48, 58, 44, 71, 75, 72, 75, 69, 41,
        45, 41, 41, 41, 41, 41, 45, 71, 39, 45, 79, 58, 43, 69, 45, 45, 44, 75,
        45, 39, 58, 55, 75, 73, 71, 69, 72, 45, 75, 71, 39, 39, 72, 44, 39, 41,
        71, 41, 62, 58, 75, 73, 43, 69, 41, 44, 41, 39, 43, 71, 75, 41, 75, 39,
        75, 70, 69, 39, 68, 73, 45, 44, 45,  2, 39, 72, 41, 73, 68, 39, 39, 39,
        39, 16, 75, 75, 72, 41, 68, 79, 75, 41, 39, 69, 75, 39, 75, 69, 72, 72,
        46, 15, 79, 58, 73, 79, 62, 43, 39, 69, 58, 56, 45, 76, 58, 79, 67, 39,
        39, 75, 75, 43, 75, 41, 43, 58, 41, 79, 73, 55, 67, 41, 39, 75, 41, 75,
        39, 39, 75, 75, 44, 75, 44, 43, 45, 28, 48, 73, 74, 56, 72, 69, 45, 45,
        72, 47, 55, 62, 67, 39, 58, 74, 75, 79, 75, 75]), Box: ([340.18707275390625, 157.3936309814453, 403.43243408203125, 310.314697265625], [291.3605041503906, 95.05923461914062, 335.8772888183594, 139.6182098388672], [47.540122985839844, 144.69927978515625, 69.83128356933594, 212.0071258544922], [367.1417541503906, 88.63507080078125, 419.58221435546875, 145.37156677246094], [332.61993408203125, 104.17432403564453, 360.9699401855469, 141.373779296875], [0.14886446297168732, 209.08883666992188, 58.135189056396484, 374.5408935546875], [254.09210205078125, 199.69578552246094, 344.7070007324219, 240.97247314453125], [22.965553283691406, 166.27745056152344, 46.84300994873047, 215.45628356933594], [66.97423553466797, 156.83770751953125, 96.41426849365234, 210.05223083496094], [199.87490844726562, 189.45458984375, 344.4029846191406, 241.42959594726562], [348.2118225097656, 100.83573913574219, 374.3298645019531, 138.72108459472656], [13.687368392944336, 154.00767517089844, 26.45451545715332, 207.93226623535156], [94.0993881225586, 159.5913848876953, 139.77052307128906, 196.7257537841797], [336.5153503417969, 115.53829956054688, 360.2521057128906, 141.26734924316406], [446.3788146972656, 204.62579345703125, 468.5863342285156, 258.49945068359375], [336.72882080078125, 123.39727020263672, 347.8046569824219, 140.9886474609375], [303.88031005859375, 117.42559814453125, 328.6180114746094, 139.84991455078125], [290.0205383300781, 121.67704010009766, 305.4184265136719, 137.22242736816406], [304.6080017089844, 263.77899169921875, 463.5577697753906, 375.13677978515625], [94.0993881225586, 159.5913848876953, 139.77052307128906, 196.7257537841797], [411.30224609375, 227.78036499023438, 428.2713928222656, 245.64468383789062], [381.18011474609375, 120.2186279296875, 410.0408630371094, 145.38941955566406], [442.732177734375, 196.79750061035156, 462.9803466796875, 236.23558044433594], [455.8339538574219, 0.5745962262153625, 499.9792175292969, 375.5216064453125], [222.98587036132812, 170.57955932617188, 236.8223114013672, 187.91357421875], [67.72050476074219, 168.4130859375, 96.30337524414062, 209.94937133789062], [368.5855712890625, 122.3257827758789, 379.6073303222656, 144.30470275878906], [48.55683135986328, 144.55027770996094, 66.29124450683594, 167.1884307861328], [442.732177734375, 196.79750061035156, 462.9803466796875, 236.23558044433594], [0.02707168459892273, 296.2295227050781, 23.023353576660156, 371.5068054199219], [237.7561798095703, 132.91729736328125, 266.3080749511719, 189.9375457763672], [443.5351257324219, 196.83401489257812, 468.4137268066406, 257.3146667480469], [304.4496154785156, 232.2487030029297, 463.80322265625, 375.0484619140625], [22.965553283691406, 166.27745056152344, 46.84300994873047, 215.45628356933594], [18.890018463134766, 153.75741577148438, 28.119749069213867, 168.662353515625], [368.7436828613281, 126.02560424804688, 383.49530029296875, 144.58868408203125], [334.8017883300781, 98.78631591796875, 378.07421875, 141.19036865234375], [237.7561798095703, 132.91729736328125, 266.3080749511719, 189.9375457763672], [368.5855712890625, 122.3257827758789, 379.6073303222656, 144.30470275878906], [269.035400390625, 187.87701416015625, 416.0729675292969, 239.77618408203125], [222.98587036132812, 170.57955932617188, 236.8223114013672, 187.91357421875], [290.0205383300781, 121.67704010009766, 305.4184265136719, 137.22242736816406], [67.64205169677734, 168.65074157714844, 96.17524719238281, 209.87123107910156], [395.0663757324219, 151.39010620117188, 410.06768798828125, 215.2827606201172], [399.9230041503906, 177.6678466796875, 410.09906005859375, 214.68380737304688], [290.24603271484375, 98.95494079589844, 307.91058349609375, 137.309814453125], [411.30224609375, 227.78036499023438, 428.2713928222656, 245.64468383789062], [66.72666931152344, 156.69342041015625, 94.44813537597656, 170.5020751953125], [399.9230041503906, 177.6678466796875, 410.09906005859375, 214.68380737304688], [425.1894836425781, 214.88247680664062, 444.7721862792969, 237.72702026367188], [356.56829833984375, 116.27018737792969, 368.9093322753906, 138.4346466064453], [300.02606201171875, 185.030517578125, 417.0340270996094, 239.67323303222656], [94.0720443725586, 159.7003631591797, 139.8101348876953, 197.63888549804688], [365.7739562988281, 99.03558349609375, 383.7529602050781, 144.16238403320312], [290.322509765625, 99.6603012084961, 307.3622741699219, 137.33950805664062], [18.890018463134766, 153.75741577148438, 28.119749069213867, 168.662353515625], [0.51860511302948, 157.6480712890625, 19.396093368530273, 210.9808807373047], [399.3241271972656, 1.5397891998291016, 499.99041748046875, 375.69415283203125], [305.68603515625, 95.78611755371094, 335.1910400390625, 139.66751098632812], [23.11690902709961, 152.8271026611328, 32.361976623535156, 167.66323852539062], [18.890018463134766, 153.75741577148438, 28.119749069213867, 168.662353515625], [23.11690902709961, 152.8271026611328, 32.361976623535156, 167.66323852539062], [365.9609680175781, 104.82487487792969, 380.27178955078125, 144.2611083984375], [23.11690902709961, 152.8271026611328, 32.361976623535156, 167.66323852539062], [381.18011474609375, 120.2186279296875, 410.0408630371094, 145.38941955566406], [18.890018463134766, 153.75741577148438, 28.119749069213867, 168.662353515625], [394.7645568847656, 152.52667236328125, 416.2330017089844, 216.5812225341797], [425.1894836425781, 214.88247680664062, 444.7721862792969, 237.72702026367188], [66.97423553466797, 156.83770751953125, 96.41426849365234, 210.05223083496094], [94.0720443725586, 159.7003631591797, 139.8101348876953, 197.63888549804688], [26.45540428161621, 153.31033325195312, 34.33657455444336, 166.69888305664062], [237.7561798095703, 132.91729736328125, 266.3080749511719, 189.9375457763672], [446.3788146972656, 204.62579345703125, 468.5863342285156, 258.49945068359375], [411.13543701171875, 218.5009765625, 429.10565185546875, 245.98806762695312], [23.12282943725586, 166.79690551757812, 46.81694412231445, 215.29908752441406], [303.88031005859375, 117.42559814453125, 328.6180114746094, 139.84991455078125], [-0.14528818428516388, 154.04534912109375, 58.08237075805664, 374.8781433105469], [381.18011474609375, 120.2186279296875, 410.0408630371094, 145.38941955566406], [320.7900390625, 103.48274230957031, 336.3150939941406, 137.97532653808594], [368.5518493652344, 118.43798828125, 382.2033386230469, 144.45094299316406], [23.11690902709961, 152.8271026611328, 32.361976623535156, 167.66323852539062], [355.7320251464844, 116.26317596435547, 365.2855224609375, 138.21080017089844], [248.2082061767578, 123.2757797241211, 256.0146179199219, 134.02780151367188], [94.0993881225586, 159.5913848876953, 139.77052307128906, 196.7257537841797], [371.1987609863281, 89.64109802246094, 418.5879211425781, 145.26881408691406], [243.759033203125, 162.0035400390625, 265.2722473144531, 189.287841796875], [141.81040954589844, 164.11302185058594, 210.11550903320312, 195.4075469970703], [47.512264251708984, 168.86962890625, 69.57835388183594, 211.6373748779297], [303.88031005859375, 117.42559814453125, 328.6180114746094, 139.84991455078125], [402.9319763183594, 218.7617950439453, 428.86883544921875, 244.89840698242188], [368.5518493652344, 118.43798828125, 382.2033386230469, 144.45094299316406], [336.5153503417969, 115.53829956054688, 360.2521057128906, 141.26734924316406], [13.289292335510254, 153.7888641357422, 36.51995086669922, 204.00184631347656], [290.0205383300781, 121.67704010009766, 305.4184265136719, 137.22242736816406], [376.7226867675781, 128.1704864501953, 383.3499450683594, 139.73892211914062], [26.03624153137207, 159.7169952392578, 32.47796630859375, 167.4431915283203], [365.9609680175781, 104.82487487792969, 380.27178955078125, 144.2611083984375], [303.88031005859375, 117.42559814453125, 328.6180114746094, 139.84991455078125], [381.18011474609375, 120.2186279296875, 410.0408630371094, 145.38941955566406], [348.3630065917969, 97.35905456542969, 388.4886169433594, 144.1719207763672], [304.6080017089844, 263.77899169921875, 463.5577697753906, 375.13677978515625], [256.3177490234375, 191.00477600097656, 465.1330261230469, 304.9162292480469], [94.0720443725586, 159.7003631591797, 139.8101348876953, 197.63888549804688], [290.0205383300781, 121.67704010009766, 305.4184265136719, 137.22242736816406], [443.3789978027344, 196.7905731201172, 462.4819030761719, 217.97080993652344], [393.186767578125, 89.14468383789062, 419.4765319824219, 142.61753845214844], [394.7645568847656, 152.52667236328125, 416.2330017089844, 216.5812225341797], [233.08692932128906, 256.6100158691406, 462.6319274902344, 375.2074279785156], [47.138423919677734, 169.20603942871094, 69.5430679321289, 211.4773406982422], [18.509183883666992, 153.96263122558594, 28.042991638183594, 196.2753448486328], [80.2614517211914, 157.24301147460938, 94.23268127441406, 170.070068359375], [301.6622009277344, 177.3275909423828, 464.4388427734375, 374.49200439453125], [1.2453422546386719, 154.88107299804688, 23.693115234375, 210.38365173339844], [23.12282943725586, 166.79690551757812, 46.81694412231445, 215.29908752441406], [368.7297058105469, 126.07946014404297, 379.5335998535156, 144.38636779785156], [398.824462890625, 176.82130432128906, 412.6930847167969, 218.72589111328125], [26.45540428161621, 153.31033325195312, 34.33657455444336, 166.69888305664062], [26.03624153137207, 159.7169952392578, 32.47796630859375, 167.4431915283203], [405.93316650390625, 240.07960510253906, 427.2378234863281, 247.7991485595703], [420.92987060546875, 218.5499725341797, 428.1239929199219, 229.42913818359375], [290.2341003417969, 121.68230438232422, 305.47369384765625, 137.32986450195312], [94.0993881225586, 159.5913848876953, 139.77052307128906, 196.7257537841797], [421.9820861816406, 105.0964126586914, 472.5646057128906, 371.91766357421875], [47.933292388916016, 144.70947265625, 69.2059326171875, 210.5547332763672], [22.562829971313477, 153.21714782714844, 29.35280418395996, 166.2607879638672], [336.5153503417969, 115.53829956054688, 360.2521057128906, 141.26734924316406], [261.0785217285156, 193.1247100830078, 289.3045654296875, 204.5911102294922], [26.03624153137207, 159.7169952392578, 32.47796630859375, 167.4431915283203], [198.3974609375, 184.99014282226562, 466.1112365722656, 265.44976806640625], [437.6178283691406, 248.14541625976562, 465.42669677734375, 268.6815185546875], [290.0205383300781, 121.67704010009766, 305.4184265136719, 137.22242736816406], [420.5971374511719, 218.3643341064453, 429.2454833984375, 236.94895935058594], [222.98587036132812, 170.57955932617188, 236.8223114013672, 187.91357421875], [246.82359313964844, 118.50162506103516, 256.76708984375, 134.3385009765625], [396.7248840332031, 0.599004328250885, 501.55914306640625, 375.0203857421875], [425.1894836425781, 214.88247680664062, 444.7721862792969, 237.72702026367188], [290.0205383300781, 121.67704010009766, 305.4184265136719, 137.22242736816406], [13.687368392944336, 154.00767517089844, 26.45451545715332, 207.93226623535156], [196.88082885742188, 179.87184143066406, 465.48516845703125, 305.8642883300781], [365.9609680175781, 104.82487487792969, 380.27178955078125, 144.2611083984375], [455.6376647949219, 108.19860076904297, 500.22381591796875, 374.0138854980469], [335.8390808105469, 117.57422637939453, 360.310546875, 141.58409118652344], [1.2472271919250488, 208.6119384765625, 464.5425720214844, 375.450927734375], [368.5855712890625, 122.3257827758789, 379.6073303222656, 144.30470275878906], [290.0205383300781, 121.67704010009766, 305.4184265136719, 137.22242736816406], [368.7297058105469, 126.07946014404297, 379.5335998535156, 144.38636779785156], [381.1166076660156, 120.31978607177734, 410.3346252441406, 145.6521759033203], [443.5351257324219, 196.83401489257812, 468.4137268066406, 257.3146667480469], [405.48291015625, 228.1625518798828, 428.75555419921875, 248.1691131591797], [399.9230041503906, 177.6678466796875, 410.09906005859375, 214.68380737304688], [261.0785217285156, 193.1247100830078, 289.3045654296875, 204.5911102294922], [313.84332275390625, 193.8313751220703, 340.5363464355469, 205.21405029296875], [34.2181396484375, 166.09423828125, 46.95267868041992, 212.1453399658203], [94.0993881225586, 159.5913848876953, 139.77052307128906, 196.7257537841797], [26.45540428161621, 153.31033325195312, 34.33657455444336, 166.69888305664062], [334.70867919921875, 104.89413452148438, 358.6967468261719, 141.25328063964844], [22.562829971313477, 153.21714782714844, 29.35280418395996, 166.2607879638672], [196.4453582763672, 160.41769409179688, 465.2599182128906, 374.8699951171875], [405.48291015625, 228.1625518798828, 428.75555419921875, 248.1691131591797], [411.13543701171875, 218.5009765625, 429.10565185546875, 245.98806762695312], [25.043567657470703, 152.92457580566406, 32.29839324951172, 167.23324584960938], [381.1166076660156, 120.31978607177734, 410.3346252441406, 145.6521759033203], [66.72666931152344, 156.69342041015625, 94.44813537597656, 170.5020751953125], [23.12282943725586, 166.79690551757812, 46.81694412231445, 215.29908752441406], [368.5518493652344, 118.43798828125, 382.2033386230469, 144.45094299316406], [425.1894836425781, 214.88247680664062, 444.7721862792969, 237.72702026367188], [327.710693359375, 120.38131713867188, 336.69256591796875, 135.56927490234375], [356.56829833984375, 116.27018737792969, 368.9093322753906, 138.4346466064453], [339.3148193359375, 170.40994262695312, 418.8907775878906, 220.31996154785156], [365.5133361816406, 277.18414306640625, 463.5612487792969, 375.1893615722656], [0.14886446297168732, 209.08883666992188, 58.135189056396484, 374.5408935546875], [336.5153503417969, 115.53829956054688, 360.2521057128906, 141.26734924316406], [334.70867919921875, 104.89413452148438, 358.6967468261719, 141.25328063964844], [197.865478515625, 183.9816436767578, 465.1448059082031, 296.7267150878906], [411.13543701171875, 218.5009765625, 429.10565185546875, 245.98806762695312], [327.710693359375, 120.38131713867188, 336.69256591796875, 135.56927490234375], [404.0614318847656, -0.3065429627895355, 499.6987609863281, 374.325927734375], [19.648332595825195, 154.54830932617188, 26.67315673828125, 167.7586669921875], [16.056068420410156, 156.0395050048828, 26.840959548950195, 198.95394897460938], [68.18656921386719, 170.6080322265625, 94.60885620117188, 196.61929321289062], [204.27987670898438, 188.5218963623047, 322.67694091796875, 216.66896057128906], [402.9319763183594, 218.7617950439453, 428.86883544921875, 244.89840698242188], [381.18011474609375, 120.2186279296875, 410.0408630371094, 145.38941955566406], [348.7132568359375, 100.78390502929688, 371.5943908691406, 116.96593475341797], [329.8010559082031, 119.76895904541016, 338.761962890625, 135.65945434570312], [204.27987670898438, 188.5218963623047, 322.67694091796875, 216.66896057128906], [25.043567657470703, 152.92457580566406, 32.29839324951172, 167.23324584960938], [0.03878399729728699, 258.6623840332031, 57.54861831665039, 374.64691162109375], [246.2366943359375, 161.5028533935547, 262.9478759765625, 189.39059448242188], [330.7972412109375, 150.71331787109375, 339.1683044433594, 197.47982788085938], [236.93234252929688, 132.9488525390625, 264.447998046875, 148.72621154785156], [18.573150634765625, 154.13790893554688, 27.688827514648438, 178.21502685546875], [13.687368392944336, 154.00767517089844, 26.45451545715332, 207.93226623535156], [196.4453582763672, 160.41769409179688, 465.2599182128906, 374.8699951171875], [222.9819793701172, 170.60104370117188, 236.8013153076172, 188.0514678955078], [336.72882080078125, 123.39727020263672, 347.8046569824219, 140.9886474609375], [47.933292388916016, 144.70947265625, 69.2059326171875, 210.5547332763672], [443.3789978027344, 196.7905731201172, 462.4819030761719, 217.97080993652344], [332.61993408203125, 104.17432403564453, 360.9699401855469, 141.373779296875], [141.81040954589844, 164.11302185058594, 210.11550903320312, 195.4075469970703], [299.91424560546875, 197.17039489746094, 464.8197326660156, 374.2499084472656], [356.56829833984375, 116.27018737792969, 368.9093322753906, 138.4346466064453], [0.1656748354434967, 211.26222229003906, 58.263492584228516, 374.0835876464844], [327.710693359375, 120.38131713867188, 336.69256591796875, 135.56927490234375], [141.81040954589844, 164.11302185058594, 210.11550903320312, 195.4075469970703], [19.87428855895996, 153.05923461914062, 26.94892692565918, 162.143310546875], [381.1166076660156, 120.31978607177734, 410.3346252441406, 145.6521759033203], [261.0785217285156, 193.1247100830078, 289.3045654296875, 204.5911102294922], [26.03624153137207, 159.7169952392578, 32.47796630859375, 167.4431915283203], [398.5125427246094, 0.47238171100616455, 500.5639343261719, 374.3374938964844], [247.8279266357422, 164.50682067871094, 263.9891662597656, 189.12738037109375], [13.687368392944336, 154.00767517089844, 26.45451545715332, 207.93226623535156], [266.7428894042969, 139.67929077148438, 286.57025146484375, 187.79052734375], [398.824462890625, 176.82130432128906, 412.6930847167969, 218.72589111328125], [26.45540428161621, 153.31033325195312, 34.33657455444336, 166.69888305664062], [309.6537780761719, 181.82989501953125, 321.6048889160156, 196.37667846679688], [355.7320251464844, 116.26317596435547, 365.2855224609375, 138.21080017089844], [340.1200866699219, 157.0421142578125, 403.47265625, 309.682373046875], [22.965553283691406, 166.27745056152344, 46.84300994873047, 215.45628356933594], [401.6907958984375, 120.94869232177734, 411.5911865234375, 141.46810913085938], [0.03878399729728699, 258.6623840332031, 57.54861831665039, 374.64691162109375], [290.2341003417969, 121.68230438232422, 305.47369384765625, 137.32986450195312], [304.6080017089844, 263.77899169921875, 463.5577697753906, 375.13677978515625], [330.7972412109375, 150.71331787109375, 339.1683044433594, 197.47982788085938], [374.5625305175781, 119.3607406616211, 383.0055847167969, 128.8824005126953], [309.6537780761719, 181.82989501953125, 321.6048889160156, 196.37667846679688], [395.7330017089844, 150.62139892578125, 404.4073181152344, 168.30331420898438], [45.50542068481445, 215.82644653320312, 463.24365234375, 374.9222106933594], [348.2118225097656, 100.83573913574219, 374.3298645019531, 138.72108459472656], [47.512264251708984, 168.86962890625, 69.57835388183594, 211.6373748779297], [337.5876159667969, 130.67019653320312, 344.6195983886719, 141.06283569335938], [369.7547607421875, 277.7666931152344, 463.8589172363281, 375.25982666015625], [319.17828369140625, -0.007789582014083862, 499.4678039550781, 374.8953552246094], [0.1656748354434967, 211.26222229003906, 58.263492584228516, 374.0835876464844], [425.1894836425781, 214.88247680664062, 444.7721862792969, 237.72702026367188], [340.1200866699219, 157.0421142578125, 403.47265625, 309.682373046875], [22.562829971313477, 153.21714782714844, 29.35280418395996, 166.2607879638672], [348.82159423828125, 100.95301818847656, 372.45458984375, 117.7085952758789], [355.7320251464844, 116.26317596435547, 365.2855224609375, 138.21080017089844], [13.687368392944336, 154.00767517089844, 26.45451545715332, 207.93226623535156], [94.0993881225586, 159.5913848876953, 139.77052307128906, 196.7257537841797], [19.648332595825195, 154.54830932617188, 26.67315673828125, 167.7586669921875], [290.2341003417969, 121.68230438232422, 305.47369384765625, 137.32986450195312], [0.12049265205860138, 209.17721557617188, 43.11753845214844, 262.4967956542969], [381.1166076660156, 120.31978607177734, 410.3346252441406, 145.6521759033203], [0.02707168459892273, 296.2295227050781, 23.023353576660156, 371.5068054199219], [260.9322814941406, 191.57742309570312, 300.5885314941406, 204.87925720214844], [420.92987060546875, 218.5499725341797, 428.1239929199219, 229.42913818359375], [368.5855712890625, 122.3257827758789, 379.6073303222656, 144.30470275878906], [420.92987060546875, 218.5499725341797, 428.1239929199219, 229.42913818359375], [96.28485870361328, 137.59539794921875, 112.10511016845703, 161.49815368652344], [329.8010559082031, 119.76895904541016, 338.761962890625, 135.65945434570312], [327.4685974121094, 114.75774383544922, 337.14434814453125, 135.91014099121094], [394.7645568847656, 152.52667236328125, 416.2330017089844, 216.5812225341797], [237.5597381591797, 132.9476318359375, 265.8190002441406, 189.76766967773438], [420.92987060546875, 218.5499725341797, 428.1239929199219, 229.42913818359375], [402.27630615234375, 184.2678985595703, 408.8070068359375, 213.65122985839844], [0.51860511302948, 157.6480712890625, 19.396093368530273, 210.9808807373047], [330.7972412109375, 150.71331787109375, 339.1683044433594, 197.47982788085938], [294.4453430175781, 98.34349822998047, 371.5550842285156, 140.49716186523438], [398.824462890625, 176.82130432128906, 412.6930847167969, 218.72589111328125], [395.0663757324219, 151.39010620117188, 410.06768798828125, 215.2827606201172], [399.9230041503906, 177.6678466796875, 410.09906005859375, 214.68380737304688], [411.30224609375, 227.78036499023438, 428.2713928222656, 245.64468383789062], [261.0785217285156, 193.1247100830078, 289.3045654296875, 204.5911102294922], [368.7436828613281, 126.02560424804688, 383.49530029296875, 144.58868408203125], [45.98946762084961, 151.82456970214844, 69.98087310791016, 212.71595764160156], [377.37176513671875, 119.75768280029297, 383.8203125, 128.70716857910156], [447.70758056640625, 205.80442810058594, 468.404052734375, 242.8690185546875], [442.732177734375, 196.79750061035156, 462.9803466796875, 236.23558044433594], [447.70758056640625, 205.80442810058594, 468.404052734375, 242.8690185546875], [320.7900390625, 103.48274230957031, 336.3150939941406, 137.97532653808594], [399.361083984375, 112.9458999633789, 419.1877746582031, 141.396240234375], [0.51860511302948, 157.6480712890625, 19.396093368530273, 210.9808807373047], [18.509183883666992, 153.96263122558594, 28.042991638183594, 196.2753448486328], [66.97423553466797, 156.83770751953125, 96.41426849365234, 210.05223083496094], [411.13543701171875, 218.5009765625, 429.10565185546875, 245.98806762695312], [19.87428855895996, 153.05923461914062, 26.94892692565918, 162.143310546875], [222.98587036132812, 170.57955932617188, 236.8223114013672, 187.91357421875], [141.81040954589844, 164.11302185058594, 210.11550903320312, 195.4075469970703], [261.0785217285156, 193.1247100830078, 289.3045654296875, 204.5911102294922], [329.8010559082031, 119.76895904541016, 338.761962890625, 135.65945434570312], [94.0720443725586, 159.7003631591797, 139.8101348876953, 197.63888549804688], [348.2118225097656, 100.83573913574219, 374.3298645019531, 138.72108459472656], [-0.14528818428516388, 154.04534912109375, 58.08237075805664, 374.8781433105469], [0.19332580268383026, 209.46536254882812, 46.97343826293945, 296.2215576171875], [335.8390808105469, 117.57422637939453, 360.310546875, 141.58409118652344], [253.1363983154297, 199.29458618164062, 344.9866027832031, 240.98532104492188], [304.4496154785156, 232.2487030029297, 463.80322265625, 375.0484619140625], [408.433837890625, 82.48297119140625, 419.7513122558594, 94.23240661621094], [411.13543701171875, 218.5009765625, 429.10565185546875, 245.98806762695312], [303.88031005859375, 117.42559814453125, 328.6180114746094, 139.84991455078125], [405.93316650390625, 240.07960510253906, 427.2378234863281, 247.7991485595703], [222.9819793701172, 170.60104370117188, 236.8013153076172, 188.0514678955078], [395.0663757324219, 151.39010620117188, 410.06768798828125, 215.2827606201172], [414.87677001953125, 140.2395477294922, 428.2616271972656, 146.61875915527344], [320.7900390625, 103.48274230957031, 336.3150939941406, 137.97532653808594], [420.5971374511719, 218.3643341064453, 429.2454833984375, 236.94895935058594], [414.43670654296875, 123.93077087402344, 427.5017395019531, 146.23211669921875], [13.687368392944336, 154.00767517089844, 26.45451545715332, 207.93226623535156]), Score: [0.9316059947013855, 0.896314263343811, 0.8806254267692566, 0.8680018782615662, 0.7536207437515259, 0.6716007590293884, 0.5982765555381775, 0.5733822584152222, 0.4573042392730713, 0.4333737790584564, 0.42419078946113586, 0.3975764214992523, 0.3885834813117981, 0.3827095925807953, 0.3560842275619507, 0.3545567989349365, 0.3336932957172394, 0.3191912770271301, 0.3074873983860016, 0.2962923049926758, 0.28324294090270996, 0.28188568353652954, 0.26790913939476013, 0.26654624938964844, 0.2641150951385498, 0.2609562873840332, 0.228122740983963, 0.20104435086250305, 0.20084065198898315, 0.1993042677640915, 0.19656945765018463, 0.19097553193569183, 0.18791308999061584, 0.18695884943008423, 0.18536019325256348, 0.1848646104335785, 0.18081322312355042, 0.17274552583694458, 0.17170128226280212, 0.17116889357566833, 0.16964749991893768, 0.16506515443325043, 0.16462057828903198, 0.1637316346168518, 0.16329088807106018, 0.15836261212825775, 0.1569470763206482, 0.1532883644104004, 0.1523686796426773, 0.1492224633693695, 0.14593720436096191, 0.14545544981956482, 0.14497217535972595, 0.14403164386749268, 0.14273180067539215, 0.14160554111003876, 0.14143970608711243, 0.13950130343437195, 0.13945065438747406, 0.13794948160648346, 0.13747435808181763, 0.13705720007419586, 0.13658927381038666, 0.13407360017299652, 0.13395167887210846, 0.13392101228237152, 0.13083115220069885, 0.13056296110153198, 0.13033470511436462, 0.1281142383813858, 0.12276573479175568, 0.11933573335409164, 0.11828809976577759, 0.11629611253738403, 0.1160636618733406, 0.11592379212379456, 0.11423387378454208, 0.11385748535394669, 0.11009297519922256, 0.1070319414138794, 0.10697609931230545, 0.10693679004907608, 0.10509262979030609, 0.10340093076229095, 0.10214311629533768, 0.10131939500570297, 0.10040879994630814, 0.10012118518352509, 0.09999078512191772, 0.09919196367263794, 0.09748068451881409, 0.09671033173799515, 0.09489738941192627, 0.09433595091104507, 0.09390762448310852, 0.09347353130578995, 0.09271290153265, 0.09262319654226303, 0.09243745356798172, 0.09077046811580658, 0.08893049508333206, 0.08890227228403091, 0.08794742077589035, 0.08538328111171722, 0.08509551733732224, 0.08481387794017792, 0.08433787524700165, 0.08423303812742233, 0.08353795111179352, 0.08285750448703766, 0.0821419209241867, 0.08206593990325928, 0.08139494806528091, 0.08139383047819138, 0.08116991072893143, 0.08075921982526779, 0.08022398501634598, 0.08000653982162476, 0.07959233224391937, 0.0795556828379631, 0.07951808720827103, 0.079269178211689, 0.07855585962533951, 0.07799728214740753, 0.07798055559396744, 0.07774582505226135, 0.07722356170415878, 0.07669172435998917, 0.07632743567228317, 0.07603835314512253, 0.0757651999592781, 0.07513586431741714, 0.07462041825056076, 0.07418669015169144, 0.07344122976064682, 0.07262182235717773, 0.07247697561979294, 0.07235034555196762, 0.07207492738962173, 0.07198436558246613, 0.07161619514226913, 0.07066677510738373, 0.07062976807355881, 0.07058221101760864, 0.06869412958621979, 0.06846152245998383, 0.06824974715709686, 0.06807859241962433, 0.06786932796239853, 0.06744236499071121, 0.06739125400781631, 0.06632430851459503, 0.06603007763624191, 0.06566133350133896, 0.06564962863922119, 0.06562934815883636, 0.06553506851196289, 0.06546443700790405, 0.06523054093122482, 0.06517535448074341, 0.06508836150169373, 0.06470339000225067, 0.06460089981555939, 0.06457818299531937, 0.06445230543613434, 0.06426714360713959, 0.0641520619392395, 0.0639566108584404, 0.06279288232326508, 0.06250020861625671, 0.06223158910870552, 0.062100403010845184, 0.06184229999780655, 0.061827171593904495, 0.06146740913391113, 0.06143036484718323, 0.06135767325758934, 0.060985833406448364, 0.06066388636827469, 0.06061778962612152, 0.06002772971987724, 0.05953953415155411, 0.05926669389009476, 0.05921933799982071, 0.05919540300965309, 0.05907808616757393, 0.058775369077920914, 0.05865241959691048, 0.058522339910268784, 0.05811828374862671, 0.05801784619688988, 0.05791386216878891, 0.057764604687690735, 0.057706136256456375, 0.05759422481060028, 0.05758286267518997, 0.05738508701324463, 0.05735303461551666, 0.05714118108153343, 0.05706993117928505, 0.05703945830464363, 0.056970518082380295, 0.056900009512901306, 0.05687359720468521, 0.05667482689023018, 0.05665232241153717, 0.05631392449140549, 0.055671386420726776, 0.05557077005505562, 0.05556963011622429, 0.055444926023483276, 0.05544361472129822, 0.055381182581186295, 0.05518359690904617, 0.05452727526426315, 0.05450165644288063, 0.05439554154872894, 0.0540340393781662, 0.05390983074903488, 0.053280435502529144, 0.0531500019133091, 0.052516669034957886, 0.05220971256494522, 0.052129074931144714, 0.05170082300901413, 0.05132066458463669, 0.051308128982782364, 0.05129971355199814, 0.051264867186546326, 0.05119634419679642, 0.0511416420340538, 0.05113544315099716, 0.05113469809293747, 0.05112724006175995, 0.05107249692082405, 0.05093155428767204, 0.05072418972849846, 0.05065634101629257, 0.05051325634121895, 0.05046386644244194, 0.050267789512872696, 0.04998774826526642, 0.04990179464221001, 0.04975757375359535, 0.04956844449043274, 0.0494551882147789, 0.049348101019859314, 0.049253832548856735, 0.04900304600596428, 0.04893795773386955, 0.04884150251746178, 0.04875468462705612, 0.04864181578159332, 0.048547275364398956, 0.04852566123008728, 0.048522863537073135, 0.04839880391955376, 0.04804180935025215, 0.04753626883029938, 0.047162894159555435, 0.047094158828258514, 0.047057878226041794, 0.046954769641160965, 0.04687679558992386, 0.04681132733821869, 0.04671306535601616, 0.046584196388721466, 0.04640297219157219, 0.04640244320034981, 0.046263277530670166, 0.046169131994247437, 0.04604707658290863, 0.045964211225509644, 0.04593358933925629, 0.04585638269782066, 0.04581865668296814, 0.04565884917974472, 0.04555371403694153, 0.04551025852560997, 0.045484427362680435, 0.04529493302106857, 0.045247841626405716, 0.04495053365826607, 0.04490562155842781, 0.04485686868429184, 0.044708069413900375, 0.044581569731235504, 0.044311653822660446, 0.04421662166714668, 0.04407699778676033, 0.04397998005151749, 0.043956927955150604, 0.043953683227300644, 0.043844759464263916, 0.04382476210594177, 0.04363807663321495, 0.04358534887433052, 0.043552424758672714, 0.04346463456749916, 0.04340355843305588]

Execution time: 0.4102 sec
