Label: tensor([ 0, 73, 32, 57, 73, 73, 57, 73, 73, 73, 57, 77, 73, 73, 73, 73, 73, 57,
        73, 73, 73, 73,  7, 73, 73, 57, 73, 73, 57, 73, 73, 73, 73, 57, 73, 73,
        73,  2, 73, 73, 32, 73, 73, 73, 73, 57, 73, 73, 73, 73, 32, 73, 73, 57,
        32, 73, 73, 73, 73, 73, 73, 73, 73, 73, 57, 57, 73, 73, 73, 73, 73, 73,
         7, 77, 73, 73, 73, 73, 73,  2, 57, 73,  0, 73, 32, 73, 57, 73, 73,  2,
        73, 56, 73, 73, 73, 73, 73, 59, 73, 77, 73, 73, 74, 73,  0, 73, 73, 73,
        73,  7, 73, 73, 73, 65,  3, 73, 73, 73, 73, 73, 57, 73, 73, 73, 73, 73,
         7, 73, 73, 73, 73, 73, 73, 73, 73, 73, 73, 73, 73, 73, 73, 65, 73,  2,
        73, 73, 73, 73, 73, 73, 73, 73,  2, 73, 73, 56, 57, 59, 73, 73, 56, 73,
        73, 73, 73, 73, 60, 73, 57, 73, 73, 59, 73, 73, 45, 73, 73, 73, 73,  2,
        73, 73, 73, 73,  0, 73, 32, 65, 73,  0, 73, 77, 65, 73, 73, 59, 59, 73,
        73, 77, 73, 75, 73, 73, 73, 56, 73, 56,  0, 56, 56, 73, 57, 65, 73, 59,
        73, 73, 73, 57, 73, 56, 73, 56, 73, 73,  7, 73, 73, 73, 59, 56, 73, 56,
        56, 65, 73, 73, 75, 73, 56, 73, 59, 73, 57, 57, 73, 56, 75, 73, 73, 59,
         3, 56, 73, 56, 56, 73,  2, 73, 13, 59, 56, 73, 56, 56, 77, 73, 73, 73,
        59, 59, 62, 73, 32, 73, 75,  0, 56, 56, 73, 65, 56, 56, 57, 59, 55,  3,
         0, 57, 65, 56, 16, 57, 59, 59, 28, 56,  8, 59]), Box: ([166.73922729492188, 83.42313385009766, 315.47918701171875, 326.9237976074219], [235.05311584472656, 257.4394836425781, 360.1485595703125, 314.1668701171875], [12.939203262329102, 139.1274871826172, 58.91738510131836, 183.49220275878906], [335.40081787109375, 220.14463806152344, 500.11492919921875, 332.64910888671875], [108.49472045898438, 56.41667938232422, 120.35775756835938, 90.10890197753906], [0.16630999743938446, 20.508886337280273, 16.7133846282959, 58.951873779296875], [193.22256469726562, 224.76405334472656, 500.3775329589844, 332.6004638671875], [0.5410295128822327, 71.36592102050781, 20.887250900268555, 100.23143005371094], [94.07591247558594, 61.78129196166992, 103.04115295410156, 92.5416030883789], [56.32796859741211, 32.094520568847656, 65.36051177978516, 55.9625129699707], [166.66062927246094, 154.71322631835938, 500.6018371582031, 332.514892578125], [459.3875732421875, 178.60948181152344, 483.7946472167969, 214.22474670410156], [28.616146087646484, 63.138671875, 56.44166564941406, 97.40159606933594], [26.388450622558594, 76.0098876953125, 43.91642761230469, 97.70500183105469], [37.026573181152344, 67.58992767333984, 56.63446807861328, 96.44955444335938], [-0.01933705061674118, 69.42777252197266, 17.90935516357422, 96.59162139892578], [61.237117767333984, 31.83333969116211, 71.54578399658203, 55.93009567260742], [373.1883544921875, 223.4335174560547, 500.177978515625, 332.9144592285156], [56.43083953857422, 31.550172805786133, 72.59136962890625, 56.31620407104492], [6.829734802246094, 75.14274597167969, 38.752967834472656, 100.69397735595703], [48.76913833618164, 72.26952362060547, 67.87484741210938, 97.52656555175781], [65.18795776367188, 32.017147064208984, 72.57926177978516, 55.59568405151367], [44.64585494995117, 112.37299346923828, 199.3336639404297, 174.5054473876953], [98.53427124023438, 94.62681579589844, 112.01533508300781, 126.81334686279297], [82.53498077392578, 55.581478118896484, 133.0482177734375, 93.87600708007812], [265.7344665527344, 127.49706268310547, 499.87396240234375, 332.0146789550781], [41.945716857910156, 68.69683837890625, 56.83680725097656, 96.06087493896484], [77.62751770019531, 22.15481948852539, 97.04009246826172, 54.88663864135742], [223.2371063232422, 217.40744018554688, 499.96661376953125, 332.7720947265625], [15.687664985656738, 21.808847427368164, 59.41732406616211, 59.803401947021484], [0.8742371797561646, 75.25459289550781, 21.26409149169922, 99.92832946777344], [15.765168190002441, 0.07359518855810165, 31.444271087646484, 13.108012199401855], [87.93630981445312, 96.0162582397461, 102.1571273803711, 127.61054229736328], [173.72579956054688, 208.351318359375, 500.4593811035156, 332.8499450683594], [15.546064376831055, 22.70066261291504, 29.667675018310547, 58.58891677856445], [83.03504943847656, 60.4185676574707, 91.5295181274414, 93.14183044433594], [37.3878173828125, 0.09405139088630676, 52.50970458984375, 12.35678768157959], [44.64585494995117, 112.37299346923828, 199.3336639404297, 174.5054473876953], [87.47550964355469, 94.62748718261719, 112.42425537109375, 127.58039093017578], [59.69453430175781, 0.13671231269836426, 73.20536041259766, 10.800103187561035], [59.80385971069336, 151.75445556640625, 80.7051773071289, 172.96035766601562], [114.05137634277344, 57.21567916870117, 121.13552856445312, 89.47305297851562], [97.91214752197266, 60.351016998291016, 108.2572021484375, 92.08699798583984], [47.51427459716797, 23.548803329467773, 60.71949005126953, 56.933380126953125], [1.6165189743041992, 18.394346237182617, 94.598876953125, 59.559513092041016], [267.1942138671875, 134.3632049560547, 402.1715393066406, 251.10391235351562], [82.8145523071289, 56.33906936645508, 122.32809448242188, 93.40508270263672], [49.32365417480469, 0.1214495524764061, 60.90028762817383, 11.383984565734863], [0.6389319896697998, 62.29457092285156, 56.5777702331543, 102.66461944580078], [27.064199447631836, 0.13980059325695038, 39.831600189208984, 12.629766464233398], [455.77911376953125, 88.29612731933594, 482.14105224609375, 116.07862854003906], [83.2192611694336, 58.60200500488281, 108.39997100830078, 93.43590545654297], [34.791194915771484, 22.85420036315918, 52.20200729370117, 59.511417388916016], [332.6134033203125, 179.99485778808594, 500.3185729980469, 332.1318664550781], [377.74371337890625, 156.59716796875, 402.23907470703125, 190.49502563476562], [5.81881046295166, 76.70135498046875, 24.284950256347656, 101.15090942382812], [95.26665496826172, 0.06802338361740112, 103.5840072631836, 10.837254524230957], [90.5705795288086, 60.841732025146484, 97.8108139038086, 92.31134796142578], [1.4936625957489014, -0.2254505455493927, 72.75995635986328, 13.547198295593262], [88.7993392944336, 60.24957275390625, 96.9058609008789, 92.57878112792969], [44.8131217956543, 23.41477394104004, 55.779327392578125, 57.53464126586914], [23.236736297607422, 23.36128807067871, 33.72225570678711, 58.15031814575195], [106.0548095703125, 57.195980072021484, 113.73299407958984, 90.63623809814453], [116.20294952392578, 57.72823715209961, 122.69145202636719, 89.15486145019531], [344.12066650390625, 174.35537719726562, 499.9045104980469, 332.5569152832031], [166.5377960205078, 100.521484375, 500.0846252441406, 331.91595458984375], [28.54875946044922, 23.193758010864258, 39.894290924072266, 58.79671859741211], [86.14874267578125, 96.41044616699219, 99.96089172363281, 127.7154769897461], [86.93374633789062, 60.36493682861328, 93.69647216796875, 92.59333038330078], [98.71752166748047, 19.939035415649414, 129.17840576171875, 54.13096618652344], [23.8795166015625, 23.249807357788086, 35.19329833984375, 58.42001724243164], [29.276927947998047, 23.244205474853516, 39.21885681152344, 58.494041442871094], [44.95148468017578, 116.87352752685547, 167.55372619628906, 173.3445587158203], [353.5525207519531, 170.7311553955078, 385.1824951171875, 205.92710876464844], [101.82587432861328, 59.00081253051758, 110.99552154541016, 91.21080780029297], [82.67467498779297, 60.99861526489258, 88.24588775634766, 92.8617172241211], [28.01631736755371, 62.45823287963867, 52.2085075378418, 97.34551239013672], [0.32413843274116516, 0.17563119530677795, 10.79232120513916, 13.89710807800293], [36.839881896972656, 23.122167587280273, 47.95332336425781, 58.97060775756836], [44.95148468017578, 116.87352752685547, 167.55372619628906, 173.3445587158203], [322.156982421875, 120.32401275634766, 500.261962890625, 331.4543151855469], [37.46904373168945, -0.06050644442439079, 73.0854721069336, 11.896556854248047], [167.54116821289062, 83.87931060791016, 459.823486328125, 332.317626953125], [53.6544075012207, 0.07770007848739624, 62.86333465576172, 11.186745643615723], [399.98846435546875, 161.71014404296875, 426.5473937988281, 186.29454040527344], [51.16166687011719, 27.19182014465332, 62.09950637817383, 56.677101135253906], [98.2723388671875, 206.93902587890625, 497.9456787109375, 333.00689697265625], [20.536222457885742, 76.54530334472656, 40.33430862426758, 98.42420196533203], [337.71771240234375, 249.2919464111328, 416.7528076171875, 261.5881042480469], [46.94452667236328, 124.51251220703125, 161.51345825195312, 173.12347412109375], [47.18944549560547, 78.34187316894531, 59.77812576293945, 96.51446533203125], [267.1942138671875, 134.3632049560547, 402.1715393066406, 251.10391235351562], [36.20560836791992, 22.888532638549805, 44.709075927734375, 42.94188690185547], [30.02992820739746, 23.14472770690918, 38.40742111206055, 44.222900390625], [320.6572570800781, 256.08514404296875, 360.8081359863281, 275.09625244140625], [86.97251892089844, 22.231842041015625, 97.87970733642578, 54.05065155029297], [0.4080924987792969, 72.31938934326172, 45.15127182006836, 127.99752044677734], [193.22256469726562, 224.76405334472656, 500.3775329589844, 332.6004638671875], [104.95140075683594, 0.06264448165893555, 113.10293579101562, 10.4710054397583], [461.5901184082031, 178.68682861328125, 483.21490478515625, 204.81793212890625], [0.6072074174880981, 99.3060302734375, 44.66615295410156, 128.7247772216797], [5.1780595779418945, -0.006095923483371735, 20.188447952270508, 14.5704984664917], [377.74371337890625, 156.59716796875, 402.23907470703125, 190.49502563476562], [90.08920288085938, 22.15436553955078, 101.19542694091797, 54.4035530090332], [168.08981323242188, 83.81414031982422, 443.88018798828125, 332.55218505859375], [55.11341857910156, 72.63368225097656, 68.11665344238281, 97.2532958984375], [112.1041488647461, 0.04040627181529999, 119.944091796875, 10.317977905273438], [27.601070404052734, 23.275346755981445, 34.93507766723633, 44.33671569824219], [32.504005432128906, 101.37875366210938, 45.09592056274414, 126.34200286865234], [46.94452667236328, 124.51251220703125, 161.51345825195312, 173.12347412109375], [1.1817189455032349, -0.2058676779270172, 29.750272750854492, 15.302507400512695], [120.45337677001953, 63.75486373901367, 134.1912841796875, 89.12549591064453], [99.67117309570312, 0.05608770623803139, 108.01646423339844, 10.67393684387207], [191.48243713378906, 302.45062255859375, 214.0084686279297, 329.9515075683594], [44.64585494995117, 112.37299346923828, 199.3336639404297, 174.5054473876953], [89.14376831054688, 108.28558349609375, 100.76566314697266, 127.67717742919922], [235.48495483398438, 258.8174133300781, 320.220703125, 304.2356262207031], [6.353888511657715, 0.08806401491165161, 18.656063079833984, 14.29207706451416], [42.94663619995117, 23.113588333129883, 50.4181022644043, 44.94158935546875], [95.0924072265625, -0.06626680493354797, 126.46259307861328, 10.838785171508789], [172.0034942626953, 130.55775451660156, 403.74444580078125, 259.1233215332031], [-0.048366375267505646, 69.93379974365234, 16.49303436279297, 94.34270477294922], [337.9216613769531, 249.4989013671875, 416.4707336425781, 260.6793212890625], [23.695871353149414, 23.340559005737305, 32.392154693603516, 46.0367317199707], [107.93729400634766, -0.07535238564014435, 114.534912109375, 10.368200302124023], [25.287734985351562, 0.0034815240651369095, 36.16477584838867, 12.483016967773438], [42.030147552490234, 93.95513916015625, 203.80723571777344, 175.1249542236328], [115.94495391845703, 57.860172271728516, 121.79627990722656, 89.22698974609375], [0.3029848337173462, 0.00019662268459796906, 11.391473770141602, 13.807145118713379], [125.22775268554688, -0.07529346644878387, 148.6196746826172, 9.566214561462402], [76.1698226928711, -0.14596350491046906, 99.50264739990234, 11.277369499206543], [0.36173173785209656, 21.10565757751465, 14.391064643859863, 58.837406158447266], [0.10400265455245972, 30.637786865234375, 13.111671447753906, 59.54749298095703], [34.077091217041016, 23.210128784179688, 40.54658889770508, 42.82470703125], [3.033029794692993, 68.98262023925781, 17.000503540039062, 83.48304748535156], [90.65872192382812, 96.846923828125, 100.10902404785156, 127.56608581542969], [108.48573303222656, 55.57958984375, 133.50392150878906, 90.52735900878906], [101.4142837524414, 0.01646358333528042, 108.54829406738281, 10.603447914123535], [0.883735716342926, 75.1949462890625, 45.4122200012207, 127.95391845703125], [32.37990188598633, 76.62027740478516, 47.45703887939453, 97.11847686767578], [56.294403076171875, -0.04272046685218811, 63.575923919677734, 10.987200736999512], [320.6572570800781, 256.08514404296875, 360.8081359863281, 275.09625244140625], [33.57204818725586, 61.98575973510742, 52.798973083496094, 78.31565856933594], [42.030147552490234, 93.95513916015625, 203.80723571777344, 175.1249542236328], [36.33833312988281, -0.06629905849695206, 49.169776916503906, 12.485786437988281], [40.533180236816406, 23.108869552612305, 46.69624328613281, 43.0504035949707], [12.689140319824219, 21.6630802154541, 25.0073184967041, 58.59635543823242], [-0.20664092898368835, 29.315244674682617, 7.116703510284424, 60.4691276550293], [115.94880676269531, 0.014310037717223167, 126.66593170166016, 10.023070335388184], [16.51727867126465, 45.71443557739258, 27.770835876464844, 58.72499465942383], [102.39957427978516, 60.7348747253418, 108.9888687133789, 91.49028015136719], [0.38376402854919434, 21.157011032104492, 14.634624481201172, 58.840938568115234], [44.07757568359375, 115.27117919921875, 199.65147399902344, 174.2318572998047], [23.390554428100586, 99.91250610351562, 45.14879608154297, 127.50164794921875], [84.92523193359375, 0.028704430907964706, 96.96358489990234, 11.271852493286133], [173.95022583007812, 131.5747833251953, 207.76170349121094, 178.86331176757812], [0.1640617847442627, 123.23566436767578, 499.9835205078125, 332.66790771484375], [173.72579956054688, 208.351318359375, 500.4593811035156, 332.8499450683594], [19.510374069213867, 76.5241928100586, 36.608299255371094, 97.81892395019531], [15.364226341247559, 23.683086395263672, 26.368427276611328, 58.575313568115234], [339.8929138183594, 231.31529235839844, 500.71685791015625, 333.299072265625], [0.32277777791023254, 70.85254669189453, 19.117420196533203, 96.88777923583984], [0.03272294998168945, 18.587709426879883, 73.64031219482422, 102.15789031982422], [124.63935852050781, 15.095747947692871, 156.21597290039062, 37.01314163208008], [72.95537567138672, -0.05496503412723541, 82.19874572753906, 10.865264892578125], [77.82740020751953, -0.05101645365357399, 88.78239440917969, 11.171566009521484], [378.6459655761719, 207.92648315429688, 500.19390869140625, 241.61598205566406], [65.641357421875, 32.12321090698242, 71.85706329345703, 55.60416030883789], [265.1683654785156, 138.99880981445312, 420.928466796875, 260.1960144042969], [96.11686706542969, 61.914283752441406, 104.26791381835938, 92.46488189697266], [115.20297241210938, -0.11688505113124847, 123.21295928955078, 10.20313549041748], [166.66062927246094, 154.71322631835938, 500.6018371582031, 332.514892578125], [97.28340911865234, 56.61637878417969, 120.48040008544922, 91.59284210205078], [235.45130920410156, 259.09967041015625, 318.3386535644531, 302.85369873046875], [399.98846435546875, 161.71014404296875, 426.5473937988281, 186.29454040527344], [122.86907958984375, -0.07034315913915634, 130.7181854248047, 9.469576835632324], [9.642657279968262, 20.26326560974121, 20.735309600830078, 53.833099365234375], [132.48814392089844, 0.003914155997335911, 148.19158935546875, 9.23871898651123], [40.86851501464844, 69.37666320800781, 56.21644973754883, 95.82852172851562], [48.840179443359375, 115.69670104980469, 82.54634094238281, 137.75582885742188], [125.49093627929688, -0.05389198288321495, 137.71519470214844, 9.291272163391113], [420.36334228515625, 223.1399383544922, 465.0901794433594, 241.3460693359375], [78.65662384033203, 24.328805923461914, 93.24049377441406, 54.71357727050781], [30.58919334411621, 75.9596939086914, 45.6148681640625, 97.1840591430664], [191.2396697998047, 273.82354736328125, 459.3723449707031, 332.8577575683594], [2.3190407752990723, 20.240819931030273, 19.51801109313965, 58.74216079711914], [13.084673881530762, 139.24745178222656, 58.831787109375, 183.45050048828125], [227.18165588378906, 282.4126892089844, 249.82247924804688, 307.138427734375], [45.03868103027344, 23.712299346923828, 51.97858428955078, 48.08256912231445], [190.86920166015625, 257.0336608886719, 462.6114501953125, 332.8583068847656], [33.87339782714844, 62.31497573852539, 49.18478775024414, 77.890625], [404.8153381347656, 317.4017639160156, 459.5088195800781, 332.9333190917969], [395.0710754394531, 222.71768188476562, 422.6059875488281, 237.6650390625], [65.35643005371094, 104.39594268798828, 72.62078094482422, 116.96925354003906], [68.29197692871094, -0.045571185648441315, 76.9721450805664, 10.687694549560547], [223.2371063232422, 217.40744018554688, 499.96661376953125, 332.7720947265625], [335.40081787109375, 220.14463806152344, 500.11492919921875, 332.64910888671875], [15.812422752380371, 22.63173484802246, 25.902673721313477, 46.148521423339844], [52.64651870727539, 75.72792053222656, 64.50971221923828, 97.30000305175781], [377.74371337890625, 156.59716796875, 402.23907470703125, 190.49502563476562], [1.0239408016204834, 3.2964928150177, 134.99737548828125, 99.63761901855469], [377.74371337890625, 156.59716796875, 402.23907470703125, 190.49502563476562], [79.72124481201172, 22.042760848999023, 93.7813949584961, 54.51531982421875], [74.55065155029297, 24.165433883666992, 81.33168029785156, 55.32902145385742], [88.00740814208984, 60.9894905090332, 93.15603637695312, 92.84210968017578], [193.22256469726562, 224.76405334472656, 500.3775329589844, 332.6004638671875], [286.92987060546875, 256.909423828125, 360.39093017578125, 314.30767822265625], [172.0034942626953, 130.55775451660156, 403.74444580078125, 259.1233215332031], [194.7401885986328, 298.7135009765625, 459.01708984375, 333.0292053222656], [173.0187225341797, 124.98555755615234, 398.7525939941406, 251.45703125], [373.1883544921875, 223.4335174560547, 500.177978515625, 332.9144592285156], [56.955326080322266, 103.03734588623047, 63.811092376708984, 117.74808502197266], [262.50299072265625, 39.84653854370117, 499.60723876953125, 330.3192443847656], [404.8153381347656, 317.4017639160156, 459.5088195800781, 332.9333190917969], [21.933969497680664, 23.49108123779297, 28.909332275390625, 45.202613830566406], [332.6134033203125, 179.99485778808594, 500.3185729980469, 332.1318664550781], [50.38843536376953, -0.09405883401632309, 60.88819885253906, 11.414241790771484], [121.2699966430664, 66.24034881591797, 133.41798400878906, 78.0868911743164], [48.840179443359375, 115.69670104980469, 82.54634094238281, 137.75582885742188], [312.2080078125, 152.79981994628906, 500.5686950683594, 331.89215087890625], [33.92402267456055, 62.58454132080078, 51.22140884399414, 84.9165267944336], [166.52178955078125, 131.16712951660156, 499.6998291015625, 332.0219421386719], [237.8373260498047, 257.24853515625, 389.4416809082031, 319.0006408691406], [265.1683654785156, 138.99880981445312, 420.928466796875, 260.1960144042969], [378.6459655761719, 207.92648315429688, 500.19390869140625, 241.61598205566406], [84.50946807861328, 96.21858978271484, 93.05715942382812, 123.30769348144531], [48.840179443359375, 115.69670104980469, 82.54634094238281, 137.75582885742188], [45.93218231201172, 68.5159683227539, 60.680023193359375, 96.98834228515625], [19.968095779418945, 44.98698806762695, 28.251800537109375, 58.683040618896484], [17.31511878967285, 22.569406509399414, 49.52383804321289, 59.11048126220703], [166.5377960205078, 100.521484375, 500.0846252441406, 331.91595458984375], [300.680419921875, 212.8892059326172, 501.0377197265625, 332.8564453125], [83.80078125, 22.190444946289062, 93.4559097290039, 42.2470817565918], [335.40081787109375, 220.14463806152344, 500.11492919921875, 332.64910888671875], [48.840179443359375, 115.69670104980469, 82.54634094238281, 137.75582885742188], [420.36334228515625, 223.1399383544922, 465.0901794433594, 241.3460693359375], [96.37752532958984, 65.935791015625, 102.62564086914062, 92.63951873779297], [120.08982849121094, 61.358428955078125, 127.50862884521484, 88.44841766357422], [353.5525207519531, 170.7311553955078, 385.1824951171875, 205.92710876464844], [43.055511474609375, 79.25381469726562, 56.77366256713867, 96.64496612548828], [163.28823852539062, 131.99403381347656, 403.4989013671875, 321.68865966796875], [256.627197265625, 257.2746276855469, 356.32635498046875, 313.9495849609375], [265.7344665527344, 127.49706268310547, 499.87396240234375, 332.0146789550781], [238.0876922607422, 259.09735107421875, 318.6376037597656, 302.6163024902344], [191.2396697998047, 273.82354736328125, 459.3723449707031, 332.8577575683594], [166.5390167236328, 168.8595733642578, 500.53106689453125, 332.5810852050781], [46.17348861694336, 23.42678451538086, 56.62497329711914, 57.91545486450195], [165.91751098632812, 189.4122314453125, 459.7023010253906, 331.9632873535156], [455.77911376953125, 88.29612731933594, 482.14105224609375, 116.07862854003906], [63.4654541015625, 103.5898208618164, 70.10414123535156, 116.90494537353516], [64.830322265625, 32.088966369628906, 69.4320297241211, 55.55722427368164], [300.680419921875, 212.8892059326172, 501.0377197265625, 332.8564453125], [42.030147552490234, 93.95513916015625, 203.80723571777344, 175.1249542236328], [191.9691619873047, 140.5192413330078, 209.4488983154297, 179.06045532226562], [286.2222595214844, 271.44219970703125, 358.2626953125, 314.3988952636719], [332.6134033203125, 179.99485778808594, 500.3185729980469, 332.1318664550781], [191.2396697998047, 273.82354736328125, 459.3723449707031, 332.8577575683594], [129.19818115234375, 32.201454162597656, 159.83920288085938, 105.71976470947266], [45.55299377441406, 124.01458740234375, 155.1021728515625, 173.47084045410156], [120.75785827636719, 63.508880615234375, 132.93167114257812, 75.13445281982422], [193.22256469726562, 224.76405334472656, 500.3775329589844, 332.6004638671875], [373.1883544921875, 223.4335174560547, 500.177978515625, 332.9144592285156], [265.7344665527344, 127.49706268310547, 499.87396240234375, 332.0146789550781], [-9.056509017944336, -0.07344011962413788, 91.16815185546875, 17.925996780395508], [166.66062927246094, 154.71322631835938, 500.6018371582031, 332.514892578125], [266.30780029296875, 142.4036407470703, 402.89422607421875, 250.63571166992188], [399.98846435546875, 161.71014404296875, 426.5473937988281, 186.29454040527344], [58.76054763793945, 32.600990295410156, 64.36132049560547, 55.988853454589844], [42.32289505004883, 65.73118591308594, 56.750892639160156, 95.62577056884766], [106.19947052001953, 57.13822937011719, 111.73291778564453, 91.06725311279297], [0.1640617847442627, 123.23566436767578, 499.9835205078125, 332.66790771484375], [344.12066650390625, 174.35537719726562, 499.9045104980469, 332.5569152832031], [128.5291290283203, 29.293479919433594, 197.79818725585938, 127.88961791992188], [90.6476058959961, 95.9178237915039, 102.42835998535156, 127.55297088623047], [191.9691619873047, 140.5192413330078, 209.4488983154297, 179.06045532226562], [227.18165588378906, 282.4126892089844, 249.82247924804688, 307.138427734375], [12.939203262329102, 139.1274871826172, 58.91738510131836, 183.49220275878906], [191.9691619873047, 140.5192413330078, 209.4488983154297, 179.06045532226562], [128.5291290283203, 29.293479919433594, 197.79818725585938, 127.88961791992188], [194.7401885986328, 298.7135009765625, 459.01708984375, 333.0292053222656], [129.3540496826172, 31.554407119750977, 189.80615234375, 101.40272521972656], [337.9216613769531, 249.4989013671875, 416.4707336425781, 260.6793212890625], [173.72579956054688, 208.351318359375, 500.4593811035156, 332.8499450683594], [166.5377960205078, 100.521484375, 500.0846252441406, 331.91595458984375], [310.0420227050781, 97.53361511230469, 499.5963439941406, 331.2955322265625], [194.7401885986328, 298.7135009765625, 459.01708984375, 333.0292053222656], [399.98846435546875, 161.71014404296875, 426.5473937988281, 186.29454040527344], [44.95148468017578, 116.87352752685547, 167.55372619628906, 173.3445587158203], [166.5377960205078, 100.521484375, 500.0846252441406, 331.91595458984375], [194.7401885986328, 298.7135009765625, 459.01708984375, 333.0292053222656], [337.71771240234375, 249.2919464111328, 416.7528076171875, 261.5881042480469], [223.2371063232422, 217.40744018554688, 499.96661376953125, 332.7720947265625], [404.8153381347656, 317.4017639160156, 459.5088195800781, 332.9333190917969], [165.91751098632812, 189.4122314453125, 459.7023010253906, 331.9632873535156], [190.86920166015625, 257.0336608886719, 462.6114501953125, 332.8583068847656], [339.8929138183594, 231.31529235839844, 500.71685791015625, 333.299072265625], [46.94452667236328, 124.51251220703125, 161.51345825195312, 173.12347412109375], [171.47085571289062, 130.9980926513672, 402.5408935546875, 221.69027709960938], [44.64585494995117, 112.37299346923828, 199.3336639404297, 174.5054473876953], [322.156982421875, 120.32401275634766, 500.261962890625, 331.4543151855469]), Score: [0.9032242894172668, 0.7950461506843567, 0.7404671311378479, 0.46466898918151855, 0.3998633623123169, 0.39283108711242676, 0.3837448060512543, 0.35626673698425293, 0.33009713888168335, 0.31264787912368774, 0.3093996047973633, 0.30742764472961426, 0.3068188726902008, 0.3062115013599396, 0.30619630217552185, 0.30221548676490784, 0.29872673749923706, 0.2971445322036743, 0.2963836193084717, 0.2924776077270508, 0.2916243076324463, 0.2870166599750519, 0.28348660469055176, 0.2796403169631958, 0.27750638127326965, 0.2752419114112854, 0.27017393708229065, 0.26992422342300415, 0.26448532938957214, 0.26445120573043823, 0.26227420568466187, 0.2595663368701935, 0.25117623805999756, 0.24813765287399292, 0.24330653250217438, 0.24256408214569092, 0.24209415912628174, 0.23950204253196716, 0.23870977759361267, 0.2381003051996231, 0.2374497652053833, 0.23739664256572723, 0.2369580864906311, 0.23608055710792542, 0.23588085174560547, 0.22959072887897491, 0.22548052668571472, 0.22260117530822754, 0.2191031575202942, 0.2105054408311844, 0.2103433758020401, 0.20904240012168884, 0.2084273099899292, 0.2065618634223938, 0.2058141976594925, 0.20523251593112946, 0.2025383710861206, 0.2015092968940735, 0.19733121991157532, 0.19701631367206573, 0.19590750336647034, 0.19289235770702362, 0.19162313640117645, 0.1914086639881134, 0.19010111689567566, 0.18894727528095245, 0.18833790719509125, 0.1870104968547821, 0.1866276115179062, 0.186009019613266, 0.1836925894021988, 0.18290485441684723, 0.1820848286151886, 0.17930710315704346, 0.1779819279909134, 0.17716526985168457, 0.17555128037929535, 0.17121243476867676, 0.1704820990562439, 0.16882389783859253, 0.1673516184091568, 0.1638704240322113, 0.16349764168262482, 0.15851928293704987, 0.15672914683818817, 0.1539478451013565, 0.15330128371715546, 0.15216639637947083, 0.15183025598526, 0.15138286352157593, 0.1499488204717636, 0.14973421394824982, 0.14964620769023895, 0.14897392690181732, 0.14734160900115967, 0.14625266194343567, 0.14592528343200684, 0.14451341331005096, 0.14447912573814392, 0.14373673498630524, 0.1420501470565796, 0.1420147567987442, 0.1418829709291458, 0.14104005694389343, 0.14099061489105225, 0.1405649036169052, 0.14041206240653992, 0.13919934630393982, 0.13819897174835205, 0.1369183212518692, 0.13688528537750244, 0.13661448657512665, 0.13655030727386475, 0.13598789274692535, 0.13562309741973877, 0.13550826907157898, 0.13513797521591187, 0.13409768044948578, 0.1326073259115219, 0.13219107687473297, 0.1315535455942154, 0.13085833191871643, 0.1304095834493637, 0.13031646609306335, 0.1283257156610489, 0.12817592918872833, 0.12813599407672882, 0.12782835960388184, 0.12746891379356384, 0.12705467641353607, 0.12666329741477966, 0.1263727843761444, 0.12618060410022736, 0.12511061131954193, 0.12474487721920013, 0.12470078468322754, 0.12382513284683228, 0.12352482229471207, 0.12272156774997711, 0.12205871194601059, 0.1217985600233078, 0.11797332018613815, 0.11670190840959549, 0.11450324952602386, 0.11423493176698685, 0.11394219100475311, 0.11326498538255692, 0.11260563135147095, 0.11236893385648727, 0.11171530932188034, 0.11090786755084991, 0.1095649003982544, 0.10837063193321228, 0.10823623836040497, 0.10794487595558167, 0.10785883665084839, 0.10782855749130249, 0.10749847441911697, 0.1070915162563324, 0.10698621720075607, 0.10682229697704315, 0.10645966976881027, 0.10488944500684738, 0.10414019227027893, 0.1037810668349266, 0.10358409583568573, 0.10292012989521027, 0.10279159992933273, 0.10135089606046677, 0.10101322829723358, 0.10058921575546265, 0.09991051256656647, 0.09984732419252396, 0.09942669421434402, 0.0986105427145958, 0.09672585129737854, 0.09665429592132568, 0.09531259536743164, 0.09507513046264648, 0.09491261094808578, 0.09383272379636765, 0.09299954771995544, 0.092584028840065, 0.09227700531482697, 0.09178883582353592, 0.09156284481287003, 0.09146837145090103, 0.09142895042896271, 0.09064120054244995, 0.0900302529335022, 0.089989572763443, 0.08952450007200241, 0.08884020894765854, 0.08810266107320786, 0.08744609355926514, 0.08716475963592529, 0.08710935711860657, 0.08687455207109451, 0.0866953432559967, 0.08659698069095612, 0.08632804453372955, 0.08538500964641571, 0.08458763360977173, 0.08435015380382538, 0.0831076055765152, 0.08231528103351593, 0.08223346620798111, 0.08145107328891754, 0.08111542463302612, 0.0810241550207138, 0.08068553358316422, 0.080628901720047, 0.08039280027151108, 0.08000802248716354, 0.07982133328914642, 0.07954180240631104, 0.07952839881181717, 0.07946684956550598, 0.07941126078367233, 0.07940591126680374, 0.07928101718425751, 0.07899541407823563, 0.07894694805145264, 0.07803206145763397, 0.0775584876537323, 0.07665624469518661, 0.07617311924695969, 0.07588358968496323, 0.074012391269207, 0.07326945662498474, 0.07215579599142075, 0.07194514572620392, 0.07169322669506073, 0.07146705687046051, 0.07139521837234497, 0.07122098654508591, 0.0712122693657875, 0.07115578651428223, 0.07112320512533188, 0.0706908255815506, 0.06933513283729553, 0.06896598637104034, 0.06816104054450989, 0.06809571385383606, 0.0679297149181366, 0.06776014715433121, 0.06764275580644608, 0.06745201349258423, 0.06716576218605042, 0.06715930998325348, 0.06705044209957123, 0.0668352022767067, 0.0661798045039177, 0.06614290922880173, 0.065623439848423, 0.06561831384897232, 0.0655004158616066, 0.06544550508260727, 0.06543080508708954, 0.06523674726486206, 0.06502071768045425, 0.06471499055624008, 0.0646783784031868, 0.0644649863243103, 0.06443659216165543, 0.06439561396837234, 0.06437810510396957, 0.06427518278360367, 0.06339145451784134, 0.06329234689474106, 0.06321515887975693, 0.0630703940987587, 0.06298588961362839, 0.06285234540700912, 0.06275250017642975, 0.06257200986146927, 0.06243700906634331, 0.0613577663898468, 0.06131663918495178, 0.060867562890052795, 0.06072021275758743, 0.060472145676612854, 0.060345981270074844, 0.05999480560421944, 0.05988021567463875, 0.05865132436156273, 0.058625150471925735, 0.058528605848550797, 0.058442745357751846, 0.05815018340945244, 0.05799264833331108, 0.057976290583610535, 0.05776049196720123, 0.05758926272392273, 0.057576343417167664, 0.05713730305433273, 0.05706903710961342, 0.05703850835561752, 0.056974876672029495, 0.05625100061297417]

Execution time: 0.4250 sec
