Label: tensor([57, 58, 73, 73, 75, 73, 75, 75, 62, 75, 73, 75, 73, 56, 73,  0, 56, 75,
        73, 14, 58, 56, 65, 73, 75, 75, 75, 63, 73, 56, 77, 73, 73,  0, 75, 75,
        56, 65, 56, 75, 65, 73, 75, 56, 65, 49, 58, 58, 56, 58,  0, 58, 63, 75,
        57, 56, 14, 58, 58, 56, 75, 73, 56, 57, 57,  0, 63, 74, 57, 56, 58, 57,
        73, 57, 73, 15, 56, 14, 56, 73, 65, 62, 62, 56, 66, 56, 75, 56, 60, 56,
        75, 56, 56, 73, 75, 60, 73, 73, 56, 56, 56, 75, 73, 74, 75, 75,  0, 73,
        58, 16, 56, 75, 58, 75, 60, 56, 14, 65, 56, 62, 57, 56, 58, 16, 65, 57,
        65, 56, 58, 56, 60, 60, 56, 56, 67, 57, 58, 39, 45,  0, 67, 65, 56, 57,
        75, 60, 74, 57, 57, 57, 63, 57, 15, 58, 14, 60, 56, 58, 62, 57, 58, 60,
        58,  0, 56, 62, 65, 57, 73, 75, 75, 14, 75, 60,  0, 56, 58, 73, 17, 73,
        67, 13, 58, 14, 58, 56, 68, 66,  0, 17, 73, 58, 57, 56, 60, 63, 75, 56,
        62, 56, 75, 60, 40, 60, 57, 73, 14, 75, 57, 57, 65, 75, 73, 57,  0,  0,
        60, 57, 73, 39, 75, 57, 60, 56, 56, 13, 40, 58, 56, 60, 73, 73, 58, 56,
        17, 67, 15,  0, 65, 58,  2, 58, 63, 75,  2,  0, 58, 57, 60, 58, 58, 74,
        60, 39, 58, 57, 59, 60, 58, 57, 73, 57, 75, 60, 75, 56, 16, 39, 75, 65,
        39, 57, 56, 75, 72, 45, 57, 60, 58, 73, 57,  0, 75, 73, 73, 57, 75,  2,
        74, 73,  0, 16, 73, 60, 25, 58, 47, 56,  0, 58]), Box: ([36.647735595703125, 199.49978637695312, 499.041259765625, 368.6481628417969], [316.9433898925781, 25.312580108642578, 414.0574035644531, 202.12535095214844], [160.3472900390625, 288.3140563964844, 236.20355224609375, 344.6457214355469], [239.3835906982422, 327.3136291503906, 284.5478515625, 349.1144104003906], [359.8849182128906, 153.6609344482422, 404.23602294921875, 201.9493408203125], [159.7672119140625, 296.9649658203125, 197.56651306152344, 346.8657531738281], [358.3716735839844, 154.9453582763672, 374.0684509277344, 201.80160522460938], [358.8151550292969, 154.57447814941406, 388.2379150390625, 202.06373596191406], [457.3155822753906, 158.4399871826172, 484.7060852050781, 189.6652069091797], [356.9287414550781, 128.94639587402344, 404.8437805175781, 201.9419708251953], [190.0819549560547, 323.9677429199219, 258.52276611328125, 351.0920715332031], [383.4665832519531, 154.0412139892578, 405.2647705078125, 201.13729858398438], [160.97950744628906, 289.1694641113281, 235.72781372070312, 339.6965026855469], [18.95564079284668, 156.72406005859375, 180.65611267089844, 326.9446105957031], [194.22544860839844, 324.07635498046875, 234.25953674316406, 343.3660583496094], [69.7388916015625, 65.42008209228516, 82.20536804199219, 86.52680969238281], [16.514137268066406, 156.28720092773438, 187.53256225585938, 367.5709533691406], [352.579833984375, 115.68944549560547, 404.4399719238281, 201.8401336669922], [187.3470001220703, 324.2351379394531, 233.68728637695312, 337.6383361816406], [69.7388916015625, 65.42008209228516, 82.20536804199219, 86.52680969238281], [377.3569641113281, 68.88240814208984, 413.5028381347656, 200.88526916503906], [17.430566787719727, 157.16371154785156, 162.5869903564453, 332.86822509765625], [220.99420166015625, 323.5810241699219, 234.0972442626953, 331.87249755859375], [184.8908233642578, 327.314208984375, 207.0684814453125, 336.25567626953125], [370.53973388671875, 158.42626953125, 387.5824279785156, 201.8922882080078], [137.7550811767578, 59.0089225769043, 147.84645080566406, 97.54904174804688], [356.2507629394531, 134.55604553222656, 376.33782958984375, 202.13685607910156], [239.3835906982422, 327.3136291503906, 284.5478515625, 349.1144104003906], [165.11416625976562, 313.0646057128906, 235.35350036621094, 346.5433654785156], [383.4665832519531, 154.0412139892578, 405.2647705078125, 201.13729858398438], [21.33478355407715, 121.25514221191406, 59.94179153442383, 190.11349487304688], [161.27735900878906, 288.9588317871094, 222.14601135253906, 327.7987976074219], [190.5573272705078, 338.8812255859375, 227.426025390625, 352.05548095703125], [21.33478355407715, 121.25514221191406, 59.94179153442383, 190.11349487304688], [21.33478355407715, 121.25514221191406, 59.94179153442383, 190.11349487304688], [372.3080749511719, 125.59414672851562, 406.13592529296875, 201.60415649414062], [20.023286819458008, 156.70022583007812, 171.0635986328125, 286.9239807128906], [239.3835906982422, 327.3136291503906, 284.5478515625, 349.1144104003906], [29.67910385131836, 199.59683227539062, 505.8657531738281, 369.30841064453125], [368.4983215332031, 122.82685852050781, 388.05352783203125, 201.6710662841797], [221.09996032714844, 323.5623779296875, 234.2184600830078, 332.10247802734375], [190.4959716796875, 335.64508056640625, 242.06539916992188, 352.09368896484375], [384.0978088378906, 129.1148681640625, 407.1359558105469, 200.99818420410156], [144.41693115234375, 166.77012634277344, 180.58889770507812, 218.55587768554688], [194.22544860839844, 324.07635498046875, 234.25953674316406, 343.3660583496094], [413.27557373046875, 357.1884460449219, 428.4407653808594, 368.9547424316406], [17.584142684936523, 121.278076171875, 60.4849967956543, 363.3589172363281], [348.4284973144531, 64.72968292236328, 411.8130187988281, 158.16761779785156], [29.00333023071289, 157.1602020263672, 159.54348754882812, 252.3294677734375], [15.237648010253906, 212.51002502441406, 62.76936721801758, 368.5485534667969], [67.98352813720703, 41.18927764892578, 83.81996154785156, 86.92343139648438], [317.4022521972656, 27.321401596069336, 413.2149963378906, 202.5885772705078], [159.93511962890625, 289.365966796875, 282.7998352050781, 352.1947021484375], [372.4102783203125, 152.4169464111328, 396.62054443359375, 201.43177795410156], [26.154294967651367, 150.9790802001953, 353.7950439453125, 329.3913269042969], [17.862279891967773, 159.24635314941406, 61.98573303222656, 367.9966735839844], [21.33478355407715, 121.25514221191406, 59.94179153442383, 190.11349487304688], [382.9162292480469, 67.68194580078125, 413.9344482421875, 156.81346130371094], [138.5144805908203, 151.57606506347656, 166.2894287109375, 178.95457458496094], [359.8849182128906, 153.6609344482422, 404.23602294921875, 201.9493408203125], [158.5126190185547, 59.401451110839844, 171.26181030273438, 98.30155181884766], [192.53338623046875, 326.0281066894531, 234.46844482421875, 347.3886413574219], [183.66629028320312, 149.38204956054688, 252.47055053710938, 216.0297088623047], [23.59665870666504, 152.69937133789062, 274.6702880859375, 335.54022216796875], [18.95564079284668, 156.72406005859375, 180.65611267089844, 326.9446105957031], [56.45344924926758, 60.95968246459961, 66.65514373779297, 86.21078491210938], [160.97950744628906, 289.1694641113281, 235.72781372070312, 339.6965026855469], [457.3155822753906, 158.4399871826172, 484.7060852050781, 189.6652069091797], [16.514137268066406, 156.28720092773438, 187.53256225585938, 367.5709533691406], [370.53973388671875, 158.42626953125, 387.5824279785156, 201.8922882080078], [382.5619812011719, 71.23080444335938, 412.2330017089844, 200.65811157226562], [29.67910385131836, 199.59683227539062, 505.8657531738281, 369.30841064453125], [170.57952880859375, 307.2594299316406, 235.2478790283203, 334.4797668457031], [23.751914978027344, 151.06195068359375, 405.0915222167969, 288.9751281738281], [185.9741668701172, 323.7926940917969, 233.5343780517578, 334.45538330078125], [69.7388916015625, 65.42008209228516, 82.20536804199219, 86.52680969238281], [23.59665870666504, 152.69937133789062, 274.6702880859375, 335.54022216796875], [19.884693145751953, 210.79620361328125, 62.42058563232422, 283.7342834472656], [138.49618530273438, 151.59530639648438, 163.26235961914062, 158.1371307373047], [163.74838256835938, 313.521240234375, 197.7140655517578, 346.950439453125], [14.538944244384766, 307.9931640625, 40.802894592285156, 332.798828125], [18.95564079284668, 156.72406005859375, 180.65611267089844, 326.9446105957031], [29.00333023071289, 157.1602020263672, 159.54348754882812, 252.3294677734375], [375.6339111328125, 151.6248779296875, 405.620849609375, 201.27716064453125], [239.3835906982422, 327.3136291503906, 284.5478515625, 349.1144104003906], [358.8151550292969, 154.57447814941406, 388.2379150390625, 202.06373596191406], [17.584142684936523, 121.278076171875, 60.4849967956543, 363.3589172363281], [17.584142684936523, 121.278076171875, 60.4849967956543, 363.3589172363281], [18.95564079284668, 156.72406005859375, 180.65611267089844, 326.9446105957031], [15.237648010253906, 212.51002502441406, 62.76936721801758, 368.5485534667969], [457.3155822753906, 158.4399871826172, 484.7060852050781, 189.6652069091797], [139.12448120117188, 149.83819580078125, 244.79580688476562, 217.66485595703125], [15.03360366821289, 273.7754821777344, 42.595985412597656, 369.02130126953125], [239.4669189453125, 328.01873779296875, 284.2990417480469, 349.0710144042969], [375.6339111328125, 151.6248779296875, 405.620849609375, 201.27716064453125], [144.1717529296875, 149.56942749023438, 405.04730224609375, 217.35308837890625], [187.50930786132812, 326.748779296875, 220.46981811523438, 336.2646789550781], [14.538944244384766, 307.9931640625, 40.802894592285156, 332.798828125], [190.2317352294922, 163.49517822265625, 221.24424743652344, 215.7664794921875], [15.391558647155762, 155.33302307128906, 179.22372436523438, 368.2081298828125], [14.634371757507324, 294.5654602050781, 42.44111251831055, 368.8673400878906], [144.17752075195312, 56.94230270385742, 160.52195739746094, 111.21546173095703], [336.01702880859375, 356.6272277832031, 418.6651916503906, 369.0943603515625], [158.5126190185547, 59.401451110839844, 171.26181030273438, 98.30155181884766], [146.3439483642578, 56.719970703125, 160.1121063232422, 99.7650146484375], [393.11480712890625, 154.859130859375, 405.6600341796875, 201.06600952148438], [47.09814453125, 55.70298385620117, 65.10567474365234, 86.4406967163086], [370.53973388671875, 158.42626953125, 387.5824279785156, 201.8922882080078], [318.2314453125, 27.3198184967041, 357.45611572265625, 157.1470184326172], [69.7388916015625, 65.42008209228516, 82.20536804199219, 86.52680969238281], [0.6174761652946472, 302.12347412109375, 41.840545654296875, 369.1561279296875], [356.5205078125, 138.6737060546875, 377.2428894042969, 201.705078125], [479.6303405761719, 307.5223083496094, 499.9551696777344, 369.03228759765625], [104.4065933227539, 151.16961669921875, 118.11181640625, 160.39552307128906], [16.514137268066406, 156.28720092773438, 187.53256225585938, 367.5709533691406], [144.1717529296875, 149.56942749023438, 405.04730224609375, 217.35308837890625], [58.366912841796875, 61.79552459716797, 65.91120910644531, 71.0182876586914], [159.7672119140625, 296.9649658203125, 197.56651306152344, 346.8657531738281], [20.73941421508789, 159.5974884033203, 153.88720703125, 284.4773864746094], [20.023286819458008, 156.70022583007812, 171.0635986328125, 286.9239807128906], [144.1717529296875, 149.56942749023438, 405.04730224609375, 217.35308837890625], [26.154294967651367, 150.9790802001953, 353.7950439453125, 329.3913269042969], [148.0121307373047, 165.07351684570312, 166.31451416015625, 178.7381591796875], [21.33478355407715, 121.25514221191406, 59.94179153442383, 190.11349487304688], [187.3470001220703, 324.2351379394531, 233.68728637695312, 337.6383361816406], [25.177209854125977, 152.46539306640625, 499.7222595214844, 369.049560546875], [218.0928497314453, 306.6529846191406, 235.44775390625, 330.7247009277344], [393.11480712890625, 154.859130859375, 405.6600341796875, 201.06600952148438], [19.884693145751953, 210.79620361328125, 62.42058563232422, 283.7342834472656], [183.2030029296875, 149.04812622070312, 277.90570068359375, 216.35751342773438], [22.96176528930664, 150.1522979736328, 404.5778503417969, 296.11566162109375], [23.751914978027344, 151.06195068359375, 405.0915222167969, 288.9751281738281], [0.6346665620803833, 261.02545166015625, 42.94670867919922, 369.2396545410156], [23.919374465942383, 152.52818298339844, 283.4140319824219, 283.9654846191406], [239.3835906982422, 327.3136291503906, 284.5478515625, 349.1144104003906], [23.919374465942383, 152.52818298339844, 283.4140319824219, 283.9654846191406], [318.30657958984375, 27.893924713134766, 411.8846130371094, 160.29849243164062], [21.33478355407715, 121.25514221191406, 59.94179153442383, 190.11349487304688], [198.86167907714844, 148.26889038085938, 232.70712280273438, 157.3385772705078], [70.47081756591797, 40.4082145690918, 81.17731475830078, 57.41468811035156], [220.99420166015625, 323.5810241699219, 234.0972442626953, 331.87249755859375], [239.4669189453125, 328.01873779296875, 284.2990417480469, 349.0710144042969], [481.8327941894531, 330.2537536621094, 500.0494689941406, 369.0700378417969], [17.430566787719727, 157.16371154785156, 162.5869903564453, 332.86822509765625], [138.5144805908203, 151.57606506347656, 166.2894287109375, 178.95457458496094], [336.01702880859375, 356.6272277832031, 418.6651916503906, 369.0943603515625], [21.33478355407715, 121.25514221191406, 59.94179153442383, 190.11349487304688], [37.91717529296875, 215.64170837402344, 255.4884033203125, 368.3210144042969], [22.96176528930664, 150.1522979736328, 404.5778503417969, 296.11566162109375], [0.6174761652946472, 302.12347412109375, 41.840545654296875, 369.1561279296875], [160.3472900390625, 288.3140563964844, 236.20355224609375, 344.6457214355469], [342.5841369628906, 303.6446228027344, 499.6861877441406, 368.8980407714844], [21.33478355407715, 121.25514221191406, 59.94179153442383, 190.11349487304688], [358.6634216308594, 76.33979797363281, 405.20086669921875, 205.26882934570312], [47.09814453125, 55.70298385620117, 65.10567474365234, 86.4406967163086], [83.4127197265625, 153.2388153076172, 402.9751892089844, 220.89187622070312], [372.4102783203125, 152.4169464111328, 396.62054443359375, 201.43177795410156], [318.5522766113281, 50.1400146484375, 378.94342041015625, 202.27780151367188], [160.97950744628906, 289.1694641113281, 235.72781372070312, 339.6965026855469], [22.354721069335938, 152.47357177734375, 406.8706970214844, 287.7471923828125], [21.33478355407715, 121.25514221191406, 59.94179153442383, 190.11349487304688], [138.37646484375, 150.6822967529297, 197.81033325195312, 168.92173767089844], [384.0978088378906, 129.1148681640625, 407.1359558105469, 200.99818420410156], [17.584142684936523, 121.278076171875, 60.4849967956543, 363.3589172363281], [17.439395904541016, 156.4676055908203, 138.5089874267578, 368.1724548339844], [144.0703887939453, 58.10092544555664, 171.08824157714844, 99.75228118896484], [148.0121307373047, 165.07351684570312, 166.31451416015625, 178.7381591796875], [20.023286819458008, 156.70022583007812, 171.0635986328125, 286.9239807128906], [383.4665832519531, 154.0412139892578, 405.2647705078125, 201.13729858398438], [270.2551574707031, 151.8668212890625, 405.89385986328125, 202.91012573242188], [218.00782775878906, 166.24728393554688, 236.2155303955078, 212.82919311523438], [46.305641174316406, 39.90830612182617, 63.24451446533203, 53.85596466064453], [374.6240539550781, 154.2362823486328, 403.9211120605469, 201.22718811035156], [20.023286819458008, 156.70022583007812, 171.0635986328125, 286.9239807128906], [182.0926055908203, 297.6231689453125, 223.0611114501953, 326.06451416015625], [24.902790069580078, 151.94651794433594, 387.1222839355469, 367.9862060546875], [318.3027038574219, 58.63978958129883, 364.2643127441406, 158.92471313476562], [358.8151550292969, 154.57447814941406, 388.2379150390625, 202.06373596191406], [21.33478355407715, 121.25514221191406, 59.94179153442383, 190.11349487304688], [144.41693115234375, 166.77012634277344, 180.58889770507812, 218.55587768554688], [221.09996032714844, 323.5623779296875, 234.2184600830078, 332.10247802734375], [29.67910385131836, 199.59683227539062, 505.8657531738281, 369.30841064453125], [318.521484375, 30.045339584350586, 412.3119201660156, 202.06080627441406], [104.4065933227539, 151.16961669921875, 118.11181640625, 160.39552307128906], [375.6339111328125, 151.6248779296875, 405.620849609375, 201.27716064453125], [104.4065933227539, 151.16961669921875, 118.11181640625, 160.39552307128906], [457.3155822753906, 158.4399871826172, 484.7060852050781, 189.6652069091797], [160.97950744628906, 289.1694641113281, 235.72781372070312, 339.6965026855469], [66.86982727050781, 40.43981170654297, 79.77339935302734, 86.4089126586914], [69.7388916015625, 65.42008209228516, 82.20536804199219, 86.52680969238281], [162.19410705566406, 288.62298583984375, 218.58966064453125, 304.0273132324219], [372.3080749511719, 125.59414672851562, 406.13592529296875, 201.60415649414062], [259.5137939453125, 302.6000061035156, 496.57427978515625, 368.8393859863281], [24.959251403808594, 152.03399658203125, 385.84942626953125, 367.97039794921875], [36.55693054199219, 154.7182159423828, 404.4857177734375, 219.4242401123047], [239.4669189453125, 328.01873779296875, 284.2990417480469, 349.0710144042969], [384.25726318359375, 156.46287536621094, 397.35205078125, 200.75189208984375], [356.9287414550781, 128.94639587402344, 404.8437805175781, 201.9419708251953], [20.73941421508789, 159.5974884033203, 153.88720703125, 284.4773864746094], [198.86167907714844, 148.26889038085938, 232.70712280273438, 157.3385772705078], [19.467050552368164, 184.2805938720703, 37.64101028442383, 283.53997802734375], [139.12448120117188, 149.83819580078125, 244.79580688476562, 217.66485595703125], [104.4065933227539, 151.16961669921875, 118.11181640625, 160.39552307128906], [22.354721069335938, 152.47357177734375, 406.8706970214844, 287.7471923828125], [37.912696838378906, 211.46682739257812, 307.93939208984375, 368.3973693847656], [93.59760284423828, 288.02142333984375, 284.7306823730469, 354.07733154296875], [56.45344924926758, 60.95968246459961, 66.65514373779297, 86.21078491210938], [481.8327941894531, 330.2537536621094, 500.0494689941406, 369.0700378417969], [24.959251403808594, 152.03399658203125, 385.84942626953125, 367.97039794921875], [24.902790069580078, 151.94651794433594, 387.1222839355469, 367.9862060546875], [160.97950744628906, 289.1694641113281, 235.72781372070312, 339.6965026855469], [355.2039489746094, 136.13790893554688, 374.6434020996094, 160.2803955078125], [159.93511962890625, 289.365966796875, 282.7998352050781, 352.1947021484375], [38.022361755371094, 224.35028076171875, 174.03424072265625, 367.8288269042969], [72.9483871459961, 45.97706604003906, 82.00408935546875, 57.873046875], [182.73886108398438, 297.8979187011719, 222.78421020507812, 325.9290466308594], [0.6174761652946472, 302.12347412109375, 41.840545654296875, 369.1561279296875], [246.39483642578125, 200.3153076171875, 500.0697326660156, 368.65240478515625], [218.0928497314453, 306.6529846191406, 235.44775390625, 330.7247009277344], [137.7550811767578, 59.0089225769043, 147.84645080566406, 97.54904174804688], [144.41693115234375, 166.77012634277344, 180.58889770507812, 218.55587768554688], [139.12448120117188, 149.83819580078125, 244.79580688476562, 217.66485595703125], [17.430566787719727, 157.16371154785156, 162.5869903564453, 332.86822509765625], [138.5144805908203, 151.57606506347656, 166.2894287109375, 178.95457458496094], [372.3080749511719, 125.59414672851562, 406.13592529296875, 201.60415649414062], [18.95564079284668, 156.72406005859375, 180.65611267089844, 326.9446105957031], [372.4102783203125, 152.4169464111328, 396.62054443359375, 201.43177795410156], [383.4665832519531, 154.0412139892578, 405.2647705078125, 201.13729858398438], [352.579833984375, 115.68944549560547, 404.4399719238281, 201.8401336669922], [26.154294967651367, 150.9790802001953, 353.7950439453125, 329.3913269042969], [220.99420166015625, 323.5810241699219, 234.0972442626953, 331.87249755859375], [186.2978057861328, 309.5101623535156, 215.820556640625, 322.6820373535156], [356.9287414550781, 128.94639587402344, 404.8437805175781, 201.9419708251953], [148.1876678466797, 149.15016174316406, 332.8603820800781, 216.94140625], [47.09814453125, 55.70298385620117, 65.10567474365234, 86.4406967163086], [194.22544860839844, 324.07635498046875, 234.25953674316406, 343.3660583496094], [47.09814453125, 55.70298385620117, 65.10567474365234, 86.4406967163086], [58.366912841796875, 61.79552459716797, 65.91120910644531, 71.0182876586914], [190.0819549560547, 323.9677429199219, 258.52276611328125, 351.0920715332031], [387.4435119628906, 67.19273376464844, 413.3333740234375, 131.05978393554688], [45.96528625488281, 39.196537017822266, 66.56134033203125, 72.3291244506836], [18.95564079284668, 156.72406005859375, 180.65611267089844, 326.9446105957031], [457.3155822753906, 158.4399871826172, 484.7060852050781, 189.6652069091797], [15.237648010253906, 212.51002502441406, 62.76936721801758, 368.5485534667969], [69.7388916015625, 65.42008209228516, 82.20536804199219, 86.52680969238281], [481.8327941894531, 330.2537536621094, 500.0494689941406, 369.0700378417969], [481.8327941894531, 330.2537536621094, 500.0494689941406, 369.0700378417969], [44.98614501953125, 285.6954040527344, 497.192626953125, 369.1009826660156], [148.1876678466797, 149.15016174316406, 332.8603820800781, 216.94140625], [368.4983215332031, 122.82685852050781, 388.05352783203125, 201.6710662841797], [457.3155822753906, 158.4399871826172, 484.7060852050781, 189.6652069091797], [144.0703887939453, 58.10092544555664, 171.08824157714844, 99.75228118896484], [190.0819549560547, 323.9677429199219, 258.52276611328125, 351.0920715332031], [104.4065933227539, 151.16961669921875, 118.11181640625, 160.39552307128906], [352.579833984375, 115.68944549560547, 404.4399719238281, 201.8401336669922], [392.382080078125, 262.02215576171875, 500.5100402832031, 368.663818359375], [29.67910385131836, 199.59683227539062, 505.8657531738281, 369.30841064453125], [16.946718215942383, 46.65824890136719, 499.9325256347656, 368.82861328125], [17.862279891967773, 159.24635314941406, 61.98573303222656, 367.9966735839844], [29.414474487304688, 151.05223083496094, 347.2939758300781, 256.07452392578125], [130.6233673095703, 291.77984619140625, 196.50318908691406, 347.7319030761719], [107.60360717773438, 205.6363067626953, 374.4074401855469, 350.11651611328125], [372.4423828125, 153.89633178710938, 389.3380432128906, 201.7682342529297], [23.59665870666504, 152.69937133789062, 274.6702880859375, 335.54022216796875], [360.1268310546875, 154.38279724121094, 391.0218200683594, 200.9120330810547], [358.3716735839844, 154.9453582763672, 374.0684509277344, 201.80160522460938], [47.09814453125, 55.70298385620117, 65.10567474365234, 86.4406967163086], [146.3439483642578, 56.719970703125, 160.1121063232422, 99.7650146484375], [143.82794189453125, 60.084312438964844, 151.45445251464844, 97.93326568603516], [217.97027587890625, 293.592529296875, 237.62515258789062, 329.5231628417969], [17.584142684936523, 121.278076171875, 60.4849967956543, 363.3589172363281], [296.6986083984375, 200.33169555664062, 499.9334411621094, 314.9044494628906], [22.96176528930664, 150.1522979736328, 404.5778503417969, 296.11566162109375], [29.00333023071289, 157.1602020263672, 159.54348754882812, 252.3294677734375], [18.95564079284668, 156.72406005859375, 180.65611267089844, 326.9446105957031], [138.49618530273438, 151.59530639648438, 163.26235961914062, 158.1371307373047], [15.391558647155762, 155.33302307128906, 179.22372436523438, 368.2081298828125], [23.919374465942383, 152.52818298339844, 283.4140319824219, 283.9654846191406], [356.2507629394531, 134.55604553222656, 376.33782958984375, 202.13685607910156], [190.2317352294922, 163.49517822265625, 221.24424743652344, 215.7664794921875], [148.1876678466797, 149.15016174316406, 332.8603820800781, 216.94140625], [47.951080322265625, 54.27149963378906, 59.749515533447266, 81.65473937988281], [17.862279891967773, 159.24635314941406, 61.98573303222656, 367.9966735839844], [359.8849182128906, 153.6609344482422, 404.23602294921875, 201.9493408203125], [384.25726318359375, 156.46287536621094, 397.35205078125, 200.75189208984375], [83.4127197265625, 153.2388153076172, 402.9751892089844, 220.89187622070312], [148.0121307373047, 165.07351684570312, 166.31451416015625, 178.7381591796875], [46.305641174316406, 39.90830612182617, 63.24451446533203, 53.85596466064453], [14.538944244384766, 307.9931640625, 40.802894592285156, 332.798828125], [372.4102783203125, 152.4169464111328, 396.62054443359375, 201.43177795410156], [45.96528625488281, 39.196537017822266, 66.56134033203125, 72.3291244506836], [67.98352813720703, 41.18927764892578, 83.81996154785156, 86.92343139648438], [182.0926055908203, 297.6231689453125, 223.0611114501953, 326.06451416015625], [239.3835906982422, 327.3136291503906, 284.5478515625, 349.1144104003906], [19.884693145751953, 210.79620361328125, 62.42058563232422, 283.7342834472656], [370.53973388671875, 158.42626953125, 387.5824279785156, 201.8922882080078], [413.27557373046875, 357.1884460449219, 428.4407653808594, 368.9547424316406], [23.751914978027344, 151.06195068359375, 405.0915222167969, 288.9751281738281], [70.47946166992188, 44.71009063720703, 82.9278335571289, 69.4658203125], [144.17752075195312, 56.94230270385742, 160.52195739746094, 111.21546173095703]), Score: [0.9594366550445557, 0.900035560131073, 0.8457730412483215, 0.3324155807495117, 0.2504512667655945, 0.21841061115264893, 0.21315596997737885, 0.20688669383525848, 0.205909863114357, 0.16755130887031555, 0.15404874086380005, 0.146968811750412, 0.14522427320480347, 0.13373799622058868, 0.12907885015010834, 0.12543748319149017, 0.1173773780465126, 0.10507533699274063, 0.10496385395526886, 0.10165924578905106, 0.10023844987154007, 0.09890227764844894, 0.09655702859163284, 0.09569098800420761, 0.09561708569526672, 0.09381906688213348, 0.09252802282571793, 0.0916592925786972, 0.0903441458940506, 0.08634918928146362, 0.08414820581674576, 0.08331741392612457, 0.08328406512737274, 0.08306383341550827, 0.0821056067943573, 0.08182428777217865, 0.08129074424505234, 0.07956753671169281, 0.07772968709468842, 0.07698502391576767, 0.076106958091259, 0.07557656615972519, 0.07353020459413528, 0.07256714999675751, 0.07240799069404602, 0.07210931926965714, 0.0716027021408081, 0.0706905648112297, 0.07049345225095749, 0.0672433003783226, 0.06551171094179153, 0.06544148176908493, 0.06427157670259476, 0.06403712928295135, 0.06360922753810883, 0.0632854476571083, 0.0632440522313118, 0.06242399290204048, 0.062149591743946075, 0.0621454082429409, 0.06141502037644386, 0.06140131130814552, 0.06127246841788292, 0.060496073216199875, 0.06032627448439598, 0.06000811234116554, 0.05958450585603714, 0.05952305719256401, 0.05910472571849823, 0.059049952775239944, 0.05894428864121437, 0.05891502648591995, 0.05841811001300812, 0.05664852634072304, 0.05638411268591881, 0.05577809736132622, 0.05565762147307396, 0.055630315095186234, 0.05555760860443115, 0.0550074428319931, 0.05469917133450508, 0.05463042110204697, 0.05349237099289894, 0.053410984575748444, 0.05317167565226555, 0.053011734038591385, 0.05300500616431236, 0.052833154797554016, 0.05276566743850708, 0.052184704691171646, 0.052167393267154694, 0.051437538117170334, 0.05084941163659096, 0.05024762079119682, 0.050188034772872925, 0.05014658719301224, 0.04977697506546974, 0.049425605684518814, 0.04891764372587204, 0.04854687675833702, 0.04843645542860031, 0.04788731038570404, 0.04723178967833519, 0.04710475355386734, 0.04688482731580734, 0.04683522507548332, 0.04674730822443962, 0.04649144038558006, 0.045831333845853806, 0.04572484269738197, 0.04565946385264397, 0.04513445124030113, 0.044800132513046265, 0.04476671665906906, 0.04442957043647766, 0.04414769262075424, 0.04410644248127937, 0.044062916189432144, 0.04368380084633827, 0.04354819655418396, 0.04350009560585022, 0.043242428451776505, 0.042615439742803574, 0.04253065586090088, 0.042441193014383316, 0.04238487780094147, 0.0415763296186924, 0.04144955798983574, 0.04106276109814644, 0.04092295840382576, 0.04087889567017555, 0.04074510931968689, 0.04042349383234978, 0.04040917381644249, 0.0402340404689312, 0.04018992558121681, 0.04012431204319, 0.03980730473995209, 0.03964594751596451, 0.03942273557186127, 0.03941023349761963, 0.03938467800617218, 0.03914160281419754, 0.03908205404877663, 0.03907755762338638, 0.038841623812913895, 0.03882927820086479, 0.03862123563885689, 0.03856080025434494, 0.03845134377479553, 0.03842712938785553, 0.03811294585466385, 0.03807487338781357, 0.03803984820842743, 0.037886638194322586, 0.03784753009676933, 0.037568461149930954, 0.03755516931414604, 0.03748210892081261, 0.037440087646245956, 0.03707016631960869, 0.03704173490405083, 0.03695407882332802, 0.03693884238600731, 0.0369354672729969, 0.03677115589380264, 0.03659353032708168, 0.03654870763421059, 0.0363801009953022, 0.03606829047203064, 0.03602883592247963, 0.03584103658795357, 0.03578025847673416, 0.03577933833003044, 0.035522572696208954, 0.03538539633154869, 0.03517276793718338, 0.03512384742498398, 0.03509501367807388, 0.03502251207828522, 0.03491371497511864, 0.03490328788757324, 0.034750375896692276, 0.03470207378268242, 0.03458455950021744, 0.03433088958263397, 0.03419588878750801, 0.034141309559345245, 0.03405945748090744, 0.03394102677702904, 0.033883240073919296, 0.03373052924871445, 0.033689066767692566, 0.03354677930474281, 0.03343939036130905, 0.033407457172870636, 0.03331055864691734, 0.03325941786170006, 0.03317732363939285, 0.032956916838884354, 0.03295397758483887, 0.03294508904218674, 0.03290793299674988, 0.032565150409936905, 0.03248533234000206, 0.032427411526441574, 0.032339420169591904, 0.03227490186691284, 0.031979501247406006, 0.03171098232269287, 0.03170762583613396, 0.031687766313552856, 0.03154410794377327, 0.03147134557366371, 0.031443558633327484, 0.03136627376079559, 0.031337570399045944, 0.031319670379161835, 0.03118983283638954, 0.031143607571721077, 0.030937286093831062, 0.03091799095273018, 0.03086455538868904, 0.030846552923321724, 0.03078775480389595, 0.030706215649843216, 0.030573880299925804, 0.030533740296959877, 0.030282719060778618, 0.030280079692602158, 0.030228102579712868, 0.029899651184678078, 0.029872996732592583, 0.029833359643816948, 0.029732953757047653, 0.029644466936588287, 0.029617510735988617, 0.029603369534015656, 0.029595810920000076, 0.029578981921076775, 0.02953394502401352, 0.02937546744942665, 0.02934129908680916, 0.029209556058049202, 0.029156241565942764, 0.029121629893779755, 0.029110055416822433, 0.029022417962551117, 0.02900177240371704, 0.02899153344333172, 0.02898348867893219, 0.028938403353095055, 0.028884639963507652, 0.028800560161471367, 0.02872413955628872, 0.028638863936066628, 0.028519634157419205, 0.028412016108632088, 0.02827233448624611, 0.028268417343497276, 0.028170069679617882, 0.028146399185061455, 0.02811155654489994, 0.027931377291679382, 0.027890771627426147, 0.02782399021089077, 0.027789732441306114, 0.02778312750160694, 0.02777479961514473, 0.02776150219142437, 0.027635812759399414, 0.02762286178767681, 0.02751072123646736, 0.02741590142250061, 0.027403507381677628, 0.027365684509277344, 0.02727806381881237, 0.027277007699012756, 0.027276817709207535, 0.027235206216573715, 0.027204260230064392, 0.02718236669898033, 0.02709914930164814, 0.0269804447889328, 0.02687157690525055, 0.02686433121562004, 0.026862362399697304, 0.026861220598220825, 0.02671874314546585, 0.026655692607164383, 0.02663935348391533, 0.02652360498905182, 0.026442477479577065, 0.026385586708784103, 0.026284171268343925, 0.026279034093022346, 0.026225430890917778, 0.02616063505411148, 0.02615831419825554, 0.02600988931953907]

Execution time: 0.4094 sec
