Label: tensor([58,  0, 77, 77, 58, 75, 58, 58, 58, 26, 59, 59, 77, 77, 58, 58, 77, 59,
        77, 55, 58, 26, 58, 58,  0, 67, 75, 58, 58, 77, 58, 58, 58, 77, 58, 58,
         0, 59, 77, 58, 41, 67, 58, 58, 58, 58, 16, 58, 26, 58, 58, 58, 75, 59,
        59, 58, 58, 58, 56, 56, 58, 41, 58, 58, 58, 49, 77, 58, 57, 58, 58, 16,
        59, 58, 13, 75, 58, 58, 41, 59, 56, 58,  0, 59, 58, 13, 58, 77, 67, 73,
        58, 58, 77, 45, 58, 73, 13, 75, 55, 48, 77, 13,  0, 16, 49, 77, 58, 58,
        57, 58, 56, 13, 15, 26, 77, 26, 59, 26, 58, 74, 41,  0, 58, 13, 57, 28,
        17, 57, 58, 13, 67, 41, 58, 75, 32, 56, 55, 57, 58, 58, 75, 32, 75, 58,
        59, 16, 58, 59, 51, 59, 73, 67, 58, 15, 58, 45,  0, 58, 58, 58, 54, 16,
        13, 58, 58, 57, 25, 58, 77, 58, 44, 59, 45, 48, 58, 77, 77, 49, 58, 77,
        75, 42, 56, 57, 56, 58, 41, 75, 58, 56, 58, 77, 57, 58, 60, 75, 75, 58,
        75, 44, 56, 58, 75, 75, 60, 75, 73, 58, 26, 54, 76, 53, 58, 16, 77, 75,
        48, 58, 55,  0, 77, 58, 75, 58, 58, 58, 73, 58, 59, 59, 58, 58, 59, 59,
        58, 51, 56, 58, 77,  0, 26, 13, 14, 73, 56, 24, 58, 56, 45, 16, 58, 56,
        13, 58, 57, 45,  0, 57, 58, 41, 58, 77, 13, 58, 58, 15, 59, 16, 65, 58,
        58, 24,  0, 47, 43, 16, 58, 13, 47, 46, 77, 75, 41, 58, 58, 75, 54, 77,
        57,  0, 40, 58, 13, 15, 76, 58, 45, 77, 40, 41]), Box: ([17.472442626953125, 158.65696716308594, 106.84138488769531, 257.0970153808594], [238.28208923339844, 91.20472717285156, 341.4173583984375, 239.98638916015625], [163.71559143066406, 138.3477783203125, 230.18179321289062, 212.3203582763672], [199.80589294433594, 157.4273223876953, 227.12030029296875, 190.34315490722656], [451.43634033203125, 281.63641357421875, 499.9505920410156, 332.06341552734375], [31.506977081298828, 211.03372192382812, 82.51901245117188, 256.8000183105469], [0.005347654223442078, 37.67689895629883, 32.94355392456055, 176.94529724121094], [0.17470493912696838, 37.34159469604492, 33.2297477722168, 257.76873779296875], [450.399169921875, 211.13119506835938, 499.8771667480469, 331.9450378417969], [92.00486755371094, 214.4663848876953, 164.89932250976562, 260.6044006347656], [162.74502563476562, 136.95289611816406, 353.9198913574219, 239.84603881835938], [162.80032348632812, 138.09288024902344, 292.2192077636719, 238.26040649414062], [162.80032348632812, 138.09288024902344, 292.2192077636719, 238.26040649414062], [163.2808074951172, 138.75523376464844, 213.9763946533203, 211.43247985839844], [92.7662353515625, 268.1043395996094, 216.56883239746094, 332.2540588378906], [44.659149169921875, 159.34115600585938, 102.28282165527344, 255.831787109375], [199.28550720214844, 157.84434509277344, 232.3713836669922, 197.89035034179688], [162.58892822265625, 175.71836853027344, 355.7254943847656, 243.0005340576172], [173.7457275390625, 138.25628662109375, 226.91244506835938, 191.91323852539062], [239.38116455078125, 191.63009643554688, 247.91213989257812, 200.08753967285156], [-0.029539689421653748, 37.81066131591797, 32.808563232421875, 133.47926330566406], [215.06973266601562, 201.81112670898438, 293.66571044921875, 238.18304443359375], [157.9080810546875, 233.0651092529297, 186.55169677734375, 275.6484375], [447.3782043457031, 265.1475830078125, 499.8489685058594, 331.85498046875], [162.80032348632812, 138.09288024902344, 292.2192077636719, 238.26040649414062], [239.38116455078125, 191.63009643554688, 247.91213989257812, 200.08753967285156], [0.10831980407238007, 143.4357452392578, 7.808818817138672, 177.1352081298828], [19.822738647460938, 159.61793518066406, 105.6090087890625, 257.0481262207031], [49.58810806274414, 158.8621826171875, 88.66539001464844, 191.22544860839844], [256.0563659667969, 170.2205047607422, 274.98681640625, 187.283935546875], [93.56487274169922, 270.7974853515625, 183.12803649902344, 332.0962829589844], [92.51934051513672, 257.47247314453125, 218.79559326171875, 332.0482482910156], [-0.20440015196800232, 37.20908737182617, 29.07316017150879, 75.77574157714844], [173.71490478515625, 138.41783142089844, 210.62820434570312, 177.10121154785156], [-0.00043585896492004395, 37.74201583862305, 32.22236633300781, 120.84203338623047], [92.00486755371094, 214.4663848876953, 164.89932250976562, 260.6044006347656], [163.71559143066406, 138.3477783203125, 230.18179321289062, 212.3203582763672], [215.06973266601562, 201.81112670898438, 293.66571044921875, 238.18304443359375], [191.34071350097656, 259.3345642089844, 217.83981323242188, 296.3138427734375], [0.19684620201587677, 94.60182189941406, 20.67792510986328, 177.4304656982422], [239.38116455078125, 191.63009643554688, 247.91213989257812, 200.08753967285156], [217.25927734375, 180.9541778564453, 231.20803833007812, 194.50498962402344], [485.8663330078125, 211.67007446289062, 499.9870910644531, 240.04144287109375], [79.38009643554688, 167.854248046875, 108.45706176757812, 229.32350158691406], [0.5747042894363403, 266.5672607421875, 105.84585571289062, 331.9349060058594], [399.7188415527344, 280.9153137207031, 499.9744567871094, 332.01025390625], [163.71559143066406, 138.3477783203125, 230.18179321289062, 212.3203582763672], [142.41116333007812, 232.969970703125, 196.9728546142578, 300.6005554199219], [221.52734375, 210.93084716796875, 293.65069580078125, 238.46597290039062], [159.0508575439453, 257.509521484375, 218.27218627929688, 297.2586975097656], [2.007260799407959, 267.73486328125, 185.2104034423828, 332.0718078613281], [191.34071350097656, 259.3345642089844, 217.83981323242188, 296.3138427734375], [0.4612468183040619, 131.81539916992188, 27.100515365600586, 177.500244140625], [216.9085693359375, 171.8550262451172, 355.807373046875, 231.27362060546875], [162.65237426757812, 193.54872131347656, 356.1895446777344, 242.57730102539062], [460.8058166503906, 211.41419982910156, 500.010009765625, 239.7572479248047], [0.4066908657550812, 94.2381362915039, 31.31057357788086, 257.43853759765625], [90.09980773925781, 272.9790344238281, 149.4415740966797, 331.95111083984375], [485.8663330078125, 211.67007446289062, 499.9870910644531, 240.04144287109375], [92.00486755371094, 214.4663848876953, 164.89932250976562, 260.6044006347656], [162.63558959960938, 258.65240478515625, 218.3363800048828, 297.7784423828125], [238.37249755859375, 178.414306640625, 248.5601043701172, 200.1197052001953], [87.8598403930664, 168.18028259277344, 130.2161865234375, 216.82493591308594], [18.095394134521484, 160.50196838378906, 53.171993255615234, 190.646484375], [178.85317993164062, 272.90509033203125, 198.93670654296875, 296.5164489746094], [153.67349243164062, 309.47198486328125, 172.18609619140625, 327.94915771484375], [162.9158477783203, 138.21578979492188, 230.2872314453125, 221.00706481933594], [31.506977081298828, 211.03372192382812, 82.51901245117188, 256.8000183105469], [162.74502563476562, 136.95289611816406, 353.9198913574219, 239.84603881835938], [376.5934143066406, 280.8736572265625, 499.334228515625, 332.00982666015625], [48.464515686035156, 159.0185546875, 96.28587341308594, 213.84060668945312], [199.80589294433594, 157.4273223876953, 227.12030029296875, 190.34315490722656], [91.78716278076172, 138.63584899902344, 380.88311767578125, 271.956787109375], [94.20982360839844, 257.65179443359375, 368.0731201171875, 331.811767578125], [91.80484771728516, 210.67478942871094, 381.8774108886719, 262.70782470703125], [1.2767761945724487, 139.74392700195312, 27.014087677001953, 173.01429748535156], [18.385974884033203, 160.80404663085938, 56.43333435058594, 255.5623016357422], [138.80958557128906, 256.9938659667969, 218.38465881347656, 302.74127197265625], [199.80589294433594, 157.4273223876953, 227.12030029296875, 190.34315490722656], [91.80484771728516, 210.67478942871094, 381.8774108886719, 262.70782470703125], [335.9530029296875, 172.48880004882812, 355.7223205566406, 226.79295349121094], [19.03899383544922, 161.23829650878906, 69.41105651855469, 255.5529022216797], [338.79486083984375, 55.16938018798828, 371.03155517578125, 99.7540283203125], [91.07383728027344, 171.6882781982422, 382.298583984375, 261.614013671875], [91.0186538696289, 166.45179748535156, 165.26919555664062, 218.97535705566406], [0.7087439298629761, 210.38772583007812, 500.488525390625, 331.9086608886719], [43.55857467651367, 296.25006103515625, 102.89230346679688, 332.0055847167969], [91.38191223144531, 137.8761444091797, 227.94261169433594, 219.0916748046875], [199.80589294433594, 157.4273223876953, 227.12030029296875, 190.34315490722656], [333.83013916015625, 226.1937713623047, 381.71795654296875, 244.1316680908203], [152.10948181152344, 256.8613586425781, 199.93467712402344, 301.5142517089844], [138.27381896972656, 257.8511962890625, 218.62335205078125, 330.3833312988281], [162.76670837402344, 194.74755859375, 223.29615783691406, 233.4268341064453], [92.00486755371094, 214.4663848876953, 164.89932250976562, 260.6044006347656], [161.1302947998047, 233.2278594970703, 185.19236755371094, 255.2472686767578], [214.74710083007812, 201.2275848388672, 286.1400451660156, 221.9446563720703], [91.07383728027344, 171.6882781982422, 382.298583984375, 261.614013671875], [0.4960857331752777, 130.22239685058594, 26.940937042236328, 177.67709350585938], [199.80589294433594, 157.4273223876953, 227.12030029296875, 190.34315490722656], [217.25927734375, 180.9541778564453, 231.20803833007812, 194.50498962402344], [173.6568145751953, 137.90721130371094, 210.39468383789062, 177.64596557617188], [91.78716278076172, 138.63584899902344, 380.88311767578125, 271.956787109375], [162.74502563476562, 136.95289611816406, 353.9198913574219, 239.84603881835938], [162.9158477783203, 138.21578979492188, 230.2872314453125, 221.00706481933594], [196.65281677246094, 273.622314453125, 217.8671875, 296.29791259765625], [162.7542724609375, 175.67864990234375, 227.2852325439453, 231.8706512451172], [485.7698059082031, 194.90438842773438, 500.2652893066406, 240.26370239257812], [29.374797821044922, 181.1277618408203, 83.9479751586914, 256.908447265625], [91.78716278076172, 138.63584899902344, 380.88311767578125, 271.956787109375], [-0.08795876055955887, 37.42003631591797, 28.606618881225586, 66.25074005126953], [338.79486083984375, 55.16938018798828, 371.03155517578125, 99.7540283203125], [91.13813781738281, 202.74476623535156, 382.38330078125, 277.6846008300781], [199.80589294433594, 157.4273223876953, 227.12030029296875, 190.34315490722656], [199.80589294433594, 157.4273223876953, 227.12030029296875, 190.34315490722656], [199.75762939453125, 180.7714385986328, 231.6844482421875, 210.93946838378906], [162.83657836914062, 194.81558227539062, 219.80776977539062, 230.9608154296875], [212.37313842773438, 172.85360717773438, 355.9612731933594, 235.90284729003906], [162.76670837402344, 194.74755859375, 223.29615783691406, 233.4268341064453], [0.7005221843719482, 270.3980407714844, 73.62596893310547, 331.85211181640625], [239.38116455078125, 191.63009643554688, 247.91213989257812, 200.08753967285156], [256.0563659667969, 170.2205047607422, 274.98681640625, 187.283935546875], [256.0563659667969, 170.2205047607422, 274.98681640625, 187.283935546875], [77.99627685546875, 191.1702880859375, 94.8623046875, 229.37838745117188], [92.17426300048828, 202.1669921875, 498.8484802246094, 263.8208312988281], [162.80032348632812, 138.09288024902344, 292.2192077636719, 238.26040649414062], [92.00486755371094, 214.4663848876953, 164.89932250976562, 260.6044006347656], [199.80589294433594, 157.4273223876953, 227.12030029296875, 190.34315490722656], [91.07383728027344, 171.6882781982422, 382.298583984375, 261.614013671875], [86.52010345458984, 168.2432861328125, 127.76139068603516, 256.62518310546875], [92.00486755371094, 214.4663848876953, 164.89932250976562, 260.6044006347656], [257.1596984863281, 171.6895751953125, 265.6290588378906, 181.9633026123047], [238.48403930664062, 183.57595825195312, 250.0359649658203, 200.36077880859375], [75.80985260009766, 188.30125427246094, 98.48838806152344, 230.0631866455078], [0.24214386940002441, 164.55551147460938, 31.11832618713379, 256.92633056640625], [196.65281677246094, 273.622314453125, 217.8671875, 296.29791259765625], [162.80032348632812, 138.09288024902344, 292.2192077636719, 238.26040649414062], [238.48403930664062, 183.57595825195312, 250.0359649658203, 200.36077880859375], [216.9085693359375, 171.8550262451172, 355.807373046875, 231.27362060546875], [0.14716294407844543, 93.58970642089844, 20.075519561767578, 127.34667205810547], [18.33340072631836, 159.55970764160156, 90.23660278320312, 192.5384063720703], [191.34071350097656, 259.3345642089844, 217.83981323242188, 296.3138427734375], [153.67349243164062, 309.47198486328125, 172.18609619140625, 327.94915771484375], [199.80589294433594, 157.4273223876953, 227.12030029296875, 190.34315490722656], [460.9801025390625, 210.6516876220703, 500.2051086425781, 258.7408752441406], [162.76197814941406, 194.89097595214844, 261.8371887207031, 237.28988647460938], [199.28550720214844, 157.84434509277344, 232.3713836669922, 197.89035034179688], [1.3240939378738403, 39.91949462890625, 32.30733871459961, 114.9344482421875], [156.931884765625, 198.19259643554688, 292.44915771484375, 238.6351318359375], [153.67349243164062, 309.47198486328125, 172.18609619140625, 327.94915771484375], [214.74710083007812, 201.2275848388672, 286.1400451660156, 221.9446563720703], [199.80589294433594, 157.4273223876953, 227.12030029296875, 190.34315490722656], [238.37249755859375, 178.414306640625, 248.5601043701172, 200.1197052001953], [460.66937255859375, 204.31666564941406, 500.2377014160156, 241.10568237304688], [163.71559143066406, 138.3477783203125, 230.18179321289062, 212.3203582763672], [0.8117444515228271, 37.48891067504883, 102.52788543701172, 258.13641357421875], [31.506977081298828, 211.03372192382812, 82.51901245117188, 256.8000183105469], [162.76197814941406, 194.89097595214844, 261.8371887207031, 237.28988647460938], [98.62969970703125, 267.3971252441406, 497.7653503417969, 331.73333740234375], [0.2881195545196533, 94.59459686279297, 20.361770629882812, 146.40957641601562], [3.4684362411499023, 70.67942810058594, 32.255619049072266, 99.45730590820312], [239.38116455078125, 191.63009643554688, 247.91213989257812, 200.08753967285156], [162.76670837402344, 194.74755859375, 223.29615783691406, 233.4268341064453], [92.05755615234375, 196.9822998046875, 292.3031921386719, 264.9515380859375], [43.97454833984375, 159.06866455078125, 94.63043212890625, 212.35813903808594], [2.6680548191070557, 88.66143798828125, 51.213897705078125, 204.11578369140625], [91.80484771728516, 210.67478942871094, 381.8774108886719, 262.70782470703125], [215.06973266601562, 201.81112670898438, 293.66571044921875, 238.18304443359375], [92.7313232421875, 0.3216758966445923, 181.16378784179688, 219.17132568359375], [162.63558959960938, 258.65240478515625, 218.3363800048828, 297.7784423828125], [199.80589294433594, 157.4273223876953, 227.12030029296875, 190.34315490722656], [238.37249755859375, 178.414306640625, 248.5601043701172, 200.1197052001953], [157.83444213867188, 157.61337280273438, 417.5960693359375, 273.4551696777344], [239.38116455078125, 191.63009643554688, 247.91213989257812, 200.08753967285156], [199.80589294433594, 157.4273223876953, 227.12030029296875, 190.34315490722656], [1.2767761945724487, 139.74392700195312, 27.014087677001953, 173.01429748535156], [333.18536376953125, 223.86309814453125, 351.7625427246094, 238.3160400390625], [162.76197814941406, 194.89097595214844, 261.8371887207031, 237.28988647460938], [161.1302947998047, 233.2278594970703, 185.19236755371094, 255.2472686767578], [171.69139099121094, 258.8806457519531, 198.63381958007812, 299.48724365234375], [162.83657836914062, 194.81558227539062, 219.80776977539062, 230.9608154296875], [0.14716294407844543, 93.58970642089844, 20.075519561767578, 127.34667205810547], [238.28660583496094, 178.5106964111328, 246.63250732421875, 197.22593688964844], [216.9085693359375, 171.8550262451172, 355.807373046875, 231.27362060546875], [162.58892822265625, 175.71836853027344, 355.7254943847656, 243.0005340576172], [331.14776611328125, 61.665748596191406, 371.5184631347656, 101.7252197265625], [142.96826171875, 256.08673095703125, 187.4113311767578, 301.1935119628906], [239.27902221679688, 189.62991333007812, 256.1297302246094, 204.50123596191406], [82.03193664550781, 210.16986083984375, 95.20938873291016, 229.09022521972656], [91.48120880126953, 138.29774475097656, 168.7044219970703, 218.89439392089844], [485.7698059082031, 194.90438842773438, 500.2652893066406, 240.26370239257812], [0.6315112113952637, 139.65000915527344, 500.447509765625, 331.1734924316406], [217.25927734375, 180.9541778564453, 231.20803833007812, 194.50498962402344], [335.9530029296875, 172.48880004882812, 355.7223205566406, 226.79295349121094], [398.8797607421875, 271.4559326171875, 500.6086120605469, 331.6867980957031], [214.74710083007812, 201.2275848388672, 286.1400451660156, 221.9446563720703], [171.45252990722656, 258.2064514160156, 192.8260498046875, 277.1153564453125], [92.00486755371094, 214.4663848876953, 164.89932250976562, 260.6044006347656], [171.45252990722656, 258.2064514160156, 192.8260498046875, 277.1153564453125], [35.19883728027344, 232.73046875, 78.35033416748047, 256.682373046875], [238.28660583496094, 178.5106964111328, 246.63250732421875, 197.22593688964844], [460.8058166503906, 211.41419982910156, 500.010009765625, 239.7572479248047], [86.80338287353516, 167.93167114257812, 108.32194519042969, 214.87857055664062], [31.8809814453125, 210.92608642578125, 82.2250747680664, 238.68284606933594], [31.184640884399414, 209.09800720214844, 92.88114166259766, 256.676025390625], [91.80484771728516, 210.67478942871094, 381.8774108886719, 262.70782470703125], [6.396731376647949, 139.7744903564453, 27.061494827270508, 165.73704528808594], [92.00486755371094, 214.4663848876953, 164.89932250976562, 260.6044006347656], [86.30967712402344, 167.80001831054688, 106.74827575683594, 192.39144897460938], [335.9530029296875, 172.48880004882812, 355.7223205566406, 226.79295349121094], [256.0563659667969, 170.2205047607422, 274.98681640625, 187.283935546875], [238.37249755859375, 178.414306640625, 248.5601043701172, 200.1197052001953], [239.38116455078125, 191.63009643554688, 247.91213989257812, 200.08753967285156], [1.271948218345642, 94.5194320678711, 499.8896179199219, 330.73284912109375], [163.2808074951172, 138.75523376464844, 213.9763946533203, 211.43247985839844], [159.0508575439453, 257.509521484375, 218.27218627929688, 297.2586975097656], [0.4066908657550812, 94.2381362915039, 31.31057357788086, 257.43853759765625], [256.0563659667969, 170.2205047607422, 274.98681640625, 187.283935546875], [56.16038513183594, 310.5232238769531, 98.85203552246094, 332.060546875], [217.25927734375, 180.9541778564453, 231.20803833007812, 194.50498962402344], [335.1452331542969, 38.0568962097168, 370.7547912597656, 99.88610076904297], [157.9080810546875, 233.0651092529297, 186.55169677734375, 275.6484375], [17.992889404296875, 160.65553283691406, 58.319129943847656, 210.62432861328125], [19.822738647460938, 159.61793518066406, 105.6090087890625, 257.0481262207031], [1.209259033203125, 255.86325073242188, 365.5419616699219, 331.4497985839844], [91.52140045166016, 137.06121826171875, 168.15541076660156, 218.59190368652344], [141.55479431152344, 256.9944763183594, 181.1283416748047, 286.6549072265625], [348.17333984375, 227.44090270996094, 381.6377868652344, 240.55596923828125], [1.4631301164627075, 18.598033905029297, 164.1392059326172, 257.3662109375], [91.13813781738281, 202.74476623535156, 382.38330078125, 277.6846008300781], [92.05755615234375, 196.9822998046875, 292.3031921386719, 264.9515380859375], [32.29597091674805, 185.73841857910156, 92.48726654052734, 213.25186157226562], [-0.009862706065177917, 37.115997314453125, 29.733497619628906, 76.622802734375], [221.52734375, 210.93084716796875, 293.65069580078125, 238.46597290039062], [163.71559143066406, 138.3477783203125, 230.18179321289062, 212.3203582763672], [7.965953826904297, 301.5652770996094, 47.324180603027344, 331.9748229980469], [161.1302947998047, 233.2278594970703, 185.19236755371094, 255.2472686767578], [163.71559143066406, 138.3477783203125, 230.18179321289062, 212.3203582763672], [152.3185272216797, 271.7203369140625, 197.66796875, 303.8375549316406], [198.26988220214844, 151.46493530273438, 209.86898803710938, 166.72348022460938], [215.06973266601562, 201.81112670898438, 293.66571044921875, 238.18304443359375], [294.2936096191406, 131.90785217285156, 355.297119140625, 226.38438415527344], [91.18805694580078, 161.8056182861328, 382.827392578125, 263.69573974609375], [191.3194580078125, 259.320068359375, 215.15228271484375, 276.3327941894531], [417.36566162109375, 226.39173889160156, 450.20355224609375, 239.8777618408203], [215.06973266601562, 201.81112670898438, 293.66571044921875, 238.18304443359375], [92.00486755371094, 214.4663848876953, 164.89932250976562, 260.6044006347656], [31.287569046020508, 211.32015991210938, 82.25586700439453, 256.7569274902344], [460.66937255859375, 204.31666564941406, 500.2377014160156, 241.10568237304688], [35.19883728027344, 232.73046875, 78.35033416748047, 256.682373046875], [162.76197814941406, 194.89097595214844, 261.8371887207031, 237.28988647460938], [0.4612468183040619, 131.81539916992188, 27.100515365600586, 177.500244140625], [451.43634033203125, 281.63641357421875, 499.9505920410156, 332.06341552734375], [451.43634033203125, 281.63641357421875, 499.9505920410156, 332.06341552734375], [31.097759246826172, 187.8370819091797, 47.16089630126953, 212.17822265625], [212.37313842773438, 172.85360717773438, 355.9612731933594, 235.90284729003906], [215.06973266601562, 201.81112670898438, 293.66571044921875, 238.18304443359375], [199.28550720214844, 157.84434509277344, 232.3713836669922, 197.89035034179688], [92.05755615234375, 196.9822998046875, 292.3031921386719, 264.9515380859375], [99.18151092529297, 0.2224254608154297, 178.4789276123047, 219.22885131835938], [238.62380981445312, 177.94776916503906, 268.2840881347656, 200.25941467285156], [0.7087439298629761, 210.38772583007812, 500.488525390625, 331.9086608886719], [194.14634704589844, 152.2045135498047, 211.0289764404297, 176.35093688964844], [0.6315112113952637, 139.65000915527344, 500.447509765625, 331.1734924316406], [158.0672149658203, 255.7731475830078, 192.65969848632812, 276.9456481933594], [-6.709680080413818, 28.066896438598633, 103.41787719726562, 262.03997802734375], [213.54205322265625, 226.0027313232422, 262.4611511230469, 237.4878387451172], [163.06204223632812, 121.45795440673828, 355.5489807128906, 237.816162109375], [162.80032348632812, 138.09288024902344, 292.2192077636719, 238.26040649414062], [239.38116455078125, 191.63009643554688, 247.91213989257812, 200.08753967285156], [196.65281677246094, 273.622314453125, 217.8671875, 296.29791259765625], [91.88237762451172, 188.4263458251953, 129.95082092285156, 216.18112182617188], [162.76670837402344, 194.74755859375, 223.29615783691406, 233.4268341064453], [0.005347654223442078, 37.67689895629883, 32.94355392456055, 176.94529724121094], [196.65281677246094, 273.622314453125, 217.8671875, 296.29791259765625], [238.37249755859375, 178.414306640625, 248.5601043701172, 200.1197052001953], [213.54205322265625, 226.0027313232422, 262.4611511230469, 237.4878387451172], [6.396731376647949, 139.7744903564453, 27.061494827270508, 165.73704528808594], [460.8058166503906, 211.41419982910156, 500.010009765625, 239.7572479248047], [153.67349243164062, 309.47198486328125, 172.18609619140625, 327.94915771484375], [333.18536376953125, 223.86309814453125, 351.7625427246094, 238.3160400390625], [172.0643310546875, 138.4866180419922, 211.41549682617188, 181.98501586914062], [0.9608739018440247, 144.03684997558594, 10.781712532043457, 172.1536407470703], [239.7471160888672, 192.51380920410156, 248.02178955078125, 200.07916259765625], [1.9959211349487305, 29.250560760498047, 223.28970336914062, 258.9195861816406], [31.254486083984375, 211.47216796875, 81.89244079589844, 256.83221435546875], [77.99627685546875, 191.1702880859375, 94.8623046875, 229.37838745117188], [161.1302947998047, 233.2278594970703, 185.19236755371094, 255.2472686767578], [162.74502563476562, 136.95289611816406, 353.9198913574219, 239.84603881835938], [215.06973266601562, 201.81112670898438, 293.66571044921875, 238.18304443359375], [199.80589294433594, 157.4273223876953, 227.12030029296875, 190.34315490722656], [238.37249755859375, 178.414306640625, 248.5601043701172, 200.1197052001953], [476.72479248046875, 212.5452423095703, 496.7687072753906, 321.0755920410156], [216.9085693359375, 171.8550262451172, 355.807373046875, 231.27362060546875], [199.28550720214844, 157.84434509277344, 232.3713836669922, 197.89035034179688], [217.25927734375, 180.9541778564453, 231.20803833007812, 194.50498962402344], [1.0668859481811523, 37.09444046020508, 164.96246337890625, 258.13726806640625], [221.52734375, 210.93084716796875, 293.65069580078125, 238.46597290039062], [238.62380981445312, 177.94776916503906, 268.2840881347656, 200.25941467285156], [256.0563659667969, 170.2205047607422, 274.98681640625, 187.283935546875], [333.18536376953125, 223.86309814453125, 351.7625427246094, 238.3160400390625]), Score: [0.8980228900909424, 0.8959316611289978, 0.7152230143547058, 0.46996861696243286, 0.39265677332878113, 0.3385569453239441, 0.3215288519859314, 0.2476949691772461, 0.22000521421432495, 0.2151171863079071, 0.19975243508815765, 0.19664229452610016, 0.18363679945468903, 0.17145296931266785, 0.16600963473320007, 0.15632642805576324, 0.1554594188928604, 0.151261568069458, 0.1452668011188507, 0.14470908045768738, 0.14106394350528717, 0.1407933235168457, 0.13782137632369995, 0.13658012449741364, 0.134480819106102, 0.1301894634962082, 0.12915191054344177, 0.12783536314964294, 0.12575562298297882, 0.1254204660654068, 0.12416651099920273, 0.12277589738368988, 0.12132566422224045, 0.12061884254217148, 0.11964809149503708, 0.11868041753768921, 0.1096239984035492, 0.10759034007787704, 0.10673107206821442, 0.10563918948173523, 0.10521789640188217, 0.10477396845817566, 0.1006438210606575, 0.10058613121509552, 0.09975574910640717, 0.09868431091308594, 0.09722668677568436, 0.09492603689432144, 0.09205248951911926, 0.0920451357960701, 0.09170509874820709, 0.09144547581672668, 0.09115435183048248, 0.09062973409891129, 0.08845682442188263, 0.08770998567342758, 0.08743561804294586, 0.0873071476817131, 0.0872877761721611, 0.0861898735165596, 0.08577458560466766, 0.08546663820743561, 0.08515818417072296, 0.08508770167827606, 0.08333944529294968, 0.08268589526414871, 0.08253592252731323, 0.08170253038406372, 0.080621637403965, 0.0805836021900177, 0.08039137721061707, 0.07960919290781021, 0.07886108756065369, 0.07723008096218109, 0.07714331895112991, 0.07605128735303879, 0.07580851018428802, 0.0751887708902359, 0.07516413927078247, 0.07509482651948929, 0.07444484531879425, 0.07363828271627426, 0.07305201888084412, 0.07231227308511734, 0.07178618758916855, 0.07174312323331833, 0.0710313692688942, 0.0701490193605423, 0.06987950205802917, 0.06903614848852158, 0.06901470571756363, 0.06877543777227402, 0.06860750913619995, 0.06835856288671494, 0.06791519373655319, 0.06774231791496277, 0.06740084290504456, 0.06736189126968384, 0.06731535494327545, 0.06676025688648224, 0.0664101094007492, 0.06622227281332016, 0.06562167406082153, 0.06536398082971573, 0.06518373638391495, 0.06517040729522705, 0.06455206125974655, 0.06452663987874985, 0.06450038403272629, 0.06449303030967712, 0.06368277221918106, 0.06359707564115524, 0.06353715062141418, 0.06332907825708389, 0.06257087737321854, 0.062367793172597885, 0.06235821172595024, 0.06198083236813545, 0.06165799871087074, 0.06157686933875084, 0.061478350311517715, 0.061089180409908295, 0.0600707083940506, 0.05997370928525925, 0.059622980654239655, 0.058966778218746185, 0.05889251083135605, 0.057865891605615616, 0.057781580835580826, 0.05727159604430199, 0.05690224841237068, 0.05660455673933029, 0.056577906012535095, 0.05638648197054863, 0.05627555027604103, 0.05610497668385506, 0.05572311207652092, 0.05554857477545738, 0.05516989901661873, 0.055087532848119736, 0.05492040887475014, 0.05482248216867447, 0.054611485451459885, 0.05454561859369278, 0.05450152978301048, 0.0544554702937603, 0.05411370471119881, 0.05411306768655777, 0.05354664474725723, 0.05338122695684433, 0.053222063928842545, 0.05320219323039055, 0.05305895954370499, 0.053000397980213165, 0.05295184627175331, 0.052866023033857346, 0.052798159420490265, 0.05264135077595711, 0.05243828147649765, 0.052336473017930984, 0.052327901124954224, 0.05197463557124138, 0.051847659051418304, 0.05178401619195938, 0.05160804092884064, 0.05148245021700859, 0.05058293789625168, 0.050516434013843536, 0.05039285868406296, 0.05003020167350769, 0.04992886260151863, 0.04979744926095009, 0.049736183136701584, 0.049674142152071, 0.049464836716651917, 0.04941493272781372, 0.049283720552921295, 0.04920940846204758, 0.04909282177686691, 0.04896065220236778, 0.04846356064081192, 0.048320651054382324, 0.04819002002477646, 0.04809188097715378, 0.04791131988167763, 0.04788042604923248, 0.04786869138479233, 0.04773637279868126, 0.04768512398004532, 0.04750887677073479, 0.04738432541489601, 0.04727519676089287, 0.04718814045190811, 0.047126833349466324, 0.04650264233350754, 0.04623458907008171, 0.04579535499215126, 0.04576698690652847, 0.04568193852901459, 0.045679982751607895, 0.0454176589846611, 0.04534389078617096, 0.0452701635658741, 0.0452219657599926, 0.045218199491500854, 0.04515815153717995, 0.04496021568775177, 0.044931523501873016, 0.044841982424259186, 0.04482714831829071, 0.04473405331373215, 0.04473218694329262, 0.04468182846903801, 0.04465671628713608, 0.044646527618169785, 0.04441848397254944, 0.04441092908382416, 0.04430270195007324, 0.04429534077644348, 0.044249217957258224, 0.04404104873538017, 0.04403598979115486, 0.04398126155138016, 0.04375609755516052, 0.04351283609867096, 0.043337609618902206, 0.04314490035176277, 0.04308037832379341, 0.04307856410741806, 0.04294241964817047, 0.042879387736320496, 0.0428316555917263, 0.04269576817750931, 0.042571358382701874, 0.042559754103422165, 0.04250094294548035, 0.04238222539424896, 0.04231598973274231, 0.04228929430246353, 0.042251747101545334, 0.042250338941812515, 0.04199328273534775, 0.04197763651609421, 0.04191036522388458, 0.041819095611572266, 0.04170471429824829, 0.04160675033926964, 0.041595589369535446, 0.04151025786995888, 0.041273415088653564, 0.041174355894327164, 0.04103460535407066, 0.04102688655257225, 0.040978070348501205, 0.040722839534282684, 0.04052215814590454, 0.040495630353689194, 0.04046766087412834, 0.04043453931808472, 0.040430765599012375, 0.04033129662275314, 0.04029860720038414, 0.04025369882583618, 0.04016072675585747, 0.04005904868245125, 0.040011171251535416, 0.03979289159178734, 0.03967251628637314, 0.039644356817007065, 0.03947105631232262, 0.03945831581950188, 0.03932670131325722, 0.03932037204504013, 0.03913417086005211, 0.03890101611614227, 0.038850296288728714, 0.03882594406604767, 0.038768380880355835, 0.03872327134013176, 0.03855574503540993, 0.03853987529873848, 0.038538504391908646, 0.038500335067510605, 0.0384836383163929, 0.03836387023329735, 0.03830728679895401, 0.038304492831230164, 0.03825295343995094, 0.038178641349077225, 0.038010209798812866, 0.03799564763903618, 0.03797350451350212, 0.037963833659887314, 0.037928368896245956, 0.0378866046667099, 0.03787056356668472, 0.037700820714235306, 0.037687838077545166, 0.0372248999774456, 0.03718668967485428]

Execution time: 0.4124 sec
