Label: tensor([15, 45, 45, 44, 78, 26, 67, 78, 45, 61, 24, 78, 45, 71, 41, 26, 24, 61,
        78, 24, 76,  3, 64, 24, 56, 56,  3, 71, 78, 64, 41, 71, 75, 44, 26, 44,
        45, 32, 61,  3, 71, 61, 78, 74, 56,  2,  3, 71, 78, 26, 41, 45, 26, 15,
        24, 78, 24, 71, 45, 36, 78, 58, 41, 45, 61, 40, 61, 71, 75, 78, 45, 24,
        24,  3, 71, 61, 15,  3, 58, 71, 77, 61, 39, 75, 24, 61, 71, 24, 58, 71,
        32, 70, 61, 16, 15, 24, 71, 24, 24,  0, 65, 24, 24, 78, 28, 58,  3, 40,
        58, 45, 71, 24, 71, 45, 78, 71, 71, 24,  3, 61, 58, 70, 44, 71, 26, 71,
        44, 58,  0, 44, 44, 45, 45, 26, 60, 61,  0, 44, 59,  0, 71, 64, 45, 15,
        61, 76, 39, 76, 71, 42, 71, 50, 71, 78,  1, 26, 58, 58, 61, 26, 77, 24,
        60, 26, 61, 47, 29, 71, 43, 39, 44,  2, 15, 78, 61,  1, 24, 24, 43, 71,
        26, 24, 71, 56, 78, 71, 26, 32, 24, 24, 78, 43, 24, 71, 15, 41, 24, 15,
        15, 61, 24, 15, 24, 26, 36,  3, 26, 44, 61, 78, 71, 36, 57, 45,  0, 71,
        71, 58, 58, 71,  9, 53, 14, 44, 15, 12, 71, 26, 71, 66, 24,  1, 79, 56,
        44, 57, 59, 46, 58, 45,  3, 45, 47, 76, 24, 41, 14, 44, 26, 44, 24, 61,
        77,  3, 50, 67, 24, 24, 15, 42, 36, 15, 41, 44, 24, 67, 71, 49, 23, 71,
        48,  1, 65, 26, 45, 58, 58, 26, 39, 76, 24, 26,  3,  1, 45, 36, 42,  0,
        78, 24, 15, 71, 26, 24, 71, 36, 39, 60, 26, 71]), Box: ([13.313740730285645, 87.56829833984375, 500.5246276855469, 285.47955322265625], [112.66948699951172, 57.01631546020508, 317.0412292480469, 128.3791961669922], [107.81482696533203, 57.130592346191406, 319.96905517578125, 248.3421630859375], [112.66948699951172, 57.01631546020508, 317.0412292480469, 128.3791961669922], [107.81482696533203, 57.130592346191406, 319.96905517578125, 248.3421630859375], [111.29252624511719, 57.10463333129883, 498.86883544921875, 283.62054443359375], [471.8455505371094, 129.8142852783203, 499.79052734375, 168.80484008789062], [471.8455505371094, 129.8142852783203, 499.79052734375, 168.80484008789062], [111.29252624511719, 57.10463333129883, 498.86883544921875, 283.62054443359375], [107.81482696533203, 57.130592346191406, 319.96905517578125, 248.3421630859375], [111.29252624511719, 57.10463333129883, 498.86883544921875, 283.62054443359375], [111.29252624511719, 57.10463333129883, 498.86883544921875, 283.62054443359375], [471.8455505371094, 129.8142852783203, 499.79052734375, 168.80484008789062], [111.29252624511719, 57.10463333129883, 498.86883544921875, 283.62054443359375], [112.66948699951172, 57.01631546020508, 317.0412292480469, 128.3791961669922], [107.81482696533203, 57.130592346191406, 319.96905517578125, 248.3421630859375], [13.982504844665527, 56.68644714355469, 318.7486572265625, 213.9213409423828], [111.29252624511719, 57.10463333129883, 498.86883544921875, 283.62054443359375], [24.738222122192383, 55.45579528808594, 317.4362487792969, 246.50794982910156], [107.81482696533203, 57.130592346191406, 319.96905517578125, 248.3421630859375], [471.8455505371094, 129.8142852783203, 499.79052734375, 168.80484008789062], [111.29252624511719, 57.10463333129883, 498.86883544921875, 283.62054443359375], [112.66948699951172, 57.01631546020508, 317.0412292480469, 128.3791961669922], [24.738222122192383, 55.45579528808594, 317.4362487792969, 246.50794982910156], [112.66948699951172, 57.01631546020508, 317.0412292480469, 128.3791961669922], [471.8455505371094, 129.8142852783203, 499.79052734375, 168.80484008789062], [107.81482696533203, 57.130592346191406, 319.96905517578125, 248.3421630859375], [471.8455505371094, 129.8142852783203, 499.79052734375, 168.80484008789062], [30.139223098754883, 55.009376525878906, 321.5719909667969, 273.74176025390625], [471.8455505371094, 129.8142852783203, 499.79052734375, 168.80484008789062], [107.81482696533203, 57.130592346191406, 319.96905517578125, 248.3421630859375], [107.81482696533203, 57.130592346191406, 319.96905517578125, 248.3421630859375], [107.81482696533203, 57.130592346191406, 319.96905517578125, 248.3421630859375], [107.81482696533203, 57.130592346191406, 319.96905517578125, 248.3421630859375], [13.982504844665527, 56.68644714355469, 318.7486572265625, 213.9213409423828], [471.8455505371094, 129.8142852783203, 499.79052734375, 168.80484008789062], [180.2605438232422, 208.6901092529297, 282.67144775390625, 327.5055847167969], [112.66948699951172, 57.01631546020508, 317.0412292480469, 128.3791961669922], [482.0945739746094, 161.75216674804688, 500.4181213378906, 251.59654235839844], [112.66948699951172, 57.01631546020508, 317.0412292480469, 128.3791961669922], [112.66948699951172, 57.01631546020508, 317.0412292480469, 128.3791961669922], [24.738222122192383, 55.45579528808594, 317.4362487792969, 246.50794982910156], [13.982504844665527, 56.68644714355469, 318.7486572265625, 213.9213409423828], [471.8455505371094, 129.8142852783203, 499.79052734375, 168.80484008789062], [107.81482696533203, 57.130592346191406, 319.96905517578125, 248.3421630859375], [471.8455505371094, 129.8142852783203, 499.79052734375, 168.80484008789062], [112.79072570800781, 57.35540008544922, 321.64849853515625, 275.8549499511719], [0.21126866340637207, 151.81405639648438, 500.20623779296875, 338.39984130859375], [22.37616539001465, 53.598060607910156, 319.2434387207031, 270.4798889160156], [24.738222122192383, 55.45579528808594, 317.4362487792969, 246.50794982910156], [471.8455505371094, 129.8142852783203, 499.79052734375, 168.80484008789062], [112.79072570800781, 57.35540008544922, 321.64849853515625, 275.8549499511719], [471.8455505371094, 129.8142852783203, 499.79052734375, 168.80484008789062], [482.0945739746094, 161.75216674804688, 500.4181213378906, 251.59654235839844], [30.139223098754883, 55.009376525878906, 321.5719909667969, 273.74176025390625], [112.79072570800781, 57.35540008544922, 321.64849853515625, 275.8549499511719], [22.37616539001465, 53.598060607910156, 319.2434387207031, 270.4798889160156], [0.2338886260986328, -0.5893433094024658, 500.22869873046875, 339.18670654296875], [111.90943145751953, 24.643146514892578, 317.8255615234375, 130.46832275390625], [111.29252624511719, 57.10463333129883, 498.86883544921875, 283.62054443359375], [19.030839920043945, 56.913394927978516, 320.05780029296875, 225.38084411621094], [0.2338886260986328, -0.5893433094024658, 500.22869873046875, 339.18670654296875], [113.0958251953125, 57.24078369140625, 317.3356628417969, 127.81372833251953], [30.139223098754883, 55.009376525878906, 321.5719909667969, 273.74176025390625], [30.139223098754883, 55.009376525878906, 321.5719909667969, 273.74176025390625], [107.81482696533203, 57.130592346191406, 319.96905517578125, 248.3421630859375], [13.982504844665527, 56.68644714355469, 318.7486572265625, 213.9213409423828], [482.0945739746094, 161.75216674804688, 500.4181213378906, 251.59654235839844], [112.66948699951172, 57.01631546020508, 317.0412292480469, 128.3791961669922], [112.66948699951172, 57.01631546020508, 317.0412292480469, 128.3791961669922], [109.82498168945312, 56.290863037109375, 322.03924560546875, 127.93157958984375], [13.459861755371094, 55.75383758544922, 321.77484130859375, 224.12911987304688], [19.030839920043945, 56.913394927978516, 320.05780029296875, 225.38084411621094], [24.738222122192383, 55.45579528808594, 317.4362487792969, 246.50794982910156], [155.68626403808594, 84.02542114257812, 500.5438232421875, 282.12982177734375], [112.66948699951172, 57.01631546020508, 317.0412292480469, 128.3791961669922], [471.8455505371094, 129.8142852783203, 499.79052734375, 168.80484008789062], [111.90943145751953, 24.643146514892578, 317.8255615234375, 130.46832275390625], [30.139223098754883, 55.009376525878906, 321.5719909667969, 273.74176025390625], [212.4813232421875, 92.95191955566406, 499.12298583984375, 284.324462890625], [111.29252624511719, 57.10463333129883, 498.86883544921875, 283.62054443359375], [19.030839920043945, 56.913394927978516, 320.05780029296875, 225.38084411621094], [471.8455505371094, 129.8142852783203, 499.79052734375, 168.80484008789062], [111.29252624511719, 57.10463333129883, 498.86883544921875, 283.62054443359375], [10.334432601928711, 54.29438400268555, 317.6474304199219, 203.63064575195312], [14.067098617553711, 56.33224105834961, 322.3851318359375, 274.0600280761719], [223.6992950439453, 96.84722900390625, 499.15130615234375, 284.5969543457031], [212.4813232421875, 92.95191955566406, 499.12298583984375, 284.324462890625], [111.90943145751953, 24.643146514892578, 317.8255615234375, 130.46832275390625], [470.1217956542969, 130.20509338378906, 499.9505920410156, 240.08377075195312], [471.8455505371094, 129.8142852783203, 499.79052734375, 168.80484008789062], [111.29252624511719, 57.10463333129883, 498.86883544921875, 283.62054443359375], [470.1217956542969, 130.20509338378906, 499.9505920410156, 240.08377075195312], [13.928890228271484, 78.7593765258789, 498.1226806640625, 284.35943603515625], [13.928890228271484, 78.7593765258789, 498.1226806640625, 284.35943603515625], [14.519587516784668, 56.49827575683594, 316.6437072753906, 217.47848510742188], [189.87290954589844, 87.06426239013672, 499.8556823730469, 283.29254150390625], [155.68626403808594, 84.02542114257812, 500.5438232421875, 282.12982177734375], [13.160526275634766, 56.01028060913086, 319.67742919921875, 200.57467651367188], [471.8455505371094, 129.8142852783203, 499.79052734375, 168.80484008789062], [471.8455505371094, 129.8142852783203, 499.79052734375, 168.80484008789062], [107.44343566894531, 0.12918293476104736, 500.4827880859375, 282.5592346191406], [14.941811561584473, 54.03870391845703, 498.8575439453125, 281.9185791015625], [470.1217956542969, 130.20509338378906, 499.9505920410156, 240.08377075195312], [111.29252624511719, 57.10463333129883, 498.86883544921875, 283.62054443359375], [22.37616539001465, 53.598060607910156, 319.2434387207031, 270.4798889160156], [30.139223098754883, 55.009376525878906, 321.5719909667969, 273.74176025390625], [112.66948699951172, 57.01631546020508, 317.0412292480469, 128.3791961669922], [0.8841753005981445, 58.176509857177734, 500.8791198730469, 337.73516845703125], [13.982504844665527, 56.68644714355469, 318.7486572265625, 213.9213409423828], [279.0078430175781, 162.6152801513672, 501.22308349609375, 282.6615905761719], [112.79072570800781, 57.35540008544922, 321.64849853515625, 275.8549499511719], [19.030839920043945, 56.913394927978516, 320.05780029296875, 225.38084411621094], [113.97196197509766, 57.271114349365234, 210.17416381835938, 128.89187622070312], [18.20087432861328, 50.904945373535156, 318.7178649902344, 260.5827941894531], [24.738222122192383, 55.45579528808594, 317.4362487792969, 246.50794982910156], [13.982504844665527, 56.68644714355469, 318.7486572265625, 213.9213409423828], [470.1217956542969, 130.20509338378906, 499.9505920410156, 240.08377075195312], [13.982504844665527, 56.68644714355469, 318.7486572265625, 213.9213409423828], [18.20087432861328, 50.904945373535156, 318.7178649902344, 260.5827941894531], [111.29252624511719, 57.10463333129883, 498.86883544921875, 283.62054443359375], [107.81482696533203, 57.130592346191406, 319.96905517578125, 248.3421630859375], [12.722402572631836, 55.38768768310547, 320.86968994140625, 213.2781982421875], [0.8841753005981445, 58.176509857177734, 500.8791198730469, 337.73516845703125], [30.139223098754883, 55.009376525878906, 321.5719909667969, 273.74176025390625], [18.20087432861328, 50.904945373535156, 318.7178649902344, 260.5827941894531], [207.6630096435547, 63.761322021484375, 317.73187255859375, 103.89714813232422], [0.6894171237945557, -0.30172407627105713, 310.7135314941406, 339.4807434082031], [0.2338886260986328, -0.5893433094024658, 500.22869873046875, 339.18670654296875], [180.2605438232422, 208.6901092529297, 282.67144775390625, 327.5055847167969], [112.79072570800781, 57.35540008544922, 321.64849853515625, 275.8549499511719], [113.0958251953125, 57.24078369140625, 317.3356628417969, 127.81372833251953], [111.75178527832031, 61.98991394042969, 317.1346130371094, 228.2328338623047], [22.37616539001465, 53.598060607910156, 319.2434387207031, 270.4798889160156], [0.21126866340637207, 151.81405639648438, 500.20623779296875, 338.39984130859375], [22.37616539001465, 53.598060607910156, 319.2434387207031, 270.4798889160156], [470.1217956542969, 130.20509338378906, 499.9505920410156, 240.08377075195312], [13.982504844665527, 56.68644714355469, 318.7486572265625, 213.9213409423828], [482.0945739746094, 161.75216674804688, 500.4181213378906, 251.59654235839844], [180.2605438232422, 208.6901092529297, 282.67144775390625, 327.5055847167969], [107.35690307617188, 56.9925537109375, 487.1114501953125, 283.7408447265625], [107.81482696533203, 57.130592346191406, 319.96905517578125, 248.3421630859375], [24.738222122192383, 55.45579528808594, 317.4362487792969, 246.50794982910156], [470.1217956542969, 130.20509338378906, 499.9505920410156, 240.08377075195312], [112.79072570800781, 57.35540008544922, 321.64849853515625, 275.8549499511719], [112.66948699951172, 57.01631546020508, 317.0412292480469, 128.3791961669922], [107.81482696533203, 57.130592346191406, 319.96905517578125, 248.3421630859375], [107.81482696533203, 57.130592346191406, 319.96905517578125, 248.3421630859375], [294.5255126953125, 163.6769256591797, 502.1534423828125, 282.1844177246094], [113.0958251953125, 57.24078369140625, 317.3356628417969, 127.81372833251953], [235.0680694580078, 161.73739624023438, 500.582763671875, 283.4334716796875], [13.313740730285645, 87.56829833984375, 500.5246276855469, 285.47955322265625], [179.9317169189453, 87.44186401367188, 500.648681640625, 283.04150390625], [14.067098617553711, 56.33224105834961, 322.3851318359375, 274.0600280761719], [112.66948699951172, 57.01631546020508, 317.0412292480469, 128.3791961669922], [111.90943145751953, 24.643146514892578, 317.8255615234375, 130.46832275390625], [107.44343566894531, 0.12918293476104736, 500.4827880859375, 282.5592346191406], [13.982504844665527, 56.68644714355469, 318.7486572265625, 213.9213409423828], [10.334432601928711, 54.29438400268555, 317.6474304199219, 203.63064575195312], [470.1217956542969, 130.20509338378906, 499.9505920410156, 240.08377075195312], [107.81482696533203, 57.130592346191406, 319.96905517578125, 248.3421630859375], [25.603517532348633, 56.38374710083008, 483.5323181152344, 202.42709350585938], [112.66948699951172, 57.01631546020508, 317.0412292480469, 128.3791961669922], [155.68626403808594, 84.02542114257812, 500.5438232421875, 282.12982177734375], [471.8455505371094, 129.8142852783203, 499.79052734375, 168.80484008789062], [112.66948699951172, 57.01631546020508, 317.0412292480469, 128.3791961669922], [112.66948699951172, 57.01631546020508, 317.0412292480469, 128.3791961669922], [143.6818389892578, 87.89341735839844, 492.72430419921875, 202.8970184326172], [471.8455505371094, 129.8142852783203, 499.79052734375, 168.80484008789062], [470.1217956542969, 130.20509338378906, 499.9505920410156, 240.08377075195312], [111.90943145751953, 24.643146514892578, 317.8255615234375, 130.46832275390625], [0.2338886260986328, -0.5893433094024658, 500.22869873046875, 339.18670654296875], [19.018098831176758, 78.63272857666016, 496.7792663574219, 284.0846252441406], [13.459861755371094, 55.75383758544922, 321.77484130859375, 224.12911987304688], [111.64386749267578, 52.274444580078125, 500.457763671875, 319.9211120605469], [471.8455505371094, 129.8142852783203, 499.79052734375, 168.80484008789062], [471.8455505371094, 129.8142852783203, 499.79052734375, 168.80484008789062], [223.6992950439453, 96.84722900390625, 499.15130615234375, 284.5969543457031], [112.66948699951172, 57.01631546020508, 317.0412292480469, 128.3791961669922], [107.44391632080078, 55.31741714477539, 479.1640625, 196.9302520751953], [112.79072570800781, 57.35540008544922, 321.64849853515625, 275.8549499511719], [18.20087432861328, 50.904945373535156, 318.7178649902344, 260.5827941894531], [30.139223098754883, 55.009376525878906, 321.5719909667969, 273.74176025390625], [111.29252624511719, 57.10463333129883, 498.86883544921875, 283.62054443359375], [12.722402572631836, 55.38768768310547, 320.86968994140625, 213.2781982421875], [14.911860466003418, 55.107147216796875, 325.3751525878906, 257.711669921875], [0.8841753005981445, 58.176509857177734, 500.8791198730469, 337.73516845703125], [107.81482696533203, 57.130592346191406, 319.96905517578125, 248.3421630859375], [14.067098617553711, 56.33224105834961, 322.3851318359375, 274.0600280761719], [189.87290954589844, 87.06426239013672, 499.8556823730469, 283.29254150390625], [10.334432601928711, 54.29438400268555, 317.6474304199219, 203.63064575195312], [107.81482696533203, 57.130592346191406, 319.96905517578125, 248.3421630859375], [0.8841753005981445, 58.176509857177734, 500.8791198730469, 337.73516845703125], [200.34005737304688, 94.24959564208984, 498.31317138671875, 204.3602752685547], [212.4813232421875, 92.95191955566406, 499.12298583984375, 284.324462890625], [13.313740730285645, 87.56829833984375, 500.5246276855469, 285.47955322265625], [107.68170928955078, 58.96452713012695, 317.6313171386719, 236.4947967529297], [272.4943542480469, 98.3172836303711, 500.89508056640625, 283.0097351074219], [274.6664733886719, 173.9502410888672, 500.7733154296875, 279.3529052734375], [14.911860466003418, 55.107147216796875, 325.3751525878906, 257.711669921875], [14.911860466003418, 55.107147216796875, 325.3751525878906, 257.711669921875], [223.6992950439453, 96.84722900390625, 499.15130615234375, 284.5969543457031], [35.37554931640625, 56.48794174194336, 380.19110107421875, 326.3758544921875], [212.4813232421875, 92.95191955566406, 499.12298583984375, 284.324462890625], [107.81482696533203, 57.130592346191406, 319.96905517578125, 248.3421630859375], [22.37616539001465, 53.598060607910156, 319.2434387207031, 270.4798889160156], [19.030839920043945, 56.913394927978516, 320.05780029296875, 225.38084411621094], [18.20087432861328, 50.904945373535156, 318.7178649902344, 260.5827941894531], [13.459861755371094, 55.75383758544922, 321.77484130859375, 224.12911987304688], [14.911860466003418, 55.107147216796875, 325.3751525878906, 257.711669921875], [13.459861755371094, 55.75383758544922, 321.77484130859375, 224.12911987304688], [13.982504844665527, 56.68644714355469, 318.7486572265625, 213.9213409423828], [0.4823058843612671, 0.06225079298019409, 499.470947265625, 143.93389892578125], [22.37616539001465, 53.598060607910156, 319.2434387207031, 270.4798889160156], [97.0729751586914, 0.3617507219314575, 498.6783752441406, 335.6605224609375], [272.4943542480469, 98.3172836303711, 500.89508056640625, 283.0097351074219], [1.1580288410186768, -0.28327226638793945, 500.8120422363281, 212.45855712890625], [112.79072570800781, 57.35540008544922, 321.64849853515625, 275.8549499511719], [107.81482696533203, 57.130592346191406, 319.96905517578125, 248.3421630859375], [15.229940414428711, 54.642730712890625, 323.7855224609375, 227.9418487548828], [13.313740730285645, 87.56829833984375, 500.5246276855469, 285.47955322265625], [13.313740730285645, 87.56829833984375, 500.5246276855469, 285.47955322265625], [471.8455505371094, 129.8142852783203, 499.79052734375, 168.80484008789062], [24.738222122192383, 55.45579528808594, 317.4362487792969, 246.50794982910156], [433.0706787109375, 160.1607208251953, 500.1794738769531, 281.42474365234375], [107.81482696533203, 57.130592346191406, 319.96905517578125, 248.3421630859375], [113.0958251953125, 57.24078369140625, 317.3356628417969, 127.81372833251953], [112.66948699951172, 57.01631546020508, 317.0412292480469, 128.3791961669922], [22.37616539001465, 53.598060607910156, 319.2434387207031, 270.4798889160156], [471.8455505371094, 129.8142852783203, 499.79052734375, 168.80484008789062], [272.4943542480469, 98.3172836303711, 500.89508056640625, 283.0097351074219], [107.81482696533203, 57.130592346191406, 319.96905517578125, 248.3421630859375], [471.8455505371094, 129.8142852783203, 499.79052734375, 168.80484008789062], [470.1217956542969, 130.20509338378906, 499.9505920410156, 240.08377075195312], [10.334432601928711, 54.29438400268555, 317.6474304199219, 203.63064575195312], [0.21126866340637207, 151.81405639648438, 500.20623779296875, 338.39984130859375], [13.313740730285645, 87.56829833984375, 500.5246276855469, 285.47955322265625], [107.81482696533203, 57.130592346191406, 319.96905517578125, 248.3421630859375], [24.738222122192383, 55.45579528808594, 317.4362487792969, 246.50794982910156], [470.1217956542969, 130.20509338378906, 499.9505920410156, 240.08377075195312], [471.8455505371094, 129.8142852783203, 499.79052734375, 168.80484008789062], [18.20087432861328, 50.904945373535156, 318.7178649902344, 260.5827941894531], [107.81482696533203, 57.130592346191406, 319.96905517578125, 248.3421630859375], [471.82916259765625, 129.4302215576172, 499.20611572265625, 144.62103271484375], [108.99237060546875, 57.02023696899414, 319.1561584472656, 237.725830078125], [470.1217956542969, 130.20509338378906, 499.9505920410156, 240.08377075195312], [107.81482696533203, 57.130592346191406, 319.96905517578125, 248.3421630859375], [19.030839920043945, 56.913394927978516, 320.05780029296875, 225.38084411621094], [107.44343566894531, 0.12918293476104736, 500.4827880859375, 282.5592346191406], [111.29252624511719, 57.10463333129883, 498.86883544921875, 283.62054443359375], [13.928890228271484, 78.7593765258789, 498.1226806640625, 284.35943603515625], [433.0706787109375, 160.1607208251953, 500.1794738769531, 281.42474365234375], [30.139223098754883, 55.009376525878906, 321.5719909667969, 273.74176025390625], [10.334432601928711, 54.29438400268555, 317.6474304199219, 203.63064575195312], [352.6575012207031, 0.19517368078231812, 363.1181640625, 7.9510087966918945], [471.82916259765625, 129.4302215576172, 499.20611572265625, 144.62103271484375], [12.722402572631836, 55.38768768310547, 320.86968994140625, 213.2781982421875], [200.34005737304688, 94.24959564208984, 498.31317138671875, 204.3602752685547], [155.68626403808594, 84.02542114257812, 500.5438232421875, 282.12982177734375], [112.66948699951172, 57.01631546020508, 317.0412292480469, 128.3791961669922], [24.738222122192383, 55.45579528808594, 317.4362487792969, 246.50794982910156], [279.0078430175781, 162.6152801513672, 501.22308349609375, 282.6615905761719], [180.2605438232422, 208.6901092529297, 282.67144775390625, 327.5055847167969], [30.139223098754883, 55.009376525878906, 321.5719909667969, 273.74176025390625], [111.64386749267578, 52.274444580078125, 500.457763671875, 319.9211120605469], [470.1217956542969, 130.20509338378906, 499.9505920410156, 240.08377075195312], [14.067098617553711, 56.33224105834961, 322.3851318359375, 274.0600280761719], [112.66948699951172, 57.01631546020508, 317.0412292480469, 128.3791961669922], [13.313740730285645, 87.56829833984375, 500.5246276855469, 285.47955322265625], [181.85247802734375, 145.39816284179688, 501.3286437988281, 285.643798828125], [111.29252624511719, 57.10463333129883, 498.86883544921875, 283.62054443359375], [112.79072570800781, 57.35540008544922, 321.64849853515625, 275.8549499511719], [113.0958251953125, 57.24078369140625, 317.3356628417969, 127.81372833251953], [189.87290954589844, 87.06426239013672, 499.8556823730469, 283.29254150390625], [19.030839920043945, 56.913394927978516, 320.05780029296875, 225.38084411621094], [13.459861755371094, 55.75383758544922, 321.77484130859375, 224.12911987304688], [344.35784912109375, -0.12756168842315674, 499.70440673828125, 138.1793975830078], [18.20087432861328, 50.904945373535156, 318.7178649902344, 260.5827941894531], [482.0945739746094, 161.75216674804688, 500.4181213378906, 251.59654235839844], [470.1217956542969, 130.20509338378906, 499.9505920410156, 240.08377075195312], [105.84370422363281, 57.24435043334961, 318.93365478515625, 220.3231964111328], [14.067098617553711, 56.33224105834961, 322.3851318359375, 274.0600280761719], [111.64386749267578, 52.274444580078125, 500.457763671875, 319.9211120605469], [13.982504844665527, 56.68644714355469, 318.7486572265625, 213.9213409423828], [117.63983154296875, 58.974544525146484, 318.3930969238281, 116.87577056884766], [471.8455505371094, 129.8142852783203, 499.79052734375, 168.80484008789062], [471.8455505371094, 129.8142852783203, 499.79052734375, 168.80484008789062], [0.21126866340637207, 151.81405639648438, 500.20623779296875, 338.39984130859375], [15.229940414428711, 54.642730712890625, 323.7855224609375, 227.9418487548828], [113.0958251953125, 57.24078369140625, 317.3356628417969, 127.81372833251953], [189.87290954589844, 87.06426239013672, 499.8556823730469, 283.29254150390625], [111.64386749267578, 52.274444580078125, 500.457763671875, 319.9211120605469], [13.459861755371094, 55.75383758544922, 321.77484130859375, 224.12911987304688], [179.9317169189453, 87.44186401367188, 500.648681640625, 283.04150390625], [162.04324340820312, 155.9815673828125, 500.24951171875, 281.97113037109375], [18.20087432861328, 50.904945373535156, 318.7178649902344, 260.5827941894531], [112.66948699951172, 57.01631546020508, 317.0412292480469, 128.3791961669922], [0.2338886260986328, -0.5893433094024658, 500.22869873046875, 339.18670654296875], [111.64386749267578, 52.274444580078125, 500.457763671875, 319.9211120605469], [14.941811561584473, 54.03870391845703, 498.8575439453125, 281.9185791015625]), Score: [0.9623216390609741, 0.4383532404899597, 0.10994713753461838, 0.08880655467510223, 0.06819546967744827, 0.05871965363621712, 0.053895995020866394, 0.05270865187048912, 0.04940054193139076, 0.048165466636419296, 0.045644816011190414, 0.04267403483390808, 0.041838690638542175, 0.03989110141992569, 0.039783038198947906, 0.03973402827978134, 0.039421092718839645, 0.039053983986377716, 0.037513379007577896, 0.03709613159298897, 0.036282360553741455, 0.03577505052089691, 0.03462580591440201, 0.03406697139143944, 0.033995166420936584, 0.03275904804468155, 0.03242342546582222, 0.031750183552503586, 0.03172558918595314, 0.031394172459840775, 0.03082241863012314, 0.030736245214939117, 0.02963920496404171, 0.029538044705986977, 0.02895698882639408, 0.028769701719284058, 0.028201758861541748, 0.027796590700745583, 0.027735864743590355, 0.027661001309752464, 0.027503183111548424, 0.027252916246652603, 0.02709934487938881, 0.02644754759967327, 0.026318082585930824, 0.02562764473259449, 0.025148920714855194, 0.025118080899119377, 0.024882517755031586, 0.024546829983592033, 0.024527423083782196, 0.024361994117498398, 0.024113299325108528, 0.02341921441257, 0.023181943222880363, 0.0223423819988966, 0.022232569754123688, 0.022130856290459633, 0.022103184834122658, 0.022078437730669975, 0.022073836997151375, 0.021885564550757408, 0.021826179698109627, 0.021801957860589027, 0.021731263026595116, 0.021682247519493103, 0.02151225134730339, 0.0212295800447464, 0.021148396655917168, 0.021140120923519135, 0.021051768213510513, 0.02094644121825695, 0.020573079586029053, 0.020424338057637215, 0.02042069472372532, 0.020395830273628235, 0.020325610414147377, 0.020294273272156715, 0.02017999067902565, 0.0201393011957407, 0.019906863570213318, 0.019811129197478294, 0.01975877396762371, 0.019740980118513107, 0.0196846853941679, 0.01944194734096527, 0.019429270178079605, 0.01939479261636734, 0.01931549236178398, 0.019267234951257706, 0.019122112542390823, 0.01904716156423092, 0.01896115019917488, 0.018956156447529793, 0.018928881734609604, 0.01881225034594536, 0.018744222819805145, 0.018716301769018173, 0.018602849915623665, 0.018324095755815506, 0.018282199278473854, 0.018267566338181496, 0.018258700147271156, 0.018178995698690414, 0.018122462555766106, 0.018072733655571938, 0.018061744049191475, 0.018045512959361076, 0.018044808879494667, 0.01802837662398815, 0.018017364665865898, 0.01776627078652382, 0.017642611637711525, 0.017602046951651573, 0.01736575923860073, 0.01736169122159481, 0.017356429249048233, 0.017332397401332855, 0.01731870137155056, 0.017295174300670624, 0.017288418486714363, 0.017259648069739342, 0.01710679940879345, 0.01708626188337803, 0.01699477806687355, 0.016922662034630775, 0.016861142590641975, 0.016848145052790642, 0.016795620322227478, 0.016747821122407913, 0.01673767901957035, 0.016676263883709908, 0.01657506637275219, 0.0165401641279459, 0.01652809977531433, 0.016494648531079292, 0.016487471759319305, 0.016409188508987427, 0.016394319012761116, 0.016392357647418976, 0.01630629412829876, 0.016255950555205345, 0.0161904189735651, 0.016100335866212845, 0.015992959961295128, 0.015978213399648666, 0.015977943316102028, 0.015949659049510956, 0.01591445505619049, 0.015861758962273598, 0.015820372849702835, 0.015816112980246544, 0.0157758891582489, 0.015674084424972534, 0.015596907585859299, 0.015570462681353092, 0.015445973724126816, 0.015440868213772774, 0.015440571121871471, 0.015401836484670639, 0.015309754759073257, 0.015301058068871498, 0.015299830585718155, 0.015277676284313202, 0.015225347131490707, 0.01522436086088419, 0.015221322886645794, 0.015210367739200592, 0.015197773464024067, 0.015184925869107246, 0.015173443593084812, 0.015155241824686527, 0.01511833444237709, 0.015113101340830326, 0.015109085477888584, 0.015086481347680092, 0.015085113234817982, 0.015076940879225731, 0.015038644894957542, 0.015030665323138237, 0.014967312105000019, 0.014907287433743477, 0.014832722023129463, 0.014780047349631786, 0.014762232080101967, 0.014644685201346874, 0.014582996256649494, 0.014567880891263485, 0.014533714391291142, 0.014528026804327965, 0.014509578235447407, 0.014505446888506413, 0.014485706575214863, 0.014338829554617405, 0.014325856231153011, 0.014307081699371338, 0.014297610148787498, 0.014269138686358929, 0.01426691748201847, 0.014257305301725864, 0.014208146370947361, 0.014207879081368446, 0.01419103890657425, 0.01418034266680479, 0.014095723628997803, 0.01406102254986763, 0.01404055766761303, 0.014034967869520187, 0.014026595279574394, 0.013963330537080765, 0.013929834589362144, 0.013917657546699047, 0.013895275071263313, 0.013808105140924454, 0.013776103965938091, 0.013764621689915657, 0.0137364212423563, 0.013712662272155285, 0.013708909042179585, 0.013691525906324387, 0.013626051135361195, 0.01362253911793232, 0.013614596799015999, 0.01357081439346075, 0.013549957424402237, 0.013544872403144836, 0.013533536344766617, 0.013475569896399975, 0.01346498727798462, 0.013435572385787964, 0.013431546278297901, 0.013406706042587757, 0.013403709977865219, 0.013374123722314835, 0.013372865505516529, 0.01336809154599905, 0.01336750015616417, 0.013317983597517014, 0.013293749652802944, 0.013287565670907497, 0.013284127227962017, 0.013260971754789352, 0.013215898536145687, 0.01319123338907957, 0.013180827721953392, 0.013177833519876003, 0.013155882246792316, 0.013143975287675858, 0.013088221661746502, 0.013069364242255688, 0.013020617887377739, 0.012920776382088661, 0.012895859777927399, 0.012883411720395088, 0.012847675941884518, 0.012829587794840336, 0.012797999195754528, 0.012769365683197975, 0.012768537737429142, 0.012757794931530952, 0.012683560140430927, 0.012679674662649632, 0.012673651799559593, 0.012669178657233715, 0.01266581378877163, 0.012619291432201862, 0.012605924159288406, 0.012593982741236687, 0.01256890781223774, 0.012514171190559864, 0.012486429885029793, 0.012481696903705597, 0.012477802112698555, 0.012473871931433678, 0.012447409331798553, 0.012437272816896439, 0.012435099110007286, 0.012430252507328987, 0.012421345338225365, 0.012416842393577099, 0.012374818325042725, 0.012368741445243359, 0.01235290803015232, 0.012345783412456512, 0.012329578399658203, 0.012310707941651344, 0.01230455283075571, 0.012302420102059841, 0.01225737202912569, 0.012251749634742737, 0.012237816117703915, 0.012234635651111603, 0.012192231602966785, 0.012186616659164429, 0.012156282551586628, 0.012155011296272278, 0.01214676909148693, 0.01213099341839552, 0.012123184278607368, 0.012121094390749931]

Execution time: 0.4089 sec
