Label: tensor([39, 39, 39, 39, 39, 39, 60, 72, 39, 60, 39, 39, 39, 60, 60, 60, 60, 60,
        60, 60, 39, 39, 39, 39, 60, 60, 60, 60, 60, 39, 39, 39, 60, 39, 60, 72,
        60, 39, 39, 39, 60, 60, 39, 60, 60, 39, 60, 39, 39, 39, 39, 39, 39, 39,
        39, 60, 60, 39, 60, 60, 39, 72, 39, 60, 39, 39, 60, 60, 60, 39, 39, 39,
        39, 39, 60, 60, 39, 39, 39, 39, 39, 60, 39, 39, 39, 39, 39, 56, 39, 39,
        39, 72, 39, 39, 40, 60, 39, 39, 39, 40, 60, 39, 60, 39, 39, 39, 39, 39,
        60, 60, 72, 13, 39, 39, 68, 60, 39, 60, 39, 39, 39, 60, 39, 39, 39, 60,
        39, 39, 39, 39, 73, 39, 72, 60, 40, 39, 39, 39, 60, 39, 60, 72, 60, 39,
        60, 39, 73, 39, 39, 40, 75, 39, 39, 39, 39, 39, 39, 60, 72, 68, 60, 75,
        43, 72, 63, 39, 39, 56, 39, 39, 72, 60, 39, 56, 72, 39, 39, 39, 60, 13,
        72, 68, 56, 75, 39, 72, 60, 60, 39, 40, 73, 39, 39, 39, 39,  0, 39, 39,
        39, 60, 39, 60, 39, 40, 39, 39, 75, 39, 39, 41, 60, 39, 34, 39, 60, 40,
        60, 39, 40,  0, 39, 39,  0, 40, 39, 72, 39, 73,  0,  0, 75, 39, 60, 39,
        39, 39, 39, 43, 39, 39, 40, 39, 60, 60, 39, 39, 45, 40, 41, 39, 44, 62,
        73, 39, 43, 40, 39, 40, 72, 60, 72, 41, 27, 40, 39, 45, 72, 72, 43, 60,
        39, 39, 39, 43, 39, 60, 39, 58,  0, 40, 60, 60, 39, 60, 40, 60, 60, 39,
        72, 40, 39, 43, 39, 56, 60, 39, 72, 39, 39, 56]), Box: ([129.3141632080078, -1.1383146047592163, 267.0764465332031, 495.7901916503906], [257.1068420410156, -0.0260770320892334, 375.1713562011719, 499.9410095214844], [0.08815526962280273, 0.1637488603591919, 142.92453002929688, 486.60595703125], [-0.23507186770439148, 172.23460388183594, 39.398834228515625, 469.9335632324219], [-0.2948390245437622, 181.44247436523438, 32.07972717285156, 469.5206604003906], [-0.11381366848945618, 181.60116577148438, 40.97521209716797, 436.3475341796875], [-0.1912638545036316, -0.002175569534301758, 374.80499267578125, 499.9922180175781], [-0.1912638545036316, -0.002175569534301758, 374.80499267578125, 499.9922180175781], [-0.10508112609386444, 96.26180267333984, 40.520286560058594, 464.24615478515625], [-0.4263371229171753, 444.49609375, 374.5699157714844, 499.7345275878906], [-0.0865347683429718, 36.48483657836914, 40.9614143371582, 470.15869140625], [0.006213784217834473, 53.87388229370117, 39.99825668334961, 468.43682861328125], [-0.1912638545036316, -0.002175569534301758, 374.80499267578125, 499.9922180175781], [-0.4501640796661377, 412.1983337402344, 374.54608154296875, 499.4938049316406], [-0.13778731226921082, 342.2441101074219, 374.85845947265625, 498.8509826660156], [-0.1989416778087616, 323.2160339355469, 374.79730224609375, 499.2837829589844], [-0.07047504186630249, 275.89520263671875, 374.92578125, 499.5787353515625], [-0.5088932514190674, 415.04901123046875, 374.4873352050781, 499.6573181152344], [-0.36451220512390137, 366.76251220703125, 374.6317443847656, 499.57763671875], [-0.28654932975769043, 349.8594055175781, 374.7096862792969, 500.0970458984375], [-0.1697544902563095, 211.87933349609375, 31.431058883666992, 468.3693542480469], [292.5071716308594, 0.2499893307685852, 337.6180419921875, 149.1988525390625], [129.1192626953125, 161.09178161621094, 158.97178649902344, 464.5821838378906], [263.979248046875, 0.146523118019104, 336.9997253417969, 222.86691284179688], [-0.46037882566452026, 418.027099609375, 374.5358581542969, 499.6990661621094], [-0.28090551495552063, 168.51080322265625, 374.71063232421875, 499.4000244140625], [-0.1941472291946411, 304.50567626953125, 374.80206298828125, 498.9853210449219], [-0.25108829140663147, 127.54602813720703, 374.7450866699219, 499.5950927734375], [-0.07989630103111267, 174.26016235351562, 374.9163513183594, 499.2882995605469], [129.4396209716797, 161.04798889160156, 155.0906982421875, 327.36474609375], [11.976741790771484, 250.42617797851562, 41.048702239990234, 431.51116943359375], [129.9608612060547, 160.84902954101562, 151.59812927246094, 234.23495483398438], [-0.4665590822696686, 147.72036743164062, 374.5296630859375, 499.9488830566406], [-0.10041660070419312, 304.9281921386719, 31.026670455932617, 467.6501159667969], [0.14110654592514038, 232.0822296142578, 375.1303405761719, 498.59375], [222.14166259765625, -0.5835890769958496, 375.25262451171875, 455.820556640625], [-0.18622353672981262, 181.72152709960938, 374.80999755859375, 498.4698181152344], [263.1107482910156, 0.3462880849838257, 375.4008483886719, 338.48779296875], [294.84368896484375, -0.07139891386032104, 336.2652282714844, 137.95846557617188], [292.76983642578125, -0.2684593200683594, 336.8450622558594, 149.22756958007812], [-0.5182809829711914, 415.7339172363281, 374.47796630859375, 498.17291259765625], [-0.2399235963821411, 156.90318298339844, 374.7563171386719, 499.10052490234375], [-0.10560918599367142, 40.978580474853516, 34.26930236816406, 185.72604370117188], [-0.6055421829223633, 427.7550048828125, 291.0714111328125, 499.318603515625], [-0.2983175218105316, 178.56903076171875, 374.6978454589844, 498.2740783691406], [227.9717559814453, 91.55101013183594, 267.8729248046875, 218.45973205566406], [-0.3339126706123352, 147.6049041748047, 374.6623229980469, 498.64404296875], [129.75730895996094, 87.21734619140625, 161.62269592285156, 326.33917236328125], [-0.16115745902061462, 0.23183226585388184, 44.95550537109375, 445.98211669921875], [124.48065185546875, 4.647448539733887, 171.23057556152344, 461.5054016113281], [225.09866333007812, -0.1855790615081787, 328.6439514160156, 220.1997833251953], [294.0794677734375, -0.7081776857376099, 374.57415771484375, 156.7224884033203], [129.49407958984375, 80.5540542602539, 171.44691467285156, 468.5057373046875], [226.3363037109375, 90.86923217773438, 267.04071044921875, 457.3746337890625], [315.9801940917969, -9.949639320373535, 375.1164855957031, 344.5255126953125], [-0.2781897783279419, 178.40000915527344, 374.7179260253906, 496.64373779296875], [-0.859580934047699, 3.1678974628448486, 374.1363525390625, 493.18804931640625], [0.13942736387252808, 174.63552856445312, 85.2829818725586, 497.2388000488281], [0.17845630645751953, 451.9590148925781, 232.05133056640625, 499.241943359375], [0.08046627044677734, 309.6209716796875, 277.5052490234375, 498.5081481933594], [-0.2006739377975464, 40.804420471191406, 33.53864669799805, 119.86071014404297], [225.1522216796875, 0.30240416526794434, 375.2926330566406, 220.8685302734375], [129.80267333984375, 0.45371800661087036, 171.0089111328125, 138.71987915039062], [0.110674649477005, 177.61016845703125, 375.0214538574219, 495.6621398925781], [227.63136291503906, -0.6549656391143799, 335.7274169921875, 482.75811767578125], [263.4028015136719, 0.3882274031639099, 375.5176086425781, 231.59226989746094], [0.451650470495224, 317.4167785644531, 274.4262390136719, 498.6529846191406], [0.06987154483795166, 0.12347102165222168, 267.6909484863281, 498.42108154296875], [-0.6530731916427612, 96.1618881225586, 294.1335144042969, 496.40960693359375], [129.4450225830078, 0.2787262201309204, 171.6289825439453, 230.52444458007812], [-0.0704694539308548, -1.1314451694488525, 48.46907424926758, 451.28533935546875], [129.02479553222656, 0.3174692392349243, 171.37640380859375, 324.5970153808594], [129.80331420898438, 84.90393829345703, 162.0250244140625, 232.8505096435547], [-0.21773111820220947, 1.1806190013885498, 69.83203887939453, 482.1324157714844], [0.018149614334106445, 120.45075225830078, 375.014404296875, 498.0297546386719], [-1.6003400087356567, 0.7619708776473999, 265.643310546875, 496.5148620605469], [226.54788208007812, 92.00841522216797, 267.1286926269531, 328.0906982421875], [123.10775756835938, 3.066584587097168, 171.1727294921875, 461.19696044921875], [0.016470439732074738, -2.065032720565796, 64.12947082519531, 445.9338073730469], [226.4844512939453, 81.42445373535156, 268.3309326171875, 221.3596954345703], [129.78030395507812, -0.11023133993148804, 228.4013214111328, 138.11370849609375], [0.08352845907211304, 180.01234436035156, 264.5251159667969, 498.4596862792969], [225.1895751953125, -0.27510523796081543, 338.10302734375, 353.58013916015625], [85.04073333740234, 0.009447336196899414, 168.76475524902344, 132.92990112304688], [0.03852322697639465, 204.74261474609375, 47.91436767578125, 495.9961242675781], [-0.5472963452339172, -2.7079880237579346, 89.3692398071289, 485.9964599609375], [146.82366943359375, 333.3173828125, 244.57383728027344, 493.6834411621094], [-0.1912638545036316, -0.002175569534301758, 374.80499267578125, 499.9922180175781], [224.8992462158203, 55.3066291809082, 270.5324401855469, 446.5603332519531], [263.2588806152344, -0.20934641361236572, 336.9537048339844, 328.4967041015625], [151.88136291503906, 341.4167175292969, 244.49026489257812, 494.12762451171875], [225.09866333007812, -0.1855790615081787, 328.6439514160156, 220.1997833251953], [-0.16912725567817688, 0.3823116421699524, 34.549476623535156, 168.11758422851562], [85.14537811279297, 0.277101993560791, 127.72480773925781, 101.05460357666016], [-0.1912638545036316, -0.002175569534301758, 374.80499267578125, 499.9922180175781], [-0.6173327565193176, 14.462217330932617, 267.78338623046875, 323.100341796875], [222.14166259765625, -0.5835890769958496, 375.25262451171875, 455.820556640625], [129.5102081298828, -0.5442053079605103, 267.2064514160156, 331.23773193359375], [225.1522216796875, 0.30240416526794434, 375.2926330566406, 220.8685302734375], [225.09866333007812, -0.1855790615081787, 328.6439514160156, 220.1997833251953], [0.02775527536869049, 316.2733459472656, 159.38201904296875, 497.0811462402344], [-0.44932588934898376, 2.228081226348877, 34.01502227783203, 217.1167755126953], [-1.2286640405654907, 0.6030723452568054, 295.74542236328125, 214.15037536621094], [224.81605529785156, -0.006139278411865234, 373.286865234375, 339.50653076171875], [129.42889404296875, 161.44810485839844, 154.70755004882812, 325.23828125], [125.91879272460938, -10.249197006225586, 198.63101196289062, 464.1057434082031], [-0.4834625720977783, 0.02806633710861206, 132.17599487304688, 184.20169067382812], [-0.3357175588607788, -0.06015598773956299, 60.521522521972656, 212.49839782714844], [-0.17734989523887634, -1.2724846601486206, 374.8187255859375, 498.30328369140625], [222.14166259765625, -0.5835890769958496, 375.25262451171875, 455.820556640625], [0.016470439732074738, -2.065032720565796, 64.12947082519531, 445.9338073730469], [-0.1912638545036316, -0.002175569534301758, 374.80499267578125, 499.9922180175781], [306.63787841796875, -0.25078654289245605, 375.35699462890625, 340.3543701171875], [0.06987154483795166, 0.12347102165222168, 267.6909484863281, 498.42108154296875], [225.1522216796875, 0.30240416526794434, 375.2926330566406, 220.8685302734375], [0.39556995034217834, 139.95095825195312, 270.7258605957031, 498.3821716308594], [265.4779357910156, 0.40568411350250244, 375.4707336425781, 216.98703002929688], [-1.9276254177093506, 444.9969787597656, 307.6145935058594, 499.1549072265625], [128.89703369140625, -1.196250319480896, 267.772705078125, 494.8161315917969], [129.8203887939453, 0.21176040172576904, 268.0286865234375, 229.14454650878906], [298.0531311035156, 0.23794174194335938, 375.3647766113281, 145.38368225097656], [2.691082715988159, 0.25784969329833984, 372.852294921875, 500.2499694824219], [-0.15351735055446625, 36.16362762451172, 41.56517028808594, 466.5716247558594], [-0.31272321939468384, 0.7625371217727661, 133.06607055664062, 279.04510498046875], [123.24633026123047, 2.056598663330078, 173.91915893554688, 460.4674072265625], [96.63252258300781, 438.4930725097656, 375.415283203125, 499.9554138183594], [129.0530242919922, 0.06791949272155762, 335.6918640136719, 227.62925720214844], [-0.3397297263145447, -1.614883542060852, 93.59270477294922, 153.76437377929688], [-0.4687495529651642, 0.6924569606781006, 132.44288635253906, 249.492919921875], [-0.07989630103111267, 174.26016235351562, 374.9163513183594, 499.2882995605469], [-0.1912638545036316, -0.002175569534301758, 374.80499267578125, 499.9922180175781], [0.7340871095657349, 188.3711700439453, 132.69007873535156, 484.07025146484375], [224.81605529785156, -0.006139278411865234, 373.286865234375, 339.50653076171875], [0.5959644913673401, -1.524403691291809, 375.3802490234375, 437.7221374511719], [85.04073333740234, 0.009447336196899414, 168.76475524902344, 132.92990112304688], [-1.2286640405654907, 0.6030723452568054, 295.74542236328125, 214.15037536621094], [-0.6312131881713867, -0.001952052116394043, 140.6170654296875, 487.26971435546875], [130.1234588623047, 93.82720184326172, 266.8983154296875, 492.8293762207031], [0.26788562536239624, 178.215576171875, 264.05810546875, 498.3528747558594], [86.22329711914062, 169.33670043945312, 138.94515991210938, 463.3692932128906], [0.22215396165847778, -5.474954605102539, 375.21771240234375, 494.51776123046875], [-0.21773111820220947, 1.1806190013885498, 69.83203887939453, 482.1324157714844], [0.2291277050971985, -0.4515498876571655, 271.268310546875, 498.43310546875], [95.22888946533203, 73.58385467529297, 158.95941162109375, 474.40631103515625], [107.645751953125, 334.8876953125, 377.2461853027344, 499.21630859375], [136.37686157226562, 292.46612548828125, 242.99874877929688, 493.7915954589844], [-0.2948390245437622, 181.44247436523438, 32.07972717285156, 469.5206604003906], [327.03448486328125, 0.21597743034362793, 375.13311767578125, 340.2014465332031], [-0.32537010312080383, -0.0949464738368988, 34.258384704589844, 117.1737289428711], [227.63136291503906, -0.6549656391143799, 335.7274169921875, 482.75811767578125], [128.89703369140625, -1.196250319480896, 267.772705078125, 494.8161315917969], [-0.37637537717819214, -0.07654726505279541, 131.99818420410156, 184.46788024902344], [257.5205993652344, 243.83163452148438, 375.4448547363281, 499.20684814453125], [268.9031066894531, -7.165841579437256, 376.0143127441406, 208.37905883789062], [83.5602798461914, -0.09370595216751099, 169.78298950195312, 136.06875610351562], [-1.6003400087356567, 0.7619708776473999, 265.643310546875, 496.5148620605469], [10.770014762878418, 229.16702270507812, 39.37202835083008, 432.24835205078125], [-0.6312131881713867, -0.001952052116394043, 140.6170654296875, 487.26971435546875], [-0.16115745902061462, 0.23183226585388184, 44.95550537109375, 445.98211669921875], [-0.1912638545036316, -0.002175569534301758, 374.80499267578125, 499.9922180175781], [25.97798728942871, -0.5984604358673096, 377.6712646484375, 499.3780517578125], [-0.6312131881713867, -0.001952052116394043, 140.6170654296875, 487.26971435546875], [263.979248046875, 0.146523118019104, 336.9997253417969, 222.86691284179688], [-0.5472963452339172, -2.7079880237579346, 89.3692398071289, 485.9964599609375], [-0.1912638545036316, -0.002175569534301758, 374.80499267578125, 499.9922180175781], [118.0132827758789, 0.8792951703071594, 365.6507263183594, 219.6519012451172], [-0.28090551495552063, 168.51080322265625, 374.71063232421875, 499.4000244140625], [225.1522216796875, 0.30240416526794434, 375.2926330566406, 220.8685302734375], [128.47764587402344, -1.1544376611709595, 267.5088195800781, 495.4590148925781], [-0.6130635738372803, 0.4220902919769287, 130.4985809326172, 412.0136413574219], [-0.0704694539308548, -1.1314451694488525, 48.46907424926758, 451.28533935546875], [225.1522216796875, 0.30240416526794434, 375.2926330566406, 220.8685302734375], [-0.32461994886398315, -0.4701763391494751, 133.8434295654297, 291.7490539550781], [222.14166259765625, -0.5835890769958496, 375.25262451171875, 455.820556640625], [221.65725708007812, -10.620758056640625, 375.0525817871094, 489.1927185058594], [137.11170959472656, 295.5887451171875, 259.6289367675781, 494.4320373535156], [-0.0814623236656189, 1.779302954673767, 41.486778259277344, 468.8260498046875], [257.51361083984375, 332.7882080078125, 375.59002685546875, 499.56610107421875], [61.82950973510742, 460.2073974609375, 377.11505126953125, 499.85308837890625], [-0.4263371229171753, 444.49609375, 374.5699157714844, 499.7345275878906], [0.06987154483795166, 0.12347102165222168, 267.6909484863281, 498.42108154296875], [222.14166259765625, -0.5835890769958496, 375.25262451171875, 455.820556640625], [225.09866333007812, -0.1855790615081787, 328.6439514160156, 220.1997833251953], [258.0621337890625, -0.43532252311706543, 375.7468566894531, 499.39849853515625], [-0.25108829140663147, 127.54602813720703, 374.7450866699219, 499.5950927734375], [85.04073333740234, 0.009447336196899414, 168.76475524902344, 132.92990112304688], [258.0621337890625, -0.43532252311706543, 375.7468566894531, 499.39849853515625], [132.5934600830078, 327.6457824707031, 375.5538635253906, 498.9920349121094], [-0.014455989003181458, 174.85072326660156, 141.56301879882812, 488.73175048828125], [-0.6312131881713867, -0.001952052116394043, 140.6170654296875, 487.26971435546875], [-0.23507186770439148, 172.23460388183594, 39.398834228515625, 469.9335632324219], [257.8057556152344, 226.38186645507812, 375.7030944824219, 499.47967529296875], [129.0939483642578, -1.9177794456481934, 267.8741760253906, 311.7652893066406], [119.37887573242188, 71.0751724243164, 157.22325134277344, 419.9935302734375], [132.26319885253906, 170.4975128173828, 262.2891540527344, 494.317626953125], [225.1522216796875, 0.30240416526794434, 375.2926330566406, 220.8685302734375], [311.60638427734375, -0.5379170179367065, 375.0621032714844, 166.67404174804688], [-0.25486573576927185, -0.5551427602767944, 128.69798278808594, 124.1032485961914], [132.43731689453125, 157.1603240966797, 155.24290466308594, 234.07383728027344], [-0.002712942659854889, 454.3642883300781, 79.55828857421875, 499.9325256347656], [258.0621337890625, -0.43532252311706543, 375.7468566894531, 499.39849853515625], [68.02377319335938, -0.014573335647583008, 373.6577453613281, 499.9781494140625], [0.14110654592514038, 232.0822296142578, 375.1303405761719, 498.59375], [85.14537811279297, 0.277101993560791, 127.72480773925781, 101.05460357666016], [123.71331787109375, 0.5606710910797119, 350.7786560058594, 498.4748840332031], [-0.21354854106903076, 0.020295381546020508, 132.53152465820312, 249.8990936279297], [-0.1912638545036316, -0.002175569534301758, 374.80499267578125, 499.9922180175781], [129.03439331054688, -0.7327795028686523, 262.54742431640625, 151.6996307373047], [257.9667053222656, 193.83163452148438, 375.8509826660156, 500.6483154296875], [-0.1912638545036316, -0.002175569534301758, 374.80499267578125, 499.9922180175781], [-1.1066235303878784, -0.09027868509292603, 254.36268615722656, 160.98219299316406], [330.0872497558594, 0.287666916847229, 375.2567443847656, 142.93557739257812], [257.1068420410156, -0.0260770320892334, 375.1713562011719, 499.9410095214844], [-1.1066235303878784, -0.09027868509292603, 254.36268615722656, 160.98219299316406], [-0.8089654445648193, 0.5106925964355469, 374.18719482421875, 499.2726745605469], [-0.2006739377975464, 40.804420471191406, 33.53864669799805, 119.86071014404297], [263.4028015136719, 0.3882274031639099, 375.5176086425781, 231.59226989746094], [127.84579467773438, 79.82688903808594, 164.55474853515625, 451.6582946777344], [263.4028015136719, 0.3882274031639099, 375.5176086425781, 231.59226989746094], [-0.1912638545036316, -0.002175569534301758, 374.80499267578125, 499.9922180175781], [-0.4051644206047058, -0.07797777652740479, 132.31919860839844, 208.94773864746094], [15.590378761291504, 240.0743408203125, 138.0416717529297, 486.43475341796875], [222.14166259765625, -0.5835890769958496, 375.25262451171875, 455.820556640625], [0.06987154483795166, 0.12347102165222168, 267.6909484863281, 498.42108154296875], [0.5044536590576172, 159.03712463378906, 40.529449462890625, 428.7877197265625], [-0.32537010312080383, -0.0949464738368988, 34.258384704589844, 117.1737289428711], [-0.6732679605484009, -0.45199692249298096, 124.66415405273438, 129.20010375976562], [222.14166259765625, -0.5835890769958496, 375.25262451171875, 455.820556640625], [263.4028015136719, 0.3882274031639099, 375.5176086425781, 231.59226989746094], [225.09866333007812, -0.1855790615081787, 328.6439514160156, 220.1997833251953], [128.47764587402344, -1.1544376611709595, 267.5088195800781, 495.4590148925781], [314.1902160644531, 0.4294198155403137, 337.3008728027344, 36.74181365966797], [-0.3111250698566437, -3.9849729537963867, 374.68463134765625, 495.9906921386719], [76.54823303222656, -0.387437641620636, 133.03872680664062, 130.228759765625], [29.618511199951172, 273.3144226074219, 147.4052276611328, 485.0221252441406], [0.08352845907211304, 180.01234436035156, 264.5251159667969, 498.4596862792969], [0.26788562536239624, 178.215576171875, 264.05810546875, 498.3528747558594], [-0.11381366848945618, 181.60116577148438, 40.97521209716797, 436.3475341796875], [-0.6173327565193176, 14.462217330932617, 267.78338623046875, 323.100341796875], [114.26741027832031, -0.1437366008758545, 375.19000244140625, 499.8471984863281], [128.89703369140625, -1.196250319480896, 267.772705078125, 494.8161315917969], [-0.24457834661006927, -1.1661722660064697, 132.22865295410156, 250.9683380126953], [134.71017456054688, 392.0074462890625, 374.81134033203125, 498.8095397949219], [0.4772879183292389, 126.59735870361328, 375.2313537597656, 442.245849609375], [0.4311161935329437, 51.1618766784668, 29.478918075561523, 181.6501007080078], [25.97798728942871, -0.5984604358673096, 377.6712646484375, 499.3780517578125], [-0.4263371229171753, 444.49609375, 374.5699157714844, 499.7345275878906], [129.3141632080078, -1.1383146047592163, 267.0764465332031, 495.7901916503906], [-0.6312131881713867, -0.001952052116394043, 140.6170654296875, 487.26971435546875], [128.06764221191406, -0.8531287312507629, 262.1159362792969, 143.81915283203125], [263.979248046875, 0.146523118019104, 336.9997253417969, 222.86691284179688], [-0.1912638545036316, -0.002175569534301758, 374.80499267578125, 499.9922180175781], [-0.11381366848945618, 181.60116577148438, 40.97521209716797, 436.3475341796875], [38.199920654296875, 1.5042126178741455, 263.3063659667969, 495.6533203125], [129.80267333984375, 0.45371800661087036, 171.0089111328125, 138.71987915039062], [0.08815526962280273, 0.1637488603591919, 142.92453002929688, 486.60595703125], [30.545352935791016, 280.53607177734375, 125.72982025146484, 484.86737060546875], [225.1895751953125, -0.27510523796081543, 338.10302734375, 353.58013916015625], [257.1068420410156, -0.0260770320892334, 375.1713562011719, 499.9410095214844], [2.8785691261291504, 203.9862823486328, 209.0521697998047, 495.9122009277344], [0.08815526962280273, 0.1637488603591919, 142.92453002929688, 486.60595703125], [222.14166259765625, -0.5835890769958496, 375.25262451171875, 455.820556640625], [257.1068420410156, -0.0260770320892334, 375.1713562011719, 499.9410095214844], [257.1068420410156, -0.0260770320892334, 375.1713562011719, 499.9410095214844], [118.96492004394531, 3.6415159702301025, 167.25379943847656, 449.5306396484375], [-0.002712942659854889, 454.3642883300781, 79.55828857421875, 499.9325256347656], [-0.4263371229171753, 444.49609375, 374.5699157714844, 499.7345275878906], [191.98251342773438, -2.180814743041992, 374.9653015136719, 497.7917175292969], [129.4450225830078, 0.2787262201309204, 171.6289825439453, 230.52444458007812], [8.980002403259277, 3.382265567779541, 183.4566192626953, 470.5518798828125], [317.8582458496094, -0.400446355342865, 375.374755859375, 142.31016540527344], [0.1688757836818695, 319.6226806640625, 30.896617889404297, 458.43634033203125], [-0.18622353672981262, 181.72152709960938, 374.80999755859375, 498.4698181152344], [-0.10508112609386444, 96.26180267333984, 40.520286560058594, 464.24615478515625], [129.061767578125, -0.132635235786438, 267.1545104980469, 492.14178466796875], [128.89703369140625, -1.196250319480896, 267.772705078125, 494.8161315917969], [0.14789588749408722, 182.879150390625, 107.08354949951172, 415.3862609863281], [-0.1912638545036316, -0.002175569534301758, 374.80499267578125, 499.9922180175781], [-0.32537010312080383, -0.0949464738368988, 34.258384704589844, 117.1737289428711], [0.2291277050971985, -0.4515498876571655, 271.268310546875, 498.43310546875], [143.15383911132812, 322.32171630859375, 375.799072265625, 499.283447265625], [0.5583241581916809, 123.44405364990234, 265.9151611328125, 498.0162658691406], [0.11854805052280426, 169.4104766845703, 141.29135131835938, 490.6150207519531], [-0.23507186770439148, 172.23460388183594, 39.398834228515625, 469.9335632324219], [258.0621337890625, -0.43532252311706543, 375.7468566894531, 499.39849853515625], [-0.25486573576927185, -0.5551427602767944, 128.69798278808594, 124.1032485961914], [114.26741027832031, -0.1437366008758545, 375.19000244140625, 499.8471984863281], [83.6961441040039, 1.0913610458374023, 132.090576171875, 173.64556884765625], [-1.6003400087356567, 0.7619708776473999, 265.643310546875, 496.5148620605469], [114.26741027832031, -0.1437366008758545, 375.19000244140625, 499.8471984863281], [-0.07047504186630249, 275.89520263671875, 374.92578125, 499.5787353515625], [292.5071716308594, 0.2499893307685852, 337.6180419921875, 149.1988525390625], [8.980002403259277, 3.382265567779541, 183.4566192626953, 470.5518798828125], [263.4028015136719, 0.3882274031639099, 375.5176086425781, 231.59226989746094], [0.13942736387252808, 174.63552856445312, 85.2829818725586, 497.2388000488281], [258.501953125, 190.61764526367188, 375.6127014160156, 500.2899169921875], [-1.1066235303878784, -0.09027868509292603, 254.36268615722656, 160.98219299316406], [356.7764892578125, 0.6347894668579102, 374.9670104980469, 142.84027099609375], [0.18919073045253754, 187.6172637939453, 125.25788879394531, 472.35113525390625], [85.04073333740234, 0.009447336196899414, 168.76475524902344, 132.92990112304688]), Score: [0.9503965973854065, 0.9499990940093994, 0.9335436820983887, 0.2908443808555603, 0.2877486050128937, 0.27970588207244873, 0.21261346340179443, 0.2111491560935974, 0.20645485818386078, 0.18411435186862946, 0.1762123852968216, 0.17372259497642517, 0.15675504505634308, 0.14893902838230133, 0.13679184019565582, 0.13292881846427917, 0.12373726069927216, 0.12360300868749619, 0.11722557991743088, 0.11564182490110397, 0.1150074154138565, 0.11339879781007767, 0.11310688406229019, 0.10878068953752518, 0.10850448161363602, 0.10810065269470215, 0.1079224944114685, 0.10348928719758987, 0.10277579724788666, 0.1002638041973114, 0.09719264507293701, 0.09565554559230804, 0.09513115882873535, 0.09479222446680069, 0.09436655789613724, 0.09254223853349686, 0.09083343297243118, 0.08221506327390671, 0.0783599466085434, 0.07728046923875809, 0.07591156661510468, 0.07093130052089691, 0.06997257471084595, 0.06917081028223038, 0.06881806999444962, 0.06841324269771576, 0.06786321103572845, 0.06762190163135529, 0.06738526374101639, 0.06684490293264389, 0.06475174427032471, 0.06454771012067795, 0.06333249062299728, 0.06302729994058609, 0.059828080236911774, 0.05976526811718941, 0.05937612056732178, 0.05895384028553963, 0.05888908728957176, 0.05621705204248428, 0.05608121305704117, 0.055859893560409546, 0.05568569898605347, 0.0552717000246048, 0.055094365030527115, 0.054530054330825806, 0.05448245629668236, 0.05432676151394844, 0.05405847355723381, 0.053729064762592316, 0.05358990654349327, 0.0525684654712677, 0.052344948053359985, 0.05212278291583061, 0.05059478059411049, 0.04989726096391678, 0.04976610839366913, 0.04902557283639908, 0.048336662352085114, 0.04579160362482071, 0.045439206063747406, 0.044321417808532715, 0.04426565393805504, 0.043758053332567215, 0.04357660561800003, 0.04353939741849899, 0.043464042246341705, 0.04298146441578865, 0.042814966291189194, 0.04254870116710663, 0.042521923780441284, 0.042466431856155396, 0.042438238859176636, 0.04226185008883476, 0.04207770153880119, 0.041276998817920685, 0.04048674553632736, 0.04029073193669319, 0.0398368239402771, 0.039290498942136765, 0.03927146643400192, 0.03917646035552025, 0.038630034774541855, 0.03785911574959755, 0.03764885291457176, 0.037386681884527206, 0.037240855395793915, 0.03718162700533867, 0.037036605179309845, 0.03700573369860649, 0.03662331402301788, 0.03629675135016441, 0.0361655056476593, 0.0360579639673233, 0.03605761379003525, 0.036040615290403366, 0.0359388031065464, 0.03589727729558945, 0.03578292205929756, 0.03566841408610344, 0.0354994460940361, 0.03547193855047226, 0.03541849926114082, 0.03513626009225845, 0.03493839129805565, 0.03492441400885582, 0.03427937254309654, 0.03409383073449135, 0.03394309803843498, 0.033623743802309036, 0.03354504704475403, 0.03345818445086479, 0.03341526538133621, 0.03333023190498352, 0.03325730189681053, 0.033149998635053635, 0.03311004489660263, 0.03284699097275734, 0.03272322192788124, 0.03263301029801369, 0.03247746825218201, 0.032459039241075516, 0.032379116863012314, 0.03213321417570114, 0.03203120455145836, 0.03180674463510513, 0.031775325536727905, 0.0316346250474453, 0.031529780477285385, 0.03152665123343468, 0.03146679699420929, 0.03138267621397972, 0.03126181289553642, 0.03126135095953941, 0.031129181385040283, 0.030949577689170837, 0.030834829434752464, 0.03060169145464897, 0.030558355152606964, 0.030499231070280075, 0.03044322319328785, 0.030292494222521782, 0.030188310891389847, 0.03002990037202835, 0.029952889308333397, 0.02993941120803356, 0.02990517020225525, 0.029789263382554054, 0.029646094888448715, 0.029447421431541443, 0.029386555776000023, 0.029335806146264076, 0.029333701357245445, 0.029304660856723785, 0.029172565788030624, 0.029172226786613464, 0.02912997640669346, 0.029064074158668518, 0.029054852202534676, 0.028938982635736465, 0.02887679822742939, 0.028800880536437035, 0.02872633747756481, 0.028676021844148636, 0.028645437210798264, 0.028591176494956017, 0.02858765795826912, 0.028570806607604027, 0.028483225032687187, 0.028433332219719887, 0.028406986966729164, 0.028273146599531174, 0.028033586218953133, 0.027921132743358612, 0.02782854437828064, 0.027765415608882904, 0.027290258556604385, 0.027176139876246452, 0.02691829763352871, 0.026902945712208748, 0.02680394984781742, 0.026740822941064835, 0.02672216296195984, 0.026625800877809525, 0.026612134650349617, 0.026511836796998978, 0.026503462344408035, 0.02648395113646984, 0.026476051658391953, 0.026432108134031296, 0.02635265327990055, 0.026341920718550682, 0.0263109989464283, 0.02625630423426628, 0.025965018197894096, 0.025959955528378487, 0.025924276560544968, 0.025786546990275383, 0.025722797960042953, 0.02539471536874771, 0.025387637317180634, 0.02532460168004036, 0.025308365002274513, 0.02527506649494171, 0.025259777903556824, 0.025225475430488586, 0.025099720805883408, 0.025030365213751793, 0.024976899847388268, 0.02491898462176323, 0.024902502074837685, 0.02476486749947071, 0.024705443531274796, 0.024691469967365265, 0.02461135946214199, 0.02455645613372326, 0.024484025314450264, 0.02448071353137493, 0.024458933621644974, 0.024448784068226814, 0.024422015994787216, 0.024370847269892693, 0.0243500005453825, 0.024232544004917145, 0.024091314524412155, 0.024068623781204224, 0.02402159385383129, 0.023873547092080116, 0.023642390966415405, 0.023637885227799416, 0.023635316640138626, 0.023624613881111145, 0.023612642660737038, 0.02355201169848442, 0.023462623357772827, 0.023449167609214783, 0.023413216695189476, 0.023368485271930695, 0.02333110384643078, 0.023312825709581375, 0.023274915292859077, 0.023270947858691216, 0.023261288180947304, 0.023225124925374985, 0.023194298148155212, 0.023188143968582153, 0.02318425476551056, 0.0231381393969059, 0.022864360362291336, 0.022783029824495316, 0.022645046934485435, 0.022633619606494904, 0.022520119324326515, 0.022504160180687904, 0.022461721673607826, 0.02243727818131447, 0.022327836602926254, 0.02226198837161064, 0.022211682051420212, 0.022210141643881798, 0.022105861455202103, 0.02187817543745041, 0.02183113805949688, 0.021777696907520294, 0.021716857329010963, 0.021707644686102867, 0.02165028266608715, 0.021604685112833977, 0.021588772535324097, 0.021547606214880943, 0.021525509655475616, 0.021515704691410065, 0.021510997787117958, 0.021503794938325882, 0.021489238366484642, 0.02148624137043953, 0.021485233679413795, 0.02139303833246231, 0.02134622260928154, 0.021325623616576195]

Execution time: 0.4182 sec
