Label: tensor([ 8,  2,  8, 14, 14, 67, 14,  0,  7,  0,  0,  0, 14,  2,  8,  8, 14,  8,
         2,  2,  8,  8,  8,  0,  6,  8,  8, 14,  8,  5, 14,  8,  0,  8,  2,  9,
        14,  8,  7,  0,  8,  2, 39, 65,  8, 14,  7,  0,  8,  0,  0, 14,  2,  0,
         8,  8,  0,  2,  8,  7, 14, 14, 13, 74,  2,  8, 56, 24,  2,  8,  2, 62,
         2, 14, 17,  0,  2,  0,  7, 37,  0, 28, 16,  8,  7, 14,  0,  2, 14,  2,
        14,  2,  7,  8,  0,  0, 37,  8,  7,  5,  2, 14,  2,  0,  2,  2, 16,  2,
        37,  7, 26,  2, 37, 14, 14,  2, 37,  0,  0,  7, 73, 14,  2, 14,  8, 25,
        39,  2,  2, 11,  0,  8, 39,  7, 14,  5, 12,  8,  8,  0,  0,  0, 43, 39,
        22,  0,  0, 37, 55, 39, 14,  7,  0,  2, 14, 25,  8,  0, 50,  3,  8, 65,
         2, 16,  2,  0,  8,  0, 46, 25, 30,  8, 62, 67,  1, 37, 14,  8,  6,  8,
        14,  8, 75,  0,  8, 14, 14,  8, 63,  0,  0, 61,  4,  4,  7, 14,  8,  0,
         0,  0, 72,  0,  8,  2,  0,  8, 37,  1,  6,  0, 30,  8,  0,  8, 39, 58,
         7, 13, 25, 16, 14,  0, 14, 58,  0, 14, 29,  0, 13, 14,  0, 25,  0, 13,
        14,  0,  5, 14,  0,  0,  0, 11,  0, 37, 37,  5,  0,  8, 37, 37,  8,  7,
        56,  7, 33, 14,  8, 14,  0, 47, 45, 14, 59, 14,  0, 58, 13,  2, 58,  3,
         0,  7, 14, 14, 52,  2,  0, 14, 32,  0, 47,  0,  8,  2,  3,  2,  8, 14,
        37, 11, 14, 14, 37,  0, 60, 14,  5,  2, 17,  8]), Box: ([262.9351806640625, 206.2888641357422, 489.932373046875, 333.0570373535156], [389.2149963378906, 291.29876708984375, 479.36785888671875, 332.94866943359375], [262.6833801269531, 207.21749877929688, 482.2626037597656, 333.1452941894531], [313.64752197265625, 250.15199279785156, 337.1853332519531, 263.55804443359375], [313.52667236328125, 250.0504608154297, 338.3736877441406, 270.62359619140625], [389.2149963378906, 291.29876708984375, 479.36785888671875, 332.94866943359375], [93.82302856445312, 146.08535766601562, 99.33222961425781, 150.53900146484375], [313.52667236328125, 250.0504608154297, 338.3736877441406, 270.62359619140625], [389.2149963378906, 291.29876708984375, 479.36785888671875, 332.94866943359375], [313.9089660644531, 250.3841552734375, 343.23468017578125, 275.62493896484375], [313.7143859863281, 250.607666015625, 353.95013427734375, 277.0579833984375], [313.64752197265625, 250.15199279785156, 337.1853332519531, 263.55804443359375], [313.9089660644531, 250.3841552734375, 343.23468017578125, 275.62493896484375], [378.03546142578125, 289.8573303222656, 481.90228271484375, 333.14178466796875], [278.13360595703125, 247.30580139160156, 483.3038024902344, 332.9620361328125], [389.2149963378906, 291.29876708984375, 479.36785888671875, 332.94866943359375], [313.7143859863281, 250.607666015625, 353.95013427734375, 277.0579833984375], [275.64862060546875, 242.8554229736328, 483.9170227050781, 332.4673767089844], [347.0406494140625, 285.7325134277344, 485.50677490234375, 332.94024658203125], [318.84429931640625, 263.080078125, 481.0250549316406, 332.52655029296875], [318.84429931640625, 263.080078125, 481.0250549316406, 332.52655029296875], [273.7384338378906, 260.70379638671875, 491.3182373046875, 332.63134765625], [263.46258544921875, 206.80575561523438, 294.9599914550781, 225.60166931152344], [313.92889404296875, 250.50311279296875, 348.7688293457031, 276.45709228515625], [389.2149963378906, 291.29876708984375, 479.36785888671875, 332.94866943359375], [262.7071838378906, 208.65614318847656, 408.40167236328125, 332.72625732421875], [263.9775085449219, 208.48776245117188, 481.8533935546875, 333.1650085449219], [111.96952056884766, 185.7197723388672, 115.44903564453125, 189.58848571777344], [263.7902526855469, 206.7132110595703, 294.4140319824219, 222.853759765625], [389.2149963378906, 291.29876708984375, 479.36785888671875, 332.94866943359375], [188.59637451171875, 247.69276428222656, 195.47796630859375, 254.94212341308594], [281.7905578613281, 258.5319519042969, 485.21234130859375, 332.7156066894531], [111.96952056884766, 185.7197723388672, 115.44903564453125, 189.58848571777344], [347.0406494140625, 285.7325134277344, 485.50677490234375, 332.94024658203125], [275.64862060546875, 242.8554229736328, 483.9170227050781, 332.4673767089844], [389.2149963378906, 291.29876708984375, 479.36785888671875, 332.94866943359375], [342.3675537109375, 268.8963623046875, 355.49755859375, 276.9165954589844], [329.0315246582031, 259.3930358886719, 483.0763244628906, 332.05340576171875], [378.03546142578125, 289.8573303222656, 481.90228271484375, 333.14178466796875], [328.4939270019531, 261.8400573730469, 355.1887512207031, 277.8210754394531], [311.773193359375, 249.00865173339844, 405.9607849121094, 332.2090148925781], [278.13360595703125, 247.30580139160156, 483.3038024902344, 332.9620361328125], [389.2149963378906, 291.29876708984375, 479.36785888671875, 332.94866943359375], [389.2149963378906, 291.29876708984375, 479.36785888671875, 332.94866943359375], [263.2848205566406, 205.8316650390625, 336.04034423828125, 229.7127227783203], [27.206087112426758, 158.09854125976562, 32.69801330566406, 162.5673370361328], [262.6833801269531, 207.21749877929688, 482.2626037597656, 333.1452941894531], [312.1432800292969, 249.53897094726562, 407.86981201171875, 330.8714904785156], [93.82302856445312, 146.08535766601562, 99.33222961425781, 150.53900146484375], [188.59637451171875, 247.69276428222656, 195.47796630859375, 254.94212341308594], [329.1107482910156, 262.2829895019531, 342.9073181152344, 275.8929443359375], [313.92889404296875, 250.50311279296875, 348.7688293457031, 276.45709228515625], [281.7905578613281, 258.5319519042969, 485.21234130859375, 332.7156066894531], [93.82302856445312, 146.08535766601562, 99.33222961425781, 150.53900146484375], [271.4183349609375, 254.0777587890625, 484.1451721191406, 335.1441650390625], [378.03546142578125, 289.8573303222656, 481.90228271484375, 333.14178466796875], [328.40179443359375, 254.77073669433594, 342.882568359375, 275.32806396484375], [273.7384338378906, 260.70379638671875, 491.3182373046875, 332.63134765625], [263.36456298828125, 206.46636962890625, 338.27191162109375, 236.3578643798828], [347.0406494140625, 285.7325134277344, 485.50677490234375, 332.94024658203125], [262.9351806640625, 206.2888641357422, 489.932373046875, 333.0570373535156], [328.4939270019531, 261.8400573730469, 355.1887512207031, 277.8210754394531], [389.2149963378906, 291.29876708984375, 479.36785888671875, 332.94866943359375], [389.2149963378906, 291.29876708984375, 479.36785888671875, 332.94866943359375], [397.4491882324219, 292.7537536621094, 448.2107238769531, 310.7240905761719], [362.64111328125, 264.221435546875, 487.7056884765625, 331.7087707519531], [389.2149963378906, 291.29876708984375, 479.36785888671875, 332.94866943359375], [389.2149963378906, 291.29876708984375, 479.36785888671875, 332.94866943359375], [312.1432800292969, 249.53897094726562, 407.86981201171875, 330.8714904785156], [312.1432800292969, 249.53897094726562, 407.86981201171875, 330.8714904785156], [384.51153564453125, 291.57696533203125, 482.14019775390625, 332.969482421875], [389.2149963378906, 291.29876708984375, 479.36785888671875, 332.94866943359375], [313.9089660644531, 250.3841552734375, 343.23468017578125, 275.62493896484375], [100.25624084472656, 205.6038055419922, 112.06632232666016, 212.62301635742188], [262.9351806640625, 206.2888641357422, 489.932373046875, 333.0570373535156], [311.773193359375, 249.00865173339844, 405.9607849121094, 332.2090148925781], [262.6833801269531, 207.21749877929688, 482.2626037597656, 333.1452941894531], [491.9312744140625, 173.39527893066406, 500.16986083984375, 190.38970947265625], [384.51153564453125, 291.57696533203125, 482.14019775390625, 332.969482421875], [262.6833801269531, 207.21749877929688, 482.2626037597656, 333.1452941894531], [389.2149963378906, 291.29876708984375, 479.36785888671875, 332.94866943359375], [389.2149963378906, 291.29876708984375, 479.36785888671875, 332.94866943359375], [313.9089660644531, 250.3841552734375, 343.23468017578125, 275.62493896484375], [313.1340637207031, 245.4639892578125, 481.86279296875, 329.7722473144531], [278.13360595703125, 247.30580139160156, 483.3038024902344, 332.9620361328125], [133.87896728515625, 186.41307067871094, 137.0421142578125, 189.8631134033203], [314.78656005859375, 139.79818725585938, 322.2783203125, 149.22755432128906], [313.52667236328125, 250.0504608154297, 338.3736877441406, 270.62359619140625], [336.5801696777344, 15.559833526611328, 346.1189270019531, 24.678131103515625], [343.939453125, 256.1734924316406, 484.2318115234375, 331.53857421875], [112.1622314453125, 185.7718963623047, 114.74049377441406, 188.39854431152344], [382.38909912109375, 291.4989013671875, 482.8722229003906, 332.9359436035156], [275.64862060546875, 242.8554229736328, 483.9170227050781, 332.4673767089844], [276.41485595703125, 268.0478820800781, 492.281494140625, 333.228759765625], [342.3675537109375, 268.8963623046875, 355.49755859375, 276.9165954589844], [386.6589050292969, 295.3492736816406, 437.37255859375, 333.0491027832031], [262.9351806640625, 206.2888641357422, 489.932373046875, 333.0570373535156], [343.939453125, 256.1734924316406, 484.2318115234375, 331.53857421875], [382.38909912109375, 291.4989013671875, 482.8722229003906, 332.9359436035156], [262.6833801269531, 207.21749877929688, 482.2626037597656, 333.1452941894531], [262.9351806640625, 206.2888641357422, 489.932373046875, 333.0570373535156], [329.1107482910156, 262.2829895019531, 342.9073181152344, 275.8929443359375], [329.0315246582031, 259.3930358886719, 483.0763244628906, 332.05340576171875], [388.7359924316406, 295.8043518066406, 437.2153625488281, 333.0542907714844], [397.9885559082031, 293.1355285644531, 454.469970703125, 315.6076354980469], [313.7143859863281, 250.607666015625, 353.95013427734375, 277.0579833984375], [313.52667236328125, 250.0504608154297, 338.3736877441406, 270.62359619140625], [328.9046630859375, 253.25082397460938, 485.6718444824219, 330.6665954589844], [312.1432800292969, 249.53897094726562, 407.86981201171875, 330.8714904785156], [318.84429931640625, 263.080078125, 481.0250549316406, 332.52655029296875], [389.2149963378906, 291.29876708984375, 479.36785888671875, 332.94866943359375], [313.1340637207031, 245.4639892578125, 481.86279296875, 329.7722473144531], [318.84429931640625, 263.080078125, 481.0250549316406, 332.52655029296875], [246.37852478027344, 313.3441467285156, 257.6121826171875, 324.3986511230469], [251.326171875, 181.12110900878906, 256.2803955078125, 185.83656311035156], [399.4718017578125, 293.396728515625, 429.9794616699219, 303.259033203125], [311.773193359375, 249.00865173339844, 405.9607849121094, 332.2090148925781], [112.1622314453125, 185.7718963623047, 114.74049377441406, 188.39854431152344], [315.0521545410156, 139.75331115722656, 322.00933837890625, 148.15432739257812], [281.7905578613281, 258.5319519042969, 485.21234130859375, 332.7156066894531], [389.2149963378906, 291.29876708984375, 479.36785888671875, 332.94866943359375], [314.78656005859375, 139.79818725585938, 322.2783203125, 149.22755432128906], [399.7991638183594, 293.84783935546875, 451.15411376953125, 313.64434814453125], [93.9038314819336, 146.5840301513672, 98.92422485351562, 150.55084228515625], [328.9046630859375, 253.25082397460938, 485.6718444824219, 330.6665954589844], [389.2149963378906, 291.29876708984375, 479.36785888671875, 332.94866943359375], [313.9089660644531, 250.3841552734375, 343.23468017578125, 275.62493896484375], [271.4183349609375, 254.0777587890625, 484.1451721191406, 335.1441650390625], [311.773193359375, 249.00865173339844, 405.9607849121094, 332.2090148925781], [313.64752197265625, 250.15199279785156, 337.1853332519531, 263.55804443359375], [314.2980651855469, 250.34539794921875, 327.314697265625, 261.2643737792969], [313.64752197265625, 250.15199279785156, 337.1853332519531, 263.55804443359375], [313.64752197265625, 250.15199279785156, 337.1853332519531, 263.55804443359375], [273.7384338378906, 260.70379638671875, 491.3182373046875, 332.63134765625], [95.71837615966797, 145.74220275878906, 99.74877166748047, 150.01014709472656], [262.9351806640625, 206.2888641357422, 489.932373046875, 333.0570373535156], [389.2149963378906, 291.29876708984375, 479.36785888671875, 332.94866943359375], [263.62890625, 207.6204376220703, 339.3255920410156, 261.75836181640625], [390.5091552734375, 305.0065002441406, 435.1192932128906, 333.0623779296875], [390.5091552734375, 305.0065002441406, 435.1192932128906, 333.0623779296875], [336.5801696777344, 15.559833526611328, 346.1189270019531, 24.678131103515625], [399.4718017578125, 293.396728515625, 429.9794616699219, 303.259033203125], [389.2149963378906, 291.29876708984375, 479.36785888671875, 332.94866943359375], [313.52667236328125, 250.0504608154297, 338.3736877441406, 270.62359619140625], [262.9351806640625, 206.2888641357422, 489.932373046875, 333.0570373535156], [492.6932678222656, 173.66156005859375, 500.2445068359375, 186.56532287597656], [400.1123352050781, 294.13720703125, 421.8561096191406, 302.1141052246094], [389.2149963378906, 291.29876708984375, 479.36785888671875, 332.94866943359375], [389.2149963378906, 291.29876708984375, 479.36785888671875, 332.94866943359375], [313.7143859863281, 250.607666015625, 353.95013427734375, 277.0579833984375], [315.0521545410156, 139.75331115722656, 322.00933837890625, 148.15432739257812], [382.9747314453125, 291.37725830078125, 483.2295227050781, 333.02667236328125], [313.2369384765625, 250.53439331054688, 366.2153625488281, 289.04974365234375], [313.64752197265625, 250.15199279785156, 337.1853332519531, 263.55804443359375], [336.62725830078125, -0.19755804538726807, 358.5801086425781, 24.767494201660156], [313.64752197265625, 250.15199279785156, 337.1853332519531, 263.55804443359375], [384.51153564453125, 291.57696533203125, 482.14019775390625, 332.969482421875], [376.1552429199219, -0.23896975815296173, 393.36590576171875, 19.53913116455078], [262.9351806640625, 206.2888641357422, 489.932373046875, 333.0570373535156], [389.2149963378906, 291.29876708984375, 479.36785888671875, 332.94866943359375], [313.52667236328125, 250.0504608154297, 338.3736877441406, 270.62359619140625], [262.9351806640625, 206.2888641357422, 489.932373046875, 333.0570373535156], [362.64111328125, 264.221435546875, 487.7056884765625, 331.7087707519531], [313.7143859863281, 250.607666015625, 353.95013427734375, 277.0579833984375], [342.3675537109375, 268.8963623046875, 355.49755859375, 276.9165954589844], [398.92694091796875, 293.8406982421875, 413.3473815917969, 301.801025390625], [263.5226745605469, 206.40203857421875, 320.4922180175781, 234.84170532226562], [412.2976379394531, 105.3553695678711, 423.49053955078125, 120.21037292480469], [262.9351806640625, 206.2888641357422, 489.932373046875, 333.0570373535156], [262.9351806640625, 206.2888641357422, 489.932373046875, 333.0570373535156], [262.9351806640625, 206.2888641357422, 489.932373046875, 333.0570373535156], [264.0421447753906, 211.78799438476562, 284.81341552734375, 226.54881286621094], [262.9351806640625, 206.2888641357422, 489.932373046875, 333.0570373535156], [397.9885559082031, 293.1355285644531, 454.469970703125, 315.6076354980469], [313.7143859863281, 250.607666015625, 353.95013427734375, 277.0579833984375], [275.64862060546875, 242.8554229736328, 483.9170227050781, 332.4673767089844], [328.42919921875, 261.6835632324219, 355.8708190917969, 278.3511047363281], [307.5021667480469, 253.070556640625, 418.0344543457031, 288.3421325683594], [318.84429931640625, 263.080078125, 481.0250549316406, 332.52655029296875], [263.6545104980469, 206.5321044921875, 337.4859313964844, 233.2703399658203], [229.7332763671875, -0.025400301441550255, 276.9916076660156, 19.04193115234375], [263.4256286621094, 206.94393920898438, 315.8133850097656, 234.66433715820312], [262.9351806640625, 206.2888641357422, 489.932373046875, 333.0570373535156], [424.9892272949219, 13.327375411987305, 446.5799255371094, 33.59006118774414], [382.38909912109375, 291.4989013671875, 482.8722229003906, 332.9359436035156], [318.27313232421875, -0.12199662625789642, 359.1351623535156, 25.274900436401367], [111.91482543945312, 185.66357421875, 114.79903411865234, 188.8346710205078], [264.4853820800781, 205.65464782714844, 326.15802001953125, 226.59930419921875], [389.2149963378906, 291.29876708984375, 479.36785888671875, 332.94866943359375], [300.30230712890625, 192.63128662109375, 305.84552001953125, 197.02732849121094], [313.6855163574219, 250.47042846679688, 326.6734924316406, 260.7990417480469], [389.2149963378906, 291.29876708984375, 479.36785888671875, 332.94866943359375], [318.84429931640625, 263.080078125, 481.0250549316406, 332.52655029296875], [262.6833801269531, 207.21749877929688, 482.2626037597656, 333.1452941894531], [263.9775085449219, 208.48776245117188, 481.8533935546875, 333.1650085449219], [419.7747802734375, 153.58035278320312, 432.9308776855469, 165.3253936767578], [185.64691162109375, 206.64266967773438, 493.64508056640625, 332.7808837890625], [330.8999938964844, 253.3286590576172, 338.49700927734375, 265.9389953613281], [344.6168518066406, 142.7118377685547, 351.6602783203125, 155.9797821044922], [246.37852478027344, 313.3441467285156, 257.6121826171875, 324.3986511230469], [262.9351806640625, 206.2888641357422, 489.932373046875, 333.0570373535156], [318.84429931640625, 263.080078125, 481.0250549316406, 332.52655029296875], [300.64349365234375, 235.85824584960938, 412.5245361328125, 283.8569030761719], [276.41485595703125, 268.0478820800781, 492.281494140625, 333.228759765625], [394.61224365234375, 321.36553955078125, 431.79766845703125, 333.0939636230469], [388.7359924316406, 295.8043518066406, 437.2153625488281, 333.0542907714844], [278.13360595703125, 247.30580139160156, 483.3038024902344, 332.9620361328125], [313.9089660644531, 250.3841552734375, 343.23468017578125, 275.62493896484375], [262.6833801269531, 207.21749877929688, 482.2626037597656, 333.1452941894531], [262.9351806640625, 206.2888641357422, 489.932373046875, 333.0570373535156], [336.62725830078125, -0.19755804538726807, 358.5801086425781, 24.767494201660156], [262.9273681640625, 206.93106079101562, 366.8940734863281, 261.3442687988281], [399.0338134765625, 293.2837219238281, 416.09619140625, 300.8590393066406], [313.7143859863281, 250.607666015625, 353.95013427734375, 277.0579833984375], [262.9351806640625, 206.2888641357422, 489.932373046875, 333.0570373535156], [-0.08752942085266113, 0.09727674722671509, 499.4336853027344, 333.0693054199219], [329.0315246582031, 259.3930358886719, 483.0763244628906, 332.05340576171875], [262.9351806640625, 206.2888641357422, 489.932373046875, 333.0570373535156], [313.52667236328125, 250.0504608154297, 338.3736877441406, 270.62359619140625], [313.64752197265625, 250.15199279785156, 337.1853332519531, 263.55804443359375], [430.60882568359375, 62.909278869628906, 449.9868469238281, 86.45447540283203], [397.4491882324219, 292.7537536621094, 448.2107238769531, 310.7240905761719], [359.805419921875, 130.93035888671875, 368.5310363769531, 138.68511962890625], [262.9351806640625, 206.2888641357422, 489.932373046875, 333.0570373535156], [111.91482543945312, 185.66357421875, 114.79903411865234, 188.8346710205078], [312.1432800292969, 249.53897094726562, 407.86981201171875, 330.8714904785156], [262.9351806640625, 206.2888641357422, 489.932373046875, 333.0570373535156], [347.0406494140625, 285.7325134277344, 485.50677490234375, 332.94024658203125], [347.0406494140625, 285.7325134277344, 485.50677490234375, 332.94024658203125], [363.5706481933594, 38.69605255126953, 383.05242919921875, 49.037269592285156], [328.42919921875, 261.6835632324219, 355.8708190917969, 278.3511047363281], [313.7143859863281, 250.607666015625, 353.95013427734375, 277.0579833984375], [399.7991638183594, 293.84783935546875, 451.15411376953125, 313.64434814453125], [318.84429931640625, 263.080078125, 481.0250549316406, 332.52655029296875], [424.9892272949219, 13.327375411987305, 446.5799255371094, 33.59006118774414], [275.64862060546875, 242.8554229736328, 483.9170227050781, 332.4673767089844], [278.13360595703125, 247.30580139160156, 483.3038024902344, 332.9620361328125], [311.773193359375, 249.00865173339844, 405.9607849121094, 332.2090148925781], [133.87896728515625, 186.41307067871094, 137.0421142578125, 189.8631134033203], [350.3587951660156, 142.61810302734375, 356.9401550292969, 154.81314086914062], [399.438720703125, 298.9812316894531, 438.8680725097656, 320.83502197265625], [313.7143859863281, 250.607666015625, 353.95013427734375, 277.0579833984375], [464.12115478515625, 111.50525665283203, 477.9319152832031, 131.0464630126953], [273.7384338378906, 260.70379638671875, 491.3182373046875, 332.63134765625], [347.0406494140625, 285.7325134277344, 485.50677490234375, 332.94024658203125], [318.84429931640625, 263.080078125, 481.0250549316406, 332.52655029296875], [397.9885559082031, 293.1355285644531, 454.469970703125, 315.6076354980469], [317.5131530761719, 270.9190673828125, 401.1427001953125, 332.0977783203125], [313.7143859863281, 250.607666015625, 353.95013427734375, 277.0579833984375], [281.7905578613281, 258.5319519042969, 485.21234130859375, 332.7156066894531], [262.60595703125, 209.2515106201172, 340.7226867675781, 301.8226623535156], [313.1340637207031, 245.4639892578125, 481.86279296875, 329.7722473144531], [313.52667236328125, 250.0504608154297, 338.3736877441406, 270.62359619140625], [185.64691162109375, 206.64266967773438, 493.64508056640625, 332.7808837890625], [262.6833801269531, 207.21749877929688, 482.2626037597656, 333.1452941894531], [360.8333435058594, 21.335678100585938, 369.72576904296875, 30.714935302734375], [285.7069091796875, 256.7861328125, 483.5816955566406, 332.3221130371094], [389.2149963378906, 291.29876708984375, 479.36785888671875, 332.94866943359375], [384.90472412109375, 305.46270751953125, 419.0181884765625, 332.337158203125], [313.64752197265625, 250.15199279785156, 337.1853332519531, 263.55804443359375], [262.9351806640625, 206.2888641357422, 489.932373046875, 333.0570373535156], [412.2976379394531, 105.3553695678711, 423.49053955078125, 120.21037292480469], [262.9351806640625, 206.2888641357422, 489.932373046875, 333.0570373535156], [382.0315246582031, 79.11919403076172, 392.0948181152344, 85.2151870727539], [440.0048828125, 299.706787109375, 452.02386474609375, 308.174560546875], [-0.14220178127288818, 0.1751219630241394, 339.1649169921875, 333.17132568359375], [329.0315246582031, 259.3930358886719, 483.0763244628906, 332.05340576171875], [100.25624084472656, 205.6038055419922, 112.06632232666016, 212.62301635742188], [166.64425659179688, 0.10879871249198914, 485.5409851074219, 332.97772216796875], [347.0406494140625, 285.7325134277344, 485.50677490234375, 332.94024658203125], [298.8901062011719, 192.41835021972656, 307.0536804199219, 200.4965057373047], [262.7071838378906, 208.65614318847656, 408.40167236328125, 332.72625732421875], [314.2980651855469, 250.34539794921875, 327.314697265625, 261.2643737792969], [437.4375305175781, 31.933900833129883, 446.53057861328125, 37.2879638671875], [389.2149963378906, 291.29876708984375, 479.36785888671875, 332.94866943359375], [398.50390625, 293.0842590332031, 448.5002746582031, 312.4600524902344], [425.76519775390625, 13.172194480895996, 441.2677001953125, 25.720191955566406], [300.30230712890625, 192.63128662109375, 305.84552001953125, 197.02732849121094], [262.9351806640625, 206.2888641357422, 489.932373046875, 333.0570373535156], [100.25624084472656, 205.6038055419922, 112.06632232666016, 212.62301635742188], [389.2149963378906, 291.29876708984375, 479.36785888671875, 332.94866943359375], [396.26947021484375, 294.57354736328125, 424.03729248046875, 305.1950378417969], [282.36566162109375, 224.17176818847656, 313.08160400390625, 236.72036743164062], [307.5021667480469, 253.070556640625, 418.0344543457031, 288.3421325683594], [378.03546142578125, 289.8573303222656, 481.90228271484375, 333.14178466796875], [388.7359924316406, 295.8043518066406, 437.2153625488281, 333.0542907714844], [111.96952056884766, 185.7197723388672, 115.44903564453125, 189.58848571777344], [415.5238952636719, 26.50879669189453, 426.31719970703125, 33.78476333618164], [329.0315246582031, 259.3930358886719, 483.0763244628906, 332.05340576171875], [389.2149963378906, 291.29876708984375, 479.36785888671875, 332.94866943359375], [413.5684814453125, 26.72684097290039, 423.9545593261719, 34.48373031616211], [189.2818145751953, 248.59519958496094, 194.4727325439453, 254.83306884765625], [262.7071838378906, 208.65614318847656, 408.40167236328125, 332.72625732421875], [466.89105224609375, 115.1619644165039, 476.3429260253906, 130.77784729003906], [262.9351806640625, 206.2888641357422, 489.932373046875, 333.0570373535156], [154.6871337890625, 194.05015563964844, 159.30844116210938, 197.9712371826172], [275.64862060546875, 242.8554229736328, 483.9170227050781, 332.4673767089844], [328.4939270019531, 261.8400573730469, 355.1887512207031, 277.8210754394531], [313.9089660644531, 250.3841552734375, 343.23468017578125, 275.62493896484375], [313.9089660644531, 250.3841552734375, 343.23468017578125, 275.62493896484375]), Score: [0.9295586943626404, 0.14851564168930054, 0.0790412575006485, 0.07198137789964676, 0.07118139415979385, 0.07070931792259216, 0.07022646814584732, 0.07019540667533875, 0.06730019301176071, 0.06429509073495865, 0.05976250767707825, 0.059183910489082336, 0.049757346510887146, 0.04638124257326126, 0.04458106309175491, 0.043916005641222, 0.04351070150732994, 0.042864784598350525, 0.04179707169532776, 0.04071605205535889, 0.03696906566619873, 0.0359269380569458, 0.034612178802490234, 0.033320169895887375, 0.03302895650267601, 0.03223852440714836, 0.031789496541023254, 0.03176548704504967, 0.030918216332793236, 0.030449198558926582, 0.027593426406383514, 0.027315489947795868, 0.027006540447473526, 0.026312431320548058, 0.025822393596172333, 0.025651201605796814, 0.02532929740846157, 0.02507779374718666, 0.02495458908379078, 0.024869808927178383, 0.024628890678286552, 0.02454613894224167, 0.024137215688824654, 0.02403140999376774, 0.02352013997733593, 0.023481134325265884, 0.02344486117362976, 0.022485533729195595, 0.022086886689066887, 0.022013576701283455, 0.021991482004523277, 0.021826021373271942, 0.02166777290403843, 0.021577242761850357, 0.021508658304810524, 0.021399691700935364, 0.021399373188614845, 0.021356508135795593, 0.02120722457766533, 0.021070856600999832, 0.021053414791822433, 0.02104652114212513, 0.020946606993675232, 0.020940089598298073, 0.020893080160021782, 0.020788326859474182, 0.020715663209557533, 0.02071446180343628, 0.02060586027801037, 0.020567191764712334, 0.02038934826850891, 0.020284155383706093, 0.020227966830134392, 0.020195351913571358, 0.020160676911473274, 0.01998176798224449, 0.019888412207365036, 0.019757619127631187, 0.0197515357285738, 0.01969894766807556, 0.01962307281792164, 0.019611237570643425, 0.019590314477682114, 0.019534187391400337, 0.019504787400364876, 0.01946605183184147, 0.01939687877893448, 0.01920969784259796, 0.019200842827558517, 0.019065171480178833, 0.018712356686592102, 0.01863127574324608, 0.018602704629302025, 0.018550453707575798, 0.018522869795560837, 0.018468128517270088, 0.01845906488597393, 0.018314607441425323, 0.018131764605641365, 0.018063846975564957, 0.018002700060606003, 0.01778719574213028, 0.017691396176815033, 0.01749565824866295, 0.017385689541697502, 0.017352933064103127, 0.017184872180223465, 0.017148654907941818, 0.017096733674407005, 0.01686769537627697, 0.016532983630895615, 0.01649036444723606, 0.016099853441119194, 0.016092851758003235, 0.016033999621868134, 0.015903323888778687, 0.015867356210947037, 0.01575588807463646, 0.015736134722828865, 0.01566416397690773, 0.015659715980291367, 0.015457230620086193, 0.015456264838576317, 0.01544942520558834, 0.015352613292634487, 0.01532236859202385, 0.015073852613568306, 0.015022055245935917, 0.014945772476494312, 0.01490251999348402, 0.014897474087774754, 0.014843937940895557, 0.014830862171947956, 0.014813147485256195, 0.01472480222582817, 0.014655251987278461, 0.014627836644649506, 0.014557857066392899, 0.014521202072501183, 0.014498565346002579, 0.014455132186412811, 0.014361856505274773, 0.014325599186122417, 0.014308628626167774, 0.014248890802264214, 0.014180089347064495, 0.01414407417178154, 0.013900411315262318, 0.013767929747700691, 0.013631327077746391, 0.013610492460429668, 0.013568676076829433, 0.013549129478633404, 0.013512455858290195, 0.01349352765828371, 0.013480590656399727, 0.013471202924847603, 0.013452926650643349, 0.01342772413045168, 0.013319920748472214, 0.013311694376170635, 0.013281927444040775, 0.013263161294162273, 0.013167629949748516, 0.012938992120325565, 0.012917778454720974, 0.012916861101984978, 0.012897948734462261, 0.012867999263107777, 0.01284714974462986, 0.012778475880622864, 0.012753602117300034, 0.012738619931042194, 0.01267462968826294, 0.012609504163265228, 0.012482027523219585, 0.012405240908265114, 0.012396632693707943, 0.012380566447973251, 0.012375500053167343, 0.012237130664288998, 0.012212595902383327, 0.012161745689809322, 0.012146049179136753, 0.012074409052729607, 0.01206680666655302, 0.012030531652271748, 0.012013450264930725, 0.011974879540503025, 0.011933618225157261, 0.011927114799618721, 0.011885445564985275, 0.011868707835674286, 0.011847230605781078, 0.011803661473095417, 0.01179884560406208, 0.011798356659710407, 0.011742719449102879, 0.011697771959006786, 0.011692039668560028, 0.011690529994666576, 0.011660701595246792, 0.011637803167104721, 0.011624043807387352, 0.011620374396443367, 0.011454863473773003, 0.01143235806375742, 0.011362646706402302, 0.011330412700772285, 0.011328783817589283, 0.011303064413368702, 0.011280312202870846, 0.011247731745243073, 0.011196350678801537, 0.011188318021595478, 0.011187711730599403, 0.01117614470422268, 0.01117465365678072, 0.011158647015690804, 0.011127583682537079, 0.011108862236142159, 0.011017347685992718, 0.010985657572746277, 0.010935579426586628, 0.01088132243603468, 0.010879854671657085, 0.010869740508496761, 0.01086085382848978, 0.010837881825864315, 0.01079400721937418, 0.010774433612823486, 0.010769027285277843, 0.010693146847188473, 0.010671771131455898, 0.010670652613043785, 0.01051232311874628, 0.01042942050844431, 0.010385260917246342, 0.010332477279007435, 0.010319349355995655, 0.010317221283912659, 0.010315142571926117, 0.010308641009032726, 0.010299562476575375, 0.010298341512680054, 0.010293565690517426, 0.01028840895742178, 0.010280594229698181, 0.010240159928798676, 0.010229808278381824, 0.010159890167415142, 0.010152507573366165, 0.010142482817173004, 0.010105500929057598, 0.010104285553097725, 0.010090048424899578, 0.010089228861033916, 0.010076607577502728, 0.010073444806039333, 0.01006800215691328, 0.01002938486635685, 0.009963786229491234, 0.00994099397212267, 0.009938131086528301, 0.009930603206157684, 0.009924651123583317, 0.00991524662822485, 0.009913267567753792, 0.009885389357805252, 0.009881283156573772, 0.009850009344518185, 0.009840392507612705, 0.00982556864619255, 0.009823995642364025, 0.00980773288756609, 0.00978202372789383, 0.009779497049748898, 0.00976110901683569, 0.00974974874407053, 0.00971610751003027, 0.009700233116745949, 0.009690649807453156, 0.009690467268228531, 0.009675925597548485, 0.009650085121393204, 0.009648294188082218, 0.009630718268454075, 0.009587435983121395, 0.009578864090144634, 0.009573540650308132, 0.009568862617015839, 0.00955644715577364, 0.009527276270091534, 0.009523353539407253, 0.009481619112193584, 0.009480307810008526, 0.009478067979216576, 0.009477402083575726, 0.009455353952944279, 0.009444315917789936]

Execution time: 0.4020 sec
