Label: tensor([ 6,  6,  6,  6,  9,  9,  6,  0, 56,  0,  9,  0,  6,  7,  9,  6,  0,  6,
         6,  6,  7,  0,  0,  6,  6,  9,  0, 56,  0,  0,  6,  9,  6,  0,  2,  7,
         9, 69,  7,  6,  5, 56, 74,  0,  0,  6,  6,  6,  6, 69,  0,  7,  0,  0,
         0,  9,  0,  6,  6, 39,  0,  2, 61,  2,  0,  0,  0,  9, 56,  0,  0, 76,
         6, 56,  0,  2,  6,  0,  5,  0,  7,  6, 56,  6,  0,  6,  0,  0,  6, 76,
         2,  6,  6, 69,  2,  6, 52,  6,  9,  6, 56, 10,  6, 13, 74,  0,  7,  0,
         0,  6,  2,  6,  6, 56,  6, 52,  0,  6,  6,  2, 56,  0, 22,  0,  0,  0,
         2, 56,  7,  7,  6,  6,  9, 74,  7, 56, 61,  7, 69,  6, 56,  0,  0,  0,
         6, 62,  6, 56,  6,  6,  7, 56,  7,  6, 57,  2, 56,  7, 56,  0, 73, 12,
         0, 65,  0,  6, 56,  0,  6,  9,  0, 57,  0,  2,  0,  5,  6, 74,  6,  6,
         0,  0,  5, 36,  5,  6, 13, 61, 22, 17,  6,  0,  7,  6,  7,  0,  0,  0,
         6,  7, 59,  0, 13,  2,  6,  0,  6,  7, 67, 57,  6,  0,  6,  0,  0,  6,
         9,  0, 17,  6, 56,  6,  7,  6, 74, 56,  4,  6,  6,  6, 18, 67, 56,  0,
         6, 56,  0,  6, 76,  9,  0, 28, 17,  9, 28, 74, 11,  6,  6, 74, 61, 56,
         6,  6,  0, 10,  0, 56,  2, 65,  0,  0, 56,  6, 56,  7, 36, 56, 13, 59,
         0,  9, 69,  6,  0, 18, 61,  7, 36, 43,  0,  6, 61,  7, 62,  6,  2,  6,
         0,  5, 59, 56,  8,  6,  9,  0, 56,  0,  0, 74]), Box: ([0.16611814498901367, 39.03099060058594, 209.49813842773438, 300.2499694824219], [262.162841796875, 33.38169860839844, 500.18798828125, 294.1835632324219], [0.8534640073776245, 33.198917388916016, 500.5782165527344, 296.8840637207031], [441.5977478027344, 112.57955932617188, 490.0174865722656, 146.65908813476562], [-0.03355927765369415, 34.432743072509766, 30.9053955078125, 51.546485900878906], [-0.015566125512123108, 37.71247482299805, 28.497900009155273, 51.07797622680664], [285.9712219238281, 36.703712463378906, 499.9891052246094, 225.319580078125], [20.507604598999023, 126.69709777832031, 57.52195358276367, 159.33993530273438], [427.3514404296875, 115.13385009765625, 441.843017578125, 146.76002502441406], [123.5084457397461, 120.1424560546875, 142.14126586914062, 159.44692993164062], [149.57659912109375, 50.869873046875, 208.9580535888672, 78.48918914794922], [8.777256965637207, 109.91155242919922, 57.05575942993164, 159.81153869628906], [263.2080078125, 33.95884323120117, 499.5037536621094, 293.9295654296875], [263.2080078125, 33.95884323120117, 499.5037536621094, 293.9295654296875], [-0.3260783851146698, 39.074092864990234, 23.717119216918945, 51.18480682373047], [109.17064666748047, 35.34837341308594, 500.4783935546875, 288.3402099609375], [7.933431148529053, 110.95657348632812, 25.848169326782227, 159.07449340820312], [120.52732849121094, 35.8819580078125, 501.3463439941406, 287.8863220214844], [103.63541412353516, 35.12363052368164, 499.5447998046875, 289.3081359863281], [88.30245208740234, 35.23006820678711, 501.46502685546875, 287.67333984375], [0.5156993865966797, 40.965267181396484, 207.98434448242188, 298.5506591796875], [47.93569564819336, 133.4434051513672, 59.51968765258789, 158.9415740966797], [451.8552551269531, 125.03298950195312, 477.8480529785156, 146.35035705566406], [0.5156993865966797, 40.965267181396484, 207.98434448242188, 298.5506591796875], [187.3323516845703, 228.56922912597656, 234.8618927001953, 272.3372497558594], [-0.23537594079971313, 39.516483306884766, 22.63912582397461, 51.7101936340332], [293.443359375, 108.32933044433594, 311.3044738769531, 149.4684295654297], [49.40907669067383, 146.20191955566406, 56.55307388305664, 158.793212890625], [191.3705596923828, 245.9157257080078, 218.30857849121094, 271.0277099609375], [179.59112548828125, 127.20892333984375, 197.04515075683594, 160.0249786376953], [-0.2811849117279053, 37.876075744628906, 208.0044403076172, 77.31702423095703], [18.01793670654297, 34.8824577331543, 30.573177337646484, 46.56504440307617], [-0.03355927765369415, 34.432743072509766, 30.9053955078125, 51.546485900878906], [441.5977478027344, 112.57955932617188, 490.0174865722656, 146.65908813476562], [262.162841796875, 33.38169860839844, 500.18798828125, 294.1835632324219], [0.16611814498901367, 39.03099060058594, 209.49813842773438, 300.2499694824219], [-0.24555251002311707, 10.923089027404785, 34.76991271972656, 51.596405029296875], [262.162841796875, 33.38169860839844, 500.18798828125, 294.1835632324219], [262.162841796875, 33.38169860839844, 500.18798828125, 294.1835632324219], [1.8573105335235596, 39.97773361206055, 306.81109619140625, 297.11810302734375], [263.2080078125, 33.95884323120117, 499.5037536621094, 293.9295654296875], [20.507604598999023, 126.69709777832031, 57.52195358276367, 159.33993530273438], [18.01793670654297, 34.8824577331543, 30.573177337646484, 46.56504440307617], [13.71265983581543, 144.26502990722656, 54.0915412902832, 159.87405395507812], [16.290088653564453, 125.12982177734375, 57.649314880371094, 159.66836547851562], [0.17087161540985107, 38.01007080078125, 370.1211242675781, 294.7227783203125], [0.12469291687011719, 38.116416931152344, 361.92352294921875, 294.36328125], [155.2963104248047, 50.762718200683594, 295.4215393066406, 271.8441162109375], [105.75106811523438, 34.66637420654297, 498.0538330078125, 289.94891357421875], [0.16611814498901367, 39.03099060058594, 209.49813842773438, 300.2499694824219], [427.3514404296875, 115.13385009765625, 441.843017578125, 146.76002502441406], [0.8534640073776245, 33.198917388916016, 500.5782165527344, 296.8840637207031], [441.67938232421875, 123.82438659667969, 453.2530517578125, 146.69383239746094], [7.829263687133789, 110.45375061035156, 26.355493545532227, 159.2710723876953], [14.14730453491211, 153.20689392089844, 27.179296493530273, 160.04342651367188], [191.3705596923828, 245.9157257080078, 218.30857849121094, 271.0277099609375], [298.278076171875, 120.97203826904297, 310.85546875, 148.6332550048828], [0.5032047629356384, 47.15737533569336, 205.1769561767578, 165.05160522460938], [1.1371076107025146, 38.55891799926758, 328.9178466796875, 297.04254150390625], [203.0459747314453, 162.6143035888672, 210.2040557861328, 203.95596313476562], [8.753387451171875, 110.01437377929688, 23.213172912597656, 137.5654296875], [187.3323516845703, 228.56922912597656, 234.8618927001953, 272.3372497558594], [427.3514404296875, 115.13385009765625, 441.843017578125, 146.76002502441406], [0.16611814498901367, 39.03099060058594, 209.49813842773438, 300.2499694824219], [14.368590354919434, 141.01390075683594, 46.43366622924805, 159.59609985351562], [9.352482795715332, 111.57376861572266, 40.958431243896484, 159.78517150878906], [201.6872100830078, 246.06607055664062, 216.0359649658203, 263.180419921875], [187.3323516845703, 228.56922912597656, 234.8618927001953, 272.3372497558594], [451.8552551269531, 125.03298950195312, 477.8480529785156, 146.35035705566406], [463.2438049316406, 126.56327819824219, 478.6018981933594, 146.03213500976562], [49.40907669067383, 146.20191955566406, 56.55307388305664, 158.793212890625], [0.16611814498901367, 39.03099060058594, 209.49813842773438, 300.2499694824219], [-0.015566125512123108, 37.71247482299805, 28.497900009155273, 51.07797622680664], [59.16977310180664, 126.24629974365234, 69.30699920654297, 158.5050506591797], [191.52618408203125, 245.61683654785156, 227.2342071533203, 272.4818115234375], [-0.03355927765369415, 34.432743072509766, 30.9053955078125, 51.546485900878906], [149.97537231445312, 51.100379943847656, 291.4658203125, 271.8880615234375], [440.4013671875, 112.77124786376953, 470.60693359375, 146.61680603027344], [0.5156993865966797, 40.965267181396484, 207.98434448242188, 298.5506591796875], [442.7852783203125, 123.96187591552734, 455.03875732421875, 146.62969970703125], [285.9712219238281, 36.703712463378906, 499.9891052246094, 225.319580078125], [-0.3154948353767395, 41.4815788269043, 92.57440948486328, 289.2756042480469], [13.71265983581543, 144.26502990722656, 54.0915412902832, 159.87405395507812], [290.7951354980469, 37.6884765625, 499.9385986328125, 152.0304412841797], [445.4014587402344, 133.02056884765625, 453.2290344238281, 146.67662048339844], [263.5537414550781, 48.74998092651367, 383.5812683105469, 255.43731689453125], [59.16977310180664, 126.24629974365234, 69.30699920654297, 158.5050506591797], [8.090475082397461, 110.56771850585938, 25.723106384277344, 159.352294921875], [0.314563512802124, 45.13377380371094, 205.91883850097656, 232.1248321533203], [262.162841796875, 33.38169860839844, 500.18798828125, 294.1835632324219], [191.52618408203125, 245.61683654785156, 227.2342071533203, 272.4818115234375], [427.3514404296875, 115.13385009765625, 441.843017578125, 146.76002502441406], [263.3065185546875, 49.14533615112305, 383.4185791015625, 255.42869567871094], [285.9712219238281, 36.703712463378906, 499.9891052246094, 225.319580078125], [-0.015566125512123108, 37.71247482299805, 28.497900009155273, 51.07797622680664], [1.153111457824707, 38.128196716308594, 500.8576965332031, 159.910888671875], [0.16611814498901367, 39.03099060058594, 209.49813842773438, 300.2499694824219], [144.41433715820312, 51.977622985839844, 210.6712188720703, 268.99810791015625], [178.22879028320312, 54.08631896972656, 207.98367309570312, 77.66207122802734], [418.2953796386719, 36.58603286743164, 501.2856750488281, 293.9559020996094], [445.4014587402344, 133.02056884765625, 453.2290344238281, 146.67662048339844], [187.3323516845703, 228.56922912597656, 234.8618927001953, 272.3372497558594], [0.8143335580825806, 49.285743713378906, 115.53133392333984, 163.6497802734375], [427.3514404296875, 115.13385009765625, 441.843017578125, 146.76002502441406], [445.25341796875, 112.60945129394531, 472.292724609375, 123.9395980834961], [187.3323516845703, 228.56922912597656, 234.8618927001953, 272.3372497558594], [-0.24555251002311707, 10.923089027404785, 34.76991271972656, 51.596405029296875], [186.19696044921875, 127.52806091308594, 195.85568237304688, 151.9313201904297], [303.13690185546875, 106.88875579833984, 310.7153015136719, 116.50823974609375], [0.6899088621139526, 40.53720474243164, 304.8388366699219, 294.23309326171875], [191.3705596923828, 245.9157257080078, 218.30857849121094, 271.0277099609375], [124.06906127929688, 35.931365966796875, 500.7667541503906, 229.14854431152344], [92.4056625366211, 50.10240173339844, 210.3093719482422, 269.1009216308594], [47.93569564819336, 133.4434051513672, 59.51968765258789, 158.9415740966797], [0.8426159620285034, 35.29485321044922, 500.5583801269531, 294.5848693847656], [262.162841796875, 33.38169860839844, 500.18798828125, 294.1835632324219], [10.247952461242676, 135.39443969726562, 28.583656311035156, 159.76321411132812], [149.57659912109375, 50.869873046875, 208.9580535888672, 78.48918914794922], [-1.2795478105545044, 43.683021545410156, 382.42376708984375, 267.19989013671875], [263.2080078125, 33.95884323120117, 499.5037536621094, 293.9295654296875], [441.5977478027344, 112.57955932617188, 490.0174865722656, 146.65908813476562], [443.6776428222656, 133.70022583007812, 451.5386657714844, 146.79380798339844], [0.16611814498901367, 39.03099060058594, 209.49813842773438, 300.2499694824219], [126.71367645263672, 130.45594787597656, 141.005859375, 159.04891967773438], [14.188857078552246, 153.3463897705078, 21.094501495361328, 159.84674072265625], [203.0459747314453, 162.6143035888672, 210.2040557861328, 203.95596313476562], [-0.3260783851146698, 39.074092864990234, 23.717119216918945, 51.18480682373047], [441.67938232421875, 123.82438659667969, 453.2530517578125, 146.69383239746094], [103.63541412353516, 35.12363052368164, 499.5447998046875, 289.3081359863281], [187.3323516845703, 228.56922912597656, 234.8618927001953, 272.3372497558594], [24.259075164794922, 0.9501087069511414, 501.9893798828125, 50.81706237792969], [0.9077936410903931, 48.91244888305664, 203.63780212402344, 164.00729370117188], [14.0079984664917, 36.21632766723633, 29.70895004272461, 48.787132263183594], [-0.03355927765369415, 34.432743072509766, 30.9053955078125, 51.546485900878906], [155.2963104248047, 50.762718200683594, 295.4215393066406, 271.8441162109375], [10.247952461242676, 135.39443969726562, 28.583656311035156, 159.76321411132812], [0.16611814498901367, 39.03099060058594, 209.49813842773438, 300.2499694824219], [109.17064666748047, 35.34837341308594, 500.4783935546875, 288.3402099609375], [0.8534640073776245, 33.198917388916016, 500.5782165527344, 296.8840637207031], [410.28265380859375, 36.88025665283203, 500.9911804199219, 220.17401123046875], [443.6776428222656, 133.70022583007812, 451.5386657714844, 146.79380798339844], [458.7981872558594, 133.3896484375, 481.1324157714844, 146.10968017578125], [30.497726440429688, 139.58465576171875, 52.397403717041016, 159.84817504882812], [25.304048538208008, 134.0764617919922, 50.35672378540039, 159.5637664794922], [0.6059855222702026, 47.25703048706055, 133.2555389404297, 168.95555114746094], [441.5977478027344, 112.57955932617188, 490.0174865722656, 146.65908813476562], [0.39747729897499084, 41.588844299316406, 116.74590301513672, 163.93470764160156], [123.5084457397461, 120.1424560546875, 142.14126586914062, 159.44692993164062], [1.6362965106964111, 1.0913068056106567, 501.388916015625, 52.40788650512695], [145.62315368652344, 50.848289489746094, 291.0567321777344, 271.7246398925781], [120.52732849121094, 35.8819580078125, 501.3463439941406, 287.8863220214844], [14.368590354919434, 141.01390075683594, 46.43366622924805, 159.59609985351562], [-0.03355927765369415, 34.432743072509766, 30.9053955078125, 51.546485900878906], [0.5275905132293701, 36.998558044433594, 96.40733337402344, 72.60847473144531], [427.3514404296875, 115.13385009765625, 441.843017578125, 146.76002502441406], [-0.23537594079971313, 39.516483306884766, 22.63912582397461, 51.7101936340332], [16.290088653564453, 125.12982177734375, 57.649314880371094, 159.66836547851562], [105.75106811523438, 34.66637420654297, 498.0538330078125, 289.94891357421875], [7.933431148529053, 110.95657348632812, 25.848169326782227, 159.07449340820312], [349.30474853515625, 260.6065979003906, 371.32977294921875, 287.5442810058594], [203.0459747314453, 162.6143035888672, 210.2040557861328, 203.95596313476562], [203.0459747314453, 162.6143035888672, 210.2040557861328, 203.95596313476562], [204.89727783203125, 231.88174438476562, 234.84286499023438, 272.77606201171875], [203.0459747314453, 162.6143035888672, 210.2040557861328, 203.95596313476562], [456.47216796875, 132.37208557128906, 476.02349853515625, 146.17044067382812], [201.8006134033203, 78.13133239746094, 365.2604064941406, 264.8389587402344], [41.719905853271484, 145.3413848876953, 55.62165451049805, 159.2406463623047], [303.2613525390625, 107.28648376464844, 310.8781433105469, 116.93291473388672], [1.3702213764190674, 1.0032323598861694, 501.1960144042969, 52.69501876831055], [201.6872100830078, 246.06607055664062, 216.0359649658203, 263.180419921875], [464.8673095703125, 121.15145111083984, 477.5677490234375, 145.4314422607422], [262.162841796875, 33.38169860839844, 500.18798828125, 294.1835632324219], [48.919925689697266, 141.88597106933594, 67.77778625488281, 159.16311645507812], [348.2279052734375, 227.35336303710938, 500.37579345703125, 294.1158752441406], [-0.03355927765369415, 34.432743072509766, 30.9053955078125, 51.546485900878906], [0.16611814498901367, 39.03099060058594, 209.49813842773438, 300.2499694824219], [0.010870397090911865, 52.91744613647461, 72.86196899414062, 162.43276977539062], [-0.015566125512123108, 37.71247482299805, 28.497900009155273, 51.07797622680664], [-0.382155179977417, 50.511077880859375, 60.49945831298828, 229.99737548828125], [19.7508487701416, 36.1567497253418, 492.6950378417969, 291.39227294921875], [41.719905853271484, 145.3413848876953, 55.62165451049805, 159.2406463623047], [38.19813919067383, 127.38978576660156, 56.05461883544922, 159.2839813232422], [285.9712219238281, 36.703712463378906, 499.9891052246094, 225.319580078125], [0.16611814498901367, 39.03099060058594, 209.49813842773438, 300.2499694824219], [262.162841796875, 33.38169860839844, 500.18798828125, 294.1835632324219], [423.990966796875, 110.79373931884766, 499.618896484375, 218.15631103515625], [441.5977478027344, 112.57955932617188, 490.0174865722656, 146.65908813476562], [262.162841796875, 33.38169860839844, 500.18798828125, 294.1835632324219], [262.162841796875, 33.38169860839844, 500.18798828125, 294.1835632324219], [262.162841796875, 33.38169860839844, 500.18798828125, 294.1835632324219], [2.2898316383361816, 36.57432174682617, 381.67132568359375, 279.30792236328125], [478.6950378417969, 140.6372833251953, 486.7437438964844, 146.05775451660156], [1.8573105335235596, 39.97773361206055, 306.81109619140625, 297.11810302734375], [0.1148805022239685, 39.25104904174805, 208.050048828125, 82.42748260498047], [149.97537231445312, 51.100379943847656, 291.4658203125, 271.8880615234375], [123.57345581054688, 117.53810119628906, 198.8404083251953, 161.48802185058594], [61.28229522705078, 141.6365509033203, 68.78675842285156, 158.7162322998047], [454.464599609375, 135.43539428710938, 478.5841979980469, 146.3928985595703], [0.09815394878387451, 39.497676849365234, 119.32066345214844, 164.27174377441406], [0.314563512802124, 45.13377380371094, 205.91883850097656, 232.1248321533203], [427.3514404296875, 115.13385009765625, 441.843017578125, 146.76002502441406], [18.79255485534668, 126.31682586669922, 55.19211196899414, 158.9348907470703], [187.3323516845703, 228.56922912597656, 234.8618927001953, 272.3372497558594], [397.753173828125, 227.912353515625, 500.58428955078125, 295.67730712890625], [0.12677907943725586, 36.60199737548828, 378.6614685058594, 272.1573486328125], [453.050537109375, 124.79002380371094, 476.6772155761719, 146.1869659423828], [348.2279052734375, 227.35336303710938, 500.37579345703125, 294.1158752441406], [441.5977478027344, 112.57955932617188, 490.0174865722656, 146.65908813476562], [262.162841796875, 33.38169860839844, 500.18798828125, 294.1835632324219], [0.16611814498901367, 39.03099060058594, 209.49813842773438, 300.2499694824219], [0.03501586616039276, 50.91276168823242, 56.9193000793457, 167.2476348876953], [57.962833404541016, 143.35372924804688, 68.1717529296875, 158.86215209960938], [191.3705596923828, 245.9157257080078, 218.30857849121094, 271.0277099609375], [179.60003662109375, 140.1592254638672, 194.02638244628906, 159.24105834960938], [191.1651153564453, 152.47198486328125, 198.02609252929688, 161.625], [0.6809830665588379, 36.09315490722656, 500.67596435546875, 145.4911346435547], [0.16611814498901367, 39.03099060058594, 209.49813842773438, 300.2499694824219], [0.4287920892238617, 105.0273666381836, 69.60359191894531, 224.71707153320312], [0.16611814498901367, 39.03099060058594, 209.49813842773438, 300.2499694824219], [-0.3260783851146698, 39.074092864990234, 23.717119216918945, 51.18480682373047], [14.14730453491211, 153.20689392089844, 27.179296493530273, 160.04342651367188], [8.777256965637207, 109.91155242919922, 57.05575942993164, 159.81153869628906], [88.30245208740234, 35.23006820678711, 501.46502685546875, 287.67333984375], [0.5402565002441406, 3.332345485687256, 500.5352478027344, 153.9525604248047], [-0.24555251002311707, 10.923089027404785, 34.76991271972656, 51.596405029296875], [179.59112548828125, 127.20892333984375, 197.04515075683594, 160.0249786376953], [0.8534640073776245, 33.198917388916016, 500.5782165527344, 296.8840637207031], [397.753173828125, 227.912353515625, 500.58428955078125, 295.67730712890625], [433.5010070800781, 110.30142974853516, 494.4926452636719, 159.99530029296875], [0.6960183382034302, 36.68192672729492, 166.0469207763672, 61.490150451660156], [0.16611814498901367, 39.03099060058594, 209.49813842773438, 300.2499694824219], [0.16611814498901367, 39.03099060058594, 209.49813842773438, 300.2499694824219], [8.777256965637207, 109.91155242919922, 57.05575942993164, 159.81153869628906], [118.67951965332031, 121.14698791503906, 141.24417114257812, 159.23170471191406], [-0.23537594079971313, 39.516483306884766, 22.63912582397461, 51.7101936340332], [48.919925689697266, 141.88597106933594, 67.77778625488281, 159.16311645507812], [429.6693420410156, 94.87578582763672, 483.5006408691406, 146.9522247314453], [148.7296142578125, 39.34374237060547, 499.5337219238281, 151.1226348876953], [0.8534640073776245, 33.198917388916016, 500.5782165527344, 296.8840637207031], [203.0459747314453, 162.6143035888672, 210.2040557861328, 203.95596313476562], [44.34685516357422, 126.44840240478516, 66.02305603027344, 158.68609619140625], [427.3514404296875, 115.13385009765625, 441.843017578125, 146.76002502441406], [123.5084457397461, 120.1424560546875, 142.14126586914062, 159.44692993164062], [191.52618408203125, 245.61683654785156, 227.2342071533203, 272.4818115234375], [441.5977478027344, 112.57955932617188, 490.0174865722656, 146.65908813476562], [-0.3260783851146698, 39.074092864990234, 23.717119216918945, 51.18480682373047], [149.57659912109375, 50.869873046875, 208.9580535888672, 78.48918914794922], [1.6630291938781738, 42.181732177734375, 290.0862121582031, 289.1785583496094], [150.59658813476562, 52.27058792114258, 347.8424987792969, 270.2634582519531], [178.22879028320312, 54.08631896972656, 207.98367309570312, 77.66207122802734], [263.2080078125, 33.95884323120117, 499.5037536621094, 293.9295654296875], [126.71367645263672, 130.45594787597656, 141.005859375, 159.04891967773438], [270.2077331542969, 109.96829986572266, 500.9301452636719, 290.4703063964844], [1.451924443244934, 35.991661071777344, 382.2464294433594, 258.5050964355469], [12.01689338684082, 131.5634765625, 34.43391418457031, 158.79823303222656], [191.3705596923828, 245.9157257080078, 218.30857849121094, 271.0277099609375], [0.16611814498901367, 39.03099060058594, 209.49813842773438, 300.2499694824219], [30.497726440429688, 139.58465576171875, 52.397403717041016, 159.84817504882812], [204.89727783203125, 231.88174438476562, 234.84286499023438, 272.77606201171875], [204.3180389404297, 162.98593139648438, 209.68724060058594, 179.177978515625], [-0.015566125512123108, 37.71247482299805, 28.497900009155273, 51.07797622680664], [0.010870397090911865, 52.91744613647461, 72.86196899414062, 162.43276977539062], [442.7852783203125, 123.96187591552734, 455.03875732421875, 146.62969970703125], [0.2938508987426758, 11.194320678710938, 500.2888488769531, 158.37803649902344], [57.962833404541016, 143.35372924804688, 68.1717529296875, 158.86215209960938], [0.8426159620285034, 35.29485321044922, 500.5583801269531, 294.5848693847656], [187.3323516845703, 228.56922912597656, 234.8618927001953, 272.3372497558594], [203.0459747314453, 162.6143035888672, 210.2040557861328, 203.95596313476562], [262.162841796875, 33.38169860839844, 500.18798828125, 294.1835632324219], [262.162841796875, 33.38169860839844, 500.18798828125, 294.1835632324219], [20.47496223449707, 125.27003479003906, 55.170127868652344, 159.54965209960938], [204.89727783203125, 231.88174438476562, 234.84286499023438, 272.77606201171875], [441.5977478027344, 112.57955932617188, 490.0174865722656, 146.65908813476562], [204.89727783203125, 231.88174438476562, 234.84286499023438, 272.77606201171875], [18.01793670654297, 34.8824577331543, 30.573177337646484, 46.56504440307617], [427.3514404296875, 115.13385009765625, 441.843017578125, 146.76002502441406], [0.8534640073776245, 33.198917388916016, 500.5782165527344, 296.8840637207031], [24.259075164794922, 0.9501087069511414, 501.9893798828125, 50.81706237792969], [262.162841796875, 33.38169860839844, 500.18798828125, 294.1835632324219], [203.0459747314453, 162.6143035888672, 210.2040557861328, 203.95596313476562], [262.162841796875, 33.38169860839844, 500.18798828125, 294.1835632324219], [-0.24555251002311707, 10.923089027404785, 34.76991271972656, 51.596405029296875], [0.5156993865966797, 40.965267181396484, 207.98434448242188, 298.5506591796875], [1.1371076107025146, 38.55891799926758, 328.9178466796875, 297.04254150390625], [445.25341796875, 112.60945129394531, 472.292724609375, 123.9395980834961], [16.13336753845215, 35.46359634399414, 496.745361328125, 291.2669677734375], [0.5156993865966797, 40.965267181396484, 207.98434448242188, 298.5506591796875], [44.31429672241211, 33.139854431152344, 496.9588928222656, 288.5177917480469], [0.8534640073776245, 33.198917388916016, 500.5782165527344, 296.8840637207031], [0.8534640073776245, 33.198917388916016, 500.5782165527344, 296.8840637207031], [0.16611814498901367, 39.03099060058594, 209.49813842773438, 300.2499694824219], [25.304048538208008, 134.0764617919922, 50.35672378540039, 159.5637664794922], [263.2080078125, 33.95884323120117, 499.5037536621094, 293.9295654296875], [49.356014251708984, 36.73939514160156, 496.8580322265625, 288.5721435546875], [-0.2811849117279053, 37.876075744628906, 208.0044403076172, 77.31702423095703], [447.3099365234375, 126.57969665527344, 463.00177001953125, 146.53872680664062], [463.2438049316406, 126.56327819824219, 478.6018981933594, 146.03213500976562], [-0.3260783851146698, 39.074092864990234, 23.717119216918945, 51.18480682373047], [-0.23537594079971313, 39.516483306884766, 22.63912582397461, 51.7101936340332], [-0.23537594079971313, 39.516483306884766, 22.63912582397461, 51.7101936340332]), Score: [0.8859356045722961, 0.8757323622703552, 0.09493755549192429, 0.04857146367430687, 0.04402519389986992, 0.043272506445646286, 0.038083482533693314, 0.037921156734228134, 0.03654487058520317, 0.03504754602909088, 0.03398488089442253, 0.033462848514318466, 0.033405642956495285, 0.03337596729397774, 0.033269185572862625, 0.031625278294086456, 0.03114500269293785, 0.030099961906671524, 0.02985796518623829, 0.027603764086961746, 0.02679912932217121, 0.02673850953578949, 0.026614544913172722, 0.02531212382018566, 0.025204896926879883, 0.02499961107969284, 0.02386140264570713, 0.023824462667107582, 0.02373196743428707, 0.023607414215803146, 0.023563144728541374, 0.022842252627015114, 0.022733718156814575, 0.022305555641651154, 0.022081969305872917, 0.02199038863182068, 0.021856404840946198, 0.02172853611409664, 0.02147567644715309, 0.02124822698533535, 0.020793866366147995, 0.020492756739258766, 0.02025514654815197, 0.020237278193235397, 0.020234715193510056, 0.019628174602985382, 0.01959138922393322, 0.01941261626780033, 0.0192291047424078, 0.019188106060028076, 0.018936803564429283, 0.01887119747698307, 0.018634676933288574, 0.018069157376885414, 0.018046105280518532, 0.01799916848540306, 0.017918603494763374, 0.017497239634394646, 0.017248855903744698, 0.01697472296655178, 0.016931135207414627, 0.0167539082467556, 0.016641277819871902, 0.016621360555291176, 0.016555164009332657, 0.016534937545657158, 0.016525518149137497, 0.016420574858784676, 0.016363298520445824, 0.01627492718398571, 0.01586117036640644, 0.015776539221405983, 0.015641197562217712, 0.015063123777508736, 0.014960888773202896, 0.014960606582462788, 0.014935175888240337, 0.014888833276927471, 0.014790200628340244, 0.01472975593060255, 0.01472533494234085, 0.014350371435284615, 0.0141566451638937, 0.014111177995800972, 0.014092237688601017, 0.01407527457922697, 0.014074164442718029, 0.014013683423399925, 0.013928203843533993, 0.013898242264986038, 0.013894472271203995, 0.013845452107489109, 0.013824588619172573, 0.01380393747240305, 0.01377105712890625, 0.013754780404269695, 0.013747128657996655, 0.013741887174546719, 0.013714429922401905, 0.013685151003301144, 0.013678999617695808, 0.013668041676282883, 0.01356490608304739, 0.013471664860844612, 0.013418220914900303, 0.013370285741984844, 0.013253580778837204, 0.013204398564994335, 0.01310012023895979, 0.012975893914699554, 0.012968579307198524, 0.0127696068957448, 0.012631893157958984, 0.012626049108803272, 0.012605682015419006, 0.012604874558746815, 0.012600773945450783, 0.012594451196491718, 0.01255789864808321, 0.012470060028135777, 0.012456861324608326, 0.012448721565306187, 0.012416942045092583, 0.012003567069768906, 0.012002769857645035, 0.011943629942834377, 0.011938453651964664, 0.01192499604076147, 0.011811301112174988, 0.011771611869335175, 0.011768240481615067, 0.011767451651394367, 0.011719511821866035, 0.011704625561833382, 0.011669239029288292, 0.011650842614471912, 0.011616217903792858, 0.011496687307953835, 0.011344394646584988, 0.011291858740150928, 0.01128900982439518, 0.011283189989626408, 0.011277898214757442, 0.011265876702964306, 0.011259086430072784, 0.011246247217059135, 0.011221458204090595, 0.011210876516997814, 0.011143949814140797, 0.011141428723931313, 0.011074917390942574, 0.01103409007191658, 0.01101917028427124, 0.010998549871146679, 0.0109932916238904, 0.010966950096189976, 0.010966385714709759, 0.010941924527287483, 0.0109127601608634, 0.010899201966822147, 0.010899093933403492, 0.010862390510737896, 0.010784526355564594, 0.010729902423918247, 0.010715608485043049, 0.010696567595005035, 0.01066939439624548, 0.010663476772606373, 0.010649405419826508, 0.010513960383832455, 0.010513915680348873, 0.010508653707802296, 0.010482916608452797, 0.010446189902722836, 0.01044117845594883, 0.010430787689983845, 0.010399030521512032, 0.010393556207418442, 0.010365583933889866, 0.010300655849277973, 0.010297827422618866, 0.010220827534794807, 0.010160388424992561, 0.010149743407964706, 0.010111217387020588, 0.010078305378556252, 0.010076431557536125, 0.010068163275718689, 0.010021175257861614, 0.010001307353377342, 0.009995171800255775, 0.009975255466997623, 0.009947124868631363, 0.009900189936161041, 0.009897947311401367, 0.009810910560190678, 0.009795117191970348, 0.00979018397629261, 0.009763953275978565, 0.009749270044267178, 0.009732887148857117, 0.009633839130401611, 0.009594900533556938, 0.009587372653186321, 0.009563074447214603, 0.009476224891841412, 0.009471118450164795, 0.009433481842279434, 0.009404380805790424, 0.009394848719239235, 0.009365742094814777, 0.009359758347272873, 0.009329247288405895, 0.009312871843576431, 0.009294469840824604, 0.009267190471291542, 0.009246103465557098, 0.009234203025698662, 0.009223364293575287, 0.009120344184339046, 0.009111613966524601, 0.009106405079364777, 0.009094305336475372, 0.00905145239084959, 0.009012448601424694, 0.009008314460515976, 0.008970464579761028, 0.008936447091400623, 0.00891525112092495, 0.008887965232133865, 0.008854315616190434, 0.008849860168993473, 0.008833616971969604, 0.008831758983433247, 0.008823965676128864, 0.008816724643111229, 0.008786090649664402, 0.008778370916843414, 0.008764593861997128, 0.008751251734793186, 0.008742978796362877, 0.008735680021345615, 0.00873458944261074, 0.008732971735298634, 0.008679053746163845, 0.00865375716239214, 0.008632670156657696, 0.008623783476650715, 0.008621199056506157, 0.008572004735469818, 0.008499866351485252, 0.008476121351122856, 0.008457294665277004, 0.008451974019408226, 0.00844104029238224, 0.008436810225248337, 0.008332912810146809, 0.008300417102873325, 0.008274249732494354, 0.008245930075645447, 0.008235007524490356, 0.008200904354453087, 0.008159697987139225, 0.008119522593915462, 0.008100922219455242, 0.008099263533949852, 0.008098351769149303, 0.008043602108955383, 0.008032507263123989, 0.00801960751414299, 0.008009920828044415, 0.008006901480257511, 0.008001620881259441, 0.007987665943801403, 0.00797769334167242, 0.007964390330016613, 0.007959065958857536, 0.007948270998895168, 0.00793379731476307, 0.007933365181088448, 0.007924112491309643, 0.007904957979917526, 0.007899697870016098, 0.007890516892075539, 0.007878350093960762, 0.007870679721236229, 0.007854461669921875, 0.007848693057894707, 0.007846951484680176, 0.007775935810059309, 0.007772257085889578, 0.007754722610116005, 0.00773065397515893, 0.007727778982371092, 0.007724035531282425, 0.007721634581685066, 0.007717463653534651, 0.0077022407203912735, 0.007695723790675402, 0.0076559423469007015]

Execution time: 0.4103 sec
