Label: tensor([15,  2, 62,  2, 62,  2,  2,  2,  7,  2,  2,  2,  2, 62,  2,  2,  2, 62,
         2,  2,  2,  2,  2,  2,  2,  2, 62, 64,  2,  2,  2,  2, 67,  2, 62, 62,
         2,  2,  7,  2,  2, 62,  2, 72, 45, 68, 60, 62, 62,  9,  2,  2,  2,  2,
         2,  2,  2, 62,  2, 15,  8, 62, 62, 63, 62, 62,  2,  2, 73,  7,  5, 39,
        60, 62, 66, 60,  2,  7,  2,  2,  7,  2, 62,  2, 67,  2,  2,  2, 36,  2,
         2, 63,  2,  2, 15, 68, 73, 58,  7,  2, 73, 62,  2, 65, 14,  5, 60, 56,
         7, 71,  2, 63,  7, 62, 60, 62,  6,  2, 62,  2, 71,  3,  0, 67,  7,  7,
        66, 62, 12, 62, 62,  2, 73, 57, 62,  0,  2, 73, 73, 62, 57, 41,  2, 56,
        62, 73,  7, 15,  2, 68, 56, 62, 73, 78, 62,  7, 65,  2, 56,  8, 62, 56,
        73,  4, 72,  2, 60,  0, 62, 69, 62, 73, 57, 28,  2, 60,  3, 43,  3, 58,
         2, 73, 73, 45, 66,  2, 79,  2, 66,  2, 62,  2,  7, 66,  5, 62, 63, 73,
        64,  7, 62,  2, 62, 62,  0,  4, 65,  9, 60, 25,  3,  8,  2, 69, 63,  5,
        15, 64,  3, 66, 36, 71,  5, 58,  2, 60, 66, 58, 15, 69, 62, 73, 62, 60,
        62, 14, 72, 63, 71, 23,  2, 62,  9, 57, 58, 62, 65, 57, 45, 14, 66, 62,
        71, 71, 16, 12, 59,  2, 63,  2, 62, 56, 37, 62,  0,  7, 72,  2, 62, 60,
         2, 67, 15,  0, 62, 66, 25, 62, 63, 64,  7,  2, 41,  4, 69, 72,  2, 65,
        44, 79,  2,  7, 62, 56, 66,  7, 64, 56, 12, 41]), Box: ([55.593849182128906, 62.830039978027344, 420.3374938964844, 277.84344482421875], [29.968645095825195, 15.869916915893555, 104.86355590820312, 54.9660758972168], [-0.39045512676239014, 0.13516724109649658, 499.5936279296875, 333.1318359375], [0.0904276967048645, 14.229026794433594, 104.85951232910156, 102.47544860839844], [0.09880959987640381, 0.1379857063293457, 250.89353942871094, 186.67367553710938], [465.5889892578125, 25.587106704711914, 499.9577331542969, 66.35040283203125], [0.06690248847007751, 15.543061256408691, 104.92288970947266, 66.60750579833984], [465.9945068359375, 0.5661567449569702, 500.053466796875, 66.23089599609375], [30.05821990966797, 16.35853385925293, 104.62744903564453, 54.96791076660156], [465.64703369140625, 38.01877975463867, 499.8567810058594, 66.48213195800781], [0.09880959987640381, 0.1379857063293457, 250.89353942871094, 186.67367553710938], [-0.051721930503845215, -0.11143854260444641, 499.9431457519531, 187.302734375], [-0.1229848712682724, 23.781715393066406, 47.13396072387695, 66.23799896240234], [-0.051721930503845215, -0.11143854260444641, 499.9431457519531, 187.302734375], [-0.11086463928222656, 13.066444396972656, 106.07752990722656, 95.6095962524414], [470.8951416015625, 0.3348589837551117, 500.0141906738281, 43.43757247924805], [-0.21118856966495514, 23.903812408447266, 47.302791595458984, 65.18853759765625], [335.480224609375, 0.042351409792900085, 500.0428466796875, 143.73915100097656], [0.1061316579580307, 25.287975311279297, 49.008697509765625, 102.28697967529297], [-0.39045512676239014, 0.13516724109649658, 499.5936279296875, 333.1318359375], [0.018261373043060303, 25.051193237304688, 43.835262298583984, 102.61703491210938], [0.004433095455169678, 23.966732025146484, 55.97095489501953, 102.22235870361328], [443.61285400390625, 0.2956981956958771, 500.0782470703125, 66.14940643310547], [0.0740736722946167, 0.16199228167533875, 247.43356323242188, 105.83867645263672], [0.060345977544784546, 25.69317054748535, 64.69635772705078, 100.61885833740234], [-0.14372169971466064, 17.684598922729492, 103.91571807861328, 103.31501007080078], [0.6585568189620972, 0.469790518283844, 252.827880859375, 189.41978454589844], [29.968645095825195, 15.869916915893555, 104.86355590820312, 54.9660758972168], [0.3346595764160156, 39.438385009765625, 40.30128479003906, 65.82466888427734], [0.26963090896606445, 40.59495162963867, 32.641231536865234, 65.16293334960938], [0.08686631917953491, 0.9017202854156494, 246.87332153320312, 103.61199188232422], [471.179931640625, 24.989513397216797, 500.0293884277344, 44.78974533081055], [29.968645095825195, 15.869916915893555, 104.86355590820312, 54.9660758972168], [470.81195068359375, 9.993672370910645, 500.0302734375, 44.6837043762207], [1.9692778587341309, 0.44846346974372864, 261.3072204589844, 186.5448455810547], [331.7655944824219, -0.8788450956344604, 500.62371826171875, 332.109375], [0.6956681609153748, -0.08229124546051025, 247.05990600585938, 64.6812973022461], [-0.13258308172225952, 0.7878950238227844, 246.83799743652344, 106.89373016357422], [29.968645095825195, 15.869916915893555, 104.86355590820312, 54.9660758972168], [32.71895980834961, 16.14421272277832, 103.90943145751953, 43.26941680908203], [1.9692778587341309, 0.44846346974372864, 261.3072204589844, 186.5448455810547], [290.12890625, 134.33221435546875, 500.2958679199219, 330.610107421875], [335.480224609375, 0.042351409792900085, 500.0428466796875, 143.73915100097656], [-0.39045512676239014, 0.13516724109649658, 499.5936279296875, 333.1318359375], [29.968645095825195, 15.869916915893555, 104.86355590820312, 54.9660758972168], [-0.39045512676239014, 0.13516724109649658, 499.5936279296875, 333.1318359375], [-0.20106136798858643, 143.61468505859375, 499.7939453125, 331.5885925292969], [324.3475036621094, -0.9351845979690552, 499.9862365722656, 332.0457763671875], [255.8844757080078, 128.4982452392578, 500.66314697265625, 330.8648376464844], [29.968645095825195, 15.869916915893555, 104.86355590820312, 54.9660758972168], [26.32494354248047, 0.2907807528972626, 178.40109252929688, 55.69050979614258], [0.6585568189620972, 0.469790518283844, 252.827880859375, 189.41978454589844], [97.49586486816406, -0.0634998232126236, 246.64991760253906, 46.46590805053711], [474.79449462890625, 0.33936455845832825, 500.14752197265625, 29.79619598388672], [0.5062296986579895, 43.137447357177734, 60.277923583984375, 100.98503112792969], [-0.1672022044658661, 12.393590927124023, 106.88509368896484, 177.7256622314453], [-0.07131323218345642, 19.69959259033203, 81.07524871826172, 83.01848602294922], [249.13624572753906, -0.022498100996017456, 498.4366149902344, 146.2028350830078], [98.85625457763672, 0.9477771520614624, 187.76751708984375, 38.69975662231445], [-0.0670943409204483, 61.7872200012207, 26.97893524169922, 104.16778564453125], [29.968645095825195, 15.869916915893555, 104.86355590820312, 54.9660758972168], [29.968645095825195, 15.869916915893555, 104.86355590820312, 54.9660758972168], [207.66363525390625, -0.779404878616333, 498.62432861328125, 332.21014404296875], [-0.39045512676239014, 0.13516724109649658, 499.5936279296875, 333.1318359375], [0.0740736722946167, 0.16199228167533875, 247.43356323242188, 105.83867645263672], [-0.20106136798858643, 143.61468505859375, 499.7939453125, 331.5885925292969], [0.0888453796505928, 48.23688507080078, 27.318119049072266, 104.14058685302734], [336.28424072265625, 0.023827940225601196, 500.203857421875, 101.76972961425781], [29.968645095825195, 15.869916915893555, 104.86355590820312, 54.9660758972168], [0.0904276967048645, 14.229026794433594, 104.85951232910156, 102.47544860839844], [29.968645095825195, 15.869916915893555, 104.86355590820312, 54.9660758972168], [29.968645095825195, 15.869916915893555, 104.86355590820312, 54.9660758972168], [-0.184670090675354, 130.17430114746094, 499.8102722167969, 331.9308166503906], [336.28424072265625, 0.023827940225601196, 500.203857421875, 101.76972961425781], [0.06690248847007751, 15.543061256408691, 104.92288970947266, 66.60750579833984], [0.020831823348999023, 180.7825927734375, 499.6640625, 332.09527587890625], [446.05255126953125, 0.2912372648715973, 500.0059509277344, 46.739532470703125], [-0.051721930503845215, -0.11143854260444641, 499.9431457519531, 187.302734375], [0.15735626220703125, 0.39337438344955444, 500.15228271484375, 219.3107147216797], [249.13624572753906, -0.022498100996017456, 498.4366149902344, 146.2028350830078], [0.06690248847007751, 15.543061256408691, 104.92288970947266, 66.60750579833984], [-0.34484267234802246, 1.562124490737915, 499.64996337890625, 167.3980712890625], [288.935546875, 297.89288330078125, 500.0118103027344, 332.5757141113281], [403.3714904785156, 0.5956017374992371, 500.23895263671875, 69.37615203857422], [0.06690248847007751, 15.543061256408691, 104.92288970947266, 66.60750579833984], [-0.0670943409204483, 61.7872200012207, 26.97893524169922, 104.16778564453125], [30.001178741455078, 0.5926021337509155, 237.59768676757812, 56.014278411865234], [237.8097381591797, 0.19492441415786743, 247.68380737304688, 14.40888500213623], [29.968645095825195, 15.869916915893555, 104.86355590820312, 54.9660758972168], [337.4996337890625, -0.006321698427200317, 499.6040344238281, 71.67266845703125], [34.36746597290039, 39.658695220947266, 65.88516235351562, 55.44130325317383], [-0.3107786178588867, -0.06714695692062378, 499.6839294433594, 332.8537292480469], [337.27685546875, -0.19377940893173218, 461.2957458496094, 71.54133605957031], [471.30224609375, 16.243059158325195, 500.0780944824219, 42.57942581176758], [0.0888453796505928, 48.23688507080078, 27.318119049072266, 104.14058685302734], [-0.051721930503845215, -0.11143854260444641, 499.9431457519531, 187.302734375], [0.06690248847007751, 15.543061256408691, 104.92288970947266, 66.60750579833984], [-0.39045512676239014, 0.13516724109649658, 499.5936279296875, 333.1318359375], [465.9945068359375, 0.5661567449569702, 500.053466796875, 66.23089599609375], [-0.050127506256103516, 30.82171630859375, 64.15282440185547, 84.0863265991211], [465.5889892578125, 25.587106704711914, 499.9577331542969, 66.35040283203125], [23.564620971679688, -0.20826870203018188, 497.5420227050781, 332.7662353515625], [-0.3328248858451843, 10.806407928466797, 107.63966369628906, 176.99366760253906], [29.968645095825195, 15.869916915893555, 104.86355590820312, 54.9660758972168], [29.968645095825195, 15.869916915893555, 104.86355590820312, 54.9660758972168], [-0.051721930503845215, -0.11143854260444641, 499.9431457519531, 187.302734375], [-0.051721930503845215, -0.11143854260444641, 499.9431457519531, 187.302734375], [465.9945068359375, 0.5661567449569702, 500.053466796875, 66.23089599609375], [0.8288100361824036, 15.036735534667969, 103.95594787597656, 102.75370025634766], [29.968645095825195, 15.869916915893555, 104.86355590820312, 54.9660758972168], [-5.957573890686035, -1.4614635705947876, 493.4236755371094, 103.1318588256836], [-0.32973289489746094, -0.16797655820846558, 499.6651306152344, 332.82489013671875], [-0.39045512676239014, 0.13516724109649658, 499.5936279296875, 333.1318359375], [0.020831823348999023, 180.7825927734375, 499.6640625, 332.09527587890625], [-0.39045512676239014, 0.13516724109649658, 499.5936279296875, 333.1318359375], [-0.13258308172225952, 0.7878950238227844, 246.83799743652344, 106.89373016357422], [-0.051721930503845215, -0.11143854260444641, 499.9431457519531, 187.302734375], [0.051101669669151306, 41.59796905517578, 31.18243408203125, 87.90199279785156], [0.0904276967048645, 14.229026794433594, 104.85951232910156, 102.47544860839844], [0.24018436670303345, 0.6962998509407043, 166.40985107421875, 185.4043731689453], [-0.39045512676239014, 0.13516724109649658, 499.5936279296875, 333.1318359375], [29.968645095825195, 15.869916915893555, 104.86355590820312, 54.9660758972168], [29.968645095825195, 15.869916915893555, 104.86355590820312, 54.9660758972168], [0.0904276967048645, 14.229026794433594, 104.85951232910156, 102.47544860839844], [465.5889892578125, 25.587106704711914, 499.9577331542969, 66.35040283203125], [0.09880959987640381, 0.1379857063293457, 250.89353942871094, 186.67367553710938], [-0.051721930503845215, -0.11143854260444641, 499.9431457519531, 187.302734375], [0.08686631917953491, 0.9017202854156494, 246.87332153320312, 103.61199188232422], [245.80429077148438, 0.12641412019729614, 342.7131652832031, 94.18036651611328], [0.06690248847007751, 15.543061256408691, 104.92288970947266, 66.60750579833984], [227.192626953125, 127.18697357177734, 500.4916687011719, 330.4997863769531], [-0.23184716701507568, 17.562461853027344, 135.55142211914062, 180.04208374023438], [470.8951416015625, 0.3348589837551117, 500.0141906738281, 43.43757247924805], [-0.3107786178588867, -0.06714695692062378, 499.6839294433594, 332.8537292480469], [0.15735626220703125, 0.39337438344955444, 500.15228271484375, 219.3107147216797], [465.9945068359375, 0.5661567449569702, 500.053466796875, 66.23089599609375], [18.11528205871582, 0.10895253717899323, 346.2636413574219, 102.39501953125], [337.27685546875, -0.19377940893173218, 461.2957458496094, 71.54133605957031], [471.179931640625, 24.989513397216797, 500.0293884277344, 44.78974533081055], [325.0009765625, -0.11669835448265076, 498.6703796386719, 171.9163818359375], [-0.32973289489746094, -0.16797655820846558, 499.6651306152344, 332.82489013671875], [29.968645095825195, 15.869916915893555, 104.86355590820312, 54.9660758972168], [336.4620361328125, 0.014404937624931335, 499.9684753417969, 102.91342163085938], [29.968645095825195, 15.869916915893555, 104.86355590820312, 54.9660758972168], [-0.3107786178588867, -0.06714695692062378, 499.6839294433594, 332.8537292480469], [-0.1229848712682724, 23.781715393066406, 47.13396072387695, 66.23799896240234], [-0.3107786178588867, -0.06714695692062378, 499.6839294433594, 332.8537292480469], [29.968645095825195, 15.869916915893555, 104.86355590820312, 54.9660758972168], [0.44906139373779297, 0.27187272906303406, 500.4439392089844, 189.0635223388672], [0.09880959987640381, 0.1379857063293457, 250.89353942871094, 186.67367553710938], [465.5889892578125, 25.587106704711914, 499.9577331542969, 66.35040283203125], [337.27685546875, -0.19377940893173218, 461.2957458496094, 71.54133605957031], [465.64703369140625, 38.01877975463867, 499.8567810058594, 66.48213195800781], [29.968645095825195, 15.869916915893555, 104.86355590820312, 54.9660758972168], [0.5275905132293701, 1.1257883310317993, 255.3564910888672, 246.65028381347656], [-0.32973289489746094, -0.16797655820846558, 499.6651306152344, 332.82489013671875], [0.06690248847007751, 15.543061256408691, 104.92288970947266, 66.60750579833984], [-2.1991729736328125, -0.833278238773346, 496.6048583984375, 68.88259887695312], [-0.39045512676239014, 0.13516724109649658, 499.5936279296875, 333.1318359375], [0.0904276967048645, 14.229026794433594, 104.85951232910156, 102.47544860839844], [336.4620361328125, 0.014404937624931335, 499.9684753417969, 102.91342163085938], [0.09880959987640381, 0.1379857063293457, 250.89353942871094, 186.67367553710938], [0.0904276967048645, 14.229026794433594, 104.85951232910156, 102.47544860839844], [0.06690248847007751, 15.543061256408691, 104.92288970947266, 66.60750579833984], [0.09880959987640381, 0.1379857063293457, 250.89353942871094, 186.67367553710938], [197.48487854003906, 0.08417745679616928, 247.8504180908203, 15.12955379486084], [0.09880959987640381, 0.1379857063293457, 250.89353942871094, 186.67367553710938], [470.8951416015625, 0.3348589837551117, 500.0141906738281, 43.43757247924805], [-0.184670090675354, 130.17430114746094, 499.8102722167969, 331.9308166503906], [-0.051721930503845215, -0.11143854260444641, 499.9431457519531, 187.302734375], [335.7778625488281, -0.025882244110107422, 499.7208557128906, 186.94032287597656], [-0.21118856966495514, 23.903812408447266, 47.302791595458984, 65.18853759765625], [-0.39045512676239014, 0.13516724109649658, 499.5936279296875, 333.1318359375], [29.968645095825195, 15.869916915893555, 104.86355590820312, 54.9660758972168], [-2.0015687942504883, 0.2001606523990631, 497.9851379394531, 105.95101165771484], [-0.08203089237213135, 235.67079162597656, 499.8612365722656, 332.4333190917969], [465.9945068359375, 0.5661567449569702, 500.053466796875, 66.23089599609375], [0.06690248847007751, 15.543061256408691, 104.92288970947266, 66.60750579833984], [0.0904276967048645, 14.229026794433594, 104.85951232910156, 102.47544860839844], [465.9945068359375, 0.5661567449569702, 500.053466796875, 66.23089599609375], [0.3765225410461426, 0.014856487512588501, 500.37109375, 182.7153778076172], [0.3346595764160156, 39.438385009765625, 40.30128479003906, 65.82466888427734], [474.79449462890625, 0.33936455845832825, 500.14752197265625, 29.79619598388672], [0.0904276967048645, 14.229026794433594, 104.85951232910156, 102.47544860839844], [29.968645095825195, 15.869916915893555, 104.86355590820312, 54.9660758972168], [0.9259134531021118, -0.17522120475769043, 394.7058410644531, 186.67787170410156], [0.06690248847007751, 15.543061256408691, 104.92288970947266, 66.60750579833984], [458.0350646972656, 39.6011848449707, 499.45068359375, 98.62445831298828], [0.0904276967048645, 14.229026794433594, 104.85951232910156, 102.47544860839844], [0.28014183044433594, 0.20861604809761047, 500.2750244140625, 196.08474731445312], [-0.34484267234802246, 1.562124490737915, 499.64996337890625, 167.3980712890625], [-6.670877456665039, 3.273404121398926, 493.3022155761719, 99.61672973632812], [-0.11086463928222656, 13.066444396972656, 106.07752990722656, 95.6095962524414], [0.09880959987640381, 0.1379857063293457, 250.89353942871094, 186.67367553710938], [0.09880959987640381, 0.1379857063293457, 250.89353942871094, 186.67367553710938], [-0.32973289489746094, -0.16797655820846558, 499.6651306152344, 332.82489013671875], [0.09880959987640381, 0.1379857063293457, 250.89353942871094, 186.67367553710938], [465.9945068359375, 0.5661567449569702, 500.053466796875, 66.23089599609375], [465.5889892578125, 25.587106704711914, 499.9577331542969, 66.35040283203125], [-0.09430572390556335, 16.67876625061035, 105.4094467163086, 66.26597595214844], [465.9945068359375, 0.5661567449569702, 500.053466796875, 66.23089599609375], [0.5275905132293701, 1.1257883310317993, 255.3564910888672, 246.65028381347656], [337.4996337890625, -0.006321698427200317, 499.6040344238281, 71.67266845703125], [294.38690185546875, 55.91792297363281, 500.9953918457031, 329.6706848144531], [443.61285400390625, 0.2956981956958771, 500.0782470703125, 66.14940643310547], [0.0904276967048645, 14.229026794433594, 104.85951232910156, 102.47544860839844], [30.05821990966797, 16.35853385925293, 104.62744903564453, 54.96791076660156], [0.06690248847007751, 15.543061256408691, 104.92288970947266, 66.60750579833984], [-0.1717209815979004, 124.03773498535156, 499.8232727050781, 332.2303466796875], [0.09880959987640381, 0.1379857063293457, 250.89353942871094, 186.67367553710938], [0.06690248847007751, 15.543061256408691, 104.92288970947266, 66.60750579833984], [465.5889892578125, 25.587106704711914, 499.9577331542969, 66.35040283203125], [52.825340270996094, 42.507110595703125, 65.79956817626953, 54.50775909423828], [-0.39045512676239014, 0.13516724109649658, 499.5936279296875, 333.1318359375], [288.935546875, 297.89288330078125, 500.0118103027344, 332.5757141113281], [335.480224609375, 0.042351409792900085, 500.0428466796875, 143.73915100097656], [0.0904276967048645, 14.229026794433594, 104.85951232910156, 102.47544860839844], [0.0904276967048645, 14.229026794433594, 104.85951232910156, 102.47544860839844], [465.5889892578125, 25.587106704711914, 499.9577331542969, 66.35040283203125], [-0.1229848712682724, 23.781715393066406, 47.13396072387695, 66.23799896240234], [0.06690248847007751, 15.543061256408691, 104.92288970947266, 66.60750579833984], [0.0904276967048645, 14.229026794433594, 104.85951232910156, 102.47544860839844], [-0.39045512676239014, 0.13516724109649658, 499.5936279296875, 333.1318359375], [-0.0670943409204483, 61.7872200012207, 26.97893524169922, 104.16778564453125], [37.40911865234375, 0.15163391828536987, 261.8035888671875, 59.75813293457031], [-0.34922361373901367, 231.63125610351562, 499.634033203125, 332.54351806640625], [0.6956681609153748, -0.08229124546051025, 247.05990600585938, 64.6812973022461], [0.0888453796505928, 48.23688507080078, 27.318119049072266, 104.14058685302734], [0.025673769414424896, 81.96073913574219, 26.797189712524414, 104.13575744628906], [0.09880959987640381, 0.1379857063293457, 250.89353942871094, 186.67367553710938], [0.24018436670303345, 0.6962998509407043, 166.40985107421875, 185.4043731689453], [0.26963090896606445, 40.59495162963867, 32.641231536865234, 65.16293334960938], [0.9259134531021118, -0.17522120475769043, 394.7058410644531, 186.67787170410156], [40.67557907104492, 126.80860900878906, 498.021728515625, 330.53363037109375], [210.9256134033203, -1.549059271812439, 495.1492919921875, 129.67095947265625], [-0.0670943409204483, 61.7872200012207, 26.97893524169922, 104.16778564453125], [331.7655944824219, -0.8788450956344604, 500.62371826171875, 332.109375], [0.06690248847007751, 15.543061256408691, 104.92288970947266, 66.60750579833984], [0.06690248847007751, 15.543061256408691, 104.92288970947266, 66.60750579833984], [55.593849182128906, 62.830039978027344, 420.3374938964844, 277.84344482421875], [1.1222809553146362, 0.3070191740989685, 379.5328674316406, 150.10671997070312], [0.6956681609153748, -0.08229124546051025, 247.05990600585938, 64.6812973022461], [0.0904276967048645, 14.229026794433594, 104.85951232910156, 102.47544860839844], [0.09880959987640381, 0.1379857063293457, 250.89353942871094, 186.67367553710938], [245.80429077148438, 0.12641412019729614, 342.7131652832031, 94.18036651611328], [-0.1672022044658661, 12.393590927124023, 106.88509368896484, 177.7256622314453], [0.0904276967048645, 14.229026794433594, 104.85951232910156, 102.47544860839844], [-0.051721930503845215, -0.11143854260444641, 499.9431457519531, 187.302734375], [465.5889892578125, 25.587106704711914, 499.9577331542969, 66.35040283203125], [0.0904276967048645, 14.229026794433594, 104.85951232910156, 102.47544860839844], [-0.21118856966495514, 23.903812408447266, 47.302791595458984, 65.18853759765625], [269.49359130859375, 128.31729125976562, 500.3729553222656, 330.28521728515625], [0.09880959987640381, 0.1379857063293457, 250.89353942871094, 186.67367553710938], [-0.051721930503845215, -0.11143854260444641, 499.9431457519531, 187.302734375], [55.036441802978516, 62.54629898071289, 419.786865234375, 277.2192687988281], [29.968645095825195, 15.869916915893555, 104.86355590820312, 54.9660758972168], [-0.39045512676239014, 0.13516724109649658, 499.5936279296875, 333.1318359375], [-0.24203583598136902, 40.075042724609375, 63.05792999267578, 77.53924560546875], [255.8844757080078, 128.4982452392578, 500.66314697265625, 330.8648376464844], [447.517333984375, 25.672937393188477, 500.05126953125, 99.84027862548828], [284.3329162597656, 293.542236328125, 500.38720703125, 332.3914794921875], [470.8951416015625, 0.3348589837551117, 500.0141906738281, 43.43757247924805], [29.968645095825195, 15.869916915893555, 104.86355590820312, 54.9660758972168], [-0.00268593430519104, 92.06977844238281, 114.81611633300781, 186.7333984375], [442.682373046875, -0.08938702940940857, 485.28839111328125, 60.9405632019043], [-0.08288025856018066, -0.0961453914642334, 499.9119873046875, 171.9352569580078], [-0.20106136798858643, 143.61468505859375, 499.7939453125, 331.5885925292969], [0.025673769414424896, 81.96073913574219, 26.797189712524414, 104.13575744628906], [180.92909240722656, 132.9899139404297, 500.4779052734375, 329.87933349609375], [255.8844757080078, 128.4982452392578, 500.66314697265625, 330.8648376464844], [331.7655944824219, -0.8788450956344604, 500.62371826171875, 332.109375], [465.5889892578125, 25.587106704711914, 499.9577331542969, 66.35040283203125], [197.78396606445312, 62.88038635253906, 418.77972412109375, 242.1843719482422], [0.018261373043060303, 25.051193237304688, 43.835262298583984, 102.61703491210938], [360.1925048828125, 298.21954345703125, 499.91705322265625, 332.4284362792969], [-0.13258308172225952, 0.7878950238227844, 246.83799743652344, 106.89373016357422], [29.968645095825195, 15.869916915893555, 104.86355590820312, 54.9660758972168], [40.67557907104492, 126.80860900878906, 498.021728515625, 330.53363037109375], [290.12890625, 134.33221435546875, 500.2958679199219, 330.610107421875], [0.06690248847007751, 15.543061256408691, 104.92288970947266, 66.60750579833984], [0.0740736722946167, 0.16199228167533875, 247.43356323242188, 105.83867645263672], [465.5526428222656, 50.01789855957031, 499.9370422363281, 70.19330596923828], [55.593849182128906, 62.830039978027344, 420.3374938964844, 277.84344482421875], [-0.11086463928222656, 13.066444396972656, 106.07752990722656, 95.6095962524414], [0.6585568189620972, 0.469790518283844, 252.827880859375, 189.41978454589844], [290.12890625, 134.33221435546875, 500.2958679199219, 330.610107421875], [30.05821990966797, 16.35853385925293, 104.62744903564453, 54.96791076660156], [32.71895980834961, 16.14421272277832, 103.90943145751953, 43.26941680908203], [0.06690248847007751, 15.543061256408691, 104.92288970947266, 66.60750579833984], [29.968645095825195, 15.869916915893555, 104.86355590820312, 54.9660758972168], [467.9346008300781, 39.783233642578125, 499.8305969238281, 55.255096435546875], [0.5699992179870605, -0.0041880011558532715, 255.57553100585938, 193.00750732421875], [0.44906139373779297, 0.27187272906303406, 500.4439392089844, 189.0635223388672], [0.0904276967048645, 14.229026794433594, 104.85951232910156, 102.47544860839844], [32.71895980834961, 16.14421272277832, 103.90943145751953, 43.26941680908203], [-0.1229848712682724, 23.781715393066406, 47.13396072387695, 66.23799896240234], [-0.1229848712682724, 23.781715393066406, 47.13396072387695, 66.23799896240234], [335.480224609375, 0.042351409792900085, 500.0428466796875, 143.73915100097656], [247.6455078125, -0.23486796021461487, 342.4766540527344, 76.76622772216797], [-0.0670943409204483, 61.7872200012207, 26.97893524169922, 104.16778564453125]), Score: [0.9650264382362366, 0.4687657952308655, 0.4012115001678467, 0.23080909252166748, 0.21548746526241302, 0.2095765471458435, 0.19247181713581085, 0.18795718252658844, 0.1322815716266632, 0.1300184726715088, 0.11985357105731964, 0.11978328973054886, 0.11244010925292969, 0.10503041744232178, 0.10455747693777084, 0.10339788347482681, 0.10085596144199371, 0.09888994693756104, 0.09523390978574753, 0.09253279119729996, 0.09109445661306381, 0.08830028772354126, 0.0882694274187088, 0.08565269410610199, 0.08109936118125916, 0.07345984131097794, 0.07328027486801147, 0.07030221074819565, 0.06974498182535172, 0.06898871064186096, 0.06747867166996002, 0.06679199635982513, 0.06483463943004608, 0.06456787139177322, 0.06009922921657562, 0.05968151241540909, 0.05923498421907425, 0.05849782004952431, 0.057983189821243286, 0.057578571140766144, 0.056850679218769073, 0.05656376853585243, 0.05651954934000969, 0.056507281959056854, 0.05616845563054085, 0.05539095774292946, 0.05308479443192482, 0.052579984068870544, 0.05223062261939049, 0.05100766941905022, 0.050898995250463486, 0.05040482431650162, 0.04952918738126755, 0.04942680522799492, 0.04885563999414444, 0.04791858419775963, 0.047581810504198074, 0.04741419851779938, 0.046878308057785034, 0.04640037566423416, 0.04499164596199989, 0.0447145476937294, 0.04389391094446182, 0.04303035885095596, 0.042375218123197556, 0.042324237525463104, 0.04226909950375557, 0.04204215109348297, 0.04151654615998268, 0.04100026190280914, 0.04038108512759209, 0.04019862413406372, 0.03977864608168602, 0.0394405722618103, 0.03913099691271782, 0.038985464721918106, 0.038927849382162094, 0.03887758031487465, 0.0388207845389843, 0.03877303749322891, 0.038736648857593536, 0.038596440106630325, 0.03849715739488602, 0.03761593624949455, 0.03737968951463699, 0.03730551525950432, 0.03721565753221512, 0.03708707168698311, 0.03707895055413246, 0.03707854822278023, 0.0370619110763073, 0.037057358771562576, 0.0369398333132267, 0.036909110844135284, 0.0367388091981411, 0.036606352776288986, 0.03651527687907219, 0.03623805567622185, 0.03602386265993118, 0.03540949895977974, 0.035399820655584335, 0.035100676119327545, 0.034832779318094254, 0.034794531762599945, 0.03453756123781204, 0.03447432443499565, 0.03423714265227318, 0.03407307714223862, 0.033933598548173904, 0.03384517505764961, 0.03316863626241684, 0.03306333348155022, 0.03275100886821747, 0.0326627753674984, 0.03255099430680275, 0.03254033625125885, 0.03248436003923416, 0.03234736993908882, 0.032346803694963455, 0.031395912170410156, 0.031354453414678574, 0.03098888508975506, 0.030987240374088287, 0.030844636261463165, 0.03071500174701214, 0.030473753809928894, 0.03041311912238598, 0.03040909767150879, 0.030315544456243515, 0.030299989506602287, 0.030111612752079964, 0.030045563355088234, 0.029881121590733528, 0.029701124876737595, 0.029568232595920563, 0.02947554737329483, 0.029450977221131325, 0.029444189742207527, 0.029372720047831535, 0.028065631166100502, 0.028044382110238075, 0.028028834611177444, 0.02799205295741558, 0.02793693169951439, 0.027725424617528915, 0.027627216652035713, 0.027550965547561646, 0.02746465429663658, 0.027439318597316742, 0.027430856600403786, 0.02721140906214714, 0.02718791551887989, 0.027008574455976486, 0.026987267658114433, 0.026971934363245964, 0.02689548209309578, 0.026746124029159546, 0.02669936791062355, 0.02653859369456768, 0.02652578428387642, 0.026507603004574776, 0.02636432833969593, 0.02613009326159954, 0.026002399623394012, 0.02584974467754364, 0.025743450969457626, 0.02560744248330593, 0.025570059195160866, 0.02554747276008129, 0.025521647185087204, 0.025510653853416443, 0.02548842318356037, 0.025433506816625595, 0.025393223389983177, 0.02534901350736618, 0.025310423225164413, 0.025251079350709915, 0.025155069306492805, 0.025036320090293884, 0.024807779118418694, 0.024758845567703247, 0.02457692287862301, 0.024562370032072067, 0.02448413521051407, 0.02444557286798954, 0.024424202740192413, 0.024379080161452293, 0.02436705119907856, 0.024330558255314827, 0.024287689477205276, 0.024179816246032715, 0.024171166121959686, 0.024153031408786774, 0.02406836673617363, 0.023953894153237343, 0.02394716814160347, 0.023825915530323982, 0.02362104319036007, 0.023597491905093193, 0.023507051169872284, 0.023505572229623795, 0.023317599669098854, 0.02316071279346943, 0.02314036525785923, 0.023053737357258797, 0.02299610525369644, 0.02294284664094448, 0.022912822663784027, 0.022827835753560066, 0.022770818322896957, 0.022753896191716194, 0.022744886577129364, 0.022736189886927605, 0.022710802033543587, 0.02267523668706417, 0.022612005472183228, 0.02258736453950405, 0.022582001984119415, 0.022566145285964012, 0.022546879947185516, 0.02252992056310177, 0.022520272061228752, 0.02250351943075657, 0.02248295024037361, 0.022450856864452362, 0.02242423966526985, 0.02233104594051838, 0.02232591062784195, 0.0222677830606699, 0.02218063920736313, 0.02211770787835121, 0.022079024463891983, 0.02203473635017872, 0.02202119678258896, 0.022012505680322647, 0.021956071257591248, 0.021949240937829018, 0.021928461268544197, 0.0219182837754488, 0.021902432665228844, 0.02179095707833767, 0.021767044439911842, 0.021722281351685524, 0.02169063314795494, 0.02167128585278988, 0.02166791260242462, 0.021658040583133698, 0.021650979295372963, 0.02161780372262001, 0.021588750183582306, 0.021571217104792595, 0.021447036415338516, 0.02143320068717003, 0.021384283900260925, 0.02136615663766861, 0.021357029676437378, 0.021215306594967842, 0.021176477894186974, 0.02114759385585785, 0.021142253652215004, 0.021130118519067764, 0.021107932552695274, 0.02109738439321518, 0.021081555634737015, 0.021024731919169426, 0.020979562774300575, 0.020892873406410217, 0.02087630331516266, 0.02087397687137127, 0.02086448483169079, 0.02083919569849968, 0.02082153968513012, 0.02081318572163582, 0.0208076573908329, 0.020760787650942802, 0.02075020968914032, 0.02070653811097145, 0.02069779299199581, 0.020658086985349655, 0.02062656171619892, 0.020607613027095795, 0.020589614287018776, 0.02057269588112831, 0.020409902557730675, 0.02039993740618229, 0.02037028595805168, 0.02036433294415474, 0.020350901409983635, 0.02034841477870941, 0.020250584930181503, 0.020231785252690315, 0.020212426781654358, 0.020200174301862717, 0.02017378807067871, 0.020168323069810867, 0.02015397697687149, 0.020150883123278618, 0.02011314406991005, 0.020073486492037773, 0.020011479035019875]

Execution time: 0.4044 sec
