Label: tensor([ 1,  2,  2,  2,  2,  7,  7,  2,  7,  2, 11, 15, 14, 11,  2,  1, 25, 56,
        16,  7, 11, 58,  1,  0, 11, 11,  1,  2,  2,  2, 11,  1,  1,  1,  2,  1,
         2,  1,  2,  2,  2,  1,  2,  2,  2, 39,  9,  2,  1,  1,  1, 25,  2, 11,
        13,  2, 73,  0,  2,  2,  2,  2,  1,  2,  2,  1,  1,  2,  2,  7,  2,  1,
         2,  2,  2,  2,  7,  2,  2,  2,  1,  2,  2,  1,  7,  2,  9,  2,  1,  1,
         2,  9,  1,  2, 12,  2,  2, 12, 13,  2, 56,  2,  2,  2,  2,  0,  2, 58,
         2,  2, 13,  2,  7,  9,  7,  1, 12, 58, 58,  1,  2,  9,  2, 58, 56, 11,
         1,  2,  2,  1,  1, 13, 13, 58,  0,  2, 56,  7,  2,  2, 12,  5,  1,  2,
        58,  1,  1,  0, 11,  1,  5, 11,  0,  0,  2,  5,  0,  1, 11,  9,  2,  2,
         2,  1,  1,  2, 58,  1,  2,  7,  2,  1,  2,  2,  2,  2, 73, 41, 10, 12,
         2, 32, 11,  1,  1,  2,  0, 11, 58, 56,  2,  0, 13,  2,  7, 13,  1,  1,
        13, 13,  2,  1, 18,  9, 13,  7,  2, 14, 39, 12,  0, 14,  1,  9,  2,  1,
         1,  2,  2,  1, 11,  2,  1,  2,  2,  0,  5, 58,  2,  1,  1,  2,  0, 12,
        58,  2, 12,  7,  2, 13, 12,  2,  1, 13,  0, 58, 58, 12,  0, 58, 14, 12,
        11,  1, 58, 15, 13, 26,  0, 13,  2,  7, 13,  1, 11, 56, 45, 13,  5,  2,
         0, 12,  2, 58, 12,  2,  3, 58,  5, 58,  9, 10,  7,  2,  0, 12,  1, 11,
         7, 25, 58,  1,  9, 15,  7,  0,  0,  7,  2,  0]), Box: ([93.16124725341797, 298.7080383300781, 298.7982482910156, 481.0057678222656], [107.80720520019531, 212.68045043945312, 128.1073455810547, 228.76663208007812], [78.85095977783203, 208.83592224121094, 104.47466278076172, 228.67105102539062], [135.6415252685547, 209.5113983154297, 153.34669494628906, 230.26138305664062], [126.76275634765625, 213.60400390625, 137.28428649902344, 223.3054962158203], [78.75660705566406, 208.67138671875, 104.73092651367188, 228.8253936767578], [135.5594940185547, 209.25315856933594, 153.51226806640625, 230.4765625], [105.37574768066406, 215.21734619140625, 111.17379760742188, 223.98170471191406], [135.5029754638672, 209.31605529785156, 153.49691772460938, 230.4970703125], [47.762474060058594, 217.43336486816406, 57.245426177978516, 226.20823669433594], [159.47251892089844, 171.2276611328125, 167.23898315429688, 184.08184814453125], [211.25794982910156, 307.46722412109375, 242.60911560058594, 325.2645263671875], [211.25794982910156, 307.46722412109375, 242.60911560058594, 325.2645263671875], [133.2404327392578, 8.234254837036133, 157.16270446777344, 40.79771041870117], [98.2451171875, 212.7493133544922, 105.50606536865234, 226.0307159423828], [171.69798278808594, 246.3285369873047, 187.0387725830078, 269.353759765625], [163.19996643066406, 170.92335510253906, 222.5582733154297, 191.83668518066406], [171.69798278808594, 246.3285369873047, 187.0387725830078, 269.353759765625], [211.25794982910156, 307.46722412109375, 242.60911560058594, 325.2645263671875], [107.55281829833984, 212.29019165039062, 128.0538330078125, 228.8258056640625], [128.211669921875, 2.584282398223877, 163.67039489746094, 77.01690673828125], [229.7286376953125, 341.6255798339844, 256.3267517089844, 368.09002685546875], [92.91461944580078, 298.5751647949219, 206.29714965820312, 425.5917053222656], [103.57156372070312, 207.91087341308594, 108.07586669921875, 215.28623962402344], [163.19996643066406, 170.92335510253906, 222.5582733154297, 191.83668518066406], [159.4185791015625, 170.96343994140625, 174.79051208496094, 184.9246368408203], [133.2404327392578, 8.234254837036133, 157.16270446777344, 40.79771041870117], [102.77198028564453, 215.7576446533203, 108.5688247680664, 224.27784729003906], [123.35640716552734, 210.99868774414062, 127.8270492553711, 216.38238525390625], [0.03744696080684662, 219.79005432128906, 9.403010368347168, 230.14913940429688], [175.5025634765625, 223.5496826171875, 185.63436889648438, 235.08299255371094], [163.9348602294922, 305.24676513671875, 297.2745361328125, 480.3858337402344], [162.76939392089844, 241.3990478515625, 187.26806640625, 279.134033203125], [172.69505310058594, 246.48504638671875, 185.8882293701172, 258.3020935058594], [47.4630012512207, 215.647705078125, 64.91983795166016, 226.7398223876953], [169.8802490234375, 245.4845733642578, 187.7369842529297, 273.2960510253906], [62.214561462402344, 212.87249755859375, 72.7236328125, 220.43035888671875], [189.15744018554688, 308.73809814453125, 291.77764892578125, 479.6981201171875], [103.57156372070312, 207.91087341308594, 108.07586669921875, 215.28623962402344], [132.6219482421875, 210.7701416015625, 137.65512084960938, 215.4479217529297], [138.63494873046875, 209.05381774902344, 152.23533630371094, 216.22439575195312], [151.5623779296875, 299.80731201171875, 288.6566467285156, 476.4044189453125], [130.2819061279297, 210.98165893554688, 136.2202606201172, 214.99429321289062], [41.886146545410156, 211.8505401611328, 48.88030242919922, 220.04954528808594], [125.53144073486328, 212.697265625, 130.42111206054688, 218.24693298339844], [130.86476135253906, 364.9588317871094, 146.61721801757812, 386.2341613769531], [80.55892181396484, 194.60902404785156, 85.50127410888672, 203.98257446289062], [146.88087463378906, 206.37364196777344, 164.6440887451172, 227.89080810546875], [169.17727661132812, 224.15611267089844, 188.03578186035156, 272.95343017578125], [200.953369140625, 387.75, 291.78350830078125, 478.5817565917969], [203.3780517578125, 308.0581970214844, 294.94866943359375, 479.4287109375], [162.96600341796875, 170.85011291503906, 222.80714416503906, 237.2489776611328], [122.02281188964844, 208.3251190185547, 127.55779266357422, 215.2995147705078], [250.33338928222656, 163.9796142578125, 268.45367431640625, 182.90460205078125], [171.69798278808594, 246.3285369873047, 187.0387725830078, 269.353759765625], [71.38191986083984, 213.9042205810547, 81.46781158447266, 226.1952362060547], [94.16767120361328, 395.6651306152344, 171.09347534179688, 467.93450927734375], [102.71275329589844, 208.70167541503906, 108.78633117675781, 222.45838928222656], [116.93195343017578, 207.4446258544922, 125.0871810913086, 213.5088653564453], [170.35162353515625, 203.23171997070312, 175.68161010742188, 209.75038146972656], [133.2340850830078, 212.0307159423828, 137.52806091308594, 217.5880126953125], [112.36956787109375, 210.75521850585938, 126.14105224609375, 216.13247680664062], [131.39427185058594, 300.4093933105469, 245.29225158691406, 410.2947998046875], [126.80367279052734, 212.54762268066406, 137.07989501953125, 220.37576293945312], [96.41864013671875, 209.1443634033203, 102.89794158935547, 215.2974395751953], [165.0389862060547, 299.6557312011719, 277.4146423339844, 404.9309387207031], [92.50438690185547, 301.3702087402344, 227.61920166015625, 423.78271484375], [107.55281829833984, 212.29019165039062, 128.0538330078125, 228.8258056640625], [124.45854187011719, 209.64796447753906, 129.25384521484375, 215.96385192871094], [135.6415252685547, 209.5113983154297, 153.34669494628906, 230.26138305664062], [161.01547241210938, 203.90374755859375, 175.44456481933594, 218.92742919921875], [162.70411682128906, 294.92962646484375, 282.3704833984375, 473.9162902832031], [138.32269287109375, 43.742496490478516, 153.47604370117188, 63.87104797363281], [144.9056854248047, 206.3544158935547, 152.12515258789062, 213.10562133789062], [85.71327209472656, 208.99163818359375, 104.5044937133789, 227.45140075683594], [98.31277465820312, 210.4637451171875, 104.8988037109375, 223.1659698486328], [135.25405883789062, 206.97613525390625, 164.6234893798828, 230.44143676757812], [146.11566162109375, 203.37477111816406, 151.92796325683594, 208.69927978515625], [123.8378677368164, 216.05078125, 128.40235900878906, 227.68446350097656], [138.5453643798828, 209.57496643066406, 145.06680297851562, 215.28834533691406], [93.25851440429688, 314.99322509765625, 253.58547973632812, 422.4293518066406], [107.45182037353516, 213.51304626464844, 114.47975158691406, 221.02597045898438], [102.71275329589844, 208.70167541503906, 108.78633117675781, 222.45838928222656], [142.41856384277344, 298.739013671875, 243.43234252929688, 403.1050109863281], [126.80367279052734, 212.54762268066406, 137.07989501953125, 220.37576293945312], [78.60696411132812, 210.61607360839844, 86.2447280883789, 227.74551391601562], [159.47251892089844, 171.2276611328125, 167.23898315429688, 184.08184814453125], [117.98551940917969, 203.22837829589844, 128.58206176757812, 213.26837158203125], [93.4215087890625, 301.61993408203125, 292.7029724121094, 478.81005859375], [151.9701385498047, 299.69110107421875, 244.99745178222656, 406.8382568359375], [121.6414566040039, 214.24508666992188, 128.35690307617188, 227.52630615234375], [138.32269287109375, 43.742496490478516, 153.47604370117188, 63.87104797363281], [47.762474060058594, 217.43336486816406, 57.245426177978516, 226.20823669433594], [146.14097595214844, 206.0418701171875, 152.50466918945312, 213.73345947265625], [159.31411743164062, 215.6116485595703, 165.08377075195312, 241.68600463867188], [33.35521697998047, 210.32977294921875, 49.272300720214844, 220.87246704101562], [169.71788024902344, 203.94483947753906, 176.07748413085938, 219.7039031982422], [160.3060760498047, 218.67642211914062, 165.39625549316406, 242.12896728515625], [0.03744696080684662, 219.79005432128906, 9.403010368347168, 230.14913940429688], [145.95364379882812, 204.98439025878906, 165.1129608154297, 217.6807861328125], [169.8802490234375, 245.4845733642578, 187.7369842529297, 273.2960510253906], [62.66960525512695, 213.16078186035156, 73.3005599975586, 225.84259033203125], [160.77024841308594, 208.14283752441406, 165.2754364013672, 218.2887420654297], [195.66526794433594, 204.1002655029297, 209.4883575439453, 217.88038635253906], [148.4335174560547, 206.56024169921875, 164.33749389648438, 229.17855834960938], [195.39776611328125, 203.601318359375, 211.62010192871094, 234.15570068359375], [107.13236999511719, 213.1031951904297, 125.01578521728516, 224.19650268554688], [227.9915771484375, 337.64501953125, 280.4388732910156, 402.36016845703125], [67.93429565429688, 213.47946166992188, 72.69335174560547, 221.02642822265625], [78.75660705566406, 208.67138671875, 104.73092651367188, 228.8253936767578], [94.01667785644531, 387.6730651855469, 177.0223388671875, 468.1365966796875], [126.08202362060547, 214.63754272460938, 130.7178497314453, 221.9554443359375], [78.85095977783203, 208.83592224121094, 104.47466278076172, 228.67105102539062], [131.0930633544922, 199.6760711669922, 135.1714324951172, 209.28636169433594], [126.76275634765625, 213.60400390625, 137.28428649902344, 223.3054962158203], [94.0756607055664, 340.7115783691406, 160.37905883789062, 424.5956115722656], [103.57156372070312, 207.91087341308594, 108.07586669921875, 215.28623962402344], [171.69798278808594, 246.3285369873047, 187.0387725830078, 269.353759765625], [171.51101684570312, 222.84095764160156, 187.41326904296875, 259.2591247558594], [160.8834686279297, 357.5903625488281, 293.0732116699219, 476.66143798828125], [104.65984344482422, 210.49365234375, 108.54012298583984, 215.4965362548828], [124.55450439453125, 203.9680938720703, 129.32640075683594, 210.52716064453125], [159.5561065673828, 208.3173370361328, 165.45578002929688, 240.47657775878906], [212.1614990234375, 307.5040588378906, 276.1386413574219, 389.75732421875], [169.17727661132812, 224.15611267089844, 188.03578186035156, 272.95343017578125], [103.57156372070312, 207.91087341308594, 108.07586669921875, 215.28623962402344], [197.62452697753906, 307.6806640625, 281.1424560546875, 414.60369873046875], [135.5594940185547, 209.25315856933594, 153.51226806640625, 230.4765625], [270.1424560546875, 186.880126953125, 294.3563537597656, 209.23904418945312], [143.1304168701172, 297.8922119140625, 209.65679931640625, 398.75250244140625], [93.99520111083984, 339.4186706542969, 174.62574768066406, 425.01953125], [162.76939392089844, 241.3990478515625, 187.26806640625, 279.134033203125], [94.16767120361328, 395.6651306152344, 171.09347534179688, 467.93450927734375], [195.39776611328125, 203.601318359375, 211.62010192871094, 234.15570068359375], [41.886146545410156, 211.8505401611328, 48.88030242919922, 220.04954528808594], [195.39776611328125, 203.601318359375, 211.62010192871094, 234.15570068359375], [162.76939392089844, 241.3990478515625, 187.26806640625, 279.134033203125], [117.98551940917969, 203.22837829589844, 128.58206176757812, 213.26837158203125], [160.08212280273438, 202.64862060546875, 188.0360107421875, 237.88519287109375], [67.23688507080078, 213.4168243408203, 73.17913055419922, 225.2630157470703], [162.10910034179688, 215.52450561523438, 173.09320068359375, 260.1985778808594], [117.98551940917969, 203.22837829589844, 128.58206176757812, 213.26837158203125], [94.23735809326172, 340.1493225097656, 207.07382202148438, 425.7075500488281], [35.79195785522461, 213.0662078857422, 48.9262809753418, 223.10733032226562], [195.5641326904297, 206.32676696777344, 217.37413024902344, 234.52125549316406], [141.90650939941406, 297.96868896484375, 203.08526611328125, 334.45758056640625], [151.64093017578125, 297.80487060546875, 246.79986572265625, 404.54779052734375], [67.23688507080078, 213.4168243408203, 73.17913055419922, 225.2630157470703], [129.0076904296875, -0.07905066013336182, 163.51573181152344, 73.90342712402344], [231.11146545410156, 386.0001220703125, 292.9405822753906, 479.0398864746094], [135.5594940185547, 209.25315856933594, 153.51226806640625, 230.4765625], [124.55450439453125, 203.9680938720703, 129.32640075683594, 210.52716064453125], [161.62158203125, 208.36895751953125, 188.5841064453125, 273.57269287109375], [159.5561065673828, 208.3173370361328, 165.45578002929688, 240.47657775878906], [41.409332275390625, 211.51881408691406, 53.90262222290039, 224.4215087890625], [78.75660705566406, 208.67138671875, 104.73092651367188, 228.8253936767578], [123.35640716552734, 210.99868774414062, 127.8270492553711, 216.38238525390625], [173.5796356201172, 302.5162048339844, 248.01620483398438, 409.0467529296875], [164.71017456054688, 172.34852600097656, 175.60635375976562, 183.79942321777344], [108.85469818115234, 195.5213623046875, 112.7110595703125, 201.1541290283203], [158.86151123046875, 217.24713134765625, 163.7210235595703, 241.80477905273438], [137.47389221191406, 209.80667114257812, 143.0412139892578, 216.04498291015625], [195.5641326904297, 206.32676696777344, 217.37413024902344, 234.52125549316406], [232.62901306152344, 385.2904357910156, 291.13897705078125, 478.9072265625], [93.8242416381836, 335.0594482421875, 227.42471313476562, 426.65423583984375], [170.64370727539062, 200.30072021484375, 188.322998046875, 222.68307495117188], [251.16171264648438, 383.8399658203125, 271.780029296875, 420.2445068359375], [162.86854553222656, 304.9784240722656, 245.92140197753906, 391.6667785644531], [163.19996643066406, 170.92335510253906, 222.5582733154297, 191.83668518066406], [85.71327209472656, 208.99163818359375, 104.5044937133789, 227.45140075683594], [136.72877502441406, 222.52862548828125, 152.42787170410156, 230.83575439453125], [201.45184326171875, 403.8016357421875, 286.8238220214844, 477.95733642578125], [135.5029754638672, 209.31605529785156, 153.49691772460938, 230.4970703125], [263.3929748535156, 186.32266235351562, 298.0991516113281, 209.5937957763672], [32.58927536010742, 211.48883056640625, 42.41637420654297, 217.88082885742188], [159.31411743164062, 215.6116485595703, 165.08377075195312, 241.68600463867188], [94.01667785644531, 387.6730651855469, 177.0223388671875, 468.1365966796875], [211.25794982910156, 307.46722412109375, 242.60911560058594, 325.2645263671875], [211.25794982910156, 307.46722412109375, 242.60911560058594, 325.2645263671875], [158.86151123046875, 217.24713134765625, 163.7210235595703, 241.80477905273438], [0.8833175897598267, 171.1889190673828, 14.085598945617676, 185.4219207763672], [133.2404327392578, 8.234254837036133, 157.16270446777344, 40.79771041870117], [229.7286376953125, 341.6255798339844, 256.3267517089844, 368.09002685546875], [197.67221069335938, 404.1426086425781, 239.3456573486328, 475.4245300292969], [234.64041137695312, 385.3692932128906, 299.8524169921875, 479.9518127441406], [80.51549530029297, 209.14190673828125, 98.02530670166016, 225.69078063964844], [122.02281188964844, 208.3251190185547, 127.55779266357422, 215.2995147705078], [80.55892181396484, 194.60902404785156, 85.50127410888672, 203.98257446289062], [0.03744696080684662, 219.79005432128906, 9.403010368347168, 230.14913940429688], [172.69505310058594, 246.48504638671875, 185.8882293701172, 258.3020935058594], [171.69798278808594, 246.3285369873047, 187.0387725830078, 269.353759765625], [124.45854187011719, 209.64796447753906, 129.25384521484375, 215.96385192871094], [94.82856750488281, 380.3816833496094, 236.9801483154297, 474.4002990722656], [41.75188446044922, 214.49636840820312, 49.27845764160156, 221.4073486328125], [132.08514404296875, 203.2013397216797, 143.3225860595703, 213.71705627441406], [170.8275146484375, 259.13885498046875, 188.38197326660156, 273.009033203125], [138.32269287109375, 43.742496490478516, 153.47604370117188, 63.87104797363281], [144.25955200195312, 298.1269226074219, 242.3069305419922, 335.7229309082031], [169.8802490234375, 245.4845733642578, 187.7369842529297, 273.2960510253906], [171.094970703125, 258.42034912109375, 186.3535614013672, 271.5797424316406], [195.33506774902344, 201.8032989501953, 208.0406494140625, 212.08285522460938], [94.06294250488281, 299.3731689453125, 216.10794067382812, 427.9368896484375], [211.25794982910156, 307.46722412109375, 242.60911560058594, 325.2645263671875], [159.4185791015625, 170.96343994140625, 174.79051208496094, 184.9246368408203], [93.99520111083984, 339.4186706542969, 174.62574768066406, 425.01953125], [98.2451171875, 212.7493133544922, 105.50606536865234, 226.0307159423828], [124.55450439453125, 203.9680938720703, 129.32640075683594, 210.52716064453125], [251.16171264648438, 383.8399658203125, 271.780029296875, 420.2445068359375], [165.95565795898438, 333.0868225097656, 175.9062957763672, 351.1005859375], [159.5561065673828, 208.3173370361328, 165.45578002929688, 240.47657775878906], [62.66960525512695, 213.16078186035156, 73.3005599975586, 225.84259033203125], [130.86476135253906, 364.9588317871094, 146.61721801757812, 386.2341613769531], [212.1614990234375, 307.5040588378906, 276.1386413574219, 389.75732421875], [128.211669921875, 2.584282398223877, 163.67039489746094, 77.01690673828125], [79.01482391357422, 209.98211669921875, 89.03559875488281, 227.67596435546875], [106.11927032470703, 354.0713195800781, 278.7071228027344, 473.335693359375], [94.85063934326172, 370.90179443359375, 166.0049591064453, 424.6495056152344], [137.33026123046875, 205.68394470214844, 143.90542602539062, 213.36195373535156], [302.103515625, 196.33822631835938, 316.3852844238281, 209.24378967285156], [159.14242553710938, 300.5676574707031, 242.13453674316406, 371.100341796875], [41.886146545410156, 211.8505401611328, 48.88030242919922, 220.04954528808594], [134.67274475097656, 212.23965454101562, 138.86004638671875, 221.47410583496094], [116.21858215332031, 364.4539489746094, 165.93548583984375, 412.96453857421875], [109.99308013916016, 210.47816467285156, 115.85092163085938, 215.2253875732422], [116.67886352539062, 204.93309020996094, 123.60843658447266, 211.40895080566406], [104.65984344482422, 210.49365234375, 108.54012298583984, 215.4965362548828], [135.5029754638672, 209.31605529785156, 153.49691772460938, 230.4970703125], [254.972900390625, 383.6101989746094, 271.1593933105469, 406.7479248046875], [168.24501037597656, 203.4420623779297, 175.86085510253906, 216.0390625], [94.3930892944336, 342.6303405761719, 165.7526092529297, 423.45440673828125], [97.31222534179688, 301.42559814453125, 180.19512939453125, 390.6192932128906], [42.97677230834961, 215.40017700195312, 49.086238861083984, 224.32090759277344], [98.31277465820312, 210.4637451171875, 104.8988037109375, 223.1659698486328], [171.51101684570312, 222.84095764160156, 187.41326904296875, 259.2591247558594], [47.762474060058594, 217.43336486816406, 57.245426177978516, 226.20823669433594], [52.11131286621094, 209.42617797851562, 61.324920654296875, 217.400390625], [138.32269287109375, 43.742496490478516, 153.47604370117188, 63.87104797363281], [116.93195343017578, 207.4446258544922, 125.0871810913086, 213.5088653564453], [151.6702117919922, 219.7450408935547, 162.5970916748047, 238.06887817382812], [203.3780517578125, 308.0581970214844, 294.94866943359375, 479.4287109375], [169.71788024902344, 203.94483947753906, 176.07748413085938, 219.7039031982422], [135.25405883789062, 206.97613525390625, 164.6234893798828, 230.44143676757812], [211.2765350341797, 368.45037841796875, 287.6388854980469, 455.5667419433594], [200.953369140625, 387.75, 291.78350830078125, 478.5817565917969], [96.41864013671875, 209.1443634033203, 102.89794158935547, 215.2974395751953], [220.18246459960938, 215.1512451171875, 229.48617553710938, 225.95042419433594], [62.66960525512695, 213.16078186035156, 73.3005599975586, 225.84259033203125], [67.93429565429688, 213.47946166992188, 72.69335174560547, 221.02642822265625], [67.93429565429688, 213.47946166992188, 72.69335174560547, 221.02642822265625], [234.64041137695312, 385.3692932128906, 299.8524169921875, 479.9518127441406], [91.62055206298828, 326.76141357421875, 100.87651062011719, 333.040771484375], [159.47251892089844, 171.2276611328125, 167.23898315429688, 184.08184814453125], [162.96600341796875, 170.85011291503906, 222.80714416503906, 237.2489776611328], [128.211669921875, 2.584282398223877, 163.67039489746094, 77.01690673828125], [195.66526794433594, 204.1002655029297, 209.4883575439453, 217.88038635253906], [130.86476135253906, 364.9588317871094, 146.61721801757812, 386.2341613769531], [94.23735809326172, 340.1493225097656, 207.07382202148438, 425.7075500488281], [130.86476135253906, 364.9588317871094, 146.61721801757812, 386.2341613769531], [171.51101684570312, 222.84095764160156, 187.41326904296875, 259.2591247558594], [169.17727661132812, 224.15611267089844, 188.03578186035156, 272.95343017578125], [135.7642364501953, 218.35765075683594, 152.74383544921875, 230.61083984375], [103.57156372070312, 207.91087341308594, 108.07586669921875, 215.28623962402344], [94.0756607055664, 340.7115783691406, 160.37905883789062, 424.5956115722656], [171.51101684570312, 222.84095764160156, 187.41326904296875, 259.2591247558594], [138.32269287109375, 43.742496490478516, 153.47604370117188, 63.87104797363281], [171.094970703125, 258.42034912109375, 186.3535614013672, 271.5797424316406], [211.25794982910156, 307.46722412109375, 242.60911560058594, 325.2645263671875], [163.9348602294922, 305.24676513671875, 297.2745361328125, 480.3858337402344], [78.85095977783203, 208.83592224121094, 104.47466278076172, 228.67105102539062], [170.44700622558594, 203.3810272216797, 175.44703674316406, 208.33641052246094], [138.5453643798828, 209.57496643066406, 145.06680297851562, 215.28834533691406], [211.25794982910156, 307.46722412109375, 242.60911560058594, 325.2645263671875], [18.078426361083984, 183.73114013671875, 24.448684692382812, 190.27206420898438], [161.62158203125, 208.36895751953125, 188.5841064453125, 273.57269287109375], [175.1060333251953, 210.27633666992188, 187.13754272460938, 224.19003295898438], [171.51101684570312, 222.84095764160156, 187.41326904296875, 259.2591247558594], [47.762474060058594, 217.43336486816406, 57.245426177978516, 226.20823669433594], [231.11146545410156, 386.0001220703125, 292.9405822753906, 479.0398864746094], [135.6415252685547, 209.5113983154297, 153.34669494628906, 230.26138305664062], [197.62452697753906, 307.6806640625, 281.1424560546875, 414.60369873046875], [111.38439178466797, 195.2906494140625, 114.20637512207031, 201.16981506347656], [41.886146545410156, 211.8505401611328, 48.88030242919922, 220.04954528808594], [138.32269287109375, 43.742496490478516, 153.47604370117188, 63.87104797363281], [195.4146728515625, 195.1320037841797, 207.80857849121094, 207.93028259277344], [195.5641326904297, 206.32676696777344, 217.37413024902344, 234.52125549316406], [104.65984344482422, 210.49365234375, 108.54012298583984, 215.4965362548828], [175.5025634765625, 223.5496826171875, 185.63436889648438, 235.08299255371094], [7.441611289978027, 172.52989196777344, 13.185153007507324, 182.55470275878906], [105.37574768066406, 215.21734619140625, 111.17379760742188, 223.98170471191406], [159.4185791015625, 170.96343994140625, 174.79051208496094, 184.9246368408203], [172.69505310058594, 246.48504638671875, 185.8882293701172, 258.3020935058594], [135.45431518554688, 10.489919662475586, 155.0354766845703, 38.37761306762695], [95.81867980957031, 190.76133728027344, 98.6713638305664, 197.87652587890625], [129.65142822265625, 363.4677429199219, 163.40089416503906, 409.6665954589844], [138.63494873046875, 209.05381774902344, 152.23533630371094, 216.22439575195312], [98.2451171875, 212.7493133544922, 105.50606536865234, 226.0307159423828], [130.86476135253906, 364.9588317871094, 146.61721801757812, 386.2341613769531], [98.31277465820312, 210.4637451171875, 104.8988037109375, 223.1659698486328], [104.84113311767578, 213.98202514648438, 109.41182708740234, 220.64366149902344], [137.47389221191406, 209.80667114257812, 143.0412139892578, 216.04498291015625]), Score: [0.931554913520813, 0.8860016465187073, 0.8379688858985901, 0.7464500069618225, 0.6745814085006714, 0.3666825294494629, 0.3442519009113312, 0.29574456810951233, 0.26126641035079956, 0.2584957778453827, 0.24948658049106598, 0.20963452756404877, 0.18834275007247925, 0.18298961222171783, 0.18097257614135742, 0.16898632049560547, 0.16299809515476227, 0.1398344486951828, 0.13599343597888947, 0.13569200038909912, 0.1221274733543396, 0.11081870645284653, 0.1100970208644867, 0.10784077644348145, 0.1056581363081932, 0.09864135831594467, 0.09821289032697678, 0.09762772172689438, 0.09641949832439423, 0.09607236087322235, 0.0911119133234024, 0.0870983675122261, 0.0870937928557396, 0.0857764482498169, 0.08577033877372742, 0.08370651304721832, 0.0832044780254364, 0.08104490488767624, 0.08020201325416565, 0.07874815165996552, 0.07759671658277512, 0.0775182694196701, 0.07711810618638992, 0.07419043779373169, 0.07192640006542206, 0.07124676555395126, 0.07024828344583511, 0.06979751586914062, 0.06765852868556976, 0.06739746034145355, 0.06726184487342834, 0.06661009043455124, 0.06639866530895233, 0.06572617590427399, 0.065581314265728, 0.06546691805124283, 0.06536683440208435, 0.06526777148246765, 0.0648212879896164, 0.063639797270298, 0.0632624477148056, 0.06260383129119873, 0.06238958239555359, 0.062248263508081436, 0.06222037598490715, 0.062062282115221024, 0.0620487816631794, 0.061947051435709, 0.06122360751032829, 0.061175450682640076, 0.06022700294852257, 0.060202259570360184, 0.06019901856780052, 0.059934861958026886, 0.059356894344091415, 0.05898204818367958, 0.0588441826403141, 0.05878404900431633, 0.05857562646269798, 0.058408770710229874, 0.05811856687068939, 0.05723367631435394, 0.05681292712688446, 0.05639660730957985, 0.05544243007898331, 0.055380720645189285, 0.05503683537244797, 0.054997604340314865, 0.05390942841768265, 0.05379549041390419, 0.05345327407121658, 0.05240058898925781, 0.05173119902610779, 0.05163373425602913, 0.0513087660074234, 0.05101320892572403, 0.05098477751016617, 0.0509597472846508, 0.05046600475907326, 0.05030882731080055, 0.05010713264346123, 0.04972771927714348, 0.049686480313539505, 0.04924696683883667, 0.04922543838620186, 0.04857988283038139, 0.048261262476444244, 0.04802725464105606, 0.047974783927202225, 0.047895658761262894, 0.047563336789608, 0.047273244708776474, 0.04726731777191162, 0.04682329669594765, 0.04670695215463638, 0.04657578840851784, 0.04642713442444801, 0.046421751379966736, 0.04527691379189491, 0.04508794844150543, 0.044929493218660355, 0.044753529131412506, 0.04470805078744888, 0.04455370083451271, 0.044548921287059784, 0.04440740868449211, 0.043985914438962936, 0.04377477616071701, 0.04353652894496918, 0.04236459732055664, 0.04201500490307808, 0.04171682894229889, 0.04143749177455902, 0.04087993502616882, 0.04025975242257118, 0.040254849940538406, 0.04022606834769249, 0.03997775912284851, 0.03971453011035919, 0.03969937562942505, 0.03969716653227806, 0.03965596854686737, 0.03953475132584572, 0.03941655904054642, 0.03937780484557152, 0.03937158361077309, 0.03917782008647919, 0.03914874792098999, 0.038870152086019516, 0.03884309157729149, 0.038830481469631195, 0.0384642519056797, 0.03831794857978821, 0.038281604647636414, 0.03814895451068878, 0.037914127111434937, 0.0375625304877758, 0.037331219762563705, 0.03728458657860756, 0.03710165247321129, 0.037002045661211014, 0.03698144480586052, 0.03695782646536827, 0.03685614466667175, 0.03668762743473053, 0.03660894185304642, 0.036585621535778046, 0.03654767572879791, 0.03604354336857796, 0.035922739654779434, 0.03570663183927536, 0.035519279539585114, 0.035159774124622345, 0.03490322083234787, 0.034381233155727386, 0.03437085822224617, 0.0343601293861866, 0.033999715000391006, 0.03392592445015907, 0.03372354432940483, 0.033556271344423294, 0.03344520181417465, 0.03309403359889984, 0.033036794513463974, 0.032986678183078766, 0.03294346109032631, 0.03290693089365959, 0.03280547261238098, 0.032784245908260345, 0.03274096921086311, 0.032462552189826965, 0.0323052704334259, 0.032237593084573746, 0.032224737107753754, 0.03222460299730301, 0.03203311935067177, 0.031819794327020645, 0.03170330077409744, 0.031559716910123825, 0.03143802657723427, 0.031240755692124367, 0.031109284609556198, 0.03108452819287777, 0.03093349002301693, 0.030926205217838287, 0.03076520375907421, 0.030744295567274094, 0.030707675963640213, 0.030550695955753326, 0.030526116490364075, 0.030446825549006462, 0.030437612906098366, 0.030257105827331543, 0.030216781422495842, 0.030188435688614845, 0.030156822875142097, 0.02982136979699135, 0.029754338786005974, 0.029630765318870544, 0.029585937038064003, 0.029528595507144928, 0.029490774497389793, 0.029410960152745247, 0.02917434833943844, 0.029089994728565216, 0.02904227189719677, 0.028966059908270836, 0.028908900916576385, 0.028757698833942413, 0.028608443215489388, 0.02845187298953533, 0.02838738262653351, 0.028214329853653908, 0.0281685683876276, 0.02808024175465107, 0.028010169044137, 0.027997203171253204, 0.027958247810602188, 0.027938999235630035, 0.027929196134209633, 0.027850743383169174, 0.027789147570729256, 0.02757824957370758, 0.027513107284903526, 0.027463123202323914, 0.027454808354377747, 0.027385689318180084, 0.027377357706427574, 0.027224620804190636, 0.027177998796105385, 0.02711132913827896, 0.027008462697267532, 0.02697536163032055, 0.026973828673362732, 0.0269657913595438, 0.026874512434005737, 0.026834629476070404, 0.026801925152540207, 0.026754315942525864, 0.02673862688243389, 0.026723181828856468, 0.026667553931474686, 0.026636270806193352, 0.026625925675034523, 0.026591749861836433, 0.02645333670079708, 0.02641451172530651, 0.026409747079014778, 0.026354007422924042, 0.02634952776134014, 0.026203284040093422, 0.026173124089837074, 0.026099365204572678, 0.026082562282681465, 0.026002218946814537, 0.02593817748129368, 0.025914158672094345, 0.025905054062604904, 0.025778258219361305, 0.0257691890001297, 0.025758206844329834, 0.0256007369607687, 0.025599315762519836, 0.025582943111658096, 0.025457119569182396, 0.025456983596086502, 0.025445712730288506, 0.02522396296262741, 0.02513863891363144, 0.02502157725393772, 0.025011232122778893, 0.024949178099632263, 0.024925149977207184, 0.024919593706727028, 0.024906862527132034, 0.024824390187859535, 0.024820512160658836, 0.024808771908283234, 0.024737294763326645, 0.024732140824198723]

Execution time: 0.4127 sec
