Label: tensor([16, 15, 57, 59, 15, 56, 59, 59, 57, 16, 59, 59, 59, 59, 59, 57, 57, 57,
        15, 59, 15, 57, 16, 16, 57, 15, 59, 15, 57, 57, 15, 15, 24, 57, 59, 59,
        59, 57, 15, 57, 57,  0, 57, 16, 16, 57, 15, 59, 59, 57, 57, 57, 57, 51,
        57, 15, 16, 59, 57, 15, 57, 16, 57, 59, 59, 59, 57, 59, 15, 57, 59, 59,
         0, 15, 59, 15, 59, 77, 59,  0, 57, 59, 57, 65, 58, 57, 59,  0, 59, 15,
        59, 15, 59, 24, 57, 57,  0, 59, 16, 59, 59, 57, 59, 16, 57, 79, 57, 59,
        57, 57, 16, 59, 57, 57, 57, 15, 56,  0, 56, 56, 57, 24,  0, 15, 15, 15,
        26, 59,  0, 57, 16, 15, 28,  0, 24, 15, 57, 59,  0, 59, 59,  0,  0, 57,
        13, 79, 56, 15,  0, 16, 57, 57, 57, 15, 57, 15, 15, 57, 56, 56, 59, 57,
        27, 24, 59, 13, 65, 59, 15, 57, 59, 27, 59, 59, 57, 59, 59, 59, 59, 15,
        57, 26,  0, 57, 59, 24, 57, 28, 59, 57, 57, 74, 57, 16, 57, 57, 21, 57,
        59, 59, 56,  2, 16, 24,  8, 59, 16, 79, 59, 53, 57, 57, 79, 56, 57, 60,
        59, 44, 77,  0,  0, 59, 27, 59, 59, 59, 79,  0, 57, 57, 65, 15, 59, 15,
        74, 57, 57, 59, 24, 59, 73, 57, 57, 59, 57, 59, 57, 59, 57, 13, 16, 27,
        57, 57, 57, 57, 59, 57, 59,  0, 74, 15, 76, 16, 59, 65, 13, 79,  2, 65,
        76, 59, 56, 16, 58, 18, 45,  0, 26, 59, 13, 15, 26, 56, 16, 57, 15, 59,
        59, 15, 79, 57, 26, 57,  0, 15, 28, 18, 71,  0]), Box: ([41.72587585449219, 65.2406997680664, 306.5320739746094, 206.45469665527344], [300.39410400390625, 105.30278778076172, 449.46563720703125, 206.5591278076172], [0.18993020057678223, -0.1950012445449829, 500.1557922363281, 268.8022766113281], [-0.24437904357910156, -0.1434129774570465, 499.6397705078125, 268.8539123535156], [-0.07539987564086914, 65.57244110107422, 55.32663345336914, 167.54046630859375], [-0.24437904357910156, -0.1434129774570465, 499.6397705078125, 268.8539123535156], [0.18993020057678223, -0.1950012445449829, 500.1557922363281, 268.8022766113281], [-0.08414685726165771, 96.55905151367188, 499.8616638183594, 268.8810119628906], [-0.12566149234771729, 151.16293334960938, 399.7099304199219, 268.9006652832031], [300.383056640625, 105.6049575805664, 449.1902160644531, 205.96095275878906], [-0.17662346363067627, 66.12964630126953, 499.8095703125, 268.7099914550781], [-0.2749711275100708, 155.59158325195312, 499.6855773925781, 268.5118408203125], [-0.41049718856811523, 155.10684204101562, 499.5456848144531, 268.45977783203125], [-0.12566149234771729, 151.16293334960938, 399.7099304199219, 268.9006652832031], [386.97332763671875, 91.26549530029297, 499.89019775390625, 268.18402099609375], [-0.41049718856811523, 155.10684204101562, 499.5456848144531, 268.45977783203125], [-0.2749711275100708, 155.59158325195312, 499.6855773925781, 268.5118408203125], [0.3571361303329468, 152.53811645507812, 258.5810546875, 268.62713623046875], [0.04439800977706909, 63.71384811401367, 118.1387939453125, 168.07394409179688], [-0.3308504819869995, 159.22174072265625, 499.4491882324219, 268.3910217285156], [41.400821685791016, 64.3837890625, 305.74005126953125, 206.68275451660156], [-0.3308504819869995, 159.22174072265625, 499.4491882324219, 268.3910217285156], [41.400821685791016, 64.3837890625, 305.74005126953125, 206.68275451660156], [-0.07539987564086914, 65.57244110107422, 55.32663345336914, 167.54046630859375], [-0.08414685726165771, 96.55905151367188, 499.8616638183594, 268.8810119628906], [1.150649070739746, 63.633697509765625, 111.46932983398438, 169.94488525390625], [-0.09384751319885254, 119.82342529296875, 402.1241760253906, 269.04022216796875], [40.44899368286133, 66.23831939697266, 451.76470947265625, 208.40399169921875], [386.97332763671875, 91.26549530029297, 499.89019775390625, 268.18402099609375], [-0.07539987564086914, 65.57244110107422, 55.32663345336914, 167.54046630859375], [41.822662353515625, 65.13582611083984, 116.23307800292969, 163.1618194580078], [300.383056640625, 105.6049575805664, 449.1902160644531, 205.96095275878906], [-0.07539987564086914, 65.57244110107422, 55.32663345336914, 167.54046630859375], [-0.09384751319885254, 119.82342529296875, 402.1241760253906, 269.04022216796875], [0.3571361303329468, 152.53811645507812, 258.5810546875, 268.62713623046875], [220.14637756347656, 94.2727279663086, 499.87042236328125, 268.80853271484375], [-0.4476010799407959, 64.42412567138672, 499.5473937988281, 268.7610168457031], [0.3042072057723999, -0.11116129159927368, 329.948486328125, 268.8860168457031], [-0.17617642879486084, 64.96414947509766, 215.1477813720703, 180.21694946289062], [-0.17662346363067627, 66.12964630126953, 499.8095703125, 268.7099914550781], [-0.41919946670532227, -0.07503747940063477, 499.5758056640625, 165.83448791503906], [386.97332763671875, 91.26549530029297, 499.89019775390625, 268.18402099609375], [-0.24838745594024658, -0.09280276298522949, 499.4081726074219, 135.78863525390625], [0.04439800977706909, 63.71384811401367, 118.1387939453125, 168.07394409179688], [-0.17617642879486084, 64.96414947509766, 215.1477813720703, 180.21694946289062], [-0.4178285598754883, -0.05291104316711426, 499.55255126953125, 165.5878143310547], [300.3332214355469, 110.53680419921875, 402.2675476074219, 203.05349731445312], [-0.1417100429534912, 63.91419219970703, 302.5387878417969, 268.0888671875], [340.8221740722656, 91.308837890625, 500.3436279296875, 268.6815490722656], [-0.1417100429534912, 63.91419219970703, 302.5387878417969, 268.0888671875], [-0.0813901424407959, 0.14886441826820374, 371.1153259277344, 167.31353759765625], [-0.21086633205413818, 0.09820610284805298, 173.9794158935547, 168.6439971923828], [-0.49604475498199463, -0.22307616472244263, 499.49896240234375, 167.34605407714844], [406.5240173339844, 170.2904510498047, 420.542236328125, 185.0790557861328], [468.824951171875, 93.24407196044922, 499.8825378417969, 242.93115234375], [0.048220157623291016, 63.96539306640625, 107.56300354003906, 194.14398193359375], [40.44899368286133, 66.23831939697266, 451.76470947265625, 208.40399169921875], [387.67535400390625, 0.711797833442688, 500.53460693359375, 269.6837463378906], [0.4352107644081116, -0.262999951839447, 154.14801025390625, 267.51214599609375], [-0.5358606576919556, 64.97802734375, 196.17807006835938, 171.91839599609375], [0.4829391837120056, -0.33934417366981506, 155.39163208007812, 267.6240539550781], [1.150649070739746, 63.633697509765625, 111.46932983398438, 169.94488525390625], [-0.2460777759552002, 64.52291870117188, 265.8865661621094, 267.9684753417969], [221.34153747558594, 93.91504669189453, 499.72259521484375, 268.8055114746094], [-0.07539987564086914, 65.57244110107422, 55.32663345336914, 167.54046630859375], [-0.2944767475128174, 156.41065979003906, 499.7001037597656, 268.89483642578125], [0.03859400749206543, 0.43296465277671814, 229.37484741210938, 168.3451690673828], [0.3042072057723999, -0.11116129159927368, 329.948486328125, 268.8860168457031], [0.22473186254501343, 65.0218276977539, 57.056007385253906, 216.7719268798828], [220.14637756347656, 94.2727279663086, 499.87042236328125, 268.80853271484375], [468.824951171875, 93.24407196044922, 499.8825378417969, 242.93115234375], [-0.2460777759552002, 64.52291870117188, 265.8865661621094, 267.9684753417969], [-0.07539987564086914, 65.57244110107422, 55.32663345336914, 167.54046630859375], [175.20309448242188, 107.47964477539062, 450.307373046875, 207.77076721191406], [234.5592041015625, 1.027380108833313, 500.37872314453125, 267.9825439453125], [1.081228256225586, 65.33828735351562, 452.42279052734375, 209.05673217773438], [0.3185272216796875, 66.17842102050781, 412.69830322265625, 268.44537353515625], [300.383056640625, 105.6049575805664, 449.1902160644531, 205.96095275878906], [463.5186767578125, 92.39476776123047, 499.95367431640625, 267.0375671386719], [468.824951171875, 93.24407196044922, 499.8825378417969, 242.93115234375], [387.67535400390625, 0.711797833442688, 500.53460693359375, 269.6837463378906], [295.300537109375, 82.5440902709961, 500.340576171875, 268.913818359375], [0.28327852487564087, -0.13546830415725708, 179.1606903076172, 266.8479919433594], [178.42417907714844, 169.81800842285156, 220.08457946777344, 194.28846740722656], [-0.07539987564086914, 65.57244110107422, 55.32663345336914, 167.54046630859375], [0.2538710832595825, -0.003663688898086548, 350.3109130859375, 168.45330810546875], [-0.41919946670532227, -0.07503747940063477, 499.5758056640625, 165.83448791503906], [-0.24437904357910156, -0.1434129774570465, 499.6397705078125, 268.8539123535156], [386.3443298339844, 128.72718811035156, 499.9800109863281, 268.5626525878906], [364.49609375, 105.66670227050781, 449.8797912597656, 196.32823181152344], [137.46534729003906, -0.2191479206085205, 500.45794677734375, 268.7735595703125], [301.70465087890625, 166.8238067626953, 380.5633239746094, 203.17977905273438], [293.2644958496094, 80.61894989013672, 500.4305114746094, 268.5740051269531], [0.18993020057678223, -0.1950012445449829, 500.1557922363281, 268.8022766113281], [234.5592041015625, 1.027380108833313, 500.37872314453125, 267.9825439453125], [-0.24437904357910156, -0.1434129774570465, 499.6397705078125, 268.8539123535156], [463.5186767578125, 92.39476776123047, 499.95367431640625, 267.0375671386719], [178.42417907714844, 169.81800842285156, 220.08457946777344, 194.28846740722656], [0.048220157623291016, 63.96539306640625, 107.56300354003906, 194.14398193359375], [418.32171630859375, 87.16307067871094, 500.59954833984375, 268.38690185546875], [-0.49604475498199463, -0.22307616472244263, 499.49896240234375, 167.34605407714844], [0.07389485836029053, -0.0882091224193573, 443.613525390625, 115.78711700439453], [-0.4178285598754883, -0.05291104316711426, 499.55255126953125, 165.5878143310547], [41.63017272949219, 65.00172424316406, 211.82656860351562, 179.8588409423828], [0.3185272216796875, 66.17842102050781, 412.69830322265625, 268.44537353515625], [180.65167236328125, 170.005615234375, 214.2504119873047, 180.14247131347656], [0.888824462890625, -0.0015071630477905273, 291.4574890136719, 268.94134521484375], [301.5340881347656, 0.30725282430648804, 500.6715087890625, 269.294189453125], [-0.4291459918022156, 64.07274627685547, 173.23455810546875, 265.9455871582031], [137.46534729003906, -0.2191479206085205, 500.45794677734375, 268.7735595703125], [300.39410400390625, 105.30278778076172, 449.46563720703125, 206.5591278076172], [296.14776611328125, 0.14304420351982117, 500.13238525390625, 268.6349792480469], [-0.47087669372558594, -0.3292590081691742, 499.52410888671875, 178.4573974609375], [-0.44276565313339233, 64.45350646972656, 185.95611572265625, 267.7268371582031], [340.8221740722656, 91.308837890625, 500.3436279296875, 268.6815490722656], [302.16522216796875, 106.6330795288086, 440.781005859375, 188.7366485595703], [-0.2749711275100708, 155.59158325195312, 499.6855773925781, 268.5118408203125], [386.3443298339844, 128.72718811035156, 499.9800109863281, 268.5626525878906], [-0.41049718856811523, 155.10684204101562, 499.5456848144531, 268.45977783203125], [-0.12566149234771729, 151.16293334960938, 399.7099304199219, 268.9006652832031], [0.46387314796447754, -0.15817996859550476, 263.07379150390625, 268.7752380371094], [0.04439800977706909, 63.71384811401367, 118.1387939453125, 168.07394409179688], [0.18993020057678223, -0.1950012445449829, 500.1557922363281, 268.8022766113281], [82.35150909423828, 69.91004180908203, 109.3493423461914, 83.05728149414062], [302.03509521484375, 123.03732299804688, 404.7101745605469, 204.5459442138672], [41.63017272949219, 65.00172424316406, 211.82656860351562, 179.8588409423828], [-0.07539987564086914, 65.57244110107422, 55.32663345336914, 167.54046630859375], [-0.24838745594024658, -0.09280276298522949, 499.4081726074219, 135.78863525390625], [-0.08414685726165771, 96.55905151367188, 499.8616638183594, 268.8810119628906], [0.04439800977706909, 63.71384811401367, 118.1387939453125, 168.07394409179688], [-0.5358606576919556, 64.97802734375, 196.17807006835938, 171.91839599609375], [41.72587585449219, 65.2406997680664, 306.5320739746094, 206.45469665527344], [-0.07539987564086914, 65.57244110107422, 55.32663345336914, 167.54046630859375], [293.2644958496094, 80.61894989013672, 500.4305114746094, 268.5740051269531], [300.383056640625, 105.6049575805664, 449.1902160644531, 205.96095275878906], [39.445640563964844, 108.44756317138672, 448.1126403808594, 205.9546661376953], [463.5186767578125, 92.39476776123047, 499.95367431640625, 267.0375671386719], [-0.17617642879486084, 64.96414947509766, 215.1477813720703, 180.21694946289062], [220.14637756347656, 94.2727279663086, 499.87042236328125, 268.80853271484375], [299.19268798828125, 3.080585241317749, 500.16241455078125, 267.4527282714844], [-0.07170438766479492, 141.5061492919922, 499.73541259765625, 268.883056640625], [340.8221740722656, 91.308837890625, 500.3436279296875, 268.6815490722656], [295.300537109375, 82.5440902709961, 500.340576171875, 268.913818359375], [-0.6167367100715637, 0.20165520906448364, 192.7494354248047, 80.79766845703125], [-0.24437904357910156, -0.1434129774570465, 499.6397705078125, 268.8539123535156], [404.88128662109375, 160.62403869628906, 424.8585205078125, 185.8161163330078], [-0.3308504819869995, 159.22174072265625, 499.4491882324219, 268.3910217285156], [180.44952392578125, 105.60688781738281, 451.4171447753906, 212.00848388671875], [82.35150909423828, 69.91004180908203, 109.3493423461914, 83.05728149414062], [41.822662353515625, 65.13582611083984, 116.23307800292969, 163.1618194580078], [418.32171630859375, 87.16307067871094, 500.59954833984375, 268.38690185546875], [301.5340881347656, 0.30725282430648804, 500.6715087890625, 269.294189453125], [0.30888617038726807, 182.82066345214844, 262.1604309082031, 269.2490234375], [170.66954040527344, 105.3753890991211, 450.34490966796875, 208.30905151367188], [-0.09608641266822815, 63.688926696777344, 115.87555694580078, 265.17364501953125], [301.5711364746094, 144.09237670898438, 435.2613830566406, 203.68341064453125], [-0.09608641266822815, 63.688926696777344, 115.87555694580078, 265.17364501953125], [-0.20302832126617432, 150.78915405273438, 138.44052124023438, 268.0835876464844], [0.3571361303329468, 152.53811645507812, 258.5810546875, 268.62713623046875], [0.18993020057678223, -0.1950012445449829, 500.1557922363281, 268.8022766113281], [-0.25013089179992676, 60.21576690673828, 331.3065490722656, 268.7306823730469], [-0.2944767475128174, 156.41065979003906, 499.7001037597656, 268.89483642578125], [404.88128662109375, 160.62403869628906, 424.8585205078125, 185.8161163330078], [0.22473186254501343, 65.0218276977539, 57.056007385253906, 216.7719268798828], [-0.47087669372558594, -0.3292590081691742, 499.52410888671875, 178.4573974609375], [-0.12566149234771729, 151.16293334960938, 399.7099304199219, 268.9006652832031], [180.65167236328125, 170.005615234375, 214.2504119873047, 180.14247131347656], [0.06254017353057861, -0.14778214693069458, 334.5687255859375, 268.84130859375], [40.495941162109375, 64.93741607666016, 195.37940979003906, 176.95286560058594], [293.2644958496094, 80.61894989013672, 500.4305114746094, 268.5740051269531], [0.46387314796447754, -0.15817996859550476, 263.07379150390625, 268.7752380371094], [405.1922607421875, 161.5929412841797, 423.91741943359375, 185.96253967285156], [-0.4291459918022156, 64.07274627685547, 173.23455810546875, 265.9455871582031], [-0.44276565313339233, 64.45350646972656, 185.95611572265625, 267.7268371582031], [296.14776611328125, 0.14304420351982117, 500.13238525390625, 268.6349792480469], [0.888824462890625, -0.0015071630477905273, 291.4574890136719, 268.94134521484375], [231.95143127441406, 178.92813110351562, 500.389404296875, 268.5416259765625], [0.6933212280273438, -0.09315550327301025, 409.25177001953125, 268.857421875], [-0.0813901424407959, 0.14886441826820374, 371.1153259277344, 167.31353759765625], [39.81040573120117, 104.10502624511719, 452.4244079589844, 207.28457641601562], [0.6933212280273438, -0.09315550327301025, 409.25177001953125, 268.857421875], [386.97332763671875, 91.26549530029297, 499.89019775390625, 268.18402099609375], [-0.17662346363067627, 66.12964630126953, 499.8095703125, 268.7099914550781], [0.06254017353057861, -0.14778214693069458, 334.5687255859375, 268.84130859375], [41.400821685791016, 64.3837890625, 305.74005126953125, 206.68275451660156], [386.97332763671875, 91.26549530029297, 499.89019775390625, 268.18402099609375], [0.41072070598602295, 0.25496309995651245, 362.8406982421875, 84.701171875], [0.18993020057678223, -0.1950012445449829, 500.1557922363281, 268.8022766113281], [0.04439800977706909, 63.71384811401367, 118.1387939453125, 168.07394409179688], [0.0956505537033081, 0.13967713713645935, 358.517578125, 98.36791229248047], [231.95143127441406, 178.92813110351562, 500.389404296875, 268.5416259765625], [105.62621307373047, 138.81642150878906, 113.1895751953125, 151.3571014404297], [0.22473186254501343, 65.0218276977539, 57.056007385253906, 216.7719268798828], [0.22473186254501343, 65.0218276977539, 57.056007385253906, 216.7719268798828], [386.3443298339844, 128.72718811035156, 499.9800109863281, 268.5626525878906], [295.300537109375, 82.5440902709961, 500.340576171875, 268.913818359375], [41.400821685791016, 64.3837890625, 305.74005126953125, 206.68275451660156], [-0.17617642879486084, 64.96414947509766, 215.1477813720703, 180.21694946289062], [436.08807373046875, 80.55864715576172, 500.0319519042969, 266.5344543457031], [-0.09608641266822815, 63.688926696777344, 115.87555694580078, 265.17364501953125], [-0.08414685726165771, 96.55905151367188, 499.8616638183594, 268.8810119628906], [-0.24437904357910156, -0.1434129774570465, 499.6397705078125, 268.8539123535156], [40.495941162109375, 64.93741607666016, 195.37940979003906, 176.95286560058594], [0.048220157623291016, 63.96539306640625, 107.56300354003906, 194.14398193359375], [-0.24437904357910156, -0.1434129774570465, 499.6397705078125, 268.8539123535156], [175.20309448242188, 107.47964477539062, 450.307373046875, 207.77076721191406], [-0.1417100429534912, 63.91419219970703, 302.5387878417969, 268.0888671875], [405.1922607421875, 161.5929412841797, 423.91741943359375, 185.96253967285156], [-0.2780109643936157, 196.2689666748047, 499.7130126953125, 268.7986145019531], [41.72587585449219, 65.2406997680664, 306.5320739746094, 206.45469665527344], [299.19268798828125, 3.080585241317749, 500.16241455078125, 267.4527282714844], [-0.25013089179992676, 60.21576690673828, 331.3065490722656, 268.7306823730469], [406.5240173339844, 170.2904510498047, 420.542236328125, 185.0790557861328], [386.97332763671875, 91.26549530029297, 499.89019775390625, 268.18402099609375], [148.04161071777344, -0.24116212129592896, 497.17486572265625, 143.11636352539062], [-0.24437904357910156, -0.1434129774570465, 499.6397705078125, 268.8539123535156], [0.2538710832595825, -0.003663688898086548, 350.3109130859375, 168.45330810546875], [180.65167236328125, 170.005615234375, 214.2504119873047, 180.14247131347656], [-0.07539987564086914, 65.57244110107422, 55.32663345336914, 167.54046630859375], [-0.41049718856811523, 155.10684204101562, 499.5456848144531, 268.45977783203125], [-0.12566149234771729, 151.16293334960938, 399.7099304199219, 268.9006652832031], [1.8101930618286133, 214.98939514160156, 498.6047058105469, 268.8215637207031], [178.42417907714844, 169.81800842285156, 220.08457946777344, 194.28846740722656], [385.432373046875, 29.62148666381836, 501.6767883300781, 268.58978271484375], [126.03111267089844, 161.47776794433594, 402.19915771484375, 268.5847473144531], [0.30888617038726807, 182.82066345214844, 262.1604309082031, 269.2490234375], [178.42417907714844, 169.81800842285156, 220.08457946777344, 194.28846740722656], [418.32171630859375, 87.16307067871094, 500.59954833984375, 268.38690185546875], [221.34153747558594, 93.91504669189453, 499.72259521484375, 268.8055114746094], [-0.22061169147491455, 0.2798633575439453, 293.4100036621094, 86.49806213378906], [483.2602844238281, 199.4666748046875, 500.0873107910156, 244.1536102294922], [-0.17662346363067627, 66.12964630126953, 499.8095703125, 268.7099914550781], [0.28327852487564087, -0.13546830415725708, 179.1606903076172, 266.8479919433594], [0.023526139557361603, 66.91519927978516, 20.133460998535156, 133.02989196777344], [405.1922607421875, 161.5929412841797, 423.91741943359375, 185.96253967285156], [-0.34055113792419434, -0.014674797654151917, 499.5838623046875, 132.43325805664062], [-0.4476010799407959, 64.42412567138672, 499.5473937988281, 268.7610168457031], [0.4829391837120056, -0.33934417366981506, 155.39163208007812, 267.6240539550781], [1.150649070739746, 63.633697509765625, 111.46932983398438, 169.94488525390625], [-0.2286285161972046, 64.3606185913086, 409.52606201171875, 268.6415100097656], [178.42417907714844, 169.81800842285156, 220.08457946777344, 194.28846740722656], [0.048220157623291016, 63.96539306640625, 107.56300354003906, 194.14398193359375], [41.308284759521484, 15.076255798339844, 470.80242919921875, 207.9899444580078], [0.4352107644081116, -0.262999951839447, 154.14801025390625, 267.51214599609375], [-0.2780109643936157, 196.2689666748047, 499.7130126953125, 268.7986145019531], [38.10594940185547, 11.239203453063965, 494.38714599609375, 211.68821716308594], [-0.3234371542930603, 0.27821987867355347, 137.1632843017578, 79.3890151977539], [0.03859400749206543, 0.43296465277671814, 229.37484741210938, 168.3451690673828], [-0.1602768898010254, 0.034676775336265564, 358.71282958984375, 83.45389556884766], [0.3571361303329468, 152.53811645507812, 258.5810546875, 268.62713623046875], [-0.2460777759552002, 64.52291870117188, 265.8865661621094, 267.9684753417969], [406.5240173339844, 170.2904510498047, 420.542236328125, 185.0790557861328], [126.03111267089844, 161.47776794433594, 402.19915771484375, 268.5847473144531], [-0.1781657338142395, 64.05685424804688, 136.19967651367188, 266.2344055175781], [38.10594940185547, 11.239203453063965, 494.38714599609375, 211.68821716308594], [385.432373046875, 29.62148666381836, 501.6767883300781, 268.58978271484375], [41.72587585449219, 65.2406997680664, 306.5320739746094, 206.45469665527344], [-0.810965895652771, 1.2709873914718628, 447.537353515625, 204.76380920410156], [39.81040573120117, 104.10502624511719, 452.4244079589844, 207.28457641601562], [221.34153747558594, 93.91504669189453, 499.72259521484375, 268.8055114746094], [404.88128662109375, 160.62403869628906, 424.8585205078125, 185.8161163330078], [468.824951171875, 93.24407196044922, 499.8825378417969, 242.93115234375], [404.88128662109375, 160.62403869628906, 424.8585205078125, 185.8161163330078], [-0.09608641266822815, 63.688926696777344, 115.87555694580078, 265.17364501953125], [-0.1781657338142395, 64.05685424804688, 136.19967651367188, 266.2344055175781], [468.824951171875, 93.24407196044922, 499.8825378417969, 242.93115234375], [-0.41049718856811523, 155.10684204101562, 499.5456848144531, 268.45977783203125], [106.47924041748047, 105.35681915283203, 120.33775329589844, 152.64488220214844], [0.18993020057678223, -0.1950012445449829, 500.1557922363281, 268.8022766113281], [386.97332763671875, 91.26549530029297, 499.89019775390625, 268.18402099609375], [405.1922607421875, 161.5929412841797, 423.91741943359375, 185.96253967285156], [0.22473186254501343, 65.0218276977539, 57.056007385253906, 216.7719268798828], [-0.17662346363067627, 66.12964630126953, 499.8095703125, 268.7099914550781], [170.66954040527344, 105.3753890991211, 450.34490966796875, 208.30905151367188], [0.04439800977706909, 63.71384811401367, 118.1387939453125, 168.07394409179688], [300.383056640625, 105.6049575805664, 449.1902160644531, 205.96095275878906], [-0.07539987564086914, 65.57244110107422, 55.32663345336914, 167.54046630859375], [-0.3308504819869995, 159.22174072265625, 499.4491882324219, 268.3910217285156], [386.3443298339844, 128.72718811035156, 499.9800109863281, 268.5626525878906], [41.308284759521484, 15.076255798339844, 470.80242919921875, 207.9899444580078], [-0.2749711275100708, 155.59158325195312, 499.6855773925781, 268.5118408203125], [334.5732116699219, 170.61228942871094, 378.4216003417969, 201.46231079101562], [0.04439800977706909, 63.71384811401367, 118.1387939453125, 168.07394409179688], [-0.07539987564086914, 65.57244110107422, 55.32663345336914, 167.54046630859375], [41.42918395996094, 128.71578979492188, 215.30819702148438, 181.61599731445312], [178.42417907714844, 169.81800842285156, 220.08457946777344, 194.28846740722656], [4.242979049682617, 55.36772537231445, 89.2576675415039, 217.8832550048828], [-0.21086633205413818, 0.09820610284805298, 173.9794158935547, 168.6439971923828], [0.07389485836029053, -0.0882091224193573, 443.613525390625, 115.78711700439453], [184.27516174316406, 109.38571166992188, 453.6455383300781, 206.23033142089844], [191.02105712890625, 170.8487091064453, 214.48135375976562, 179.95480346679688], [41.72587585449219, 65.2406997680664, 306.5320739746094, 206.45469665527344], [300.383056640625, 105.6049575805664, 449.1902160644531, 205.96095275878906], [1.8101930618286133, 214.98939514160156, 498.6047058105469, 268.8215637207031], [-0.2749711275100708, 155.59158325195312, 499.6855773925781, 268.5118408203125], [0.48408472537994385, 70.36357116699219, 29.947669982910156, 115.92225646972656], [0.04439800977706909, 63.71384811401367, 118.1387939453125, 168.07394409179688], [41.72587585449219, 65.2406997680664, 306.5320739746094, 206.45469665527344], [0.18993020057678223, -0.1950012445449829, 500.1557922363281, 268.8022766113281], [301.5340881347656, 0.30725282430648804, 500.6715087890625, 269.294189453125]), Score: [0.9660281538963318, 0.9476425647735596, 0.9129871129989624, 0.24293990433216095, 0.19446296989917755, 0.15789106488227844, 0.1487666815519333, 0.14564338326454163, 0.13931098580360413, 0.11978678405284882, 0.11710942536592484, 0.11515741795301437, 0.11339517682790756, 0.11274389922618866, 0.11127793788909912, 0.10600309073925018, 0.1024509146809578, 0.10168379545211792, 0.09862615913152695, 0.09628065675497055, 0.09381647408008575, 0.09111587703227997, 0.08920104801654816, 0.08243043720722198, 0.08059388399124146, 0.08002028614282608, 0.07990144938230515, 0.0706479474902153, 0.06944916397333145, 0.0685252994298935, 0.06646180152893066, 0.06573394685983658, 0.06170862913131714, 0.0611567497253418, 0.05879977345466614, 0.05810144916176796, 0.05748286470770836, 0.05658188834786415, 0.05578199028968811, 0.05576308071613312, 0.055329691618680954, 0.053334299474954605, 0.05326327681541443, 0.052218157798051834, 0.04972922056913376, 0.049247000366449356, 0.04863714054226875, 0.04800127446651459, 0.04777965322136879, 0.046521421521902084, 0.046500422060489655, 0.04620261862874031, 0.045965708792209625, 0.04561622068285942, 0.044715140014886856, 0.04449767991900444, 0.04430781677365303, 0.043540749698877335, 0.042943280190229416, 0.042881354689598083, 0.04285626485943794, 0.04276447743177414, 0.042697448283433914, 0.042219940572977066, 0.041987184435129166, 0.041613005101680756, 0.04136209934949875, 0.04096005856990814, 0.04029034823179245, 0.04018151015043259, 0.03988969698548317, 0.0397731252014637, 0.03967256471514702, 0.039098110049963, 0.03900378197431564, 0.03857269883155823, 0.038525231182575226, 0.038512442260980606, 0.03850799426436424, 0.038194071501493454, 0.03817634657025337, 0.038114290684461594, 0.038074664771556854, 0.03774499520659447, 0.037581101059913635, 0.037441808730363846, 0.037439536303281784, 0.03736405074596405, 0.03701406344771385, 0.03695749118924141, 0.03646926209330559, 0.036300621926784515, 0.03625869378447533, 0.03562894091010094, 0.03545885160565376, 0.03535118326544762, 0.03460492938756943, 0.034485794603824615, 0.03432612866163254, 0.03426031023263931, 0.0339718721807003, 0.03367426246404648, 0.03354005515575409, 0.03328588977456093, 0.03310926631093025, 0.03302459046244621, 0.03272869810461998, 0.032675597816705704, 0.03265902400016785, 0.03257634490728378, 0.0324854776263237, 0.032369714230298996, 0.032311100512742996, 0.032063450664281845, 0.03198704496026039, 0.031888630241155624, 0.03174075856804848, 0.03156677260994911, 0.03153109550476074, 0.031308844685554504, 0.03129873052239418, 0.031252890825271606, 0.031156351789832115, 0.031149428337812424, 0.0310237854719162, 0.030882542952895164, 0.03062749095261097, 0.030402474105358124, 0.030352480709552765, 0.030294639989733696, 0.030248332768678665, 0.030070457607507706, 0.030041418969631195, 0.029990799725055695, 0.029601849615573883, 0.029451677575707436, 0.02937762811779976, 0.029375780373811722, 0.029358476400375366, 0.029334647580981255, 0.029175322502851486, 0.029049532487988472, 0.028726868331432343, 0.02865540236234665, 0.02860342152416706, 0.02855905517935753, 0.028508223593235016, 0.028501130640506744, 0.028339175507426262, 0.028199873864650726, 0.02818119339644909, 0.0281137116253376, 0.027696523815393448, 0.027587315067648888, 0.027324872091412544, 0.02727309800684452, 0.027221066877245903, 0.027171097695827484, 0.027093833312392235, 0.027015643194317818, 0.026926813647150993, 0.02689729817211628, 0.02675163373351097, 0.02669983170926571, 0.026595748960971832, 0.026575930416584015, 0.02653513103723526, 0.02652297541499138, 0.026494674384593964, 0.02646690420806408, 0.02646174654364586, 0.02645564079284668, 0.026455504819750786, 0.026425715535879135, 0.026297109201550484, 0.026282422244548798, 0.026190388947725296, 0.026129627600312233, 0.026031186804175377, 0.02598150447010994, 0.025933226570487022, 0.025848735123872757, 0.02577340230345726, 0.025694379583001137, 0.02545476146042347, 0.02535157836973667, 0.025145454332232475, 0.02512873336672783, 0.02501320280134678, 0.02500111050903797, 0.024905970320105553, 0.02481425181031227, 0.024771438911557198, 0.024762684479355812, 0.024752888828516006, 0.0245787613093853, 0.024463821202516556, 0.02443651109933853, 0.024348171427845955, 0.02421947382390499, 0.02414925955235958, 0.024138974025845528, 0.023858459666371346, 0.02385139837861061, 0.023666532710194588, 0.023305850103497505, 0.023190010339021683, 0.023139437660574913, 0.02310536429286003, 0.023047933354973793, 0.02304532378911972, 0.022981014102697372, 0.022906284779310226, 0.022898832336068153, 0.022737208753824234, 0.022615984082221985, 0.02259688265621662, 0.022511765360832214, 0.02244795858860016, 0.022427912801504135, 0.02235005982220173, 0.022322606295347214, 0.022290555760264397, 0.02221239171922207, 0.022166956216096878, 0.02196059189736843, 0.02195541001856327, 0.021904924884438515, 0.021857846528291702, 0.02176581881940365, 0.021693330258131027, 0.021627215668559074, 0.021394431591033936, 0.0213188324123621, 0.021290482953190804, 0.021194681525230408, 0.02118561416864395, 0.02114441804587841, 0.021120257675647736, 0.021055031567811966, 0.02101048454642296, 0.020990891382098198, 0.020990334451198578, 0.020894329994916916, 0.02089323289692402, 0.020853115245699883, 0.02084832452237606, 0.020827436819672585, 0.02080540359020233, 0.02079191990196705, 0.02068842574954033, 0.020639587193727493, 0.020620068535208702, 0.020597629249095917, 0.020562442019581795, 0.02049860544502735, 0.020488804206252098, 0.020483464002609253, 0.020282074809074402, 0.02018290013074875, 0.020178474485874176, 0.02015983872115612, 0.020156588405370712, 0.02011512778699398, 0.020042752847075462, 0.020031213760375977, 0.0200265571475029, 0.019951578229665756, 0.01990528590977192, 0.01982303149998188, 0.019745618104934692, 0.01974525675177574, 0.01971612311899662, 0.019631382077932358, 0.01961686462163925, 0.019589655101299286, 0.019568415358662605, 0.019553951919078827, 0.019513331353664398, 0.019453786313533783, 0.019391542300581932, 0.01936614327132702, 0.019339799880981445, 0.019297538325190544, 0.019130004569888115, 0.01904185302555561, 0.019041670486330986, 0.01896730065345764, 0.018947768956422806, 0.018933678045868874, 0.018875770270824432, 0.018722206354141235, 0.01869930513203144, 0.018613794818520546, 0.018608059734106064, 0.01846768893301487, 0.018443552777171135, 0.018437016755342484, 0.018410878255963326, 0.018329963088035583]

Execution time: 0.4152 sec
