Label: tensor([ 5,  5,  5,  0,  0,  0,  7, 74,  0,  0, 11,  5,  5,  5,  5,  0,  0,  0,
         6,  0,  0,  0,  5,  0,  2,  5,  7,  0,  5,  0,  5,  0,  5,  5, 56,  0,
         5,  0,  0,  7,  5,  7,  0,  7,  0,  5,  0,  5,  7,  7,  7,  8,  0,  0,
         6,  5,  6,  0,  0,  0,  0,  0,  0, 32,  9,  0,  0, 14,  7,  0,  5,  2,
         0,  0,  0,  0, 14,  5,  0,  6,  0,  2, 56,  0,  0,  5,  9,  5,  0, 11,
         2,  0,  6,  2, 56,  6,  0,  0,  0,  0, 14,  0,  7, 13,  0,  0,  0,  7,
         0,  0,  2,  0,  9,  0,  0,  0,  6,  5,  0,  0, 56,  5,  0,  7,  0,  5,
         6,  0,  0,  0,  0, 56, 56,  6,  0, 56,  6,  0,  0,  0,  5,  6,  0, 56,
        58,  0,  0,  8,  0,  0,  7,  0, 23,  6, 62, 14,  0, 56,  0,  0,  6, 56,
        45,  5,  0, 62,  7,  0,  1,  0,  5,  0,  0,  7,  0,  0,  0,  0, 20, 74,
         0,  0,  9,  0, 56,  0,  5, 56, 56,  0,  0,  0, 13,  9,  2, 27, 27,  0,
        11, 56,  0, 25, 14,  0,  5,  0, 75,  0,  0,  5,  0, 36, 56,  0,  0, 27,
         5, 32, 56,  0, 56, 27,  6, 28, 56, 17, 56, 38,  0,  0,  0,  0, 17, 56,
         0,  0,  0,  6,  5,  5,  9, 56, 58, 20, 58, 60,  0,  6,  6,  0,  2,  0,
         5, 56,  0,  6, 38,  0,  0, 56, 56,  0,  0, 56,  5,  0, 11,  8, 37,  0,
         5,  0, 62, 17,  2, 27, 57,  0,  5,  0, 56, 32, 23, 74,  5, 11, 56,  0,
        39, 56,  5, 19,  5,  0, 56, 14,  5, 56, 56,  4]), Box: ([62.479942321777344, 104.47953796386719, 396.503173828125, 320.40155029296875], [365.7388610839844, 108.6389389038086, 499.7311706542969, 310.4199523925781], [-0.0429302453994751, 180.51260375976562, 71.02545166015625, 260.6083679199219], [307.3244323730469, 145.29757690429688, 359.13482666015625, 193.9141387939453], [131.59165954589844, 177.6339569091797, 142.76734924316406, 194.67816162109375], [324.6133728027344, 148.38148498535156, 359.8253479003906, 193.58261108398438], [-0.0429302453994751, 180.51260375976562, 71.02545166015625, 260.6083679199219], [43.38315963745117, 193.19581604003906, 62.887325286865234, 213.31845092773438], [404.46807861328125, 161.61557006835938, 420.4303283691406, 194.31015014648438], [400.405517578125, 148.84588623046875, 420.4305419921875, 194.4234619140625], [43.38315963745117, 193.19581604003906, 62.887325286865234, 213.31845092773438], [-0.3238171339035034, 102.18650817871094, 126.3501205444336, 262.5961608886719], [-0.24480000138282776, 180.70066833496094, 72.6138916015625, 283.4341125488281], [0.405825674533844, 108.39166259765625, 223.6884307861328, 261.72528076171875], [-0.8484497666358948, 103.2370376586914, 117.6568832397461, 261.9095764160156], [230.64865112304688, 154.99078369140625, 255.74317932128906, 192.90609741210938], [228.6787109375, 155.0095977783203, 255.90431213378906, 192.86004638671875], [274.0572204589844, 141.2176971435547, 358.8333740234375, 193.80186462402344], [367.0704345703125, 108.98030853271484, 500.0160827636719, 310.4010314941406], [241.8373260498047, 182.6770782470703, 254.00921630859375, 193.26397705078125], [310.36663818359375, 159.33396911621094, 358.18206787109375, 194.21847534179688], [283.5281677246094, 140.43148803710938, 358.9326477050781, 194.15257263183594], [0.16647204756736755, 104.55200958251953, 80.19700622558594, 261.67523193359375], [406.2354431152344, 148.2266082763672, 416.0721435546875, 159.60411071777344], [-0.0429302453994751, 180.51260375976562, 71.02545166015625, 260.6083679199219], [0.7221102714538574, 103.87232208251953, 389.2268371582031, 268.4334411621094], [367.0704345703125, 108.98030853271484, 500.0160827636719, 310.4010314941406], [252.7648468017578, 145.37905883789062, 286.84637451171875, 192.31317138671875], [-0.049561262130737305, 105.3373794555664, 144.27354431152344, 263.3245544433594], [131.55503845214844, 166.98388671875, 147.09364318847656, 194.69407653808594], [0.8519291877746582, 107.76412200927734, 500.846923828125, 313.8412780761719], [96.5940170288086, 171.42276000976562, 109.27098846435547, 195.90127563476562], [367.0704345703125, 108.98030853271484, 500.0160827636719, 310.4010314941406], [62.99614715576172, 108.13360595703125, 500.5506286621094, 316.36810302734375], [131.59165954589844, 177.6339569091797, 142.76734924316406, 194.67816162109375], [240.59373474121094, 144.7202911376953, 289.1328430175781, 192.79319763183594], [-0.17743371427059174, 182.97885131835938, 36.82933807373047, 260.1086730957031], [280.7433776855469, 145.74642944335938, 322.3392639160156, 192.91807556152344], [270.280029296875, 155.00228881835938, 307.66119384765625, 192.9361572265625], [-0.24480000138282776, 180.70066833496094, 72.6138916015625, 283.4341125488281], [365.78692626953125, 110.07002258300781, 500.0754089355469, 196.23065185546875], [365.7388610839844, 108.6389389038086, 499.7311706542969, 310.4199523925781], [404.3661804199219, 178.87454223632812, 415.4346923828125, 194.21275329589844], [62.318878173828125, 105.23043060302734, 395.96295166015625, 320.1403503417969], [327.1795349121094, 163.57679748535156, 358.3320007324219, 194.25938415527344], [62.318878173828125, 105.23043060302734, 395.96295166015625, 320.1403503417969], [491.8350830078125, 287.7284851074219, 500.17486572265625, 340.2985534667969], [367.2099609375, 124.33003997802734, 420.10296630859375, 195.19921875], [-0.3238171339035034, 102.18650817871094, 126.3501205444336, 262.5961608886719], [-0.8484497666358948, 103.2370376586914, 117.6568832397461, 261.9095764160156], [0.16647204756736755, 104.55200958251953, 80.19700622558594, 261.67523193359375], [62.318878173828125, 105.23043060302734, 395.96295166015625, 320.1403503417969], [267.81170654296875, 156.56771850585938, 285.8616027832031, 190.29319763183594], [227.1145782470703, 171.92593383789062, 238.6892547607422, 191.63818359375], [62.318878173828125, 105.23043060302734, 395.96295166015625, 320.1403503417969], [373.95538330078125, 143.89622497558594, 403.11907958984375, 195.16917419433594], [-0.0429302453994751, 180.51260375976562, 71.02545166015625, 260.6083679199219], [270.90753173828125, 139.9375457763672, 356.9169006347656, 194.95237731933594], [29.705718994140625, 219.88580322265625, 39.13652038574219, 258.0493469238281], [142.03167724609375, 171.02154541015625, 150.4586944580078, 194.4038848876953], [283.6778259277344, 144.33624267578125, 312.1053466796875, 182.96661376953125], [488.6960144042969, 165.5841827392578, 499.57366943359375, 192.2315216064453], [488.482666015625, 164.28684997558594, 499.5411071777344, 192.16957092285156], [43.38315963745117, 193.19581604003906, 62.887325286865234, 213.31845092773438], [43.38315963745117, 193.19581604003906, 62.887325286865234, 213.31845092773438], [176.81442260742188, 171.30084228515625, 188.82652282714844, 193.84974670410156], [403.8329162597656, 160.89199829101562, 446.8150634765625, 194.5408935546875], [478.0533752441406, 15.609240531921387, 482.5077209472656, 20.22149658203125], [-0.17743371427059174, 182.97885131835938, 36.82933807373047, 260.1086730957031], [225.61753845214844, 172.4011688232422, 244.66807556152344, 208.3517303466797], [0.1491643488407135, 102.72401428222656, 86.57659912109375, 262.5877685546875], [62.479942321777344, 104.47953796386719, 396.503173828125, 320.40155029296875], [234.9869384765625, 154.40953063964844, 248.26657104492188, 172.70553588867188], [268.1399841308594, 156.49058532714844, 284.0069274902344, 185.05227661132812], [285.1213073730469, 148.66143798828125, 366.8369140625, 194.7452392578125], [404.84808349609375, 184.97186279296875, 414.1578369140625, 194.38955688476562], [376.3324279785156, 33.336944580078125, 379.86126708984375, 37.56022262573242], [365.1770324707031, 109.78496551513672, 499.74609375, 198.9613037109375], [112.57579803466797, 182.80166625976562, 124.3213119506836, 195.80215454101562], [-0.3238171339035034, 102.18650817871094, 126.3501205444336, 262.5961608886719], [112.68926239013672, 172.24240112304688, 128.8072509765625, 195.60659790039062], [365.7388610839844, 108.6389389038086, 499.7311706542969, 310.4199523925781], [96.5940170288086, 171.42276000976562, 109.27098846435547, 195.90127563476562], [441.1244812011719, 161.05833435058594, 467.8215026855469, 194.07615661621094], [43.38315963745117, 193.19581604003906, 62.887325286865234, 213.31845092773438], [247.22361755371094, 106.81952667236328, 500.9891357421875, 310.8272399902344], [389.24603271484375, 31.705371856689453, 405.6197509765625, 41.43508529663086], [365.9293212890625, 109.6651840209961, 499.8879089355469, 201.420166015625], [239.8037567138672, 173.74513244628906, 256.8211364746094, 193.5069580078125], [-0.0429302453994751, 180.51260375976562, 71.02545166015625, 260.6083679199219], [62.318878173828125, 105.23043060302734, 395.96295166015625, 320.1403503417969], [324.84857177734375, 145.9364471435547, 343.1012268066406, 168.50697326660156], [0.7221102714538574, 103.87232208251953, 389.2268371582031, 268.4334411621094], [-0.24480000138282776, 180.70066833496094, 72.6138916015625, 283.4341125488281], [112.57579803466797, 182.80166625976562, 124.3213119506836, 195.80215454101562], [-0.8484497666358948, 103.2370376586914, 117.6568832397461, 261.9095764160156], [217.93711853027344, 178.82122802734375, 226.7846221923828, 193.05690002441406], [143.43905639648438, 170.2548370361328, 162.05487060546875, 194.91990661621094], [404.2132263183594, 177.8291473388672, 412.01422119140625, 194.04196166992188], [305.46661376953125, 151.62501525878906, 323.56451416015625, 193.0477752685547], [389.24603271484375, 31.705371856689453, 405.6197509765625, 41.43508529663086], [283.8324279785156, 154.95040893554688, 307.2786865234375, 184.6054229736328], [-0.6809420585632324, 180.77574157714844, 70.89527130126953, 260.02740478515625], [-0.0429302453994751, 180.51260375976562, 71.02545166015625, 260.6083679199219], [283.3246765136719, 169.76559448242188, 307.1460876464844, 192.72073364257812], [405.7818298339844, 175.71853637695312, 419.7231140136719, 194.48936462402344], [226.04209899902344, 172.00912475585938, 243.73486328125, 207.98721313476562], [62.479942321777344, 104.47953796386719, 396.503173828125, 320.40155029296875], [329.2042236328125, 149.0744171142578, 345.77264404296875, 169.8858184814453], [279.3306579589844, 140.94631958007812, 326.5243835449219, 193.02835083007812], [-0.17743371427059174, 182.97885131835938, 36.82933807373047, 260.1086730957031], [156.4539794921875, 174.78036499023438, 162.97666931152344, 195.33047485351562], [206.63792419433594, 15.435260772705078, 225.2715301513672, 27.58002281188965], [206.0317840576172, 178.2278289794922, 214.71099853515625, 192.9733428955078], [283.7710266113281, 155.12322998046875, 304.0701599121094, 182.10418701171875], [487.4693908691406, 162.0931854248047, 499.53118896484375, 202.2154541015625], [0.8519291877746582, 107.76412200927734, 500.846923828125, 313.8412780761719], [365.4457092285156, 109.9192886352539, 499.91717529296875, 216.8692169189453], [178.5897674560547, 178.51510620117188, 194.41983032226562, 193.95188903808594], [472.8338623046875, 176.70936584472656, 482.6167297363281, 193.45230102539062], [131.56747436523438, 186.2388153076172, 140.05157470703125, 194.70111083984375], [113.58744049072266, 109.4500961303711, 499.0881042480469, 312.38134765625], [347.256591796875, 151.85678100585938, 363.8882751464844, 184.43954467773438], [-0.049561262130737305, 105.3373794555664, 144.27354431152344, 263.3245544433594], [280.81365966796875, 153.4654998779297, 307.6400451660156, 185.8297119140625], [77.37052154541016, 108.0206069946289, 382.63604736328125, 197.6671600341797], [365.7388610839844, 108.6389389038086, 499.7311706542969, 310.4199523925781], [282.7011413574219, 145.67605590820312, 308.3106384277344, 183.60885620117188], [122.85075378417969, 173.79617309570312, 129.69198608398438, 195.15211486816406], [227.18267822265625, 171.6654815673828, 241.27699279785156, 192.356201171875], [130.69729614257812, 169.11512756347656, 142.13107299804688, 194.61883544921875], [404.46807861328125, 161.61557006835938, 420.4303283691406, 194.31015014648438], [142.20184326171875, 180.93565368652344, 148.0799560546875, 194.39418029785156], [0.405825674533844, 108.39166259765625, 223.6884307861328, 261.72528076171875], [397.275146484375, 178.58004760742188, 407.4562683105469, 194.45970153808594], [268.1399841308594, 156.49058532714844, 284.0069274902344, 185.05227661132812], [0.16647204756736755, 104.55200958251953, 80.19700622558594, 261.67523193359375], [256.6716613769531, 147.87103271484375, 306.99615478515625, 194.54208374023438], [472.0714111328125, 171.20631408691406, 484.333984375, 193.40380859375], [244.88381958007812, 182.36854553222656, 252.09954833984375, 190.19754028320312], [70.16779327392578, 109.75489044189453, 498.57293701171875, 199.26112365722656], [-0.049561262130737305, 105.3373794555664, 144.27354431152344, 263.3245544433594], [97.55111694335938, 176.0675811767578, 108.86857604980469, 195.83709716796875], [403.8329162597656, 160.89199829101562, 446.8150634765625, 194.5408935546875], [62.479942321777344, 104.47953796386719, 396.503173828125, 320.40155029296875], [142.20184326171875, 180.93565368652344, 148.0799560546875, 194.39418029785156], [454.4930725097656, 174.59373474121094, 466.28704833984375, 193.36988830566406], [367.0704345703125, 108.98030853271484, 500.0160827636719, 310.4010314941406], [287.5193786621094, 154.05136108398438, 310.2537841796875, 180.95140075683594], [440.6883239746094, 162.4936065673828, 453.7359924316406, 193.86666870117188], [0.405825674533844, 108.39166259765625, 223.6884307861328, 261.72528076171875], [276.8319396972656, 144.72589111328125, 299.6562805175781, 184.448486328125], [365.7388610839844, 108.6389389038086, 499.7311706542969, 310.4199523925781], [62.99614715576172, 108.13360595703125, 500.5506286621094, 316.36810302734375], [-0.0429302453994751, 180.51260375976562, 71.02545166015625, 260.6083679199219], [241.8373260498047, 182.6770782470703, 254.00921630859375, 193.26397705078125], [449.3503112792969, 162.1022186279297, 467.28204345703125, 193.14373779296875], [267.81170654296875, 156.56771850585938, 285.8616027832031, 190.29319763183594], [330.177978515625, 150.56932067871094, 351.5063171386719, 174.33140563964844], [236.28407287597656, 172.20074462890625, 268.4115295410156, 194.13494873046875], [-0.24480000138282776, 180.70066833496094, 72.6138916015625, 283.4341125488281], [97.55111694335938, 176.0675811767578, 108.86857604980469, 195.83709716796875], [62.479942321777344, 104.47953796386719, 396.503173828125, 320.40155029296875], [366.08172607421875, 110.88836669921875, 499.0607604980469, 144.9801788330078], [474.0115966796875, 178.73892211914062, 482.2659606933594, 193.38348388671875], [367.0704345703125, 108.98030853271484, 500.0160827636719, 310.4010314941406], [0.1491643488407135, 102.72401428222656, 86.57659912109375, 262.5877685546875], [271.8992004394531, 145.6030731201172, 292.0255432128906, 184.17088317871094], [43.38315963745117, 193.19581604003906, 62.887325286865234, 213.31845092773438], [310.0135498046875, 169.84817504882812, 332.3072509765625, 194.16705322265625], [61.964637756347656, 146.8563995361328, 134.85145568847656, 268.6419982910156], [292.31256103515625, 152.51165771484375, 321.9897155761719, 192.35536193847656], [443.7702331542969, 182.63369750976562, 451.3457336425781, 194.19679260253906], [0.7221102714538574, 103.87232208251953, 389.2268371582031, 268.4334411621094], [444.5026550292969, 184.6248321533203, 451.1913757324219, 194.19497680664062], [322.5572204589844, 145.45457458496094, 336.6046447753906, 166.02378845214844], [225.88723754882812, 173.2034454345703, 244.36280822753906, 208.78262329101562], [400.1089172363281, 148.45852661132812, 415.87213134765625, 173.17410278320312], [365.7388610839844, 108.6389389038086, 499.7311706542969, 310.4199523925781], [44.866634368896484, 195.23825073242188, 59.511775970458984, 212.2252655029297], [282.6177978515625, 154.48190307617188, 357.9984436035156, 195.0732879638672], [329.99072265625, 149.40943908691406, 344.7039489746094, 169.19309997558594], [365.7388610839844, 108.6389389038086, 499.7311706542969, 310.4199523925781], [306.3377685546875, 146.45404052734375, 319.20867919921875, 170.33982849121094], [270.280029296875, 155.00228881835938, 307.66119384765625, 192.9361572265625], [193.144287109375, 178.1350860595703, 214.3536834716797, 194.66957092285156], [74.99443054199219, 108.66387176513672, 380.1660461425781, 197.17115783691406], [283.8324279785156, 154.95040893554688, 307.2786865234375, 184.6054229736328], [112.68926239013672, 172.24240112304688, 128.8072509765625, 195.60659790039062], [347.674560546875, 154.62969970703125, 364.0902099609375, 184.66970825195312], [-0.17743371427059174, 182.97885131835938, 36.82933807373047, 260.1086730957031], [306.41241455078125, 168.451171875, 322.4249267578125, 193.3020477294922], [1.924667477607727, 227.44183349609375, 36.67305374145508, 259.4916687011719], [-0.0429302453994751, 180.51260375976562, 71.02545166015625, 260.6083679199219], [367.0704345703125, 108.98030853271484, 500.0160827636719, 310.4010314941406], [341.9752502441406, 169.44471740722656, 356.8743896484375, 183.916015625], [268.1399841308594, 156.49058532714844, 284.0069274902344, 185.05227661132812], [265.9050598144531, 145.76173400878906, 284.7591857910156, 185.29867553710938], [367.0704345703125, 108.98030853271484, 500.0160827636719, 310.4010314941406], [142.03167724609375, 171.02154541015625, 150.4586944580078, 194.4038848876953], [240.2308807373047, 140.8663787841797, 382.8687438964844, 196.023193359375], [-0.0429302453994751, 180.51260375976562, 71.02545166015625, 260.6083679199219], [206.63792419433594, 15.435260772705078, 225.2715301513672, 27.58002281188965], [254.72962951660156, 145.2144012451172, 286.3275451660156, 192.32464599609375], [373.1785888671875, 148.5033721923828, 411.3404846191406, 278.533203125], [123.10078430175781, 174.7602996826172, 129.9970703125, 195.32350158691406], [62.479942321777344, 104.47953796386719, 396.503173828125, 320.40155029296875], [110.47570037841797, 176.83154296875, 121.30554962158203, 195.8932647705078], [282.3927001953125, 154.73110961914062, 319.4229431152344, 192.5584259033203], [36.23183059692383, 182.0777130126953, 71.3878402709961, 258.7893371582031], [441.7374267578125, 171.8988800048828, 452.5665588378906, 194.14866638183594], [62.479942321777344, 104.47953796386719, 396.503173828125, 320.40155029296875], [252.7648468017578, 145.37905883789062, 286.84637451171875, 192.31317138671875], [234.07176208496094, 141.53704833984375, 321.8357849121094, 194.42398071289062], [206.7247772216797, 145.04348754882812, 304.47662353515625, 196.213623046875], [299.19305419921875, 171.6215362548828, 308.0552978515625, 192.1086883544922], [1.2660771608352661, 182.751220703125, 395.8908996582031, 267.9664001464844], [62.479942321777344, 104.47953796386719, 396.503173828125, 320.40155029296875], [143.43905639648438, 170.2548370361328, 162.05487060546875, 194.91990661621094], [279.1213684082031, 141.8683319091797, 354.7995300292969, 195.24525451660156], [400.405517578125, 148.84588623046875, 420.4305419921875, 194.4234619140625], [297.3476867675781, 171.87815856933594, 308.1634216308594, 192.2725830078125], [0.1491643488407135, 102.72401428222656, 86.57659912109375, 262.5877685546875], [-0.0429302453994751, 180.51260375976562, 71.02545166015625, 260.6083679199219], [241.8373260498047, 182.6770782470703, 254.00921630859375, 193.26397705078125], [389.24603271484375, 31.705371856689453, 405.6197509765625, 41.43508529663086], [258.1231384277344, 183.28538513183594, 269.5052795410156, 193.80569458007812], [365.7388610839844, 108.6389389038086, 499.7311706542969, 310.4199523925781], [224.50277709960938, 172.82281494140625, 243.34165954589844, 210.69403076171875], [442.3111267089844, 164.9633331298828, 463.44659423828125, 252.22854614257812], [142.46774291992188, 177.63438415527344, 149.08236694335938, 194.5224609375], [448.87823486328125, 159.1090850830078, 495.956787109375, 240.0943603515625], [62.479942321777344, 104.47953796386719, 396.503173828125, 320.40155029296875], [283.3246765136719, 169.76559448242188, 307.1460876464844, 192.72073364257812], [307.60943603515625, 149.17156982421875, 319.4924011230469, 170.2014617919922], [490.5863037109375, 174.74795532226562, 499.31689453125, 192.2226104736328], [110.02593994140625, 172.1945037841797, 123.63666534423828, 195.9760284423828], [365.78692626953125, 110.07002258300781, 500.0754089355469, 196.23065185546875], [386.4280700683594, 149.48667907714844, 499.83935546875, 301.22314453125], [73.64617156982422, 109.9837875366211, 382.0915222167969, 200.30752563476562], [62.479942321777344, 104.47953796386719, 396.503173828125, 320.40155029296875], [283.7710266113281, 155.12322998046875, 304.0701599121094, 182.10418701171875], [43.38315963745117, 193.19581604003906, 62.887325286865234, 213.31845092773438], [62.479942321777344, 104.47953796386719, 396.503173828125, 320.40155029296875], [365.7388610839844, 108.6389389038086, 499.7311706542969, 310.4199523925781], [62.318878173828125, 105.23043060302734, 395.96295166015625, 320.1403503417969], [460.3761901855469, 180.15907287597656, 466.74139404296875, 192.9333953857422], [62.479942321777344, 104.47953796386719, 396.503173828125, 320.40155029296875], [365.1770324707031, 109.78496551513672, 499.74609375, 198.9613037109375], [457.1802978515625, 163.21026611328125, 497.8162841796875, 239.7055206298828], [389.24603271484375, 31.705371856689453, 405.6197509765625, 41.43508529663086], [280.48236083984375, 137.6187286376953, 384.3043518066406, 195.44073486328125], [455.02972412109375, 132.9154815673828, 499.82489013671875, 299.8460693359375], [131.55503845214844, 166.98388671875, 147.09364318847656, 194.69407653808594], [156.91847229003906, 179.80540466308594, 162.87619018554688, 195.4958953857422], [365.9293212890625, 109.6651840209961, 499.8879089355469, 201.420166015625], [43.38315963745117, 193.19581604003906, 62.887325286865234, 213.31845092773438], [305.90704345703125, 152.0010528564453, 317.0794677734375, 169.272705078125], [183.58966064453125, 157.07139587402344, 232.54832458496094, 192.63189697265625], [156.4539794921875, 174.78036499023438, 162.97666931152344, 195.33047485351562], [280.7433776855469, 145.74642944335938, 322.3392639160156, 192.91807556152344], [0.8519291877746582, 107.76412200927734, 500.846923828125, 313.8412780761719], [460.6455078125, 146.94993591308594, 498.7378234863281, 298.0133361816406], [-0.0429302453994751, 180.51260375976562, 71.02545166015625, 260.6083679199219], [72.32268524169922, 109.22176361083984, 385.8424377441406, 198.9537811279297], [455.02972412109375, 132.9154815673828, 499.82489013671875, 299.8460693359375], [404.46807861328125, 161.61557006835938, 420.4303283691406, 194.31015014648438], [-0.0429302453994751, 180.51260375976562, 71.02545166015625, 260.6083679199219], [62.318878173828125, 105.23043060302734, 395.96295166015625, 320.1403503417969], [284.6649475097656, 145.20144653320312, 305.5517272949219, 168.4650115966797], [366.50103759765625, 112.08145904541016, 498.9534606933594, 195.5186767578125], [283.2210388183594, 155.3463897705078, 310.22064208984375, 192.52261352539062], [62.318878173828125, 105.23043060302734, 395.96295166015625, 320.1403503417969], [365.7388610839844, 108.6389389038086, 499.7311706542969, 310.4199523925781], [1.924667477607727, 227.44183349609375, 36.67305374145508, 259.4916687011719], [306.41241455078125, 168.451171875, 322.4249267578125, 193.3020477294922], [-0.0429302453994751, 180.51260375976562, 71.02545166015625, 260.6083679199219], [297.3476867675781, 171.87815856933594, 308.1634216308594, 192.2725830078125], [-0.6809420585632324, 180.77574157714844, 70.89527130126953, 260.02740478515625], [284.3673400878906, 169.59812927246094, 305.8929138183594, 192.62074279785156], [287.5193786621094, 154.05136108398438, 310.2537841796875, 180.95140075683594], [365.7388610839844, 108.6389389038086, 499.7311706542969, 310.4199523925781], [62.479942321777344, 104.47953796386719, 396.503173828125, 320.40155029296875], [227.1145782470703, 171.92593383789062, 238.6892547607422, 191.63818359375], [375.22369384765625, 120.36955261230469, 488.8707275390625, 198.09474182128906], [62.318878173828125, 105.23043060302734, 395.96295166015625, 320.1403503417969], [131.27272033691406, 183.38748168945312, 140.14242553710938, 195.04180908203125], [113.7967758178711, 179.7972869873047, 126.31243133544922, 195.74111938476562], [62.479942321777344, 104.47953796386719, 396.503173828125, 320.40155029296875], [306.41241455078125, 168.451171875, 322.4249267578125, 193.3020477294922], [376.0493469238281, 144.79669189453125, 419.3504333496094, 224.34844970703125], [365.7388610839844, 108.6389389038086, 499.7311706542969, 310.4199523925781], [72.10337829589844, 108.3097915649414, 384.75244140625, 199.5216522216797], [299.19305419921875, 171.6215362548828, 308.0552978515625, 192.1086883544922], [240.59373474121094, 144.7202911376953, 289.1328430175781, 192.79319763183594], [43.38315963745117, 193.19581604003906, 62.887325286865234, 213.31845092773438], [61.19306564331055, 5.291595935821533, 396.6199645996094, 314.16741943359375], [178.5897674560547, 178.51510620117188, 194.41983032226562, 193.95188903808594], [283.6778259277344, 144.33624267578125, 312.1053466796875, 182.96661376953125], [389.24603271484375, 31.705371856689453, 405.6197509765625, 41.43508529663086]), Score: [0.9476250410079956, 0.8518806099891663, 0.21505087614059448, 0.14612136781215668, 0.10449099540710449, 0.09973259270191193, 0.09705528616905212, 0.09702327847480774, 0.08495528995990753, 0.08449144661426544, 0.07651259005069733, 0.06754619628190994, 0.06341134011745453, 0.06037803366780281, 0.058482035994529724, 0.05685022473335266, 0.054797086864709854, 0.05387956276535988, 0.053304463624954224, 0.0532149001955986, 0.05270940437912941, 0.05097498372197151, 0.05069013684988022, 0.0502997487783432, 0.04988392814993858, 0.04877723008394241, 0.048667069524526596, 0.04728245735168457, 0.04599733278155327, 0.04559044539928436, 0.04512704536318779, 0.043269187211990356, 0.042301446199417114, 0.042241428047418594, 0.04214415326714516, 0.04213302209973335, 0.04211778566241264, 0.040886834263801575, 0.040544960647821426, 0.03966209664940834, 0.03764956817030907, 0.03687344491481781, 0.03668252378702164, 0.036654453724622726, 0.03592803329229355, 0.03482130914926529, 0.03461296111345291, 0.03447730094194412, 0.033751633018255234, 0.03332367166876793, 0.03316093981266022, 0.0325937382876873, 0.03242969512939453, 0.03240859508514404, 0.03213808685541153, 0.031660404056310654, 0.031444549560546875, 0.03090907447040081, 0.030835935845971107, 0.03019695170223713, 0.029536772519350052, 0.029429981485009193, 0.029306994751095772, 0.028860021382570267, 0.028788026422262192, 0.027921203523874283, 0.027488790452480316, 0.02736058458685875, 0.02707514353096485, 0.02705150656402111, 0.026994047686457634, 0.026868371292948723, 0.026862014085054398, 0.02671520784497261, 0.026136422529816628, 0.026120144873857498, 0.02592514455318451, 0.025538934394717216, 0.024984056130051613, 0.02495117485523224, 0.024747151881456375, 0.024442140012979507, 0.024228902533650398, 0.0240919329226017, 0.02370268851518631, 0.02356759086251259, 0.023543696850538254, 0.023387204855680466, 0.02336491085588932, 0.02335255779325962, 0.02305654063820839, 0.022778848186135292, 0.0227616336196661, 0.022693922743201256, 0.022667251527309418, 0.02253635786473751, 0.022215310484170914, 0.02219693921506405, 0.0219544880092144, 0.021807322278618813, 0.02178524062037468, 0.021520644426345825, 0.02143165096640587, 0.021396711468696594, 0.02137012593448162, 0.02109508402645588, 0.021053802222013474, 0.021030841395258904, 0.020971758291125298, 0.020940769463777542, 0.020750436931848526, 0.020719826221466064, 0.02063607983291149, 0.02055911347270012, 0.020525477826595306, 0.02050117775797844, 0.02042906917631626, 0.02038160338997841, 0.02031562849879265, 0.02028627321124077, 0.02006191574037075, 0.020047344267368317, 0.019629228860139847, 0.019585149362683296, 0.019507475197315216, 0.019368017092347145, 0.01924905739724636, 0.019225414842367172, 0.018957415595650673, 0.018880650401115417, 0.018862077966332436, 0.01882237009704113, 0.01876028999686241, 0.01862996816635132, 0.018624184653162956, 0.01856217533349991, 0.018521660938858986, 0.018469644710421562, 0.01840383931994438, 0.01833544671535492, 0.018206007778644562, 0.0181953776627779, 0.017987068742513657, 0.01798040047287941, 0.017734339460730553, 0.017617976292967796, 0.01760871894657612, 0.017602963373064995, 0.01749243773519993, 0.01748122274875641, 0.01740649715065956, 0.017302941530942917, 0.017174463719129562, 0.01709315925836563, 0.017059272155165672, 0.017052477225661278, 0.016887277364730835, 0.016866637393832207, 0.01683024689555168, 0.01678341254591942, 0.016714733093976974, 0.016694625839591026, 0.01659815013408661, 0.016569478437304497, 0.016563892364501953, 0.016528936102986336, 0.016491910442709923, 0.016303792595863342, 0.01627509482204914, 0.01626729406416416, 0.016207918524742126, 0.01613187976181507, 0.016076717525720596, 0.015987729653716087, 0.015963494777679443, 0.015933016315102577, 0.015774289146065712, 0.015671223402023315, 0.015528017655014992, 0.015492305159568787, 0.01542599219828844, 0.015344290062785149, 0.015340790152549744, 0.015310056507587433, 0.015202405862510204, 0.015188263729214668, 0.015091689303517342, 0.015087146311998367, 0.015021823346614838, 0.014988550916314125, 0.014813147485256195, 0.014738110825419426, 0.014685152098536491, 0.01447709184139967, 0.01447608508169651, 0.014419682323932648, 0.014337279833853245, 0.014330873265862465, 0.014317994005978107, 0.014244431629776955, 0.014218615368008614, 0.01420116238296032, 0.014177810400724411, 0.014147750101983547, 0.01398186944425106, 0.01396228652447462, 0.013950455002486706, 0.01386292465031147, 0.013836059719324112, 0.013764867559075356, 0.013746987096965313, 0.01372798066586256, 0.01371286902576685, 0.01368636917322874, 0.013684418052434921, 0.013683979399502277, 0.013603472150862217, 0.013547305949032307, 0.0135453250259161, 0.013456426560878754, 0.013432551175355911, 0.013314907439053059, 0.013222566805779934, 0.013173846527934074, 0.013119091279804707, 0.01309728529304266, 0.01309723686426878, 0.013051423244178295, 0.013028956018388271, 0.013022408820688725, 0.012936939485371113, 0.01293609943240881, 0.012879305519163609, 0.012796126306056976, 0.012770580127835274, 0.012749910354614258, 0.012704579159617424, 0.012681853026151657, 0.012663966044783592, 0.01263040117919445, 0.012606743723154068, 0.01259403582662344, 0.012579766102135181, 0.012566262856125832, 0.012554173357784748, 0.012526646256446838, 0.012491922825574875, 0.012461959384381771, 0.012449881993234158, 0.012347910553216934, 0.01234414428472519, 0.012240138836205006, 0.012238559313118458, 0.012224934995174408, 0.012184315361082554, 0.012174798175692558, 0.012159919366240501, 0.01210708450525999, 0.012103943154215813, 0.012101600877940655, 0.012042399495840073, 0.01202744897454977, 0.01200875360518694, 0.012004273943603039, 0.011997195892035961, 0.011967112310230732, 0.011966143734753132, 0.011932061053812504, 0.011899987235665321, 0.011840114369988441, 0.011802593246102333, 0.011771833524107933, 0.011715281754732132, 0.011699954979121685, 0.011661284603178501, 0.011625134386122227, 0.011593454517424107, 0.011581013910472393, 0.011564305983483791, 0.011556641198694706, 0.011514953337609768, 0.011500563472509384, 0.01148997526615858, 0.011429885402321815, 0.011403626762330532, 0.011387602426111698, 0.011329959146678448, 0.011299947276711464, 0.011239515617489815, 0.011200828477740288, 0.011169017292559147, 0.011157515458762646, 0.011138581670820713, 0.011094968765974045, 0.011090465821325779, 0.01103926356881857, 0.010969961062073708, 0.01096559502184391, 0.010949208401143551, 0.01093275286257267]

Execution time: 0.4081 sec
