Label: tensor([ 0, 56, 59, 55, 59, 59, 57,  0, 60,  0, 59, 56, 59,  0, 56,  0, 57, 56,
        73, 60, 56,  0,  0, 59, 16, 59, 59, 77,  0, 62, 63,  0, 59, 56, 59, 43,
        56, 28, 63,  0, 56, 28,  0, 56, 57, 56, 61, 56, 56, 77, 18, 57,  0, 65,
        57, 59, 56, 59, 59, 19,  0, 59, 59, 59, 59, 56, 56, 56, 20, 77, 59, 60,
        13, 59, 60, 59, 56, 60, 71, 56, 16, 56, 37,  0, 19, 79, 56,  6, 59, 16,
        59,  0, 57, 60, 59, 77, 77, 13, 59, 13,  0,  0, 77, 77, 59, 55, 59, 60,
        14,  0, 17, 59, 77, 56, 59, 72, 56, 55, 60, 60, 61, 56, 60, 44, 72, 59,
        56, 56, 56, 60, 73,  8, 15, 73,  0, 18, 56, 55, 60,  0, 73,  0, 77,  4,
        57, 56,  0, 73, 77, 56, 59, 59, 57, 59,  0, 59, 70,  0, 57,  4, 59, 59,
        59, 77, 76,  0, 59, 56, 57, 56, 64,  0, 57, 20, 60, 59, 60, 56, 56, 56,
         0,  0, 72, 56, 30, 59, 59, 57, 77, 59, 56, 56, 59, 59, 59, 59, 71, 56,
        18, 16, 73, 56, 59, 59, 73, 59, 59, 52, 15, 56, 13, 56, 56, 59, 55,  0,
        36, 59, 59, 13, 56, 56, 56, 56, 56, 56, 59, 56, 59, 57, 59, 57, 57, 57,
        45, 77, 13, 72, 59, 63, 56, 60, 27, 56, 63,  0,  0, 56,  0, 59, 59, 69,
        60, 19,  0, 56, 59, 57, 56, 14, 59, 60, 59, 56, 18, 56, 56, 59, 63, 56,
        60, 56, 57, 56, 77, 60, 28,  0,  4, 56, 28, 57,  2, 68, 56, 77, 56, 77,
        24, 28, 13, 60,  0, 59, 46,  0, 60, 73, 56, 59]), Box: ([75.8751449584961, 120.29271697998047, 369.18853759765625, 364.5607604980469], [1.847684383392334, -0.3231614828109741, 467.0745544433594, 374.14581298828125], [1.847684383392334, -0.3231614828109741, 467.0745544433594, 374.14581298828125], [1.847684383392334, -0.3231614828109741, 467.0745544433594, 374.14581298828125], [-0.47767162322998047, -0.24061650037765503, 499.51641845703125, 374.75421142578125], [18.67639923095703, 337.503173828125, 500.61602783203125, 374.7889404296875], [0.572696328163147, -0.4509575664997101, 464.348388671875, 370.4004211425781], [0.9429417848587036, 0.058298930525779724, 82.68548583984375, 55.415897369384766], [18.67639923095703, 337.503173828125, 500.61602783203125, 374.7889404296875], [0.20721182227134705, 1.2725181579589844, 106.39317321777344, 374.9329528808594], [0.20721182227134705, 1.2725181579589844, 106.39317321777344, 374.9329528808594], [347.6772766113281, 0.3127679228782654, 500.2754211425781, 256.65106201171875], [75.54389190673828, -0.3369525074958801, 462.6559143066406, 365.65667724609375], [1.6899480819702148, -0.20758621394634247, 146.88795471191406, 52.697322845458984], [461.3757629394531, 143.43240356445312, 499.89849853515625, 262.3037414550781], [2.4063289165496826, -0.5224496126174927, 364.24957275390625, 374.4640808105469], [1.1715739965438843, -0.6920434236526489, 467.8734436035156, 371.5815734863281], [349.7629089355469, 0.06375275552272797, 500.00042724609375, 135.18988037109375], [18.67639923095703, 337.503173828125, 500.61602783203125, 374.7889404296875], [461.3757629394531, 143.43240356445312, 499.89849853515625, 262.3037414550781], [445.8394470214844, 95.42215728759766, 500.0348815917969, 261.7822265625], [0.5950629711151123, 0.408075749874115, 143.97381591796875, 375.40411376953125], [0.7116496562957764, -0.06997212767601013, 228.92056274414062, 374.8996276855469], [-0.1150369644165039, 0.0569075345993042, 499.8794860839844, 375.0526123046875], [0.572696328163147, -0.4509575664997101, 464.348388671875, 370.4004211425781], [0.5095303058624268, 0.45655667781829834, 500.49566650390625, 159.4883575439453], [0.17938017845153809, 334.9994812011719, 500.107421875, 374.8106689453125], [1.847684383392334, -0.3231614828109741, 467.0745544433594, 374.14581298828125], [0.743374228477478, -0.29367953538894653, 231.461669921875, 58.376548767089844], [349.7629089355469, 0.06375275552272797, 500.00042724609375, 135.18988037109375], [-0.47767162322998047, -0.24061650037765503, 499.51641845703125, 374.75421142578125], [1.4787540435791016, -0.33906474709510803, 228.1983184814453, 52.7629280090332], [0.572696328163147, -0.4509575664997101, 464.348388671875, 370.4004211425781], [-0.30312779545783997, 173.2088623046875, 27.928531646728516, 375.2095642089844], [0.3434419631958008, 0.7818304300308228, 500.3371887207031, 259.7855224609375], [18.67639923095703, 337.503173828125, 500.61602783203125, 374.7889404296875], [451.43841552734375, 137.92636108398438, 499.6864929199219, 340.96173095703125], [1.847684383392334, -0.3231614828109741, 467.0745544433594, 374.14581298828125], [18.67639923095703, 337.503173828125, 500.61602783203125, 374.7889404296875], [3.4523754119873047, 0.005990266799926758, 252.451416015625, 374.8437805175781], [423.94830322265625, 92.73526763916016, 500.0877380371094, 262.094970703125], [-0.47767162322998047, -0.24061650037765503, 499.51641845703125, 374.75421142578125], [0.13966858386993408, -0.11492148041725159, 161.0779266357422, 74.0251235961914], [373.67913818359375, -0.008147209882736206, 500.5291748046875, 257.01495361328125], [-0.47767162322998047, -0.24061650037765503, 499.51641845703125, 374.75421142578125], [0.20721182227134705, 1.2725181579589844, 106.39317321777344, 374.9329528808594], [18.67639923095703, 337.503173828125, 500.61602783203125, 374.7889404296875], [350.8251953125, 0.630687952041626, 500.1694641113281, 342.246337890625], [-0.47767162322998047, -0.24061650037765503, 499.51641845703125, 374.75421142578125], [75.54389190673828, -0.3369525074958801, 462.6559143066406, 365.65667724609375], [311.81365966796875, 114.27133178710938, 362.4834289550781, 168.42523193359375], [349.7629089355469, 0.06375275552272797, 500.00042724609375, 135.18988037109375], [0.982917845249176, -0.093117356300354, 203.50599670410156, 374.77239990234375], [18.67639923095703, 337.503173828125, 500.61602783203125, 374.7889404296875], [-0.1150369644165039, 0.0569075345993042, 499.8794860839844, 375.0526123046875], [0.8460730314254761, 252.31439208984375, 500.3776550292969, 374.52606201171875], [444.72772216796875, 94.00349426269531, 500.08123779296875, 256.5264892578125], [-0.1397170126438141, 60.6633415222168, 105.49971771240234, 374.8683166503906], [15.038639068603516, 309.545654296875, 500.3663330078125, 374.5783996582031], [311.81365966796875, 114.27133178710938, 362.4834289550781, 168.42523193359375], [75.54389190673828, -0.3369525074958801, 462.6559143066406, 365.65667724609375], [0.8414983749389648, 255.4844970703125, 500.4562072753906, 374.78961181640625], [2.089545249938965, -0.14369376003742218, 500.38873291015625, 163.05897521972656], [0.5450844764709473, 270.5918273925781, 500.50604248046875, 374.73248291015625], [237.3450164794922, 337.3158874511719, 500.3089904785156, 374.982666015625], [473.951171875, 158.7665252685547, 500.259765625, 260.21746826171875], [-0.1397170126438141, 60.6633415222168, 105.49971771240234, 374.8683166503906], [75.54389190673828, -0.3369525074958801, 462.6559143066406, 365.65667724609375], [311.81365966796875, 114.27133178710938, 362.4834289550781, 168.42523193359375], [250.98934936523438, 277.0736083984375, 351.6408996582031, 362.7735595703125], [0.5950629711151123, 0.408075749874115, 143.97381591796875, 375.40411376953125], [462.24530029296875, 142.28805541992188, 499.89837646484375, 160.31509399414062], [461.3757629394531, 143.43240356445312, 499.89849853515625, 262.3037414550781], [0.7116496562957764, -0.06997212767601013, 228.92056274414062, 374.8996276855469], [0.17938017845153809, 334.9994812011719, 500.107421875, 374.8106689453125], [349.7629089355469, 0.06375275552272797, 500.00042724609375, 135.18988037109375], [18.67639923095703, 337.503173828125, 500.61602783203125, 374.7889404296875], [452.2538146972656, 113.72203826904297, 499.8949890136719, 136.708251953125], [18.67639923095703, 337.503173828125, 500.61602783203125, 374.7889404296875], [0.9429417848587036, 0.058298930525779724, 82.68548583984375, 55.415897369384766], [1.1715739965438843, -0.6920434236526489, 467.8734436035156, 371.5815734863281], [342.22509765625, -0.12163817882537842, 499.9078063964844, 173.34664916992188], [18.67639923095703, 337.503173828125, 500.61602783203125, 374.7889404296875], [-0.47767162322998047, -0.24061650037765503, 499.51641845703125, 374.75421142578125], [0.572696328163147, -0.4509575664997101, 464.348388671875, 370.4004211425781], [18.67639923095703, 337.503173828125, 500.61602783203125, 374.7889404296875], [0.3795372247695923, -0.30288565158843994, 24.66632843017578, 58.81437301635742], [18.67639923095703, 337.503173828125, 500.61602783203125, 374.7889404296875], [141.9744110107422, 337.2418212890625, 499.7492980957031, 375.22607421875], [311.81365966796875, 114.27133178710938, 362.4834289550781, 168.42523193359375], [347.6772766113281, 0.3127679228782654, 500.2754211425781, 256.65106201171875], [6.672121524810791, 0.09204167872667313, 80.04020690917969, 48.07303237915039], [347.6772766113281, 0.3127679228782654, 500.2754211425781, 256.65106201171875], [349.7629089355469, 0.06375275552272797, 500.00042724609375, 135.18988037109375], [1.9383728504180908, 0.4445146918296814, 499.4554748535156, 109.3901138305664], [218.361083984375, 278.04693603515625, 351.8532409667969, 363.78509521484375], [0.20721182227134705, 1.2725181579589844, 106.39317321777344, 374.9329528808594], [0.572696328163147, -0.4509575664997101, 464.348388671875, 370.4004211425781], [0.6153285503387451, 270.06268310546875, 500.6103515625, 374.9691467285156], [18.67639923095703, 337.503173828125, 500.61602783203125, 374.7889404296875], [0.16355887055397034, 0.06119348108768463, 84.24015045166016, 118.92443084716797], [-0.1397170126438141, 60.6633415222168, 105.49971771240234, 374.8683166503906], [-0.47767162322998047, -0.24061650037765503, 499.51641845703125, 374.75421142578125], [2.4063289165496826, -0.5224496126174927, 364.24957275390625, 374.4640808105469], [350.8251953125, 0.630687952041626, 500.1694641113281, 342.246337890625], [75.54389190673828, -0.3369525074958801, 462.6559143066406, 365.65667724609375], [0.44527649879455566, 207.7513885498047, 500.43988037109375, 374.86181640625], [451.43841552734375, 137.92636108398438, 499.6864929199219, 340.96173095703125], [311.81365966796875, 114.27133178710938, 362.4834289550781, 168.42523193359375], [1.9073039293289185, 12.879274368286133, 344.35546875, 374.09442138671875], [311.81365966796875, 114.27133178710938, 362.4834289550781, 168.42523193359375], [197.02589416503906, 0.3305263817310333, 500.24609375, 156.92872619628906], [1.6899480819702148, -0.20758621394634247, 146.88795471191406, 52.697322845458984], [276.8667297363281, 0.015227124094963074, 499.2056579589844, 137.72579956054688], [2.4063289165496826, -0.5224496126174927, 364.24957275390625, 374.4640808105469], [347.6772766113281, 0.3127679228782654, 500.2754211425781, 256.65106201171875], [452.0965576171875, 241.1859130859375, 499.9975891113281, 341.11004638671875], [-0.47767162322998047, -0.24061650037765503, 499.51641845703125, 374.75421142578125], [445.8394470214844, 95.42215728759766, 500.0348815917969, 261.7822265625], [462.0306091308594, 142.81202697753906, 499.934814453125, 201.06321716308594], [-0.47767162322998047, -0.24061650037765503, 499.51641845703125, 374.75421142578125], [0.8460730314254761, 252.31439208984375, 500.3776550292969, 374.52606201171875], [347.6772766113281, 0.3127679228782654, 500.2754211425781, 256.65106201171875], [18.67639923095703, 337.503173828125, 500.61602783203125, 374.7889404296875], [349.7629089355469, 0.06375275552272797, 500.00042724609375, 135.18988037109375], [0.37300586700439453, 204.16107177734375, 500.3676452636719, 375.1107177734375], [378.34735107421875, 0.04152953624725342, 500.5503234863281, 134.31689453125], [425.6888427734375, 93.34996032714844, 499.9654541015625, 135.7116241455078], [1.6899480819702148, -0.20758621394634247, 146.88795471191406, 52.697322845458984], [237.3450164794922, 337.3158874511719, 500.3089904785156, 374.982666015625], [425.6888427734375, 93.34996032714844, 499.9654541015625, 135.7116241455078], [18.67639923095703, 337.503173828125, 500.61602783203125, 374.7889404296875], [311.81365966796875, 114.27133178710938, 362.4834289550781, 168.42523193359375], [349.7629089355469, 0.06375275552272797, 500.00042724609375, 135.18988037109375], [-0.30312779545783997, 173.2088623046875, 27.928531646728516, 375.2095642089844], [75.54389190673828, -0.3369525074958801, 462.6559143066406, 365.65667724609375], [451.85516357421875, 197.52064514160156, 499.88970947265625, 341.2297668457031], [250.98934936523438, 277.0736083984375, 351.6408996582031, 362.7735595703125], [0.5095303058624268, 0.45655667781829834, 500.49566650390625, 159.4883575439453], [311.81365966796875, 114.27133178710938, 362.4834289550781, 168.42523193359375], [473.951171875, 158.7665252685547, 500.259765625, 260.21746826171875], [329.3338317871094, 121.74845123291016, 359.5960693359375, 165.70387268066406], [0.9429417848587036, 0.058298930525779724, 82.68548583984375, 55.415897369384766], [1.847684383392334, -0.3231614828109741, 467.0745544433594, 374.14581298828125], [276.8667297363281, 0.015227124094963074, 499.2056579589844, 137.72579956054688], [414.5553283691406, 79.36766052246094, 500.017822265625, 143.5214080810547], [-0.08728913962841034, 3.361578941345215, 32.58308029174805, 374.5198059082031], [237.3450164794922, 337.3158874511719, 500.3089904785156, 374.982666015625], [0.5950629711151123, 0.408075749874115, 143.97381591796875, 375.40411376953125], [0.36922842264175415, 176.7034454345703, 65.68984985351562, 375.2102355957031], [276.8667297363281, 0.015227124094963074, 499.2056579589844, 137.72579956054688], [0.7226318120956421, 196.56126403808594, 500.2882385253906, 375.2157897949219], [350.8251953125, 0.630687952041626, 500.1694641113281, 342.246337890625], [451.43841552734375, 137.92636108398438, 499.6864929199219, 340.96173095703125], [0.3795372247695923, -0.30288565158843994, 24.66632843017578, 58.81437301635742], [343.16162109375, 337.3686828613281, 500.59521484375, 375.1759948730469], [1.847684383392334, -0.3231614828109741, 467.0745544433594, 374.14581298828125], [4.802227020263672, -0.17585232853889465, 238.8310546875, 374.4627990722656], [18.67639923095703, 337.503173828125, 500.61602783203125, 374.7889404296875], [18.67639923095703, 337.503173828125, 500.61602783203125, 374.7889404296875], [1.0068267583847046, 0.24719908833503723, 462.2994689941406, 253.70787048339844], [26.190593719482422, 263.00640869140625, 498.98028564453125, 374.18341064453125], [74.3285140991211, -1.1307634115219116, 462.26116943359375, 314.75], [0.7116496562957764, -0.06997212767601013, 228.92056274414062, 374.8996276855469], [18.67639923095703, 337.503173828125, 500.61602783203125, 374.7889404296875], [1.8223896026611328, -0.04661455750465393, 174.96315002441406, 374.8717346191406], [162.43894958496094, 337.78912353515625, 500.2652893066406, 375.28704833984375], [0.572696328163147, -0.4509575664997101, 464.348388671875, 370.4004211425781], [-0.870436429977417, -0.06895512342453003, 499.0701904296875, 374.2763366699219], [-0.1150369644165039, 0.0569075345993042, 499.8794860839844, 375.0526123046875], [1.847684383392334, -0.3231614828109741, 467.0745544433594, 374.14581298828125], [0.005200505256652832, -0.058941543102264404, 155.7642059326172, 307.8501892089844], [75.54389190673828, -0.3369525074958801, 462.6559143066406, 365.65667724609375], [1.847684383392334, -0.3231614828109741, 467.0745544433594, 374.14581298828125], [0.3434419631958008, 0.7818304300308228, 500.3371887207031, 259.7855224609375], [1.1715739965438843, -0.6920434236526489, 467.8734436035156, 371.5815734863281], [423.94830322265625, 92.73526763916016, 500.0877380371094, 262.094970703125], [475.1958923339844, 192.6779327392578, 499.5491638183594, 258.32476806640625], [400.07379150390625, 0.01276843249797821, 500.4464416503906, 119.5880126953125], [0.44527649879455566, 207.7513885498047, 500.43988037109375, 374.86181640625], [-0.1150369644165039, 0.0569075345993042, 499.8794860839844, 375.0526123046875], [-0.15860050916671753, 0.261940062046051, 88.7006607055664, 375.00885009765625], [18.67639923095703, 337.503173828125, 500.61602783203125, 374.7889404296875], [0.8414983749389648, 255.4844970703125, 500.4562072753906, 374.78961181640625], [18.67639923095703, 337.503173828125, 500.61602783203125, 374.7889404296875], [0.08726119995117188, 176.4873504638672, 500.08154296875, 375.0562744140625], [185.4394989013672, 0.6475187540054321, 463.15447998046875, 364.26641845703125], [342.22509765625, -0.12163817882537842, 499.9078063964844, 173.34664916992188], [311.81365966796875, 114.27133178710938, 362.4834289550781, 168.42523193359375], [0.619351863861084, 244.25765991210938, 500.5780334472656, 375.20159912109375], [0.5950629711151123, 0.408075749874115, 143.97381591796875, 375.40411376953125], [0.17938017845153809, 334.9994812011719, 500.107421875, 374.8106689453125], [-1.185089349746704, 91.32749938964844, 498.79840087890625, 374.84857177734375], [461.3757629394531, 143.43240356445312, 499.89849853515625, 262.3037414550781], [-0.41735172271728516, 336.3122863769531, 499.57562255859375, 374.96160888671875], [1.4787540435791016, -0.33906474709510803, 228.1983184814453, 52.7629280090332], [237.3450164794922, 337.3158874511719, 500.3089904785156, 374.982666015625], [0.5450844764709473, 270.5918273925781, 500.50604248046875, 374.73248291015625], [1.847684383392334, -0.3231614828109741, 467.0745544433594, 374.14581298828125], [329.3338317871094, 121.74845123291016, 359.5960693359375, 165.70387268066406], [461.3757629394531, 143.43240356445312, 499.89849853515625, 262.3037414550781], [322.39215087890625, -0.33224746584892273, 499.9083251953125, 374.14056396484375], [0.5291402339935303, 159.08596801757812, 499.8624572753906, 375.52020263671875], [3.4523754119873047, 0.005990266799926758, 252.451416015625, 374.8437805175781], [452.2538146972656, 113.72203826904297, 499.8949890136719, 136.708251953125], [342.22509765625, -0.12163817882537842, 499.9078063964844, 173.34664916992188], [-0.08778274059295654, 0.474046915769577, 471.1031799316406, 255.61099243164062], [18.67639923095703, 337.503173828125, 500.61602783203125, 374.7889404296875], [1.847684383392334, -0.3231614828109741, 467.0745544433594, 374.14581298828125], [350.9669189453125, -0.2739373445510864, 499.8227844238281, 87.29136657714844], [445.8394470214844, 95.42215728759766, 500.0348815917969, 261.7822265625], [197.02589416503906, 0.3305263817310333, 500.24609375, 156.92872619628906], [446.0182189941406, 94.53942108154297, 499.1983642578125, 119.06245422363281], [0.3214031457901001, 160.59805297851562, 500.22698974609375, 375.4093017578125], [18.67639923095703, 337.503173828125, 500.61602783203125, 374.7889404296875], [0.4907175898551941, -0.42786821722984314, 232.30642700195312, 167.66519165039062], [18.67639923095703, 337.503173828125, 500.61602783203125, 374.7889404296875], [0.982917845249176, -0.093117356300354, 203.50599670410156, 374.77239990234375], [72.7562026977539, 0.22231042385101318, 478.6236572265625, 261.1440124511719], [1.1715739965438843, -0.6920434236526489, 467.8734436035156, 371.5815734863281], [2.396523952484131, 124.24887084960938, 497.7763366699219, 375.2001953125], [0.37300586700439453, 204.16107177734375, 500.3676452636719, 375.1107177734375], [389.6455383300781, 25.725379943847656, 500.4967346191406, 140.36676025390625], [0.08726119995117188, 176.4873504638672, 500.08154296875, 375.0562744140625], [15.038639068603516, 309.545654296875, 500.3663330078125, 374.5783996582031], [308.4156494140625, -0.2926960587501526, 500.12689208984375, 343.4686584472656], [0.743374228477478, -0.29367953538894653, 231.461669921875, 58.376548767089844], [-0.16443896293640137, 97.43952178955078, 29.112699508666992, 375.3034362792969], [2.396523952484131, 124.24887084960938, 497.7763366699219, 375.2001953125], [0.9429417848587036, 0.058298930525779724, 82.68548583984375, 55.415897369384766], [208.751708984375, -0.4941411316394806, 499.7106018066406, 374.4822082519531], [0.5095303058624268, 0.45655667781829834, 500.49566650390625, 159.4883575439453], [0.20721182227134705, 1.2725181579589844, 106.39317321777344, 374.9329528808594], [373.67913818359375, -0.008147209882736206, 500.5291748046875, 257.01495361328125], [-0.47767162322998047, -0.24061650037765503, 499.51641845703125, 374.75421142578125], [1.4787540435791016, -0.33906474709510803, 228.1983184814453, 52.7629280090332], [347.6772766113281, 0.3127679228782654, 500.2754211425781, 256.65106201171875], [350.8251953125, 0.630687952041626, 500.1694641113281, 342.246337890625], [452.0965576171875, 241.1859130859375, 499.9975891113281, 341.11004638671875], [349.7629089355469, 0.06375275552272797, 500.00042724609375, 135.18988037109375], [0.2798698842525482, 150.71249389648438, 102.56806182861328, 374.9745788574219], [0.572696328163147, -0.4509575664997101, 464.348388671875, 370.4004211425781], [74.29133605957031, 0.2079494297504425, 218.12136840820312, 160.98182678222656], [0.5291402339935303, 159.08596801757812, 499.8624572753906, 375.52020263671875], [0.17938017845153809, 334.9994812011719, 500.107421875, 374.8106689453125], [0.4309210777282715, -0.028487294912338257, 49.2273063659668, 95.74199676513672], [332.2047119140625, 124.2446517944336, 348.1225280761719, 161.9736785888672], [26.190593719482422, 263.00640869140625, 498.98028564453125, 374.18341064453125], [1.847684383392334, -0.3231614828109741, 467.0745544433594, 374.14581298828125], [1.6899480819702148, -0.20758621394634247, 146.88795471191406, 52.697322845458984], [373.67913818359375, -0.008147209882736206, 500.5291748046875, 257.01495361328125], [349.7629089355469, 0.06375275552272797, 500.00042724609375, 135.18988037109375], [141.9744110107422, 337.2418212890625, 499.7492980957031, 375.22607421875], [1.1715739965438843, -0.6920434236526489, 467.8734436035156, 371.5815734863281], [0.4334673285484314, -0.5535855889320374, 226.8418426513672, 225.56101989746094], [436.4698181152344, 313.4223327636719, 456.9292297363281, 344.9541320800781], [0.9846985340118408, 0.5945619344711304, 500.97967529296875, 100.2849349975586], [1.6899480819702148, -0.20758621394634247, 146.88795471191406, 52.697322845458984], [0.7116496562957764, -0.06997212767601013, 228.92056274414062, 374.8996276855469], [329.3338317871094, 121.74845123291016, 359.5960693359375, 165.70387268066406], [0.2478957176208496, 0.3213202655315399, 473.9407653808594, 67.8869857788086], [-0.47767162322998047, -0.24061650037765503, 499.51641845703125, 374.75421142578125], [322.39215087890625, -0.33224746584892273, 499.9083251953125, 374.14056396484375], [1.4787540435791016, -0.33906474709510803, 228.1983184814453, 52.7629280090332], [0.572696328163147, -0.4509575664997101, 464.348388671875, 370.4004211425781], [0.6153285503387451, 270.06268310546875, 500.6103515625, 374.9691467285156], [0.7226318120956421, 196.56126403808594, 500.2882385253906, 375.2157897949219], [0.9429417848587036, 0.058298930525779724, 82.68548583984375, 55.415897369384766], [-0.1150369644165039, 0.0569075345993042, 499.8794860839844, 375.0526123046875], [-0.08728913962841034, 3.361578941345215, 32.58308029174805, 374.5198059082031], [0.8460730314254761, 252.31439208984375, 500.3776550292969, 374.52606201171875], [452.2538146972656, 113.72203826904297, 499.8949890136719, 136.708251953125], [0.17938017845153809, 334.9994812011719, 500.107421875, 374.8106689453125], [0.3214031457901001, 160.59805297851562, 500.22698974609375, 375.4093017578125], [329.3338317871094, 121.74845123291016, 359.5960693359375, 165.70387268066406], [350.8251953125, 0.630687952041626, 500.1694641113281, 342.246337890625], [0.572696328163147, -0.4509575664997101, 464.348388671875, 370.4004211425781], [0.4002302885055542, -0.5314797163009644, 342.447509765625, 374.4646301269531], [311.81365966796875, 114.27133178710938, 362.4834289550781, 168.42523193359375], [462.0306091308594, 142.81202697753906, 499.934814453125, 201.06321716308594], [-0.1150369644165039, 0.0569075345993042, 499.8794860839844, 375.0526123046875], [1.847684383392334, -0.3231614828109741, 467.0745544433594, 374.14581298828125], [1.847684383392334, -0.3231614828109741, 467.0745544433594, 374.14581298828125], [349.7629089355469, 0.06375275552272797, 500.00042724609375, 135.18988037109375], [476.14276123046875, 158.41798400878906, 499.9189453125, 200.7762451171875], [0.572696328163147, -0.4509575664997101, 464.348388671875, 370.4004211425781], [0.743374228477478, -0.29367953538894653, 231.461669921875, 58.376548767089844], [0.743374228477478, -0.29367953538894653, 231.461669921875, 58.376548767089844], [0.572696328163147, -0.4509575664997101, 464.348388671875, 370.4004211425781], [349.7629089355469, 0.06375275552272797, 500.00042724609375, 135.18988037109375], [349.7629089355469, 0.06375275552272797, 500.00042724609375, 135.18988037109375], [197.02589416503906, 0.3305263817310333, 500.24609375, 156.92872619628906], [5.466215133666992, 0.5739480257034302, 242.14759826660156, 374.5168762207031], [1.9073039293289185, 12.879274368286133, 344.35546875, 374.09442138671875], [311.81365966796875, 114.27133178710938, 362.4834289550781, 168.42523193359375], [0.5095303058624268, 0.45655667781829834, 500.49566650390625, 159.4883575439453], [-0.1150369644165039, 0.0569075345993042, 499.8794860839844, 375.0526123046875], [476.14276123046875, 158.41798400878906, 499.9189453125, 200.7762451171875], [0.3434419631958008, 0.7818304300308228, 500.3371887207031, 259.7855224609375], [25.535791397094727, 241.6334228515625, 500.06402587890625, 374.5794372558594]), Score: [0.9088455438613892, 0.638798713684082, 0.5490037202835083, 0.21951445937156677, 0.2050265371799469, 0.18085743486881256, 0.16019509732723236, 0.13892625272274017, 0.13712531328201294, 0.13542819023132324, 0.12980468571186066, 0.1267794668674469, 0.12244732677936554, 0.11877128481864929, 0.11743240058422089, 0.11170100420713425, 0.10509859025478363, 0.10364873707294464, 0.0999678298830986, 0.09944494813680649, 0.09939201176166534, 0.0964089184999466, 0.096318319439888, 0.09335263818502426, 0.08815358579158783, 0.0872613787651062, 0.08717338740825653, 0.08641000092029572, 0.08589667081832886, 0.08357680588960648, 0.08235572278499603, 0.08171415328979492, 0.08148092031478882, 0.081434465944767, 0.08091320842504501, 0.08080466836690903, 0.08032991737127304, 0.07987973839044571, 0.07850980758666992, 0.07787749171257019, 0.07621807605028152, 0.07614866644144058, 0.07592134922742844, 0.0749044269323349, 0.07400450110435486, 0.07375403493642807, 0.07370001077651978, 0.07245630025863647, 0.07107297331094742, 0.07089466601610184, 0.07011975347995758, 0.06966160237789154, 0.06783300638198853, 0.06730709224939346, 0.06563130021095276, 0.06560726463794708, 0.06517456471920013, 0.06469293683767319, 0.06453495472669601, 0.06370341777801514, 0.062283240258693695, 0.062133751809597015, 0.06177157908678055, 0.06085921823978424, 0.06070781499147415, 0.06022351607680321, 0.059341732412576675, 0.05934140458703041, 0.058930654078722, 0.058816034346818924, 0.05804445594549179, 0.057321611791849136, 0.05726609006524086, 0.0570615716278553, 0.05703822523355484, 0.05602623149752617, 0.05541389063000679, 0.05525999516248703, 0.055095743387937546, 0.054501667618751526, 0.05430047959089279, 0.05418281629681587, 0.052776943892240524, 0.052606821060180664, 0.05128610506653786, 0.05099283158779144, 0.050934549421072006, 0.05073319002985954, 0.05072218179702759, 0.05009123310446739, 0.04979350045323372, 0.049674052745103836, 0.04957457259297371, 0.0494336262345314, 0.049148209393024445, 0.049120452255010605, 0.04874931275844574, 0.048602599650621414, 0.04832166060805321, 0.04823179170489311, 0.04813423380255699, 0.04788418114185333, 0.04763251915574074, 0.0471365861594677, 0.04677910357713699, 0.046748410910367966, 0.04640594869852066, 0.04632247984409332, 0.04624585062265396, 0.04605530574917793, 0.04603596404194832, 0.04589996486902237, 0.04578658565878868, 0.04563135653734207, 0.04557779058814049, 0.0449545681476593, 0.044897690415382385, 0.044569872319698334, 0.04422800615429878, 0.044130291789770126, 0.0439021959900856, 0.043549008667469025, 0.04343460127711296, 0.043331846594810486, 0.04319174960255623, 0.042950231581926346, 0.042899150401353836, 0.04276665300130844, 0.042572494596242905, 0.04243728145956993, 0.04236984997987747, 0.042314447462558746, 0.04226433113217354, 0.04226164519786835, 0.042124826461076736, 0.041899893432855606, 0.04175834730267525, 0.04162826016545296, 0.041585978120565414, 0.0414915606379509, 0.041473984718322754, 0.04115336015820503, 0.04101301729679108, 0.04101130738854408, 0.04078083112835884, 0.04072224721312523, 0.040642037987709045, 0.04059307649731636, 0.04033733531832695, 0.03993106260895729, 0.03989063948392868, 0.039787717163562775, 0.03978428244590759, 0.039757560938596725, 0.03965519741177559, 0.0395158976316452, 0.03950555622577667, 0.03949525207281113, 0.03928840160369873, 0.03919956833124161, 0.03895941004157066, 0.0388614758849144, 0.038405708968639374, 0.03839610144495964, 0.03836335241794586, 0.03816484659910202, 0.03812776133418083, 0.03811535984277725, 0.03757508099079132, 0.037532564252614975, 0.03747282177209854, 0.03737333416938782, 0.03733962029218674, 0.037263303995132446, 0.037177249789237976, 0.036854423582553864, 0.03679205849766731, 0.0364069826900959, 0.03639594465494156, 0.03636351227760315, 0.036333490163087845, 0.036236055195331573, 0.036154329776763916, 0.03606492653489113, 0.03593819960951805, 0.035858433693647385, 0.03585648909211159, 0.03585449233651161, 0.035852860659360886, 0.03580984100699425, 0.03570031374692917, 0.03561372309923172, 0.035542793571949005, 0.035521723330020905, 0.03523905575275421, 0.03521401062607765, 0.03515167161822319, 0.03509317338466644, 0.034752894192934036, 0.034667763859033585, 0.03464570268988609, 0.03440830484032631, 0.03419628366827965, 0.03407750278711319, 0.03388144448399544, 0.03377516195178032, 0.0337623655796051, 0.033759333193302155, 0.03375140205025673, 0.03373846411705017, 0.033710792660713196, 0.033694859594106674, 0.03367764502763748, 0.03365163132548332, 0.03360970318317413, 0.03343396633863449, 0.03339531272649765, 0.03337513655424118, 0.03337308391928673, 0.03308130428195, 0.033039115369319916, 0.03294798359274864, 0.032942429184913635, 0.032666463404893875, 0.03264833614230156, 0.0325220562517643, 0.032391153275966644, 0.032376352697610855, 0.03234149515628815, 0.03216026723384857, 0.03215666860342026, 0.03214289993047714, 0.03206688538193703, 0.031840596348047256, 0.03183285519480705, 0.031819697469472885, 0.03177693486213684, 0.03176022693514824, 0.031741611659526825, 0.03156787529587746, 0.03151437267661095, 0.03147609904408455, 0.031381841748952866, 0.03134695068001747, 0.031343717128038406, 0.031133240088820457, 0.031126830726861954, 0.031070208176970482, 0.03106883354485035, 0.031056860461831093, 0.031034469604492188, 0.030980825424194336, 0.030893294140696526, 0.03086601011455059, 0.030841341242194176, 0.030802249908447266, 0.030788326635956764, 0.030658423900604248, 0.030586233362555504, 0.030522555112838745, 0.030510874465107918, 0.03044688142836094, 0.03041825070977211, 0.03040284849703312, 0.030392413958907127, 0.03036804310977459, 0.03019034117460251, 0.03018668293952942, 0.030160073190927505, 0.03010718710720539, 0.02997518889605999, 0.029806694015860558, 0.029722707346081734, 0.029695533215999603, 0.029616236686706543, 0.029603108763694763, 0.029587702825665474, 0.029541436582803726, 0.02953275665640831, 0.029492506757378578, 0.0294365044683218, 0.029424868524074554, 0.0293721966445446, 0.02932126633822918, 0.029283488169312477, 0.0292423777282238, 0.029210727661848068, 0.029198478907346725, 0.02907494455575943, 0.02893107756972313, 0.028899116441607475, 0.02881244756281376, 0.02870207093656063, 0.028656557202339172, 0.028609847649931908, 0.028551192954182625, 0.028461337089538574, 0.028354961425065994, 0.028257640078663826, 0.028233511373400688]

Execution time: 0.4094 sec
