Label: tensor([19, 19, 19, 19, 26, 26, 17, 17,  0,  0, 26,  0, 19, 17, 28, 17, 17, 26,
        17, 19, 19, 17, 17, 17, 19, 19, 28, 19, 19, 26,  0, 26, 19, 24, 26, 28,
        17,  0, 26, 19, 19, 19, 26, 19, 24, 26, 24, 17, 24, 26, 19, 16, 26, 24,
         0, 24, 26, 19,  0, 24, 24, 17, 24,  0, 28, 16, 19, 17, 26, 18, 19, 19,
        17, 28,  0, 28, 28, 24, 14, 17, 17, 17, 26, 19, 19, 24, 17, 24, 28, 19,
        28, 28, 26, 19, 19, 24, 26, 17,  0, 28, 24, 19, 18, 26, 18, 19,  0, 28,
        17,  0,  0, 17, 28, 19, 26, 26, 17, 19, 24, 17, 19,  0, 24, 17, 17, 26,
        17, 25, 19, 19, 24, 28, 26, 24,  0,  0, 24, 17, 17, 24, 13, 19, 19, 26,
        17, 19,  0, 77, 26, 24, 24, 45, 28, 28, 24, 16, 14, 24, 19, 26, 24, 24,
        19, 19, 17,  0, 26, 17,  0, 17, 19,  0, 28,  0, 24, 17, 17, 17,  0, 14,
        19, 19, 17, 14, 18, 19, 17, 18, 19, 26, 14, 24, 16, 26, 17, 17, 24, 18,
        13, 19,  0,  0, 16, 26, 19, 17, 19, 24, 77, 14, 18, 24,  0,  0, 18, 26,
        18, 24, 24,  0, 14, 19, 18, 19, 19,  3, 26, 26,  0, 28, 19, 26, 24,  0,
        19, 17, 17, 19, 19, 26, 14,  0, 17,  0, 19,  0, 18, 26,  1, 16, 17, 56,
        13,  0, 26,  2,  0,  1, 26, 19, 28, 14, 56, 14, 17, 16,  0, 28, 26, 26,
        19,  0, 26, 28, 24,  0,  0, 28, 25, 17, 28, 26,  1, 28,  1, 25,  2, 25,
        19,  0, 23,  1, 67, 13, 28,  0,  0, 28, 18, 17]), Box: ([229.23333740234375, 168.8165283203125, 333.8858642578125, 255.14804077148438], [355.3664855957031, 117.27513122558594, 363.3604431152344, 125.03131866455078], [371.4715270996094, 119.4925537109375, 375.5633239746094, 126.76038360595703], [477.55322265625, 117.66442108154297, 486.5015563964844, 125.36211395263672], [54.10951232910156, 176.7105255126953, 120.89979553222656, 298.6728820800781], [-0.048995018005371094, 208.02810668945312, 66.80264282226562, 282.927001953125], [13.557031631469727, 109.753173828125, 304.2418212890625, 373.6799011230469], [107.5578384399414, 219.6215362548828, 303.9673156738281, 373.0875244140625], [13.384543418884277, 109.22893524169922, 170.6853485107422, 300.31597900390625], [0.4646703600883484, 109.44466400146484, 171.0055694580078, 309.9371337890625], [66.27429962158203, 223.87803649902344, 120.42272186279297, 298.7665100097656], [14.126285552978516, 109.5526123046875, 171.2751922607422, 232.17462158203125], [339.4848327636719, 114.3758544921875, 342.0823059082031, 119.97708892822266], [0.7129460573196411, 207.5555877685547, 302.7580871582031, 373.85107421875], [66.27429962158203, 223.87803649902344, 120.42272186279297, 298.7665100097656], [108.24138641357422, 219.54783630371094, 283.3796081542969, 289.354248046875], [0.8358657360076904, 207.93687438964844, 302.7315673828125, 374.1783142089844], [30.112218856811523, 280.5355224609375, 63.82741165161133, 306.0697021484375], [28.405651092529297, 176.0361785888672, 304.2799377441406, 373.86053466796875], [14.126285552978516, 109.5526123046875, 171.2751922607422, 232.17462158203125], [457.7049865722656, 115.2938232421875, 463.5018310546875, 118.9488296508789], [14.126285552978516, 109.5526123046875, 171.2751922607422, 232.17462158203125], [13.384543418884277, 109.22893524169922, 170.6853485107422, 300.31597900390625], [58.1226806640625, 221.5041961669922, 303.7825927734375, 373.23974609375], [107.5578384399414, 219.6215362548828, 303.9673156738281, 373.0875244140625], [478.8376770019531, 115.10662841796875, 485.42486572265625, 118.93206787109375], [54.10951232910156, 176.7105255126953, 120.89979553222656, 298.6728820800781], [464.1836242675781, 115.62002563476562, 470.0405578613281, 118.7485122680664], [13.557031631469727, 109.753173828125, 304.2418212890625, 373.6799011230469], [31.245407104492188, 224.04556274414062, 120.25548553466797, 303.4485778808594], [0.744163990020752, 109.25902557373047, 170.18667602539062, 308.4218444824219], [0.032082200050354004, 207.4341278076172, 66.80160522460938, 310.6641845703125], [457.28546142578125, 114.9900131225586, 461.18878173828125, 118.41487884521484], [-0.27288123965263367, 208.1389923095703, 66.56310272216797, 282.4533386230469], [-0.05217641592025757, 179.73110961914062, 68.16273498535156, 283.61151123046875], [31.245407104492188, 224.04556274414062, 120.25548553466797, 303.4485778808594], [0.4646703600883484, 109.44466400146484, 171.0055694580078, 309.9371337890625], [13.557031631469727, 109.753173828125, 304.2418212890625, 373.6799011230469], [50.718441009521484, 230.18865966796875, 80.09275817871094, 301.1942443847656], [417.9932556152344, 174.08261108398438, 427.0936279296875, 186.57106018066406], [357.67047119140625, 110.86347961425781, 361.47857666015625, 114.2471923828125], [369.64825439453125, 110.5762710571289, 371.9054260253906, 115.03731536865234], [-0.09333714842796326, 176.68051147460938, 120.13679504394531, 307.45166015625], [108.24138641357422, 219.54783630371094, 283.3796081542969, 289.354248046875], [69.6562271118164, 224.21841430664062, 120.4045181274414, 297.95220947265625], [0.7352643013000488, 226.4898681640625, 66.7720718383789, 282.49920654296875], [0.032082200050354004, 207.4341278076172, 66.80160522460938, 310.6641845703125], [238.7485809326172, 320.87017822265625, 306.25250244140625, 374.3471374511719], [66.27429962158203, 223.87803649902344, 120.42272186279297, 298.7665100097656], [51.388423919677734, 177.35345458984375, 80.78282165527344, 300.9874267578125], [13.384543418884277, 109.22893524169922, 170.6853485107422, 300.31597900390625], [238.7485809326172, 320.87017822265625, 306.25250244140625, 374.3471374511719], [0.21042674779891968, 280.29315185546875, 34.59571075439453, 311.23553466796875], [-0.048995018005371094, 208.02810668945312, 66.80264282226562, 282.927001953125], [0.032082200050354004, 207.4341278076172, 66.80160522460938, 310.6641845703125], [59.4105339050293, 224.24000549316406, 120.25627899169922, 298.918701171875], [-0.21947547793388367, 205.89666748046875, 120.21038055419922, 307.6319274902344], [303.3392639160156, 114.7813491821289, 307.1302490234375, 119.96634674072266], [369.64825439453125, 110.5762710571289, 371.9054260253906, 115.03731536865234], [31.245407104492188, 224.04556274414062, 120.25548553466797, 303.4485778808594], [30.112218856811523, 280.5355224609375, 63.82741165161133, 306.0697021484375], [0.744163990020752, 109.25902557373047, 170.18667602539062, 308.4218444824219], [-0.14280155301094055, 207.81875610351562, 66.3494644165039, 283.6241455078125], [6.772152900695801, 109.34937286376953, 175.19459533691406, 374.7876892089844], [30.112218856811523, 280.5355224609375, 63.82741165161133, 306.0697021484375], [14.126285552978516, 109.5526123046875, 171.2751922607422, 232.17462158203125], [477.61602783203125, 118.73321533203125, 486.402587890625, 125.28922271728516], [51.39339828491211, 220.4573516845703, 284.77685546875, 298.173095703125], [29.579282760620117, 234.04263305664062, 78.36775207519531, 305.33184814453125], [355.5087890625, 117.17105102539062, 363.27984619140625, 124.58185577392578], [355.5087890625, 117.17105102539062, 363.27984619140625, 124.58185577392578], [58.1226806640625, 221.5041961669922, 303.7825927734375, 373.23974609375], [106.53589630126953, 218.67184448242188, 286.8018798828125, 299.0569763183594], [-0.048995018005371094, 208.02810668945312, 66.80264282226562, 282.927001953125], [339.4848327636719, 114.3758544921875, 342.0823059082031, 119.97708892822266], [-0.21947547793388367, 205.89666748046875, 120.21038055419922, 307.6319274902344], [0.032082200050354004, 207.4341278076172, 66.80160522460938, 310.6641845703125], [0.7352643013000488, 226.4898681640625, 66.7720718383789, 282.49920654296875], [417.9932556152344, 174.08261108398438, 427.0936279296875, 186.57106018066406], [355.5087890625, 117.17105102539062, 363.27984619140625, 124.58185577392578], [109.89201354980469, 220.30914306640625, 222.29244995117188, 287.58233642578125], [0.032082200050354004, 207.4341278076172, 66.80160522460938, 310.6641845703125], [0.3247000277042389, 280.2519226074219, 63.489376068115234, 311.0030822753906], [477.77130126953125, 119.09500885009766, 486.2496643066406, 125.33194732666016], [14.40697193145752, 110.31725311279297, 171.1216278076172, 230.02777099609375], [-0.21947547793388367, 205.89666748046875, 120.21038055419922, 307.6319274902344], [54.10951232910156, 176.7105255126953, 120.89979553222656, 298.6728820800781], [0.21042674779891968, 280.29315185546875, 34.59571075439453, 311.23553466796875], [59.4105339050293, 224.24000549316406, 120.25627899169922, 298.918701171875], [0.8358657360076904, 207.93687438964844, 302.7315673828125, 374.1783142089844], [50.718441009521484, 230.18865966796875, 80.09275817871094, 301.1942443847656], [69.6562271118164, 224.21841430664062, 120.4045181274414, 297.95220947265625], [26.109634399414062, 232.3706817626953, 72.03083038330078, 305.8056640625], [238.7485809326172, 320.87017822265625, 306.25250244140625, 374.3471374511719], [0.7129460573196411, 207.5555877685547, 302.7580871582031, 373.85107421875], [-0.09333714842796326, 176.68051147460938, 120.13679504394531, 307.45166015625], [0.11351704597473145, 232.269287109375, 66.61331176757812, 310.51226806640625], [99.51010131835938, 220.5780029296875, 295.4836730957031, 330.44683837890625], [0.05295500159263611, 159.2218780517578, 68.5757827758789, 310.9111328125], [0.3247000277042389, 280.2519226074219, 63.489376068115234, 311.0030822753906], [31.97947883605957, 176.54306030273438, 121.08782958984375, 301.50030517578125], [467.0650939941406, 115.78947448730469, 470.50933837890625, 118.42345428466797], [477.61602783203125, 118.73321533203125, 486.402587890625, 125.28922271728516], [115.67308807373047, 258.50274658203125, 133.85935974121094, 288.3052978515625], [371.6408386230469, 119.56063079833984, 375.45330810546875, 126.65046691894531], [229.97381591796875, 169.3404541015625, 333.46368408203125, 254.03494262695312], [0.9621083736419678, 108.90115356445312, 172.557861328125, 311.3636169433594], [0.21042674779891968, 280.29315185546875, 34.59571075439453, 311.23553466796875], [-0.21947547793388367, 205.89666748046875, 120.21038055419922, 307.6319274902344], [368.8815612792969, 110.26490020751953, 371.3859558105469, 114.37920379638672], [0.20013749599456787, 151.0324249267578, 163.79234313964844, 305.2336730957031], [97.08013916015625, 109.50930786132812, 306.7662353515625, 373.52825927734375], [-0.09333714842796326, 176.68051147460938, 120.13679504394531, 307.45166015625], [109.89201354980469, 220.30914306640625, 222.29244995117188, 287.58233642578125], [0.0911615788936615, 208.29161071777344, 43.53950119018555, 311.0206604003906], [69.6562271118164, 224.21841430664062, 120.4045181274414, 297.95220947265625], [-0.048995018005371094, 208.02810668945312, 66.80264282226562, 282.927001953125], [0.4646703600883484, 109.44466400146484, 171.0055694580078, 309.9371337890625], [69.10067749023438, 224.17904663085938, 120.38172912597656, 297.8249206542969], [6.772152900695801, 109.34937286376953, 175.19459533691406, 374.7876892089844], [28.405651092529297, 176.0361785888672, 304.2799377441406, 373.86053466796875], [-0.09333714842796326, 176.68051147460938, 120.13679504394531, 307.45166015625], [0.5656778812408447, 222.37008666992188, 66.45783233642578, 282.2823181152344], [0.20013749599456787, 151.0324249267578, 163.79234313964844, 305.2336730957031], [477.61602783203125, 118.73321533203125, 486.402587890625, 125.28922271728516], [0.4088208079338074, 208.5662078857422, 42.41429138183594, 308.82855224609375], [371.6408386230469, 119.56063079833984, 375.45330810546875, 126.65046691894531], [51.388423919677734, 177.35345458984375, 80.78282165527344, 300.9874267578125], [371.6408386230469, 119.56063079833984, 375.45330810546875, 126.65046691894531], [227.4317169189453, 168.1637725830078, 333.9700012207031, 373.25250244140625], [29.538311004638672, 176.19932556152344, 121.03913116455078, 302.1157531738281], [-0.27288123965263367, 208.1389923095703, 66.56310272216797, 282.4533386230469], [53.79090881347656, 230.40049743652344, 70.45284271240234, 245.56500244140625], [51.68882369995117, 176.01324462890625, 119.95146942138672, 300.27703857421875], [371.4715270996094, 119.4925537109375, 375.5633239746094, 126.76038360595703], [-0.048995018005371094, 208.02810668945312, 66.80264282226562, 282.927001953125], [50.718441009521484, 230.18865966796875, 80.09275817871094, 301.1942443847656], [-0.09333714842796326, 176.68051147460938, 120.13679504394531, 307.45166015625], [229.97381591796875, 169.3404541015625, 333.46368408203125, 254.03494262695312], [0.3247000277042389, 280.2519226074219, 63.489376068115234, 311.0030822753906], [0.461481511592865, 281.90869140625, 186.2253875732422, 374.33367919921875], [106.53589630126953, 218.67184448242188, 286.8018798828125, 299.0569763183594], [14.042123794555664, 110.48229217529297, 171.406494140625, 234.98822021484375], [-0.11897273361682892, 209.42303466796875, 49.05655288696289, 310.32080078125], [0.16666948795318604, 201.93032836914062, 179.740478515625, 306.5950012207031], [359.0695495605469, 117.4900894165039, 363.170654296875, 124.40924835205078], [417.9932556152344, 174.08261108398438, 427.0936279296875, 186.57106018066406], [13.384543418884277, 109.22893524169922, 170.6853485107422, 300.31597900390625], [27.66279411315918, 184.6655731201172, 76.498779296875, 301.3609924316406], [-0.05217641592025757, 179.73110961914062, 68.16273498535156, 283.61151123046875], [56.8317985534668, 177.01287841796875, 120.88263702392578, 298.2032165527344], [-0.048995018005371094, 208.02810668945312, 66.80264282226562, 282.927001953125], [0.11351704597473145, 232.269287109375, 66.61331176757812, 310.51226806640625], [0.7352643013000488, 226.4898681640625, 66.7720718383789, 282.49920654296875], [-0.11897273361682892, 209.42303466796875, 49.05655288696289, 310.32080078125], [239.17372131347656, 321.1943054199219, 302.83038330078125, 362.96429443359375], [238.7485809326172, 320.87017822265625, 306.25250244140625, 374.3471374511719], [0.4088208079338074, 208.5662078857422, 42.41429138183594, 308.82855224609375], [417.5101318359375, 173.6254425048828, 428.3117980957031, 188.14874267578125], [116.48892211914062, 250.79049682617188, 156.6917724609375, 287.7464294433594], [0.0911615788936615, 208.29161071777344, 43.53950119018555, 311.0206604003906], [0.11351704597473145, 232.269287109375, 66.61331176757812, 310.51226806640625], [97.08013916015625, 109.50930786132812, 306.7662353515625, 373.52825927734375], [0.744163990020752, 109.25902557373047, 170.18667602539062, 308.4218444824219], [477.55322265625, 117.66442108154297, 486.5015563964844, 125.36211395263672], [13.082735061645508, 109.1778564453125, 171.4493408203125, 267.7505798339844], [29.262907028198242, 264.6733703613281, 76.81564331054688, 306.24859619140625], [339.4848327636719, 114.3758544921875, 342.0823059082031, 119.97708892822266], [477.55322265625, 117.66442108154297, 486.5015563964844, 125.36211395263672], [371.4715270996094, 119.4925537109375, 375.5633239746094, 126.76038360595703], [368.8815612792969, 110.26490020751953, 371.3859558105469, 114.37920379638672], [357.67047119140625, 110.86347961425781, 361.47857666015625, 114.2471923828125], [29.579282760620117, 234.04263305664062, 78.36775207519531, 305.33184814453125], [0.0911615788936615, 208.29161071777344, 43.53950119018555, 311.0206604003906], [54.10951232910156, 176.7105255126953, 120.89979553222656, 298.6728820800781], [66.27429962158203, 223.87803649902344, 120.42272186279297, 298.7665100097656], [355.3664855957031, 117.27513122558594, 363.3604431152344, 125.03131866455078], [130.6614990234375, 175.86204528808594, 310.8027648925781, 372.9722595214844], [478.8376770019531, 115.10662841796875, 485.42486572265625, 118.93206787109375], [421.74029541015625, 174.87039184570312, 427.81011962890625, 185.9039764404297], [0.032082200050354004, 207.4341278076172, 66.80160522460938, 310.6641845703125], [357.4812316894531, 111.66223907470703, 360.5536804199219, 114.54420471191406], [239.17372131347656, 321.1943054199219, 302.83038330078125, 362.96429443359375], [248.73194885253906, 160.2578582763672, 251.72837829589844, 162.9327392578125], [14.126285552978516, 109.5526123046875, 171.2751922607422, 232.17462158203125], [374.91033935546875, 132.73715209960938, 378.5765075683594, 142.16531372070312], [25.61610984802246, 177.18589782714844, 60.95793151855469, 229.05320739746094], [477.77130126953125, 119.09500885009766, 486.2496643066406, 125.33194732666016], [478.5934753417969, 115.0742416381836, 482.82366943359375, 118.7807846069336], [54.69063186645508, 176.67547607421875, 82.15253448486328, 300.3932189941406], [369.64825439453125, 110.5762710571289, 371.9054260253906, 115.03731536865234], [52.18035125732422, 176.19442749023438, 120.1823501586914, 299.8828125], [13.384543418884277, 109.22893524169922, 170.6853485107422, 300.31597900390625], [112.45057678222656, 223.78199768066406, 159.38624572753906, 287.4743957519531], [14.40697193145752, 110.31725311279297, 171.1216278076172, 230.02777099609375], [417.9932556152344, 174.08261108398438, 427.0936279296875, 186.57106018066406], [57.648033142089844, 177.01547241210938, 120.3348159790039, 298.5002136230469], [339.4848327636719, 114.3758544921875, 342.0823059082031, 119.97708892822266], [-0.138111412525177, 281.5404052734375, 185.1060333251953, 374.2010192871094], [25.61610984802246, 177.18589782714844, 60.95793151855469, 229.05320739746094], [-0.11897273361682892, 209.42303466796875, 49.05655288696289, 310.32080078125], [0.21042674779891968, 280.29315185546875, 34.59571075439453, 311.23553466796875], [25.61610984802246, 177.18589782714844, 60.95793151855469, 229.05320739746094], [0.05295500159263611, 159.2218780517578, 68.5757827758789, 310.9111328125], [458.6944274902344, 115.1525650024414, 468.5753173828125, 118.93416595458984], [477.77130126953125, 119.09500885009766, 486.2496643066406, 125.33194732666016], [12.904823303222656, 112.51431274414062, 298.5259704589844, 283.21044921875], [30.36709976196289, 279.7563781738281, 62.47611999511719, 305.66668701171875], [0.032082200050354004, 207.4341278076172, 66.80160522460938, 310.6641845703125], [308.8966064453125, 163.1441650390625, 316.3695373535156, 167.97654724121094], [303.3392639160156, 114.7813491821289, 307.1302490234375, 119.96634674072266], [29.579282760620117, 234.04263305664062, 78.36775207519531, 305.33184814453125], [107.5578384399414, 219.6215362548828, 303.9673156738281, 373.0875244140625], [0.4088208079338074, 208.5662078857422, 42.41429138183594, 308.82855224609375], [417.9932556152344, 174.08261108398438, 427.0936279296875, 186.57106018066406], [10.466573715209961, 222.33489990234375, 67.9736328125, 306.5205078125], [107.5578384399414, 219.6215362548828, 303.9673156738281, 373.0875244140625], [58.08860397338867, 177.6580047607422, 120.35064697265625, 298.3254699707031], [112.45057678222656, 223.78199768066406, 159.38624572753906, 287.4743957519531], [371.6408386230469, 119.56063079833984, 375.45330810546875, 126.65046691894531], [199.80841064453125, 142.40980529785156, 202.6151885986328, 145.45899963378906], [113.48296356201172, 167.81687927246094, 334.4864196777344, 374.04925537109375], [457.7049865722656, 115.2938232421875, 463.5018310546875, 118.9488296508789], [6.772152900695801, 109.34937286376953, 175.19459533691406, 374.7876892089844], [15.743285179138184, 168.6858673095703, 331.9693298339844, 291.8682861328125], [0.032082200050354004, 207.4341278076172, 66.80160522460938, 310.6641845703125], [59.4105339050293, 224.24000549316406, 120.25627899169922, 298.918701171875], [238.7485809326172, 320.87017822265625, 306.25250244140625, 374.3471374511719], [0.7958673238754272, 141.25418090820312, 69.17303466796875, 314.826171875], [29.262907028198242, 264.6733703613281, 76.81564331054688, 306.24859619140625], [465.5881042480469, 115.5211181640625, 469.92681884765625, 118.556396484375], [27.602327346801758, 178.7899932861328, 68.60676574707031, 281.1630859375], [116.48892211914062, 250.79049682617188, 156.6917724609375, 287.7464294433594], [478.50396728515625, 115.56498718261719, 484.0994873046875, 121.6767578125], [355.7822265625, 120.43347930908203, 362.59576416015625, 125.4729232788086], [3.7513375282287598, 107.1416244506836, 499.8067626953125, 373.7214050292969], [457.7049865722656, 115.2938232421875, 463.5018310546875, 118.9488296508789], [421.74029541015625, 174.87039184570312, 427.81011962890625, 185.9039764404297], [13.082735061645508, 109.1778564453125, 171.4493408203125, 267.7505798339844], [-0.27288123965263367, 208.1389923095703, 66.56310272216797, 282.4533386230469], [339.4848327636719, 114.3758544921875, 342.0823059082031, 119.97708892822266], [0.3247000277042389, 280.2519226074219, 63.489376068115234, 311.0030822753906], [152.0323944091797, 186.02891540527344, 312.8694763183594, 371.5860900878906], [12.904823303222656, 112.51431274414062, 298.5259704589844, 283.21044921875], [355.3430480957031, 117.2253189086914, 359.83575439453125, 123.794921875], [457.28546142578125, 114.9900131225586, 461.18878173828125, 118.41487884521484], [457.28546142578125, 114.9900131225586, 461.18878173828125, 118.41487884521484], [0.7958673238754272, 141.25418090820312, 69.17303466796875, 314.826171875], [28.405651092529297, 176.0361785888672, 304.2799377441406, 373.86053466796875], [14.40697193145752, 110.31725311279297, 171.1216278076172, 230.02777099609375], [12.904823303222656, 112.51431274414062, 298.5259704589844, 283.21044921875], [66.27429962158203, 223.87803649902344, 120.42272186279297, 298.7665100097656], [0.7129460573196411, 207.5555877685547, 302.7580871582031, 373.85107421875], [238.7485809326172, 320.87017822265625, 306.25250244140625, 374.3471374511719], [29.538311004638672, 176.19932556152344, 121.03913116455078, 302.1157531738281], [457.7049865722656, 115.2938232421875, 463.5018310546875, 118.9488296508789], [-0.21947547793388367, 205.89666748046875, 120.21038055419922, 307.6319274902344], [0.7129460573196411, 207.5555877685547, 302.7580871582031, 373.85107421875], [31.97947883605957, 176.54306030273438, 121.08782958984375, 301.50030517578125], [248.73194885253906, 160.2578582763672, 251.72837829589844, 162.9327392578125], [0.4088208079338074, 208.5662078857422, 42.41429138183594, 308.82855224609375], [303.3392639160156, 114.7813491821289, 307.1302490234375, 119.96634674072266], [54.10951232910156, 176.7105255126953, 120.89979553222656, 298.6728820800781], [464.1836242675781, 115.62002563476562, 470.0405578613281, 118.7485122680664], [13.082735061645508, 109.1778564453125, 171.4493408203125, 267.7505798339844], [107.5578384399414, 219.6215362548828, 303.9673156738281, 373.0875244140625], [0.8358657360076904, 207.93687438964844, 302.7315673828125, 374.1783142089844], [51.14359664916992, 261.2981262207031, 78.51383209228516, 300.9176940917969], [28.159818649291992, 280.4163513183594, 40.07249450683594, 305.1148376464844], [26.953264236450195, 176.5238494873047, 75.54135131835938, 236.8278350830078], [51.39339828491211, 220.4573516845703, 284.77685546875, 298.173095703125], [0.7129460573196411, 207.5555877685547, 302.7580871582031, 373.85107421875], [51.14359664916992, 261.2981262207031, 78.51383209228516, 300.9176940917969], [31.97947883605957, 176.54306030273438, 121.08782958984375, 301.50030517578125], [26.109634399414062, 232.3706817626953, 72.03083038330078, 305.8056640625], [54.10951232910156, 176.7105255126953, 120.89979553222656, 298.6728820800781], [357.4812316894531, 111.66223907470703, 360.5536804199219, 114.54420471191406], [-0.11897273361682892, 209.42303466796875, 49.05655288696289, 310.32080078125], [54.69063186645508, 176.67547607421875, 82.15253448486328, 300.3932189941406], [16.98196029663086, 111.31481170654297, 303.96490478515625, 373.32769775390625], [51.39339828491211, 220.4573516845703, 284.77685546875, 298.173095703125], [-0.06394088268280029, 209.00514221191406, 32.2807502746582, 280.55517578125], [107.5578384399414, 219.6215362548828, 303.9673156738281, 373.0875244140625], [-0.14280155301094055, 207.81875610351562, 66.3494644165039, 283.6241455078125], [0.8358657360076904, 207.93687438964844, 302.7315673828125, 374.1783142089844], [50.718441009521484, 230.18865966796875, 80.09275817871094, 301.1942443847656], [355.5087890625, 117.17105102539062, 363.27984619140625, 124.58185577392578], [-0.048995018005371094, 208.02810668945312, 66.80264282226562, 282.927001953125], [112.01274871826172, 167.85794067382812, 335.2008972167969, 374.05560302734375], [0.16666948795318604, 201.93032836914062, 179.740478515625, 306.5950012207031], [13.557031631469727, 109.753173828125, 304.2418212890625, 373.6799011230469], [58.1226806640625, 221.5041961669922, 303.7825927734375, 373.23974609375], [53.79090881347656, 230.40049743652344, 70.45284271240234, 245.56500244140625], [0.8358657360076904, 207.93687438964844, 302.7315673828125, 374.1783142089844], [-0.05217641592025757, 179.73110961914062, 68.16273498535156, 283.61151123046875], [76.8880615234375, 114.39728546142578, 173.15045166015625, 287.14935302734375], [421.74029541015625, 174.87039184570312, 427.81011962890625, 185.9039764404297], [112.45057678222656, 223.78199768066406, 159.38624572753906, 287.4743957519531], [478.8376770019531, 115.10662841796875, 485.42486572265625, 118.93206787109375], [16.293718338012695, 174.37754821777344, 65.92362213134766, 233.76461791992188]), Score: [0.9402424693107605, 0.7584184408187866, 0.7003262042999268, 0.6589468121528625, 0.5493574738502502, 0.455392062664032, 0.42138928174972534, 0.3733798861503601, 0.3474069833755493, 0.33348074555397034, 0.3069041967391968, 0.3003150522708893, 0.29769206047058105, 0.2830536365509033, 0.24969011545181274, 0.2416820526123047, 0.23605820536613464, 0.23272350430488586, 0.23259557783603668, 0.23228344321250916, 0.22306634485721588, 0.20136882364749908, 0.19933375716209412, 0.19551803171634674, 0.18851424753665924, 0.18614642322063446, 0.1784379780292511, 0.177794948220253, 0.17664676904678345, 0.17479604482650757, 0.1727243810892105, 0.17167972028255463, 0.16810327768325806, 0.16765490174293518, 0.16534659266471863, 0.16492030024528503, 0.1635947972536087, 0.15926499664783478, 0.1570824235677719, 0.15214329957962036, 0.14699849486351013, 0.14400513470172882, 0.14313901960849762, 0.14210429787635803, 0.13564187288284302, 0.13259904086589813, 0.13115540146827698, 0.12723533809185028, 0.12175005674362183, 0.12069143354892731, 0.11935124546289444, 0.11827053129673004, 0.1181420087814331, 0.11449183523654938, 0.11434413492679596, 0.10347698628902435, 0.1018407940864563, 0.10105294734239578, 0.10084569454193115, 0.09986123442649841, 0.09751575440168381, 0.0970669686794281, 0.09688617289066315, 0.09602724760770798, 0.09486512094736099, 0.09428112953901291, 0.09373919665813446, 0.09286850690841675, 0.09140715003013611, 0.09104897081851959, 0.08956897258758545, 0.08946944028139114, 0.08902601897716522, 0.08801891654729843, 0.08716873824596405, 0.08647553622722626, 0.08506498485803604, 0.084540456533432, 0.08328483998775482, 0.08315647393465042, 0.08315325528383255, 0.08100487291812897, 0.08036775887012482, 0.0785294622182846, 0.07836555689573288, 0.07722625136375427, 0.07694508880376816, 0.075222447514534, 0.07344705611467361, 0.07337814569473267, 0.07275719940662384, 0.07262811064720154, 0.07223302870988846, 0.07192676514387131, 0.0714413970708847, 0.07136695832014084, 0.0696437731385231, 0.06940199434757233, 0.06785470247268677, 0.06756044924259186, 0.06755191832780838, 0.06689572334289551, 0.06643646955490112, 0.06585027277469635, 0.06554757058620453, 0.06497788429260254, 0.06480200588703156, 0.06448401510715485, 0.06438248604536057, 0.06435579061508179, 0.06403455883264542, 0.0639539584517479, 0.06362371891736984, 0.06336767226457596, 0.06318579614162445, 0.06282246857881546, 0.062483880668878555, 0.062383852899074554, 0.06143832579255104, 0.06134284287691116, 0.061318282037973404, 0.06119305267930031, 0.060911159962415695, 0.060813482850790024, 0.0606798380613327, 0.06056348234415054, 0.05993075296282768, 0.05976392701268196, 0.05975998938083649, 0.05955134332180023, 0.05872384458780289, 0.05844305828213692, 0.05798671022057533, 0.057625818997621536, 0.05679512396454811, 0.05666939914226532, 0.056605082005262375, 0.056393761187791824, 0.05590079724788666, 0.05547703430056572, 0.055146194994449615, 0.055068861693143845, 0.05503464117646217, 0.054647356271743774, 0.054596543312072754, 0.054496411234140396, 0.05412650108337402, 0.05404283106327057, 0.05365118756890297, 0.05306067317724228, 0.05257827416062355, 0.05192752182483673, 0.05138640105724335, 0.051050469279289246, 0.05092893913388252, 0.05080214887857437, 0.05072607100009918, 0.05067319795489311, 0.05048571527004242, 0.05043484643101692, 0.05025820434093475, 0.05011796951293945, 0.05011599138379097, 0.05009223148226738, 0.04991517961025238, 0.04975255951285362, 0.04956599324941635, 0.04956217482686043, 0.04955117031931877, 0.04944765567779541, 0.049357492476701736, 0.04916931688785553, 0.048865556716918945, 0.04886050149798393, 0.04853038489818573, 0.04815724864602089, 0.04814668372273445, 0.04804868996143341, 0.04767151549458504, 0.047584954649209976, 0.04748568683862686, 0.047377415001392365, 0.04724031314253807, 0.04676123708486557, 0.04647457227110863, 0.04637272283434868, 0.04585254564881325, 0.04579981788992882, 0.04570336639881134, 0.04562525451183319, 0.04550468921661377, 0.045351848006248474, 0.04527435824275017, 0.04524539038538933, 0.04520031809806824, 0.04512598365545273, 0.04484669864177704, 0.04479583725333214, 0.044222526252269745, 0.04375448822975159, 0.043467432260513306, 0.04345233738422394, 0.04322703555226326, 0.04320573806762695, 0.043055903166532516, 0.04257029667496681, 0.042243633419275284, 0.042146459221839905, 0.04189969226717949, 0.041812244802713394, 0.04174201563000679, 0.04171842709183693, 0.041620273143053055, 0.04105398803949356, 0.04068052023649216, 0.040635161101818085, 0.04060639441013336, 0.04048752412199974, 0.040304020047187805, 0.04025201499462128, 0.04002533107995987, 0.039841994643211365, 0.039581816643476486, 0.03922589495778084, 0.039196841418743134, 0.03876899555325508, 0.03876280412077904, 0.038703832775354385, 0.03829316422343254, 0.03795694559812546, 0.03784896433353424, 0.03782498091459274, 0.03760834038257599, 0.0375552736222744, 0.037493396550416946, 0.03731156513094902, 0.03720132261514664, 0.03713715821504593, 0.036730144172906876, 0.03667861595749855, 0.036607589572668076, 0.03619471192359924, 0.0360792838037014, 0.03603705018758774, 0.035929709672927856, 0.03586553782224655, 0.035848017781972885, 0.035804763436317444, 0.03576428070664406, 0.035712830722332, 0.035667676478624344, 0.03552035987377167, 0.03551936149597168, 0.035362958908081055, 0.035310082137584686, 0.03526745364069939, 0.03525589779019356, 0.034960344433784485, 0.034944262355566025, 0.034943174570798874, 0.0347059965133667, 0.03437712416052818, 0.03436391055583954, 0.034325726330280304, 0.034301117062568665, 0.03425608202815056, 0.03418074920773506, 0.034145940095186234, 0.03408857807517052, 0.03401602804660797, 0.03391086310148239, 0.033741358667612076, 0.03347119316458702, 0.03343045711517334, 0.033314578235149384, 0.03329858556389809, 0.03329052776098251, 0.0332895889878273, 0.03319961577653885, 0.033180322498083115, 0.033148303627967834, 0.03289109840989113, 0.0328206829726696, 0.032805971801280975, 0.032710086554288864, 0.03262674808502197, 0.0326092354953289, 0.03240625187754631, 0.0323777049779892, 0.03232434019446373, 0.03222125396132469, 0.03208710998296738, 0.031977374106645584, 0.031975824385881424, 0.031969789415597916, 0.03185269236564636, 0.03172031417489052, 0.031713761389255524, 0.03167703002691269, 0.031563129276037216]

Execution time: 0.4265 sec
