Label: tensor([59, 16, 16, 16, 59, 59, 56, 16, 15, 59, 16, 59, 67, 59, 16, 26, 56, 16,
        59, 27, 56, 56, 16, 59, 15, 59, 15, 77, 74, 16, 59, 26, 76, 65, 59, 74,
        77, 24, 77, 56, 59, 16, 59, 57, 15, 59, 59, 59, 39, 57, 16, 59, 59,  0,
        59, 41, 59, 73, 59, 16, 16, 59, 27, 56, 59, 16, 24, 59, 59, 26, 16, 77,
        55, 56, 16, 59, 16, 59, 77, 59, 16, 61, 56, 77, 59, 59, 57, 59, 59, 65,
        59, 16, 16, 57, 59, 59,  0, 56, 28, 16, 57, 59, 55, 59, 59, 16,  0, 15,
         0, 15, 16, 59, 15, 59, 59, 24, 59, 59, 28, 77, 16, 43, 57, 16, 77, 59,
        59,  0, 26, 15, 59, 16, 59, 59, 59, 56, 59, 26, 59, 59, 59, 57, 59, 57,
        16, 74, 59, 59, 42, 59, 59, 59, 16, 56, 16,  0, 16, 67, 64, 44, 26, 56,
        59, 64, 59, 60, 73, 79, 56, 16, 59, 59, 59, 57, 79, 57, 59, 15, 57, 77,
        25, 57, 59, 74, 59, 57, 16, 15, 59, 16, 39, 59, 77, 77, 59, 21, 15, 77,
         0, 62,  0, 74, 26, 16,  0, 59, 55, 59, 16, 59, 57, 28, 59, 59, 65, 59,
        59, 59, 59, 73, 27, 16, 59, 16, 59, 59, 59, 59, 40, 59, 59, 59, 59, 15,
        56, 59, 59, 40, 59, 59, 59, 56, 14, 59, 57, 59, 16, 15, 59, 59, 75, 65,
        67, 15, 57, 56, 67, 59, 60, 56, 59, 65, 26, 28, 16, 59, 16, 59, 59, 77,
        57, 73, 40, 15, 18, 59, 21, 73, 16, 57, 59,  0,  0, 77, 25, 27, 57, 76,
        18, 15, 15, 59, 14, 77, 38, 16, 16, 16, 16, 14]), Box: ([-0.15969574451446533, 16.801156997680664, 499.8353271484375, 374.79443359375], [226.39134216308594, 138.1931915283203, 380.741455078125, 375.05462646484375], [107.54132843017578, 89.78868103027344, 285.5428161621094, 305.92132568359375], [108.42293548583984, 58.26558303833008, 315.7886047363281, 160.15875244140625], [436.0896301269531, -0.2510491609573364, 499.9523620605469, 134.9827880859375], [0.21351128816604614, 38.911231994628906, 131.7754364013672, 373.5653076171875], [436.0896301269531, -0.2510491609573364, 499.9523620605469, 134.9827880859375], [107.44200897216797, 87.33271789550781, 286.2868347167969, 306.44000244140625], [226.8470458984375, 137.4085235595703, 380.4134826660156, 375.6763610839844], [0.036753714084625244, 37.41062545776367, 199.60153198242188, 373.9849548339844], [226.8470458984375, 137.4085235595703, 380.4134826660156, 375.6763610839844], [-0.45299530029296875, 35.907962799072266, 310.9244384765625, 374.1363525390625], [361.3114013671875, -0.07259636372327805, 383.7127990722656, 17.74942398071289], [360.0260314941406, -0.2389233559370041, 500.0863037109375, 135.1531219482422], [174.20654296875, 58.22840118408203, 315.9930725097656, 159.8087921142578], [361.32281494140625, -0.2550305724143982, 430.6807556152344, 69.32953643798828], [360.0260314941406, -0.2389233559370041, 500.0863037109375, 135.1531219482422], [149.89085388183594, 58.22690200805664, 316.0081481933594, 160.09793090820312], [-0.24463608860969543, 34.61346435546875, 81.5174560546875, 86.93565368652344], [361.3114013671875, -0.07259636372327805, 383.7127990722656, 17.74942398071289], [361.0058898925781, -0.21025724709033966, 448.7003173828125, 97.92884063720703], [407.26104736328125, -0.1352895051240921, 449.8871765136719, 98.11813354492188], [108.59342193603516, 58.02946472167969, 316.0260925292969, 162.1186065673828], [-0.0018402934074401855, 39.63837814331055, 136.75711059570312, 230.5392608642578], [107.44200897216797, 87.33271789550781, 286.2868347167969, 306.44000244140625], [69.81944274902344, 222.59918212890625, 305.9234619140625, 374.3131408691406], [108.59342193603516, 58.02946472167969, 316.0260925292969, 162.1186065673828], [289.92498779296875, 41.495765686035156, 342.4243469238281, 88.85972595214844], [361.3114013671875, -0.07259636372327805, 383.7127990722656, 17.74942398071289], [106.49758911132812, 85.42750549316406, 380.4747314453125, 341.209228515625], [0.1865103840827942, 38.66803741455078, 100.24601745605469, 224.4184112548828], [361.0058898925781, -0.21025724709033966, 448.7003173828125, 97.92884063720703], [361.3114013671875, -0.07259636372327805, 383.7127990722656, 17.74942398071289], [361.3114013671875, -0.07259636372327805, 383.7127990722656, 17.74942398071289], [435.4293212890625, -0.19671767950057983, 500.0624084472656, 194.9218292236328], [457.7388916015625, -0.11870591342449188, 482.4018249511719, 29.419239044189453], [290.39996337890625, 41.9230842590332, 342.5404968261719, 89.10916137695312], [361.0058898925781, -0.21025724709033966, 448.7003173828125, 97.92884063720703], [289.8095397949219, 42.4918327331543, 315.6691589355469, 63.53630065917969], [361.32281494140625, -0.2550305724143982, 430.6807556152344, 69.32953643798828], [1.9161999225616455, 1.3230164051055908, 497.08990478515625, 155.11460876464844], [97.68800354003906, 56.78063201904297, 382.46600341796875, 374.2046813964844], [224.76901245117188, 64.66400146484375, 499.5642395019531, 374.6115417480469], [436.0896301269531, -0.2510491609573364, 499.9523620605469, 134.9827880859375], [149.89085388183594, 58.22690200805664, 316.0081481933594, 160.09793090820312], [0.08553266525268555, 211.80870056152344, 111.88579559326172, 374.47711181640625], [0.7452517747879028, 82.25775146484375, 291.0257568359375, 374.32403564453125], [-0.04285573959350586, 1.7612781524658203, 498.49847412109375, 170.22349548339844], [361.3114013671875, -0.07259636372327805, 383.7127990722656, 17.74942398071289], [360.0260314941406, -0.2389233559370041, 500.0863037109375, 135.1531219482422], [107.18901824951172, 58.547279357910156, 315.3934326171875, 292.2862548828125], [70.65023803710938, 216.26986694335938, 499.45855712890625, 374.5738525390625], [0.0709928572177887, 36.20624923706055, 88.15042877197266, 157.21047973632812], [361.0058898925781, -0.21025724709033966, 448.7003173828125, 97.92884063720703], [1.484215259552002, 0.3963690400123596, 444.7964782714844, 95.6368637084961], [279.81451416015625, 229.26747131347656, 302.9896240234375, 274.70220947265625], [-0.6049871444702148, 1.3382658958435059, 498.33392333984375, 211.19686889648438], [361.3114013671875, -0.07259636372327805, 383.7127990722656, 17.74942398071289], [435.59051513671875, 0.24014711380004883, 500.2222595214844, 372.7203674316406], [109.15323638916016, 85.94384765625, 269.69305419921875, 250.12855529785156], [106.70603942871094, 83.90367889404297, 381.2111511230469, 348.86260986328125], [304.3868713378906, 72.08540344238281, 502.507080078125, 372.6830749511719], [279.81451416015625, 229.26747131347656, 302.9896240234375, 274.70220947265625], [282.7457275390625, -0.2169753462076187, 381.63720703125, 43.476898193359375], [361.0058898925781, -0.21025724709033966, 448.7003173828125, 97.92884063720703], [116.33943939208984, 187.7235107421875, 285.933349609375, 305.3485412597656], [361.32281494140625, -0.2550305724143982, 430.6807556152344, 69.32953643798828], [283.24169921875, -0.21488964557647705, 500.96075439453125, 373.7655944824219], [436.1896057128906, 0.045005232095718384, 500.36309814453125, 249.44700622558594], [361.3114013671875, -0.07259636372327805, 383.7127990722656, 17.74942398071289], [101.7610855102539, 59.88203811645508, 496.0212707519531, 373.2735595703125], [226.8470458984375, 137.4085235595703, 380.4134826660156, 375.6763610839844], [226.8470458984375, 137.4085235595703, 380.4134826660156, 375.6763610839844], [-0.24463608860969543, 34.61346435546875, 81.5174560546875, 86.93565368652344], [105.55133056640625, 58.40675354003906, 500.6761474609375, 373.2292175292969], [0.3101527690887451, 0.5433931946754456, 425.7668762207031, 87.54290771484375], [107.5023422241211, 87.99365234375, 381.5398864746094, 375.5385437011719], [-0.11079013347625732, 0.8361339569091797, 82.33002471923828, 89.030517578125], [361.32281494140625, -0.2550305724143982, 430.6807556152344, 69.32953643798828], [5.586683750152588, 215.72537231445312, 499.4291687011719, 374.3403015136719], [159.908447265625, 202.44503784179688, 286.2770690917969, 305.3121032714844], [436.0896301269531, -0.2510491609573364, 499.9523620605469, 134.9827880859375], [361.3114013671875, -0.07259636372327805, 383.7127990722656, 17.74942398071289], [361.0058898925781, -0.21025724709033966, 448.7003173828125, 97.92884063720703], [11.268511772155762, 214.765869140625, 499.8279724121094, 374.1607666015625], [434.5364990234375, -0.2850070595741272, 499.8917236328125, 217.93551635742188], [-0.24463608860969543, 34.61346435546875, 81.5174560546875, 86.93565368652344], [104.57247161865234, 1.699123501777649, 498.2390441894531, 221.59739685058594], [1.3163834810256958, 217.64276123046875, 274.6864013671875, 373.8061828613281], [120.93619537353516, 192.91366577148438, 151.4381866455078, 227.72117614746094], [-0.14929473400115967, 46.4202880859375, 313.16070556640625, 315.50360107421875], [108.45578002929688, 86.25785064697266, 278.1902160644531, 251.5697479248047], [105.7532730102539, 56.329383850097656, 316.68408203125, 308.7399597167969], [-0.15969574451446533, 16.801156997680664, 499.8353271484375, 374.79443359375], [254.6243133544922, 0.11802837252616882, 497.70904541015625, 135.73667907714844], [-1.664683222770691, 31.08316993713379, 268.5335998535156, 373.3362731933594], [361.32281494140625, -0.2550305724143982, 430.6807556152344, 69.32953643798828], [435.4293212890625, -0.19671767950057983, 500.0624084472656, 194.9218292236328], [361.0058898925781, -0.21025724709033966, 448.7003173828125, 97.92884063720703], [105.88392639160156, 55.645633697509766, 315.5781555175781, 307.450439453125], [434.4797668457031, -0.6458982825279236, 500.3899841308594, 135.2252960205078], [4.9068779945373535, 73.40055084228516, 500.5912170410156, 374.3136901855469], [120.93619537353516, 192.91366577148438, 151.4381866455078, 227.72117614746094], [-0.4807412624359131, 46.3187255859375, 499.50787353515625, 216.35064697265625], [289.9482421875, 0.6463844180107117, 500.85723876953125, 141.12059020996094], [108.85829162597656, 89.24373626708984, 279.3076171875, 254.7280731201172], [360.0260314941406, -0.2389233559370041, 500.0863037109375, 135.1531219482422], [226.39134216308594, 138.1931915283203, 380.741455078125, 375.05462646484375], [-0.24463608860969543, 34.61346435546875, 81.5174560546875, 86.93565368652344], [-0.24463608860969543, 34.61346435546875, 81.5174560546875, 86.93565368652344], [-0.14929473400115967, 46.4202880859375, 313.16070556640625, 315.50360107421875], [71.92686462402344, 223.45069885253906, 378.6510009765625, 374.7640686035156], [108.42293548583984, 58.26558303833008, 315.7886047363281, 160.15875244140625], [-1.8889307975769043, 36.29969787597656, 497.8021240234375, 166.1454315185547], [1.991763710975647, 34.06863784790039, 480.51513671875, 169.21420288085938], [407.26104736328125, -0.1352895051240921, 449.8871765136719, 98.11813354492188], [70.27798461914062, 49.72710418701172, 318.4268798828125, 373.89813232421875], [1.3236850500106812, 27.937721252441406, 465.17919921875, 164.30145263671875], [407.26104736328125, -0.1352895051240921, 449.8871765136719, 98.11813354492188], [-0.24463608860969543, 34.61346435546875, 81.5174560546875, 86.93565368652344], [-0.45299530029296875, 35.907962799072266, 310.9244384765625, 374.1363525390625], [361.3114013671875, -0.07259636372327805, 383.7127990722656, 17.74942398071289], [361.0058898925781, -0.21025724709033966, 448.7003173828125, 97.92884063720703], [107.64250183105469, 89.84248352050781, 214.93637084960938, 251.76568603515625], [107.44200897216797, 87.33271789550781, 286.2868347167969, 306.44000244140625], [1.110956072807312, 39.118587493896484, 321.84881591796875, 258.3702697753906], [292.2442626953125, 68.60375213623047, 500.07159423828125, 367.3380432128906], [436.0896301269531, -0.2510491609573364, 499.9523620605469, 134.9827880859375], [436.0896301269531, -0.2510491609573364, 499.9523620605469, 134.9827880859375], [-0.15969574451446533, 16.801156997680664, 499.8353271484375, 374.79443359375], [70.58853149414062, 194.0973358154297, 381.3700866699219, 374.6153564453125], [72.71011352539062, 58.01036834716797, 382.36187744140625, 374.5335693359375], [0.9664148092269897, 37.62873840332031, 320.09637451171875, 166.89968872070312], [70.57122802734375, 82.97345733642578, 312.1828308105469, 374.5440673828125], [0.043138861656188965, 40.13666534423828, 139.9920654296875, 262.2272033691406], [-0.11079013347625732, 0.8361339569091797, 82.33002471923828, 89.030517578125], [1.825481653213501, 28.935876846313477, 488.4120788574219, 110.95196533203125], [407.26104736328125, -0.1352895051240921, 449.8871765136719, 98.11813354492188], [353.1525573730469, -0.3405064344406128, 500.6431884765625, 374.22406005859375], [73.02415466308594, 260.50830078125, 499.4729309082031, 374.7374572753906], [225.503173828125, 58.954261779785156, 499.1096496582031, 298.4813537597656], [-0.11079013347625732, 0.8361339569091797, 82.33002471923828, 89.030517578125], [-0.24265050888061523, 50.96506881713867, 291.3956298828125, 328.33319091796875], [69.81944274902344, 222.59918212890625, 305.9234619140625, 374.3131408691406], [-0.24463608860969543, 34.61346435546875, 81.5174560546875, 86.93565368652344], [120.93619537353516, 192.91366577148438, 151.4381866455078, 227.72117614746094], [-0.15431642532348633, 47.806007385253906, 499.0947265625, 248.1991424560547], [0.49658119678497314, 49.82170867919922, 499.8158874511719, 245.9288787841797], [361.3114013671875, -0.07259636372327805, 383.7127990722656, 17.74942398071289], [3.2960920333862305, 17.545047760009766, 443.99462890625, 103.88944244384766], [24.87727928161621, 131.42068481445312, 503.6500549316406, 374.64794921875], [105.55133056640625, 58.40675354003906, 500.6761474609375, 373.2292175292969], [107.3690185546875, 60.450809478759766, 496.99853515625, 371.5576477050781], [411.6892395019531, -0.615634024143219, 449.4451599121094, 72.27149200439453], [107.36878204345703, 87.65859985351562, 213.52862548828125, 164.8172607421875], [282.7457275390625, -0.2169753462076187, 381.63720703125, 43.476898193359375], [210.22605895996094, 58.43613052368164, 315.9923095703125, 156.97096252441406], [368.02740478515625, 68.86831665039062, 381.44085693359375, 77.39053344726562], [361.3114013671875, -0.07259636372327805, 383.7127990722656, 17.74942398071289], [361.3114013671875, -0.07259636372327805, 383.7127990722656, 17.74942398071289], [361.26385498046875, -0.5859223008155823, 408.74908447265625, 18.753583908081055], [412.02838134765625, -0.6795628070831299, 448.910400390625, 71.74262237548828], [434.4797668457031, -0.6458982825279236, 500.3899841308594, 135.2252960205078], [457.7388916015625, -0.11870591342449188, 482.4018249511719, 29.419239044189453], [0.42685866355895996, 34.78886413574219, 500.4209289550781, 373.1380615234375], [436.0896301269531, -0.2510491609573364, 499.9523620605469, 134.9827880859375], [436.0896301269531, -0.2510491609573364, 499.9523620605469, 134.9827880859375], [361.3114013671875, -0.07259636372327805, 383.7127990722656, 17.74942398071289], [441.08453369140625, 0.1472337245941162, 500.09857177734375, 53.342262268066406], [99.91431427001953, 59.80447769165039, 494.63677978515625, 371.6406555175781], [436.3314208984375, 0.28064846992492676, 500.13494873046875, 290.21142578125], [0.1273117959499359, 38.44913101196289, 101.4565658569336, 252.9951629638672], [146.59405517578125, 0.5645463466644287, 420.8257751464844, 91.3858871459961], [-0.45299530029296875, 35.907962799072266, 310.9244384765625, 374.1363525390625], [279.81451416015625, 229.26747131347656, 302.9896240234375, 274.70220947265625], [0.42685866355895996, 34.78886413574219, 500.4209289550781, 373.1380615234375], [361.32281494140625, -0.2550305724143982, 430.6807556152344, 69.32953643798828], [174.20654296875, 58.22840118408203, 315.9930725097656, 159.8087921142578], [0.21351128816604614, 38.911231994628906, 131.7754364013672, 373.5653076171875], [328.2447814941406, 15.160585403442383, 393.7455749511719, 78.10318756103516], [361.3114013671875, -0.07259636372327805, 383.7127990722656, 17.74942398071289], [1.484215259552002, 0.3963690400123596, 444.7964782714844, 95.6368637084961], [6.030693531036377, 33.93238067626953, 486.8730163574219, 128.2547607421875], [279.81451416015625, 229.26747131347656, 302.9896240234375, 274.70220947265625], [-0.038895756006240845, 40.39633560180664, 102.49051666259766, 232.99205017089844], [407.26104736328125, -0.1352895051240921, 449.8871765136719, 98.11813354492188], [113.78971862792969, 128.80770874023438, 379.8250427246094, 329.9365234375], [289.92498779296875, 41.495765686035156, 342.4243469238281, 88.85972595214844], [-0.9804219007492065, 50.29499435424805, 497.24554443359375, 135.14537048339844], [159.56057739257812, 194.6781005859375, 285.6353454589844, 305.1849365234375], [279.81451416015625, 229.26747131347656, 302.9896240234375, 274.70220947265625], [7.851734638214111, 251.6212921142578, 499.9632263183594, 375.0838623046875], [108.59342193603516, 58.02946472167969, 316.0260925292969, 162.1186065673828], [108.42293548583984, 58.26558303833008, 315.7886047363281, 160.15875244140625], [0.11897087097167969, 36.12144470214844, 125.66259765625, 171.2840576171875], [226.8470458984375, 137.4085235595703, 380.4134826660156, 375.6763610839844], [97.68800354003906, 56.78063201904297, 382.46600341796875, 374.2046813964844], [149.89085388183594, 58.22690200805664, 316.0081481933594, 160.09793090820312], [361.3114013671875, -0.07259636372327805, 383.7127990722656, 17.74942398071289], [361.3114013671875, -0.07259636372327805, 383.7127990722656, 17.74942398071289], [361.26385498046875, -0.5859223008155823, 408.74908447265625, 18.753583908081055], [368.02740478515625, 68.86831665039062, 381.44085693359375, 77.39053344726562], [-0.24463608860969543, 34.61346435546875, 81.5174560546875, 86.93565368652344], [227.00808715820312, 137.4149932861328, 376.95294189453125, 301.3396301269531], [407.26104736328125, -0.1352895051240921, 449.8871765136719, 98.11813354492188], [101.7610855102539, 59.88203811645508, 496.0212707519531, 373.2735595703125], [279.81451416015625, 229.26747131347656, 302.9896240234375, 274.70220947265625], [0.1558065414428711, 208.2834930419922, 258.0474853515625, 372.756103515625], [117.54319763183594, 149.04586791992188, 262.2603454589844, 249.2311553955078], [-4.047557830810547, 49.143638610839844, 495.7141418457031, 146.16143798828125], [0.036753714084625244, 37.41062545776367, 199.60153198242188, 373.9849548339844], [436.0896301269531, -0.2510491609573364, 499.9523620605469, 134.9827880859375], [-0.017017126083374023, 42.81776809692383, 499.9667053222656, 298.6322021484375], [73.4793701171875, 274.0894470214844, 500.7799987792969, 374.9340515136719], [457.7388916015625, -0.11870591342449188, 482.4018249511719, 29.419239044189453], [407.26104736328125, -0.1352895051240921, 449.8871765136719, 98.11813354492188], [330.5074462890625, 163.53050231933594, 500.1456604003906, 373.1428527832031], [69.10855865478516, 213.81491088867188, 301.58013916015625, 371.64056396484375], [3.3317952156066895, 45.474830627441406, 448.4637451171875, 219.7251739501953], [361.26385498046875, -0.5859223008155823, 408.74908447265625, 18.753583908081055], [120.93619537353516, 192.91366577148438, 151.4381866455078, 227.72117614746094], [160.38418579101562, 230.00772094726562, 284.28424072265625, 305.5989074707031], [0.08451193571090698, 210.21958923339844, 178.6925506591797, 374.08453369140625], [-0.24265050888061523, 50.96506881713867, 291.3956298828125, 328.33319091796875], [144.96484375, -0.1841755509376526, 427.5316162109375, 88.39639282226562], [0.12227892875671387, 45.61442947387695, 500.0673522949219, 294.9792175292969], [440.04779052734375, 48.60459899902344, 499.319091796875, 165.96566772460938], [228.25616455078125, 138.23008728027344, 498.8741760253906, 374.9919128417969], [361.3114013671875, -0.07259636372327805, 383.7127990722656, 17.74942398071289], [108.42293548583984, 58.26558303833008, 315.7886047363281, 160.15875244140625], [-0.14801323413848877, 42.272308349609375, 110.71340942382812, 219.0648651123047], [69.29779052734375, 222.5223846435547, 500.3841552734375, 374.1763916015625], [311.9117736816406, 2.580609083175659, 501.2984924316406, 368.8124084472656], [256.8641662597656, 226.70401000976562, 380.16912841796875, 375.66156005859375], [434.5364990234375, -0.2850070595741272, 499.8917236328125, 217.93551635742188], [106.84691619873047, 88.78740692138672, 499.42486572265625, 374.6546630859375], [0.15294551849365234, 141.62759399414062, 137.97689819335938, 363.23577880859375], [226.39134216308594, 138.1931915283203, 380.741455078125, 375.05462646484375], [226.6719512939453, 62.55543899536133, 497.130859375, 279.51788330078125], [1.7963647842407227, 221.6392059326172, 499.29541015625, 374.6664733886719], [5.873590469360352, 36.7020263671875, 342.5025634765625, 90.12023162841797], [434.4797668457031, -0.6458982825279236, 500.3899841308594, 135.2252960205078], [361.3114013671875, -0.07259636372327805, 383.7127990722656, 17.74942398071289], [-1.5099942684173584, 3.0045769214630127, 497.330810546875, 137.0488739013672], [0.36638975143432617, -0.5403422117233276, 500.3575134277344, 374.45513916015625], [65.5364761352539, 86.40804290771484, 250.0135955810547, 372.65533447265625], [-0.15969574451446533, 16.801156997680664, 499.8353271484375, 374.79443359375], [107.5023422241211, 87.99365234375, 381.5398864746094, 375.5385437011719], [2.097189426422119, 283.5458984375, 501.1867980957031, 374.8642883300781], [8.022785186767578, 204.54115295410156, 498.5, 374.6711730957031], [361.3114013671875, -0.07259636372327805, 383.7127990722656, 17.74942398071289], [368.02740478515625, 68.86831665039062, 381.44085693359375, 77.39053344726562], [457.7388916015625, -0.11870591342449188, 482.4018249511719, 29.419239044189453], [290.39996337890625, 41.9230842590332, 342.5404968261719, 89.10916137695312], [4.9068779945373535, 73.40055084228516, 500.5912170410156, 374.3136901855469], [361.26385498046875, -0.5859223008155823, 408.74908447265625, 18.753583908081055], [120.93619537353516, 192.91366577148438, 151.4381866455078, 227.72117614746094], [3.1091718673706055, 275.212890625, 501.170166015625, 374.9684753417969], [-0.15969574451446533, 16.801156997680664, 499.8353271484375, 374.79443359375], [436.1896057128906, 0.045005232095718384, 500.36309814453125, 249.44700622558594], [99.91431427001953, 59.80447769165039, 494.63677978515625, 371.6406555175781], [116.4776382446289, 234.9934539794922, 140.72442626953125, 249.72378540039062], [360.0260314941406, -0.2389233559370041, 500.0863037109375, 135.1531219482422], [360.0260314941406, -0.2389233559370041, 500.0863037109375, 135.1531219482422], [200.59228515625, 100.05779266357422, 292.07171630859375, 159.02513122558594], [232.35528564453125, 137.94186401367188, 499.99554443359375, 375.0040588378906], [86.85884094238281, 88.25335693359375, 383.14031982421875, 370.247314453125], [147.02774047851562, 222.96438598632812, 502.31658935546875, 374.6006774902344], [441.08453369140625, 0.1472337245941162, 500.09857177734375, 53.342262268066406], [174.20654296875, 58.22840118408203, 315.9930725097656, 159.8087921142578], [361.32281494140625, -0.2550305724143982, 430.6807556152344, 69.32953643798828], [279.81451416015625, 229.26747131347656, 302.9896240234375, 274.70220947265625], [107.54132843017578, 89.78868103027344, 285.5428161621094, 305.92132568359375], [105.88392639160156, 55.645633697509766, 315.5781555175781, 307.450439453125], [226.39134216308594, 138.1931915283203, 380.741455078125, 375.05462646484375], [93.85535430908203, 82.10401916503906, 501.2861633300781, 373.88134765625], [107.44200897216797, 87.33271789550781, 286.2868347167969, 306.44000244140625], [-0.24463608860969543, 34.61346435546875, 81.5174560546875, 86.93565368652344], [71.92686462402344, 223.45069885253906, 378.6510009765625, 374.7640686035156], [0.3101527690887451, 0.5433931946754456, 425.7668762207031, 87.54290771484375], [-0.08112192153930664, 42.65388870239258, 135.6168212890625, 211.3186798095703], [101.7610855102539, 59.88203811645508, 496.0212707519531, 373.2735595703125], [4.9068779945373535, 73.40055084228516, 500.5912170410156, 374.3136901855469], [325.1258544921875, 15.840838432312012, 390.26995849609375, 77.31867218017578], [361.32281494140625, -0.2550305724143982, 430.6807556152344, 69.32953643798828], [361.26385498046875, -0.5859223008155823, 408.74908447265625, 18.753583908081055], [0.7452517747879028, 82.25775146484375, 291.0257568359375, 374.32403564453125], [457.7388916015625, -0.11870591342449188, 482.4018249511719, 29.419239044189453], [108.42293548583984, 58.26558303833008, 315.7886047363281, 160.15875244140625], [407.26104736328125, -0.1352895051240921, 449.8871765136719, 98.11813354492188], [107.18901824951172, 58.547279357910156, 315.3934326171875, 292.2862548828125], [5.352631092071533, 45.77415466308594, 500.811279296875, 322.16497802734375], [107.44200897216797, 87.33271789550781, 286.2868347167969, 306.44000244140625], [256.8641662597656, 226.70401000976562, 380.16912841796875, 375.66156005859375], [108.42293548583984, 58.26558303833008, 315.7886047363281, 160.15875244140625], [116.29698181152344, 149.61741638183594, 217.36305236816406, 248.5463104248047], [70.58853149414062, 194.0973358154297, 381.3700866699219, 374.6153564453125], [4.9068779945373535, 73.40055084228516, 500.5912170410156, 374.3136901855469], [70.27798461914062, 49.72710418701172, 318.4268798828125, 373.89813232421875], [226.8470458984375, 137.4085235595703, 380.4134826660156, 375.6763610839844]), Score: [0.9610592722892761, 0.9506688714027405, 0.93351149559021, 0.9147670865058899, 0.16066832840442657, 0.1340782195329666, 0.12819573283195496, 0.10974368453025818, 0.10549907386302948, 0.09255927801132202, 0.0892438068985939, 0.07552018016576767, 0.07345065474510193, 0.06984351575374603, 0.0625026524066925, 0.0620390884578228, 0.05841195955872536, 0.05587418004870415, 0.05399319902062416, 0.05313977971673012, 0.05293112248182297, 0.052255719900131226, 0.05068100616335869, 0.05053300783038139, 0.04945064336061478, 0.049322620034217834, 0.04855389520525932, 0.048259008675813675, 0.044634416699409485, 0.042650509625673294, 0.04123200848698616, 0.04107361659407616, 0.040322329849004745, 0.039196714758872986, 0.03877388313412666, 0.03811107575893402, 0.037193212658166885, 0.03665390610694885, 0.03658183291554451, 0.036296650767326355, 0.03584938496351242, 0.03578866645693779, 0.03565303236246109, 0.03552073612809181, 0.03525314852595329, 0.03479120135307312, 0.0347142331302166, 0.03436223417520523, 0.03353934362530708, 0.033478476107120514, 0.03344662860035896, 0.033211126923561096, 0.032771870493888855, 0.03234650567173958, 0.03184288740158081, 0.03157849609851837, 0.03149101138114929, 0.03148452937602997, 0.03146052733063698, 0.031066186726093292, 0.03072150982916355, 0.030350467190146446, 0.03033268079161644, 0.029837168753147125, 0.029634740203619003, 0.029512658715248108, 0.02942846156656742, 0.029330771416425705, 0.029295839369297028, 0.02926802635192871, 0.028989776968955994, 0.02888478711247444, 0.02849571965634823, 0.028190258890390396, 0.028011921793222427, 0.02796480618417263, 0.02789272554218769, 0.02787276916205883, 0.027597395703196526, 0.027592048048973083, 0.027445781975984573, 0.027420567348599434, 0.027291111648082733, 0.02701847441494465, 0.02699015848338604, 0.02686280384659767, 0.026839176192879677, 0.02683616243302822, 0.026751654222607613, 0.02673068642616272, 0.026576461270451546, 0.02627093531191349, 0.026063669472932816, 0.02602185122668743, 0.025868715718388557, 0.025864433497190475, 0.0256938599050045, 0.025422800332307816, 0.0253676138818264, 0.025303907692432404, 0.024921821430325508, 0.024906376376748085, 0.024608777835965157, 0.024608120322227478, 0.024491973221302032, 0.024313686415553093, 0.024299295619130135, 0.024198589846491814, 0.024121373891830444, 0.024072231724858284, 0.024057162925601006, 0.024012405425310135, 0.023965971544384956, 0.023919327184557915, 0.02386433072388172, 0.023832842707633972, 0.0234919935464859, 0.02342977188527584, 0.02340608276426792, 0.023326706141233444, 0.023089243099093437, 0.022978439927101135, 0.022853543981909752, 0.022769229486584663, 0.0226737167686224, 0.022503294050693512, 0.022482922300696373, 0.022477878257632256, 0.02244618907570839, 0.02237418293952942, 0.022303927689790726, 0.021996626630425453, 0.021940501406788826, 0.02190588042140007, 0.02189432829618454, 0.021761693060398102, 0.021673353388905525, 0.02150246687233448, 0.021479815244674683, 0.021355366334319115, 0.021295173093676567, 0.02129374071955681, 0.02123681828379631, 0.021160762757062912, 0.020980119705200195, 0.020849917083978653, 0.02082573063671589, 0.02070513926446438, 0.020700102671980858, 0.020689772441983223, 0.020686598494648933, 0.02065303735435009, 0.020647134631872177, 0.020494598895311356, 0.0204839576035738, 0.020276125520467758, 0.020238256081938744, 0.02017967589199543, 0.020103124901652336, 0.02003733068704605, 0.02002309076488018, 0.019962478429079056, 0.01986924186348915, 0.019724322482943535, 0.019505700096488, 0.019504519179463387, 0.019462471827864647, 0.01944943144917488, 0.019389335066080093, 0.019306745380163193, 0.019260434433817863, 0.01923340931534767, 0.01922137290239334, 0.0192062146961689, 0.01916338875889778, 0.018975879997015, 0.018840303644537926, 0.018812131136655807, 0.018779676407575607, 0.018776969984173775, 0.01872956193983555, 0.018614783883094788, 0.01855747029185295, 0.018522774800658226, 0.01850467547774315, 0.0184596199542284, 0.01834310032427311, 0.018340053036808968, 0.018331963568925858, 0.018315361812710762, 0.01825188472867012, 0.018178531900048256, 0.018047254532575607, 0.01801520399749279, 0.018007420003414154, 0.017933495342731476, 0.017923034727573395, 0.01789921335875988, 0.0178008284419775, 0.017768893390893936, 0.017732718959450722, 0.01773064211010933, 0.017704900354146957, 0.01765848509967327, 0.01764167845249176, 0.017562948167324066, 0.01756160706281662, 0.017553817480802536, 0.017525766044855118, 0.01744873635470867, 0.01743326149880886, 0.01738470420241356, 0.01734592393040657, 0.01731179654598236, 0.01725180633366108, 0.017228126525878906, 0.017098823562264442, 0.017015304416418076, 0.017009075731039047, 0.016974007710814476, 0.01694127544760704, 0.01690833456814289, 0.016860445961356163, 0.016772698611021042, 0.016693804413080215, 0.01663765124976635, 0.016602765768766403, 0.016571303829550743, 0.016488276422023773, 0.016488105058670044, 0.016473358497023582, 0.016457628458738327, 0.016456633806228638, 0.016420967876911163, 0.016349121928215027, 0.016280103474855423, 0.016239076852798462, 0.016225110739469528, 0.016222067177295685, 0.016177799552679062, 0.016152236610651016, 0.016119010746479034, 0.016113582998514175, 0.016074666753411293, 0.01605726219713688, 0.016026876866817474, 0.0159992054104805, 0.01583617925643921, 0.015808075666427612, 0.015804478898644447, 0.01579020731151104, 0.015766318887472153, 0.015719231218099594, 0.015709126368165016, 0.015689807012677193, 0.01565900258719921, 0.015642790123820305, 0.015623513609170914, 0.015609689056873322, 0.01556349266320467, 0.015561810694634914, 0.015559417195618153, 0.015527253039181232, 0.015431498177349567, 0.015408521518111229, 0.015399813652038574, 0.015346855856478214, 0.015324246138334274, 0.015318089164793491, 0.0153060806915164, 0.01526251994073391, 0.015258326195180416, 0.015103311277925968, 0.015032727271318436, 0.015006717294454575, 0.014887974597513676, 0.014880457893013954, 0.014874524436891079, 0.014839119277894497, 0.014785157516598701, 0.014711013995110989, 0.014703053049743176, 0.014692183583974838, 0.014669629745185375, 0.014608735218644142, 0.014605372212827206, 0.014517721720039845, 0.014488042332231998, 0.014454657211899757, 0.014393891207873821, 0.014384418725967407, 0.014326939359307289, 0.014279577881097794, 0.014252555556595325, 0.014166624285280704, 0.014163713902235031, 0.014159627258777618, 0.014151209965348244, 0.014121385291218758, 0.014078497886657715]

Execution time: 0.4156 sec
