Label: tensor([ 0,  0, 13,  0, 13, 56,  0, 56,  0,  0,  0, 56,  0, 13,  0, 56, 56,  0,
         0, 56,  0,  0, 56, 56,  0,  0,  0,  0, 13, 13,  0, 56, 10, 56, 13,  0,
         0,  3,  0, 56, 56, 56, 56, 56, 56,  0, 13,  0, 13, 10, 13,  0, 56,  0,
         0,  0,  0,  0, 13, 13, 13,  0,  0, 56,  0,  0, 13,  0,  0,  0, 13, 13,
         0, 56,  0, 31, 13, 28, 56, 61,  0, 13, 39,  0, 56, 56, 28,  0,  0, 13,
         0, 56, 56,  0, 56, 56, 56, 31, 56,  0, 28, 13, 28,  0,  3,  3,  0, 13,
        56,  2, 56, 36, 13, 56, 56,  2,  2,  2, 56, 56, 13,  0, 13, 56,  0,  2,
         3, 56, 13,  3, 56,  0,  0, 56,  0,  0,  0,  0, 56, 13,  1, 13, 13, 13,
        13,  0, 56, 13, 56,  0, 13,  0, 13, 56, 13,  0,  0, 13, 56,  0,  0, 31,
         0, 13, 13, 56, 25,  3,  0, 13, 13, 36,  0,  0,  0, 28,  0, 39,  0, 13,
        25,  0, 56,  0,  0, 13,  2,  3, 25, 56,  0,  0,  0,  7, 13, 26,  0, 56,
        56, 56, 56, 13, 13, 61, 10, 56,  0, 39,  0,  0,  3, 60, 13, 26, 56,  0,
        56, 13,  0, 26, 56, 60, 56, 13, 13,  0,  0, 39, 56, 13,  2, 13, 56, 36,
        56, 56, 33,  0, 37, 56, 26, 56, 13, 13, 56, 34, 28, 56,  0, 13,  0, 39,
        36, 37, 28, 56,  0,  0,  3,  8, 28,  1,  0, 56, 56, 56,  0, 56, 30, 56,
        56, 13, 13, 13, 10, 56,  0, 33, 56, 61,  0, 13,  0,  0,  0,  0, 17, 13,
        61, 13, 13,  0, 13, 56, 56, 13, 77,  0,  1, 33]), Box: ([66.55290985107422, 7.88364839553833, 341.2774353027344, 291.7100830078125], [0.40415674448013306, 173.0828094482422, 126.1219711303711, 334.1585998535156], [0.40415674448013306, 173.0828094482422, 126.1219711303711, 334.1585998535156], [1.2412034273147583, 169.64369201660156, 125.81558227539062, 297.3792724609375], [0.531401515007019, 186.96676635742188, 88.49881744384766, 334.4311218261719], [166.6024932861328, 0.1431630551815033, 313.96038818359375, 133.78045654296875], [313.68572998046875, -0.03468587249517441, 373.7835388183594, 38.657447814941406], [166.80877685546875, 0.3058309257030487, 335.95989990234375, 131.2584228515625], [343.3016662597656, -0.08032485097646713, 399.9530029296875, 33.172611236572266], [0.531401515007019, 186.96676635742188, 88.49881744384766, 334.4311218261719], [63.03730773925781, 226.07232666015625, 121.69554901123047, 297.266357421875], [0.40415674448013306, 173.0828094482422, 126.1219711303711, 334.1585998535156], [301.59869384765625, -0.08559423685073853, 372.9572448730469, 52.04997253417969], [0.21450594067573547, 207.61997985839844, 86.61878204345703, 334.1435241699219], [342.0649719238281, 0.020600996911525726, 388.77313232421875, 33.10177230834961], [166.92242431640625, 0.13962441682815552, 311.7357482910156, 84.06285858154297], [0.531401515007019, 186.96676635742188, 88.49881744384766, 334.4311218261719], [325.7913513183594, -0.02645891159772873, 374.530029296875, 37.39113235473633], [264.6907653808594, 0.2309620976448059, 359.63946533203125, 57.95051193237305], [249.30072021484375, 53.10054016113281, 313.1551818847656, 133.0010223388672], [343.41876220703125, 0.03192239999771118, 373.0425109863281, 25.538305282592773], [249.30072021484375, 53.10054016113281, 313.1551818847656, 133.0010223388672], [0.21450594067573547, 207.61997985839844, 86.61878204345703, 334.1435241699219], [301.59869384765625, -0.08559423685073853, 372.9572448730469, 52.04997253417969], [285.47747802734375, 0.0599328875541687, 340.23114013671875, 54.832889556884766], [65.47449493408203, 224.95620727539062, 129.34970092773438, 275.502685546875], [1.5213042497634888, 142.5812530517578, 126.98401641845703, 297.961181640625], [343.8986511230469, -0.04897729307413101, 376.5756530761719, 32.557342529296875], [-0.3345683217048645, 168.8950958251953, 190.2549285888672, 333.94561767578125], [301.59869384765625, -0.08559423685073853, 372.9572448730469, 52.04997253417969], [350.1965026855469, -0.05235293507575989, 399.440185546875, 31.468172073364258], [300.58599853515625, 0.1860646903514862, 360.1380615234375, 56.49586486816406], [0.40415674448013306, 173.0828094482422, 126.1219711303711, 334.1585998535156], [167.3185272216797, 0.08066950738430023, 337.2470703125, 83.22885131835938], [-0.26931798458099365, 210.85855102539062, 34.57050704956055, 333.66607666015625], [243.8191375732422, 1.1788095235824585, 339.2653503417969, 80.63360595703125], [1.0867342948913574, 186.65011596679688, 79.2451171875, 273.9230041503906], [166.80877685546875, 0.3058309257030487, 335.95989990234375, 131.2584228515625], [300.58599853515625, 0.1860646903514862, 360.1380615234375, 56.49586486816406], [243.8191375732422, 1.1788095235824585, 339.2653503417969, 80.63360595703125], [343.3016662597656, -0.08032485097646713, 399.9530029296875, 33.172611236572266], [165.82180786132812, -0.8428727984428406, 320.4427490234375, 152.4535675048828], [283.1657409667969, 8.053425788879395, 339.3128967285156, 81.06011199951172], [286.606201171875, -0.016090601682662964, 371.3794860839844, 58.46846008300781], [313.68572998046875, -0.03468587249517441, 373.7835388183594, 38.657447814941406], [16.849807739257812, 169.0927276611328, 125.65589141845703, 296.6005554199219], [343.3016662597656, -0.08032485097646713, 399.9530029296875, 33.172611236572266], [376.1865234375, -0.13723981380462646, 400.0756530761719, 13.780953407287598], [-0.1984909176826477, 168.7456817626953, 203.9152069091797, 334.1424865722656], [0.531401515007019, 186.96676635742188, 88.49881744384766, 334.4311218261719], [-0.1530088484287262, 210.86065673828125, 34.70746612548828, 293.835693359375], [-0.2871789038181305, 144.94189453125, 110.42134094238281, 286.9647521972656], [243.9931640625, 1.9654573202133179, 337.7472229003906, 130.2064208984375], [366.1388854980469, -0.14383620023727417, 400.43145751953125, 29.187082290649414], [245.8477325439453, 0.2833150327205658, 371.39019775390625, 57.260379791259766], [96.21038055419922, 218.49151611328125, 142.24969482421875, 264.51544189453125], [243.9931640625, 1.9654573202133179, 337.7472229003906, 130.2064208984375], [0.06473809480667114, 155.50851440429688, 130.44589233398438, 333.9838562011719], [288.9012756347656, -0.03500066697597504, 382.0394287109375, 57.47895431518555], [300.58599853515625, 0.1860646903514862, 360.1380615234375, 56.49586486816406], [166.6024932861328, 0.1431630551815033, 313.96038818359375, 133.78045654296875], [326.7734375, 0.13394692540168762, 371.067626953125, 26.244766235351562], [0.21450594067573547, 207.61997985839844, 86.61878204345703, 334.1435241699219], [166.1179962158203, -0.6503877639770508, 377.61785888671875, 146.29429626464844], [286.606201171875, -0.016090601682662964, 371.3794860839844, 58.46846008300781], [283.1657409667969, 8.053425788879395, 339.3128967285156, 81.06011199951172], [0.18494576215744019, 185.50611877441406, 135.66232299804688, 334.2575988769531], [251.0013885498047, 51.922454833984375, 313.1454162597656, 134.08155822753906], [76.54385375976562, 1.5173044204711914, 339.5829772949219, 226.1388397216797], [60.11787414550781, 190.09828186035156, 123.8813705444336, 297.0702209472656], [286.606201171875, -0.016090601682662964, 371.3794860839844, 58.46846008300781], [166.92242431640625, 0.13962441682815552, 311.7357482910156, 84.06285858154297], [166.6024932861328, 0.1431630551815033, 313.96038818359375, 133.78045654296875], [264.6907653808594, 0.2309620976448059, 359.63946533203125, 57.95051193237305], [288.9012756347656, -0.03500066697597504, 382.0394287109375, 57.47895431518555], [0.531401515007019, 186.96676635742188, 88.49881744384766, 334.4311218261719], [0.06473809480667114, 155.50851440429688, 130.44589233398438, 333.9838562011719], [140.22413635253906, 66.60852813720703, 278.3410339355469, 206.61798095703125], [106.75555419921875, 195.9059295654297, 148.27293395996094, 247.7967987060547], [89.28475189208984, 0.5077722072601318, 278.5609436035156, 210.62716674804688], [242.59751892089844, 0.3334905505180359, 345.65673828125, 55.75651931762695], [166.80877685546875, 0.3058309257030487, 335.95989990234375, 131.2584228515625], [96.63727569580078, 268.8004150390625, 120.84479522705078, 297.1835021972656], [364.7128601074219, 0.07785999774932861, 386.7298583984375, 29.321016311645508], [250.15553283691406, 58.31388473510742, 288.8682861328125, 130.90562438964844], [288.9012756347656, -0.03500066697597504, 382.0394287109375, 57.47895431518555], [0.531401515007019, 186.96676635742188, 88.49881744384766, 334.4311218261719], [0.8422620296478271, 170.10772705078125, 70.90629577636719, 264.50543212890625], [165.08993530273438, -0.3452337384223938, 339.9610290527344, 219.41253662109375], [1.1002272367477417, 168.65469360351562, 336.67205810546875, 334.0550231933594], [1.676797866821289, 186.30459594726562, 69.28057098388672, 252.50909423828125], [241.74327087402344, 1.2753568887710571, 288.4779052734375, 35.77110290527344], [107.03477478027344, 195.90960693359375, 133.9142608642578, 223.28733825683594], [92.27667236328125, 4.407908916473389, 311.7469482421875, 218.01576232910156], [106.7555923461914, 185.532470703125, 169.05499267578125, 247.90277099609375], [350.1965026855469, -0.05235293507575989, 399.440185546875, 31.468172073364258], [244.7857666015625, 0.4717189073562622, 359.02545166015625, 101.12063598632812], [0.40415674448013306, 173.0828094482422, 126.1219711303711, 334.1585998535156], [251.0013885498047, 51.922454833984375, 313.1454162597656, 134.08155822753906], [89.0045166015625, 1.943852186203003, 333.4745788574219, 286.6754455566406], [0.21450594067573547, 207.61997985839844, 86.61878204345703, 334.1435241699219], [167.3185272216797, 0.08066950738430023, 337.2470703125, 83.22885131835938], [166.6024932861328, 0.1431630551815033, 313.96038818359375, 133.78045654296875], [106.75555419921875, 195.9059295654297, 148.27293395996094, 247.7967987060547], [166.6024932861328, 0.1431630551815033, 313.96038818359375, 133.78045654296875], [0.40415674448013306, 173.0828094482422, 126.1219711303711, 334.1585998535156], [242.68914794921875, 0.33654889464378357, 339.1477355957031, 71.21209716796875], [1.0867342948913574, 186.65011596679688, 79.2451171875, 273.9230041503906], [325.7913513183594, -0.02645891159772873, 374.530029296875, 37.39113235473633], [167.3185272216797, 0.08066950738430023, 337.2470703125, 83.22885131835938], [16.849807739257812, 169.0927276611328, 125.65589141845703, 296.6005554199219], [0.531401515007019, 186.96676635742188, 88.49881744384766, 334.4311218261719], [313.68572998046875, -0.03468587249517441, 373.7835388183594, 38.657447814941406], [107.40614318847656, 185.5679473876953, 169.37806701660156, 240.5778350830078], [304.9580993652344, 56.560245513916016, 327.7412109375, 81.59505462646484], [0.40415674448013306, 173.0828094482422, 126.1219711303711, 334.1585998535156], [343.3016662597656, -0.08032485097646713, 399.9530029296875, 33.172611236572266], [0.531401515007019, 186.96676635742188, 88.49881744384766, 334.4311218261719], [285.47747802734375, 0.0599328875541687, 340.23114013671875, 54.832889556884766], [306.138916015625, 46.89945983886719, 336.51654052734375, 81.11629486083984], [-0.19028224050998688, 281.00396728515625, 27.699216842651367, 333.8636169433594], [107.40614318847656, 185.5679473876953, 169.37806701660156, 240.5778350830078], [244.7857666015625, 0.4717189073562622, 359.02545166015625, 101.12063598632812], [306.44696044921875, 40.174400329589844, 339.2351989746094, 79.90115356445312], [241.74327087402344, 1.2753568887710571, 288.4779052734375, 35.77110290527344], [166.92242431640625, 0.13962441682815552, 311.7357482910156, 84.06285858154297], [343.3016662597656, -0.08032485097646713, 399.9530029296875, 33.172611236572266], [-0.1530088484287262, 210.86065673828125, 34.70746612548828, 293.835693359375], [243.8191375732422, 1.1788095235824585, 339.2653503417969, 80.63360595703125], [243.9931640625, 1.9654573202133179, 337.7472229003906, 130.2064208984375], [65.47449493408203, 224.95620727539062, 129.34970092773438, 275.502685546875], [12.281978607177734, 209.47775268554688, 50.81153106689453, 253.1554412841797], [0.27416831254959106, 143.23825073242188, 37.72818374633789, 192.4479217529297], [1.2412034273147583, 169.64369201660156, 125.81558227539062, 297.3792724609375], [84.54681396484375, 231.00326538085938, 129.7349853515625, 273.2966613769531], [166.80877685546875, 0.3058309257030487, 335.95989990234375, 131.2584228515625], [164.4425048828125, -1.774574875831604, 339.62939453125, 243.681884765625], [91.45679473876953, 0.453095018863678, 331.5096740722656, 283.3994140625], [133.35508728027344, 188.10401916503906, 169.5730743408203, 228.2797393798828], [292.0455017089844, -0.48427584767341614, 391.4583740234375, 60.28742218017578], [166.80877685546875, 0.3058309257030487, 335.95989990234375, 131.2584228515625], [106.7555923461914, 185.532470703125, 169.05499267578125, 247.90277099609375], [-0.1831650733947754, 274.4648132324219, 88.12018585205078, 334.1864318847656], [63.03730773925781, 226.07232666015625, 121.69554901123047, 297.266357421875], [133.35508728027344, 188.10401916503906, 169.5730743408203, 228.2797393798828], [88.27120208740234, 7.465651035308838, 274.73260498046875, 214.36981201171875], [63.03730773925781, 226.07232666015625, 121.69554901123047, 297.266357421875], [350.1965026855469, -0.05235293507575989, 399.440185546875, 31.468172073364258], [366.1388854980469, -0.14383620023727417, 400.43145751953125, 29.187082290649414], [95.4236068725586, 1.342104434967041, 331.65264892578125, 221.404052734375], [166.1179962158203, -0.6503877639770508, 377.61785888671875, 146.29429626464844], [106.98129272460938, 195.65541076660156, 148.3024139404297, 235.01657104492188], [283.1657409667969, 8.053425788879395, 339.3128967285156, 81.06011199951172], [106.98129272460938, 195.65541076660156, 148.3024139404297, 235.01657104492188], [-0.17343926429748535, 298.7281188964844, 24.17586326599121, 333.65478515625], [342.5347900390625, -0.014204323291778564, 391.6514587402344, 37.02490997314453], [-0.1530088484287262, 210.86065673828125, 34.70746612548828, 293.835693359375], [245.8477325439453, 0.2833150327205658, 371.39019775390625, 57.260379791259766], [107.46195983886719, 185.88800048828125, 171.3009796142578, 247.68698120117188], [-0.26931798458099365, 210.85855102539062, 34.57050704956055, 333.66607666015625], [-0.15767663717269897, 147.14195251464844, 15.666529655456543, 183.52394104003906], [0.21450594067573547, 207.61997985839844, 86.61878204345703, 334.1435241699219], [-0.08657248318195343, 147.43246459960938, 15.614818572998047, 184.0695343017578], [-0.528272271156311, 293.6961364746094, 105.33094787597656, 334.17352294921875], [107.46195983886719, 185.88800048828125, 171.3009796142578, 247.68698120117188], [246.208984375, 6.360535621643066, 325.52862548828125, 108.38778686523438], [166.6024932861328, 0.1431630551815033, 313.96038818359375, 133.78045654296875], [166.92242431640625, 0.13962441682815552, 311.7357482910156, 84.06285858154297], [167.3185272216797, 0.08066950738430023, 337.2470703125, 83.22885131835938], [-0.2848505973815918, 124.11286926269531, 297.9698181152344, 333.4109191894531], [96.21038055419922, 218.49151611328125, 142.24969482421875, 264.51544189453125], [63.03730773925781, 226.07232666015625, 121.69554901123047, 297.266357421875], [83.24785614013672, 231.78746032714844, 121.68576049804688, 296.81451416015625], [66.85821533203125, 180.80126953125, 144.4107208251953, 266.1817626953125], [368.1714782714844, -0.19248127937316895, 400.0084228515625, 18.252613067626953], [166.92242431640625, 0.13962441682815552, 311.7357482910156, 84.06285858154297], [250.15553283691406, 58.31388473510742, 288.8682861328125, 130.90562438964844], [133.35508728027344, 188.10401916503906, 169.5730743408203, 228.2797393798828], [106.7555923461914, 185.532470703125, 169.05499267578125, 247.90277099609375], [84.54681396484375, 231.00326538085938, 129.7349853515625, 273.2966613769531], [167.3185272216797, 0.08066950738430023, 337.2470703125, 83.22885131835938], [2.303209066390991, 135.79356384277344, 75.73893737792969, 208.22885131835938], [66.85821533203125, 180.80126953125, 144.4107208251953, 266.1817626953125], [395.0863037109375, -0.3116602301597595, 411.57501220703125, 9.4075288772583], [133.35508728027344, 188.10401916503906, 169.5730743408203, 228.2797393798828], [89.98681640625, 0.5417003631591797, 342.3065490722656, 132.52183532714844], [166.6024932861328, 0.1431630551815033, 313.96038818359375, 133.78045654296875], [165.82180786132812, -0.8428727984428406, 320.4427490234375, 152.4535675048828], [166.92242431640625, 0.13962441682815552, 311.7357482910156, 84.06285858154297], [1.0867342948913574, 186.65011596679688, 79.2451171875, 273.9230041503906], [89.28475189208984, 0.5077722072601318, 278.5609436035156, 210.62716674804688], [64.69483947753906, 213.3632354736328, 146.2071533203125, 269.3450927734375], [108.67273712158203, 186.1356658935547, 171.2651824951172, 248.02151489257812], [0.40415674448013306, 173.0828094482422, 126.1219711303711, 334.1585998535156], [1.676797866821289, 186.30459594726562, 69.28057098388672, 252.50909423828125], [133.35508728027344, 188.10401916503906, 169.5730743408203, 228.2797393798828], [107.46195983886719, 185.88800048828125, 171.3009796142578, 247.68698120117188], [-0.26931798458099365, 210.85855102539062, 34.57050704956055, 333.66607666015625], [-0.3345683217048645, 168.8950958251953, 190.2549285888672, 333.94561767578125], [-0.17343926429748535, 298.7281188964844, 24.17586326599121, 333.65478515625], [165.97491455078125, -0.08982467651367188, 255.94114685058594, 73.48706817626953], [249.30072021484375, 53.10054016113281, 313.1551818847656, 133.0010223388672], [306.138916015625, 46.89945983886719, 336.51654052734375, 81.11629486083984], [166.6024932861328, 0.1431630551815033, 313.96038818359375, 133.78045654296875], [88.27120208740234, 7.465651035308838, 274.73260498046875, 214.36981201171875], [245.8477325439453, 0.2833150327205658, 371.39019775390625, 57.260379791259766], [166.92242431640625, 0.13962441682815552, 311.7357482910156, 84.06285858154297], [96.21038055419922, 218.49151611328125, 142.24969482421875, 264.51544189453125], [66.0682601928711, 176.50143432617188, 134.04869079589844, 272.715576171875], [65.48611450195312, 225.47598266601562, 90.20895385742188, 248.48443603515625], [167.3185272216797, 0.08066950738430023, 337.2470703125, 83.22885131835938], [343.3016662597656, -0.08032485097646713, 399.9530029296875, 33.172611236572266], [264.6907653808594, 0.2309620976448059, 359.63946533203125, 57.95051193237305], [96.63727569580078, 268.8004150390625, 120.84479522705078, 297.1835021972656], [106.11712646484375, 196.93212890625, 133.54151916503906, 234.85577392578125], [165.3115692138672, 0.2992463707923889, 339.2775573730469, 216.36474609375], [249.6622772216797, 55.94821548461914, 286.9815368652344, 98.45320129394531], [16.849807739257812, 169.0927276611328, 125.65589141845703, 296.6005554199219], [42.29585266113281, 170.21421813964844, 75.95491027832031, 207.08302307128906], [12.281978607177734, 209.47775268554688, 50.81153106689453, 253.1554412841797], [-0.1831650733947754, 274.4648132324219, 88.12018585205078, 334.1864318847656], [301.59869384765625, -0.08559423685073853, 372.9572448730469, 52.04997253417969], [249.06472778320312, 61.275150299072266, 272.01043701171875, 97.42549133300781], [0.19638240337371826, 167.2077178955078, 379.1792907714844, 333.3168640136719], [1.2412034273147583, 169.64369201660156, 125.81558227539062, 297.3792724609375], [63.093788146972656, 226.3905487060547, 102.34367370605469, 276.9152526855469], [244.7857666015625, 0.4717189073562622, 359.02545166015625, 101.12063598632812], [12.281978607177734, 209.47775268554688, 50.81153106689453, 253.1554412841797], [342.0649719238281, 0.020600996911525726, 388.77313232421875, 33.10177230834961], [306.44696044921875, 40.174400329589844, 339.2351989746094, 79.90115356445312], [166.80877685546875, 0.3058309257030487, 335.95989990234375, 131.2584228515625], [107.03477478027344, 195.90960693359375, 133.9142608642578, 223.28733825683594], [96.21038055419922, 218.49151611328125, 142.24969482421875, 264.51544189453125], [0.21450594067573547, 207.61997985839844, 86.61878204345703, 334.1435241699219], [0.18494576215744019, 185.50611877441406, 135.66232299804688, 334.2575988769531], [166.58705139160156, -0.06302359700202942, 349.1905822753906, 162.29376220703125], [166.6024932861328, 0.1431630551815033, 313.96038818359375, 133.78045654296875], [361.9939270019531, -0.21565288305282593, 387.59716796875, 16.820571899414062], [166.6024932861328, 0.1431630551815033, 313.96038818359375, 133.78045654296875], [292.0455017089844, -0.48427584767341614, 391.4583740234375, 60.28742218017578], [140.22413635253906, 66.60852813720703, 278.3410339355469, 206.61798095703125], [42.29585266113281, 170.21421813964844, 75.95491027832031, 207.08302307128906], [-0.004343688488006592, 193.01052856445312, 120.41387176513672, 334.1049499511719], [0.016041100025177002, 0.2908153533935547, 129.53680419921875, 334.2829284667969], [64.69483947753906, 213.3632354736328, 146.2071533203125, 269.3450927734375], [166.6024932861328, 0.1431630551815033, 313.96038818359375, 133.78045654296875], [0.40415674448013306, 173.0828094482422, 126.1219711303711, 334.1585998535156], [108.67273712158203, 186.1356658935547, 171.2651824951172, 248.02151489257812], [67.83568572998047, 99.3368148803711, 148.27552795410156, 266.66937255859375], [106.75555419921875, 195.9059295654297, 148.27293395996094, 247.7967987060547], [357.4704284667969, -0.0642448216676712, 386.1422119140625, 14.847288131713867], [241.74327087402344, 1.2753568887710571, 288.4779052734375, 35.77110290527344], [0.40415674448013306, 173.0828094482422, 126.1219711303711, 334.1585998535156], [166.92242431640625, 0.13962441682815552, 311.7357482910156, 84.06285858154297], [166.80877685546875, 0.3058309257030487, 335.95989990234375, 131.2584228515625], [13.201456069946289, 279.05426025390625, 87.00341033935547, 334.246826171875], [71.68807983398438, 8.933732986450195, 277.1146545410156, 281.50335693359375], [-0.17343926429748535, 298.7281188964844, 24.17586326599121, 333.65478515625], [243.8191375732422, 1.1788095235824585, 339.2653503417969, 80.63360595703125], [166.92242431640625, 0.13962441682815552, 311.7357482910156, 84.06285858154297], [249.30072021484375, 53.10054016113281, 313.1551818847656, 133.0010223388672], [166.6024932861328, 0.1431630551815033, 313.96038818359375, 133.78045654296875], [292.0455017089844, -0.48427584767341614, 391.4583740234375, 60.28742218017578], [0.40298327803611755, 171.7552490234375, 123.43297576904297, 334.43218994140625], [242.68914794921875, 0.33654889464378357, 339.1477355957031, 71.21209716796875], [63.093788146972656, 226.3905487060547, 102.34367370605469, 276.9152526855469], [386.4431457519531, -0.12531930208206177, 412.9214172363281, 15.995160102844238], [1.676797866821289, 186.30459594726562, 69.28057098388672, 252.50909423828125], [300.58599853515625, 0.1860646903514862, 360.1380615234375, 56.49586486816406], [0.06473809480667114, 155.50851440429688, 130.44589233398438, 333.9838562011719], [-0.004343688488006592, 193.01052856445312, 120.41387176513672, 334.1049499511719], [243.9931640625, 1.9654573202133179, 337.7472229003906, 130.2064208984375], [325.7913513183594, -0.02645891159772873, 374.530029296875, 37.39113235473633], [165.82180786132812, -0.8428727984428406, 320.4427490234375, 152.4535675048828], [89.28475189208984, 0.5077722072601318, 278.5609436035156, 210.62716674804688], [242.59751892089844, 0.3334905505180359, 345.65673828125, 55.75651931762695], [89.73236846923828, 8.702571868896484, 276.248291015625, 216.81948852539062], [166.80877685546875, 0.3058309257030487, 335.95989990234375, 131.2584228515625], [84.54681396484375, 231.00326538085938, 129.7349853515625, 273.2966613769531], [166.80877685546875, 0.3058309257030487, 335.95989990234375, 131.2584228515625], [-0.19028224050998688, 281.00396728515625, 27.699216842651367, 333.8636169433594], [107.40614318847656, 185.5679473876953, 169.37806701660156, 240.5778350830078], [96.63727569580078, 268.8004150390625, 120.84479522705078, 297.1835021972656], [0.02478528767824173, 171.8369140625, 21.740272521972656, 211.53775024414062], [64.43083190917969, 176.68092346191406, 169.7288055419922, 295.40924072265625], [157.1036834716797, -5.018993377685547, 310.03948974609375, 213.31117248535156], [166.80877685546875, 0.3058309257030487, 335.95989990234375, 131.2584228515625], [65.47449493408203, 224.95620727539062, 129.34970092773438, 275.502685546875], [88.27120208740234, 7.465651035308838, 274.73260498046875, 214.36981201171875], [3.6877095699310303, 138.20025634765625, 497.6842041015625, 333.3623352050781], [366.1388854980469, -0.14383620023727417, 400.43145751953125, 29.187082290649414], [14.803117752075195, 141.9295654296875, 35.09297561645508, 168.69607543945312], [12.281978607177734, 209.47775268554688, 50.81153106689453, 253.1554412841797], [297.7166442871094, 57.62534713745117, 330.7063293457031, 102.11810302734375], [376.1865234375, -0.13723981380462646, 400.0756530761719, 13.780953407287598], [64.43083190917969, 176.68092346191406, 169.7288055419922, 295.40924072265625], [88.27120208740234, 7.465651035308838, 274.73260498046875, 214.36981201171875], [1.3150572776794434, 0.15990066528320312, 337.8172607421875, 334.1561279296875], [0.40415674448013306, 173.0828094482422, 126.1219711303711, 334.1585998535156], [0.40415674448013306, 173.0828094482422, 126.1219711303711, 334.1585998535156]), Score: [0.9555408358573914, 0.21399059891700745, 0.21077170968055725, 0.1982957273721695, 0.19706466794013977, 0.18636736273765564, 0.1714545339345932, 0.17082801461219788, 0.15930168330669403, 0.1520082652568817, 0.1489023119211197, 0.14615152776241302, 0.14519338309764862, 0.14466139674186707, 0.13430732488632202, 0.13033021986484528, 0.12775461375713348, 0.1258058249950409, 0.11930188536643982, 0.1187346950173378, 0.11816686391830444, 0.11685558408498764, 0.11627200245857239, 0.11558303236961365, 0.11266455799341202, 0.11096421629190445, 0.11011116951704025, 0.1080121174454689, 0.10531052947044373, 0.10357461869716644, 0.10319998115301132, 0.1031031385064125, 0.10203227400779724, 0.09815391898155212, 0.09535137563943863, 0.09230533242225647, 0.08886103332042694, 0.08839895576238632, 0.0881740152835846, 0.08792594820261002, 0.08706862479448318, 0.08677992224693298, 0.08415230363607407, 0.0841124877333641, 0.08321836590766907, 0.0821426585316658, 0.08203711360692978, 0.08118218183517456, 0.0809561163187027, 0.08049581199884415, 0.07943972945213318, 0.07915997505187988, 0.07893886417150497, 0.07846738398075104, 0.07741808146238327, 0.07724859565496445, 0.07699866592884064, 0.0769578069448471, 0.07634325325489044, 0.07615344226360321, 0.07593853026628494, 0.07528654485940933, 0.07498887926340103, 0.07488216459751129, 0.07453010231256485, 0.07440600544214249, 0.07298754155635834, 0.07282193750143051, 0.07273809611797333, 0.07196726649999619, 0.07146604359149933, 0.07121207565069199, 0.07112963497638702, 0.07020681351423264, 0.0701024979352951, 0.06945903599262238, 0.06932752579450607, 0.06915978342294693, 0.06905917078256607, 0.06887426972389221, 0.0684131532907486, 0.06789766252040863, 0.0665430873632431, 0.06646928936243057, 0.06613083183765411, 0.06609344482421875, 0.06593798846006393, 0.06577097624540329, 0.0656101256608963, 0.06552566587924957, 0.06532076746225357, 0.06532060354948044, 0.06504647433757782, 0.0642457976937294, 0.0638708844780922, 0.06374233961105347, 0.0636473149061203, 0.06342356652021408, 0.06333428621292114, 0.06327352672815323, 0.06320729106664658, 0.06260605901479721, 0.06213128939270973, 0.061903223395347595, 0.06181221455335617, 0.06176185607910156, 0.06155125051736832, 0.06137378513813019, 0.06133667752146721, 0.061051685363054276, 0.06089326739311218, 0.06042568013072014, 0.06029495224356651, 0.060266174376010895, 0.06011452525854111, 0.060106780380010605, 0.05984916165471077, 0.059796083718538284, 0.0596618726849556, 0.05943111702799797, 0.05942278355360031, 0.05932121351361275, 0.05922551453113556, 0.059189267456531525, 0.05902543663978577, 0.05898585543036461, 0.058820705860853195, 0.05869163200259209, 0.05863529443740845, 0.058606088161468506, 0.057761553674936295, 0.057427771389484406, 0.056926179677248, 0.05690696835517883, 0.056806035339832306, 0.056675709784030914, 0.05654625594615936, 0.05651088058948517, 0.0565020814538002, 0.05645259469747543, 0.05637513846158981, 0.055872008204460144, 0.055778272449970245, 0.055732592940330505, 0.0555877760052681, 0.05550314113497734, 0.05545973405241966, 0.055328868329524994, 0.05519881471991539, 0.054786767810583115, 0.05459226295351982, 0.05453718453645706, 0.054531581699848175, 0.05452724173665047, 0.05449547618627548, 0.054476942867040634, 0.054453540593385696, 0.054253630340099335, 0.05413952097296715, 0.05379677563905716, 0.05358511954545975, 0.05358217656612396, 0.05355249345302582, 0.05314572900533676, 0.053072355687618256, 0.05306481942534447, 0.05306050553917885, 0.05287408083677292, 0.05264386162161827, 0.052453137934207916, 0.052395518869161606, 0.05220310389995575, 0.05204654857516289, 0.05203179270029068, 0.051945365965366364, 0.05192852020263672, 0.051860399544239044, 0.05153890699148178, 0.05153103172779083, 0.05151164531707764, 0.05144896358251572, 0.05136097967624664, 0.051275838166475296, 0.05118370056152344, 0.05102010816335678, 0.05086623504757881, 0.05039816349744797, 0.05039770156145096, 0.05032593756914139, 0.050262805074453354, 0.05015792325139046, 0.05012885481119156, 0.05002659931778908, 0.04995141923427582, 0.04987388104200363, 0.04965245723724365, 0.04965232312679291, 0.0495632104575634, 0.04950636625289917, 0.04950279742479324, 0.04943030700087547, 0.049074672162532806, 0.04897897690534592, 0.04892876744270325, 0.04885793477296829, 0.04884596914052963, 0.04874705523252487, 0.04864096641540527, 0.048597320914268494, 0.048578523099422455, 0.04850234091281891, 0.04843534529209137, 0.04824488237500191, 0.04797836393117905, 0.04782916605472565, 0.04779864102602005, 0.04766090586781502, 0.047430094331502914, 0.04734930768609047, 0.047308068722486496, 0.04728120192885399, 0.04725518822669983, 0.047087784856557846, 0.04694577679038048, 0.04677160829305649, 0.046714361757040024, 0.046630214899778366, 0.04657614976167679, 0.04638011381030083, 0.04628440737724304, 0.04609299823641777, 0.04596782103180885, 0.04585861787199974, 0.04583248123526573, 0.045809466391801834, 0.04578729346394539, 0.04577988386154175, 0.045702483505010605, 0.04538814723491669, 0.04537930339574814, 0.045240528881549835, 0.04499409347772598, 0.044940780848264694, 0.044741999357938766, 0.04464944824576378, 0.04455864429473877, 0.04450393468141556, 0.04448636993765831, 0.044405847787857056, 0.044387683272361755, 0.04428650066256523, 0.044168081134557724, 0.044115226715803146, 0.0438992902636528, 0.04388722777366638, 0.04387028142809868, 0.04375310242176056, 0.043739691376686096, 0.04343216493725777, 0.04332751780748367, 0.0432545468211174, 0.043221425265073776, 0.043135590851306915, 0.04308320954442024, 0.043052054941654205, 0.04293031990528107, 0.042724695056676865, 0.042648203670978546, 0.042641475796699524, 0.04233427718281746, 0.042152851819992065, 0.042061127722263336, 0.04184838384389877, 0.04183825105428696, 0.04172052443027496, 0.04167931154370308, 0.041295573115348816, 0.0410548597574234, 0.04100121930241585, 0.04094630107283592, 0.04092297703027725, 0.040885619819164276, 0.04035293310880661, 0.04032476618885994, 0.04026653617620468, 0.040194857865571976, 0.04008502885699272, 0.04000629857182503, 0.039761073887348175, 0.0397302620112896, 0.039713893085718155, 0.03943699225783348, 0.03942753002047539, 0.03931340202689171, 0.03928587958216667, 0.0391886867582798, 0.039125699549913406, 0.0391218438744545, 0.039076484739780426, 0.039024896919727325]

Execution time: 0.3994 sec
