Label: tensor([16, 16, 27, 27,  0, 16, 27,  0, 27, 16, 27,  0,  0,  0, 27, 27,  0, 77,
        27,  0, 16, 27, 27,  0,  0,  0,  0,  0,  0, 79, 21, 18, 15,  0, 14, 16,
        53,  0, 48, 39, 15, 16, 16, 16, 77, 27, 15,  0,  0, 73, 16, 51,  0, 59,
        77, 27, 56, 15, 59,  0, 18, 27, 40, 16, 54,  0, 18, 21,  0,  0, 26, 52,
        27, 26, 21,  0, 16, 16, 26, 16, 32, 18, 16,  0, 41,  0, 23, 55, 16, 14,
        75, 50, 16, 16,  0, 30, 73, 16, 18, 27,  0,  0, 15, 18, 77, 65, 16, 16,
         7, 27, 46, 15, 26, 74, 18, 16, 56, 16, 74,  0, 77, 74,  0, 25, 77, 25,
        66, 29, 27, 18,  0,  0, 16,  0, 16, 18, 77, 16, 56, 29,  0, 56,  0, 17,
         0, 27, 16, 26, 56, 76, 56, 24, 56, 41,  0, 15, 32,  0,  0, 16, 26, 27,
        77, 29,  0, 77, 77, 56, 77, 32, 56,  0, 27, 27,  0, 26, 24, 16, 58, 18,
        39, 59, 67, 77, 74, 27,  0, 77, 77, 57, 51, 57, 16,  0, 67, 58, 29, 24,
        18,  2, 25, 73, 59, 25, 27, 77, 24, 16,  0, 77, 77, 14,  0, 77, 56, 77,
        32, 16, 16,  7, 16, 29,  0, 25, 26, 14, 77, 26, 26, 77, 79, 18,  4, 17,
        55, 48, 25, 59, 14, 27,  0, 35, 57, 16,  0, 77, 43, 57, 48, 77, 25, 24,
        46, 32, 16, 19, 14, 59, 16, 77, 18, 24, 79, 16, 24, 24, 40, 39, 26, 56,
        77,  0, 56, 77, 18, 21, 27, 30, 24, 57, 16, 26, 31, 27, 27, 33, 77, 60,
        63, 57, 53,  0, 23, 18, 39,  0, 47, 57, 26, 51]), Box: ([212.18984985351562, 126.0693588256836, 272.5695495605469, 265.18731689453125], [119.79523468017578, 105.59410858154297, 189.14573669433594, 230.84588623046875], [67.6192855834961, 0.07236672937870026, 97.16249084472656, 30.83136558532715], [67.31507110595703, 0.058964841067790985, 116.36064910888672, 31.159318923950195], [-0.41165947914123535, -0.09446537494659424, 184.65907287597656, 108.9762954711914], [211.80128479003906, 125.90924072265625, 273.1637878417969, 265.5160217285156], [79.25813293457031, 0.408866286277771, 96.51497650146484, 20.036785125732422], [0.04157796502113342, -0.004777148365974426, 98.41801452636719, 71.91016387939453], [82.4159164428711, 0.4934719502925873, 97.9283218383789, 18.91777229309082], [119.94782257080078, 105.71853637695312, 189.5057830810547, 230.46566772460938], [87.40859985351562, 0.20726649463176727, 98.547607421875, 11.71191120147705], [-0.22579729557037354, 0.20891955494880676, 114.25152587890625, 107.6290283203125], [67.31507110595703, 0.058964841067790985, 116.36064910888672, 31.159318923950195], [-0.1730993390083313, 0.012557685375213623, 194.9122314453125, 229.11495971679688], [75.7197265625, 0.21969814598560333, 115.92988586425781, 26.964378356933594], [67.11480712890625, 0.44020316004753113, 82.95000457763672, 31.050418853759766], [-0.5816817283630371, 0.2399190068244934, 176.33419799804688, 215.43128967285156], [67.6192855834961, 0.07236672937870026, 97.16249084472656, 30.83136558532715], [81.7539291381836, 0.24466881155967712, 107.413330078125, 20.319286346435547], [67.6192855834961, 0.07236672937870026, 97.16249084472656, 30.83136558532715], [-0.008082017302513123, 0.09829363226890564, 17.385089874267578, 18.55055809020996], [67.53492736816406, -0.35075631737709045, 101.01841735839844, 108.90088653564453], [88.40513610839844, 0.002124510705471039, 111.93355560302734, 11.249829292297363], [-0.008082017302513123, 0.09829363226890564, 17.385089874267578, 18.55055809020996], [-0.19552278518676758, 0.02855086326599121, 19.915603637695312, 41.46113967895508], [-0.2861153483390808, -0.12784406542778015, 51.24700164794922, 72.9976577758789], [-0.19653700292110443, 0.035919301211833954, 18.967390060424805, 41.40425109863281], [-0.18718093633651733, -0.3762824535369873, 196.0372314453125, 357.61602783203125], [-0.23434311151504517, -0.003296792507171631, 20.049264907836914, 42.97502517700195], [67.6192855834961, 0.07236672937870026, 97.16249084472656, 30.83136558532715], [119.94782257080078, 105.71853637695312, 189.5057830810547, 230.46566772460938], [-0.008082017302513123, 0.09829363226890564, 17.385089874267578, 18.55055809020996], [119.94782257080078, 105.71853637695312, 189.5057830810547, 230.46566772460938], [0.34432485699653625, -0.07489000260829926, 52.95637130737305, 65.34237670898438], [-0.008082017302513123, 0.09829363226890564, 17.385089874267578, 18.55055809020996], [127.91264343261719, 160.3712158203125, 168.96075439453125, 227.86679077148438], [67.6192855834961, 0.07236672937870026, 97.16249084472656, 30.83136558532715], [-0.30271708965301514, -0.05007070302963257, 499.6922607421875, 357.94610595703125], [67.6192855834961, 0.07236672937870026, 97.16249084472656, 30.83136558532715], [67.6192855834961, 0.07236672937870026, 97.16249084472656, 30.83136558532715], [67.6192855834961, 0.07236672937870026, 97.16249084472656, 30.83136558532715], [137.30001831054688, 161.02713012695312, 169.47633361816406, 227.9918670654297], [118.62875366210938, 108.47661590576172, 272.4040222167969, 266.35064697265625], [122.40432739257812, 142.21267700195312, 170.09002685546875, 229.199951171875], [67.31507110595703, 0.058964841067790985, 116.36064910888672, 31.159318923950195], [67.83568572998047, 13.23107624053955, 78.52667236328125, 31.14014434814453], [119.79523468017578, 105.59410858154297, 189.14573669433594, 230.84588623046875], [-0.8069537878036499, 0.14384791254997253, 76.18946075439453, 106.95880889892578], [-0.6571188569068909, 0.2119656205177307, 193.6297149658203, 151.27947998046875], [67.6192855834961, 0.07236672937870026, 97.16249084472656, 30.83136558532715], [0.04157796502113342, -0.004777148365974426, 98.41801452636719, 71.91016387939453], [67.6192855834961, 0.07236672937870026, 97.16249084472656, 30.83136558532715], [66.56842803955078, -0.23241320252418518, 167.25790405273438, 103.1718521118164], [-0.17695128917694092, 35.80470275878906, 499.81744384765625, 357.4167785644531], [-0.008082017302513123, 0.09829363226890564, 17.385089874267578, 18.55055809020996], [67.89509582519531, 0.5970621705055237, 85.6727523803711, 30.753259658813477], [-0.008082017302513123, 0.09829363226890564, 17.385089874267578, 18.55055809020996], [211.80128479003906, 125.90924072265625, 273.1637878417969, 265.5160217285156], [-0.30271708965301514, -0.05007070302963257, 499.6922607421875, 357.94610595703125], [119.79523468017578, 105.59410858154297, 189.14573669433594, 230.84588623046875], [-0.17695128917694092, 35.80470275878906, 499.81744384765625, 357.4167785644531], [179.63986206054688, 0.1350884735584259, 213.71533203125, 46.1055908203125], [67.6192855834961, 0.07236672937870026, 97.16249084472656, 30.83136558532715], [122.0048828125, 150.9016571044922, 170.2675323486328, 228.70584106445312], [67.6192855834961, 0.07236672937870026, 97.16249084472656, 30.83136558532715], [0.764116644859314, -0.44615525007247925, 272.8742980957031, 357.5355529785156], [119.79523468017578, 105.59410858154297, 189.14573669433594, 230.84588623046875], [211.80128479003906, 125.90924072265625, 273.1637878417969, 265.5160217285156], [0.33690035343170166, -0.390760600566864, 286.8057556152344, 357.60528564453125], [186.4071502685547, 0.036859527230262756, 272.42425537109375, 46.13056564331055], [67.6192855834961, 0.07236672937870026, 97.16249084472656, 30.83136558532715], [67.6192855834961, 0.07236672937870026, 97.16249084472656, 30.83136558532715], [76.6453628540039, -0.016039855778217316, 128.78472900390625, 27.294017791748047], [186.4071502685547, 0.036859527230262756, 272.42425537109375, 46.13056564331055], [119.79523468017578, 105.59410858154297, 189.14573669433594, 230.84588623046875], [-0.6446987390518188, 0.35934504866600037, 313.07421875, 109.82710266113281], [67.6192855834961, 0.07236672937870026, 97.16249084472656, 30.83136558532715], [-0.19653700292110443, 0.035919301211833954, 18.967390060424805, 41.40425109863281], [179.63986206054688, 0.1350884735584259, 213.71533203125, 46.1055908203125], [-0.19552278518676758, 0.02855086326599121, 19.915603637695312, 41.46113967895508], [220.27381896972656, 126.06835174560547, 247.93362426757812, 144.79872131347656], [0.6318539381027222, 40.41703414916992, 270.7098693847656, 356.04571533203125], [212.69741821289062, 126.07694244384766, 254.61859130859375, 255.99728393554688], [0.37285685539245605, -0.38393229246139526, 286.8580322265625, 357.6094970703125], [67.6192855834961, 0.07236672937870026, 97.16249084472656, 30.83136558532715], [-0.7407516241073608, -0.07175591588020325, 174.8890380859375, 52.780723571777344], [67.6192855834961, 0.07236672937870026, 97.16249084472656, 30.83136558532715], [67.6192855834961, 0.07236672937870026, 97.16249084472656, 30.83136558532715], [212.78826904296875, 172.35482788085938, 272.046875, 264.34002685546875], [67.6192855834961, 0.07236672937870026, 97.16249084472656, 30.83136558532715], [67.6192855834961, 0.07236672937870026, 97.16249084472656, 30.83136558532715], [67.6192855834961, 0.07236672937870026, 97.16249084472656, 30.83136558532715], [212.71023559570312, 126.14268493652344, 255.15988159179688, 256.29583740234375], [213.94668579101562, 174.31683349609375, 272.3056640625, 264.2386474609375], [0.10167062282562256, -0.2523486614227295, 323.4947814941406, 357.7437744140625], [67.6192855834961, 0.07236672937870026, 97.16249084472656, 30.83136558532715], [-0.008082017302513123, 0.09829363226890564, 17.385089874267578, 18.55055809020996], [-0.23434311151504517, -0.003296792507171631, 20.049264907836914, 42.97502517700195], [212.18984985351562, 126.0693588256836, 272.5695495605469, 265.18731689453125], [-0.008082017302513123, 0.09829363226890564, 17.385089874267578, 18.55055809020996], [0.48102065920829773, -0.1624283790588379, 97.88449096679688, 39.77082061767578], [50.01455307006836, -0.8402793407440186, 122.53107452392578, 87.3439712524414], [-0.008082017302513123, 0.09829363226890564, 17.385089874267578, 18.55055809020996], [0.13777613639831543, 40.16545104980469, 334.0073547363281, 356.153564453125], [0.04157796502113342, -0.004777148365974426, 98.41801452636719, 71.91016387939453], [67.6192855834961, 0.07236672937870026, 97.16249084472656, 30.83136558532715], [-0.30271708965301514, -0.05007070302963257, 499.6922607421875, 357.94610595703125], [123.11810302734375, 183.08529663085938, 164.04824829101562, 227.829833984375], [-0.30271708965301514, -0.05007070302963257, 499.6922607421875, 357.94610595703125], [41.00023651123047, 0.20950236916542053, 51.4996223449707, 27.04570198059082], [67.6192855834961, 0.07236672937870026, 97.16249084472656, 30.83136558532715], [212.18984985351562, 126.0693588256836, 272.5695495605469, 265.18731689453125], [67.31507110595703, 0.058964841067790985, 116.36064910888672, 31.159318923950195], [185.110595703125, 0.47243890166282654, 213.30889892578125, 46.0362434387207], [-0.30271708965301514, -0.05007070302963257, 499.6922607421875, 357.94610595703125], [-0.17695128917694092, 35.80470275878906, 499.81744384765625, 357.4167785644531], [211.80128479003906, 125.90924072265625, 273.1637878417969, 265.5160217285156], [139.19146728515625, 190.82870483398438, 164.41378784179688, 228.2525634765625], [141.15403747558594, 142.26084899902344, 148.85772705078125, 151.60609436035156], [0.18703937530517578, -0.20488125085830688, 316.2591552734375, 357.7668151855469], [186.4071502685547, 0.036859527230262756, 272.42425537109375, 46.13056564331055], [191.83258056640625, 18.506818771362305, 211.79238891601562, 46.033592224121094], [-0.3017112612724304, -0.29258233308792114, 194.40444946289062, 356.34912109375], [67.6192855834961, 0.07236672937870026, 97.16249084472656, 30.83136558532715], [211.80128479003906, 125.90924072265625, 273.1637878417969, 265.5160217285156], [-0.41165947914123535, -0.09446537494659424, 184.65907287597656, 108.9762954711914], [67.6192855834961, 0.07236672937870026, 97.16249084472656, 30.83136558532715], [216.1901092529297, 126.00699615478516, 252.10330200195312, 173.92794799804688], [50.01455307006836, -0.8402793407440186, 122.53107452392578, 87.3439712524414], [-0.19653700292110443, 0.035919301211833954, 18.967390060424805, 41.40425109863281], [-1.0300352573394775, -1.3264148235321045, 231.54830932617188, 173.24166870117188], [67.2157211303711, -0.22526082396507263, 180.7041778564453, 31.823383331298828], [120.6457748413086, 104.8604507446289, 478.213623046875, 280.583984375], [0.14196336269378662, 0.4055481553077698, 312.8272399902344, 118.871826171875], [120.9363784790039, 142.0988311767578, 159.78990173339844, 223.83428955078125], [-0.19552278518676758, 0.02855086326599121, 19.915603637695312, 41.46113967895508], [119.94782257080078, 105.71853637695312, 189.5057830810547, 230.46566772460938], [-0.41165947914123535, -0.09446537494659424, 184.65907287597656, 108.9762954711914], [122.0048828125, 150.9016571044922, 170.2675323486328, 228.70584106445312], [168.9435577392578, 134.49468994140625, 184.7247772216797, 154.1611328125], [67.53492736816406, -0.35075631737709045, 101.01841735839844, 108.90088653564453], [-0.19552278518676758, 0.02855086326599121, 19.915603637695312, 41.46113967895508], [0.6318539381027222, 40.41703414916992, 270.7098693847656, 356.04571533203125], [119.79523468017578, 105.59410858154297, 189.14573669433594, 230.84588623046875], [-0.45261532068252563, 0.08514046669006348, 117.27238464355469, 216.3406219482422], [74.29127502441406, 15.709674835205078, 85.7369613647461, 72.56819915771484], [213.47927856445312, 197.118896484375, 271.839111328125, 263.90692138671875], [-0.19552278518676758, 0.02855086326599121, 19.915603637695312, 41.46113967895508], [67.6192855834961, 0.07236672937870026, 97.16249084472656, 30.83136558532715], [67.6192855834961, 0.07236672937870026, 97.16249084472656, 30.83136558532715], [-0.19653700292110443, 0.035919301211833954, 18.967390060424805, 41.40425109863281], [-0.19552278518676758, 0.02855086326599121, 19.915603637695312, 41.46113967895508], [137.30001831054688, 161.02713012695312, 169.47633361816406, 227.9918670654297], [-0.008082017302513123, 0.09829363226890564, 17.385089874267578, 18.55055809020996], [0.016242265701293945, 0.9092532396316528, 328.5798034667969, 355.96148681640625], [67.31507110595703, 0.058964841067790985, 116.36064910888672, 31.159318923950195], [168.9435577392578, 134.49468994140625, 184.7247772216797, 154.1611328125], [0.13777613639831543, 40.16545104980469, 334.0073547363281, 356.153564453125], [0.5634725093841553, 0.2796832323074341, 418.614013671875, 267.6310119628906], [67.31507110595703, 0.058964841067790985, 116.36064910888672, 31.159318923950195], [185.110595703125, 0.47243890166282654, 213.30889892578125, 46.0362434387207], [66.92303466796875, -0.14197012782096863, 98.30534362792969, 31.319442749023438], [-0.41165947914123535, -0.09446537494659424, 184.65907287597656, 108.9762954711914], [211.36712646484375, 172.06248474121094, 223.26910400390625, 222.1024169921875], [-0.27789175510406494, -0.13520050048828125, 293.1942443847656, 357.86090087890625], [119.79523468017578, 105.59410858154297, 189.14573669433594, 230.84588623046875], [137.30001831054688, 161.02713012695312, 169.47633361816406, 227.9918670654297], [122.40432739257812, 142.21267700195312, 170.09002685546875, 229.199951171875], [-0.1730993390083313, 0.012557685375213623, 194.9122314453125, 229.11495971679688], [221.8584747314453, 177.50534057617188, 230.37388610839844, 188.59861755371094], [127.91264343261719, 160.3712158203125, 168.96075439453125, 227.86679077148438], [185.76512145996094, 0.21320058405399323, 244.36724853515625, 45.942691802978516], [86.6687240600586, 0.1750374138355255, 112.04650115966797, 13.557703971862793], [67.996826171875, 14.337170600891113, 77.56905364990234, 31.189279556274414], [0.2613365650177002, -0.19324111938476562, 220.18045043945312, 357.64678955078125], [-0.008082017302513123, 0.09829363226890564, 17.385089874267578, 18.55055809020996], [67.31507110595703, 0.058964841067790985, 116.36064910888672, 31.159318923950195], [216.1901092529297, 126.00699615478516, 252.10330200195312, 173.92794799804688], [67.6192855834961, 0.07236672937870026, 97.16249084472656, 30.83136558532715], [-0.23434311151504517, -0.003296792507171631, 20.049264907836914, 42.97502517700195], [211.36712646484375, 172.06248474121094, 223.26910400390625, 222.1024169921875], [212.18984985351562, 126.0693588256836, 272.5695495605469, 265.18731689453125], [191.83258056640625, 18.506818771362305, 211.79238891601562, 46.033592224121094], [0.764116644859314, -0.44615525007247925, 272.8742980957031, 357.5355529785156], [179.63986206054688, 0.1350884735584259, 213.71533203125, 46.1055908203125], [186.4071502685547, 0.036859527230262756, 272.42425537109375, 46.13056564331055], [0.06818026304244995, 41.3502082824707, 104.87085723876953, 356.48687744140625], [-0.18718093633651733, -0.3762824535369873, 196.0372314453125, 357.61602783203125], [-0.17695128917694092, 35.80470275878906, 499.81744384765625, 357.4167785644531], [0.04157796502113342, -0.004777148365974426, 98.41801452636719, 71.91016387939453], [67.31507110595703, 0.058964841067790985, 116.36064910888672, 31.159318923950195], [-0.30271708965301514, -0.05007070302963257, 499.6922607421875, 357.94610595703125], [218.13710021972656, 204.20138549804688, 272.19512939453125, 263.87188720703125], [-0.17695128917694092, 35.80470275878906, 499.81744384765625, 357.4167785644531], [67.6192855834961, 0.07236672937870026, 97.16249084472656, 30.83136558532715], [-0.008082017302513123, 0.09829363226890564, 17.385089874267578, 18.55055809020996], [220.27381896972656, 126.06835174560547, 247.93362426757812, 144.79872131347656], [67.6192855834961, 0.07236672937870026, 97.16249084472656, 30.83136558532715], [67.6192855834961, 0.07236672937870026, 97.16249084472656, 30.83136558532715], [-0.30271708965301514, -0.05007070302963257, 499.6922607421875, 357.94610595703125], [-0.19552278518676758, 0.02855086326599121, 19.915603637695312, 41.46113967895508], [67.31507110595703, 0.058964841067790985, 116.36064910888672, 31.159318923950195], [211.80128479003906, 125.90924072265625, 273.1637878417969, 265.5160217285156], [-0.008082017302513123, 0.09829363226890564, 17.385089874267578, 18.55055809020996], [7.57796049118042, 0.24468949437141418, 21.249462127685547, 32.71422576904297], [-0.19552278518676758, 0.02855086326599121, 19.915603637695312, 41.46113967895508], [0.34432485699653625, -0.07489000260829926, 52.95637130737305, 65.34237670898438], [0.6318539381027222, 40.41703414916992, 270.7098693847656, 356.04571533203125], [211.80128479003906, 125.90924072265625, 273.1637878417969, 265.5160217285156], [0.37285685539245605, -0.38393229246139526, 286.8580322265625, 357.6094970703125], [-0.22579729557037354, 0.20891955494880676, 114.25152587890625, 107.6290283203125], [119.79523468017578, 105.59410858154297, 189.14573669433594, 230.84588623046875], [119.94782257080078, 105.71853637695312, 189.5057830810547, 230.46566772460938], [0.33690035343170166, -0.390760600566864, 286.8057556152344, 357.60528564453125], [-0.23434311151504517, -0.003296792507171631, 20.049264907836914, 42.97502517700195], [-0.19653700292110443, 0.035919301211833954, 18.967390060424805, 41.40425109863281], [168.73106384277344, 140.9759521484375, 181.8599395751953, 154.01002502441406], [213.80233764648438, 173.25856018066406, 272.3004455566406, 264.5340270996094], [-0.22579729557037354, 0.20891955494880676, 114.25152587890625, 107.6290283203125], [-0.17695128917694092, 35.80470275878906, 499.81744384765625, 357.4167785644531], [120.79944610595703, 144.6511993408203, 164.73687744140625, 226.68081665039062], [168.73106384277344, 140.9759521484375, 181.8599395751953, 154.01002502441406], [179.63986206054688, 0.1350884735584259, 213.71533203125, 46.1055908203125], [67.31507110595703, 0.058964841067790985, 116.36064910888672, 31.159318923950195], [-0.19653700292110443, 0.035919301211833954, 18.967390060424805, 41.40425109863281], [119.94782257080078, 105.71853637695312, 189.5057830810547, 230.46566772460938], [185.76512145996094, 0.21320058405399323, 244.36724853515625, 45.942691802978516], [-0.23434311151504517, -0.003296792507171631, 20.049264907836914, 42.97502517700195], [185.76512145996094, 0.21320058405399323, 244.36724853515625, 45.942691802978516], [0.10167062282562256, -0.2523486614227295, 323.4947814941406, 357.7437744140625], [67.31507110595703, 0.058964841067790985, 116.36064910888672, 31.159318923950195], [211.80128479003906, 125.90924072265625, 273.1637878417969, 265.5160217285156], [-0.30271708965301514, -0.05007070302963257, 499.6922607421875, 357.94610595703125], [-0.008082017302513123, 0.09829363226890564, 17.385089874267578, 18.55055809020996], [-0.30271708965301514, -0.05007070302963257, 499.6922607421875, 357.94610595703125], [186.4071502685547, 0.036859527230262756, 272.42425537109375, 46.13056564331055], [-0.19653700292110443, 0.035919301211833954, 18.967390060424805, 41.40425109863281], [-0.01531839370727539, 111.64635467529297, 499.9782409667969, 356.6385498046875], [211.80128479003906, 125.90924072265625, 273.1637878417969, 265.5160217285156], [185.110595703125, 0.47243890166282654, 213.30889892578125, 46.0362434387207], [75.7197265625, 0.21969814598560333, 115.92988586425781, 26.964378356933594], [186.4071502685547, 0.036859527230262756, 272.42425537109375, 46.13056564331055], [-0.41165947914123535, -0.09446537494659424, 184.65907287597656, 108.9762954711914], [139.5818634033203, 195.06980895996094, 161.2248077392578, 227.05389404296875], [-0.1771301031112671, -0.016836047172546387, 49.07146072387695, 29.16569709777832], [-0.23434311151504517, -0.003296792507171631, 20.049264907836914, 42.97502517700195], [67.6192855834961, 0.07236672937870026, 97.16249084472656, 30.83136558532715], [-0.17695128917694092, 35.80470275878906, 499.81744384765625, 357.4167785644531], [67.31507110595703, 0.058964841067790985, 116.36064910888672, 31.159318923950195], [0.6318539381027222, 40.41703414916992, 270.7098693847656, 356.04571533203125], [186.4071502685547, 0.036859527230262756, 272.42425537109375, 46.13056564331055], [-0.19653700292110443, 0.035919301211833954, 18.967390060424805, 41.40425109863281], [67.31507110595703, 0.058964841067790985, 116.36064910888672, 31.159318923950195], [220.2904052734375, 127.73197174072266, 231.7379913330078, 137.6437530517578], [212.02767944335938, 171.30108642578125, 242.6348114013672, 253.4810791015625], [-0.008082017302513123, 0.09829363226890564, 17.385089874267578, 18.55055809020996], [0.16507366299629211, 0.34807366132736206, 12.961100578308105, 12.891550064086914], [119.79523468017578, 105.59410858154297, 189.14573669433594, 230.84588623046875], [0.13777613639831543, 40.16545104980469, 334.0073547363281, 356.153564453125], [-0.30271708965301514, -0.05007070302963257, 499.6922607421875, 357.94610595703125], [0.764116644859314, -0.44615525007247925, 272.8742980957031, 357.5355529785156], [-0.23434311151504517, -0.003296792507171631, 20.049264907836914, 42.97502517700195], [79.25813293457031, 0.408866286277771, 96.51497650146484, 20.036785125732422], [250.19764709472656, 204.76495361328125, 272.3501892089844, 264.25457763671875], [186.4071502685547, 0.036859527230262756, 272.42425537109375, 46.13056564331055], [0.04157796502113342, -0.004777148365974426, 98.41801452636719, 71.91016387939453], [67.31507110595703, 0.058964841067790985, 116.36064910888672, 31.159318923950195], [67.31507110595703, 0.058964841067790985, 116.36064910888672, 31.159318923950195], [75.7197265625, 0.21969814598560333, 115.92988586425781, 26.964378356933594], [0.04157796502113342, -0.004777148365974426, 98.41801452636719, 71.91016387939453], [139.19146728515625, 190.82870483398438, 164.41378784179688, 228.2525634765625], [212.18984985351562, 126.0693588256836, 272.5695495605469, 265.18731689453125], [139.19146728515625, 190.82870483398438, 164.41378784179688, 228.2525634765625], [0.13777613639831543, 40.16545104980469, 334.0073547363281, 356.153564453125], [0.06818026304244995, 41.3502082824707, 104.87085723876953, 356.48687744140625], [212.18984985351562, 126.0693588256836, 272.5695495605469, 265.18731689453125], [67.2157211303711, -0.22526082396507263, 180.7041778564453, 31.823383331298828], [66.92303466796875, -0.14197012782096863, 98.30534362792969, 31.319442749023438], [179.63986206054688, 0.1350884735584259, 213.71533203125, 46.1055908203125], [-0.2861153483390808, -0.12784406542778015, 51.24700164794922, 72.9976577758789], [186.4071502685547, 0.036859527230262756, 272.42425537109375, 46.13056564331055], [0.34432485699653625, -0.07489000260829926, 52.95637130737305, 65.34237670898438], [67.6192855834961, 0.07236672937870026, 97.16249084472656, 30.83136558532715], [-0.19552278518676758, 0.02855086326599121, 19.915603637695312, 41.46113967895508], [78.6835708618164, -0.19991938769817352, 95.68746185302734, 17.640832901000977], [211.80128479003906, 125.90924072265625, 273.1637878417969, 265.5160217285156], [250.19764709472656, 204.76495361328125, 272.3501892089844, 264.25457763671875], [-0.008082017302513123, 0.09829363226890564, 17.385089874267578, 18.55055809020996], [67.6192855834961, 0.07236672937870026, 97.16249084472656, 30.83136558532715], [-0.19552278518676758, 0.02855086326599121, 19.915603637695312, 41.46113967895508], [-0.008082017302513123, 0.09829363226890564, 17.385089874267578, 18.55055809020996], [137.30001831054688, 161.02713012695312, 169.47633361816406, 227.9918670654297], [67.31507110595703, 0.058964841067790985, 116.36064910888672, 31.159318923950195], [119.94782257080078, 105.71853637695312, 189.5057830810547, 230.46566772460938], [119.79523468017578, 105.59410858154297, 189.14573669433594, 230.84588623046875], [-0.949077308177948, -2.5639336109161377, 175.79681396484375, 353.5513000488281], [67.6192855834961, 0.07236672937870026, 97.16249084472656, 30.83136558532715], [-0.19653700292110443, 0.035919301211833954, 18.967390060424805, 41.40425109863281], [76.6453628540039, -0.016039855778217316, 128.78472900390625, 27.294017791748047], [79.25813293457031, 0.408866286277771, 96.51497650146484, 20.036785125732422]), Score: [0.9445153474807739, 0.9222330451011658, 0.4430653750896454, 0.15693703293800354, 0.1317598670721054, 0.11036595702171326, 0.09245219826698303, 0.08848527818918228, 0.08209750056266785, 0.07958940416574478, 0.07953644543886185, 0.07227054238319397, 0.06464164704084396, 0.0633516013622284, 0.06330183148384094, 0.060025788843631744, 0.05832284316420555, 0.05616944283246994, 0.055727288126945496, 0.054536376148462296, 0.05283953621983528, 0.05251450836658478, 0.05141003429889679, 0.050328146666288376, 0.0488695465028286, 0.048749711364507675, 0.04872656613588333, 0.046105045825242996, 0.04301748797297478, 0.042277369648218155, 0.04153751581907272, 0.041332293301820755, 0.040865298360586166, 0.040851544588804245, 0.03942340239882469, 0.03854188695549965, 0.03848808631300926, 0.03825240954756737, 0.037562739104032516, 0.03735493868589401, 0.037038493901491165, 0.03686566650867462, 0.03611022233963013, 0.03584185242652893, 0.035288915038108826, 0.03443947061896324, 0.0344054214656353, 0.033957961946725845, 0.033424004912376404, 0.033382076770067215, 0.033294931054115295, 0.033286627382040024, 0.03326009213924408, 0.03271567448973656, 0.03240501880645752, 0.03237809240818024, 0.032013580203056335, 0.031920891255140305, 0.03180067986249924, 0.03145616874098778, 0.030930519104003906, 0.03082340583205223, 0.0306338332593441, 0.03060436248779297, 0.0306007731705904, 0.03047925978899002, 0.030471382662653923, 0.030324891209602356, 0.029652873054146767, 0.029518384486436844, 0.02943294867873192, 0.029358040541410446, 0.029003039002418518, 0.0286857932806015, 0.02861713245511055, 0.02842560224235058, 0.02816169150173664, 0.02805747650563717, 0.02785896137356758, 0.02774815447628498, 0.027652839198708534, 0.027500439435243607, 0.027408884838223457, 0.027292821556329727, 0.027226710692048073, 0.027143508195877075, 0.02694554068148136, 0.02693120948970318, 0.02671610750257969, 0.026354990899562836, 0.026239639148116112, 0.026074649766087532, 0.02580561861395836, 0.025722548365592957, 0.025497449561953545, 0.0251711867749691, 0.02512264810502529, 0.024925727397203445, 0.024823086336255074, 0.02412143535912037, 0.024041343480348587, 0.02392405830323696, 0.023818181827664375, 0.023815814405679703, 0.02377624809741974, 0.02374342642724514, 0.02370847947895527, 0.02367985062301159, 0.02326972410082817, 0.023037511855363846, 0.023004993796348572, 0.022923726588487625, 0.022566955536603928, 0.022432822734117508, 0.022357052192091942, 0.022264428436756134, 0.02206895314157009, 0.02205900475382805, 0.022034673020243645, 0.021852869540452957, 0.021848164498806, 0.021814927458763123, 0.021603185683488846, 0.021466748788952827, 0.02146436646580696, 0.021343380212783813, 0.0212111733853817, 0.021084299311041832, 0.020908469334244728, 0.02072473242878914, 0.02072150632739067, 0.020624928176403046, 0.020598432049155235, 0.020489348098635674, 0.020307132974267006, 0.020252594724297523, 0.020090239122509956, 0.020020868629217148, 0.01995910331606865, 0.019937405362725258, 0.01985134743154049, 0.019836097955703735, 0.019803078845143318, 0.019792156293988228, 0.019788376986980438, 0.019748462364077568, 0.01970771700143814, 0.019707614555954933, 0.019627494737505913, 0.01957121305167675, 0.01950829103589058, 0.019397132098674774, 0.019286293536424637, 0.01914488896727562, 0.019117888063192368, 0.01910150982439518, 0.01893809251487255, 0.01891389489173889, 0.01890624687075615, 0.01887037232518196, 0.018842335790395737, 0.018727952614426613, 0.018668029457330704, 0.01864047162234783, 0.01863274537026882, 0.018630852922797203, 0.01861540600657463, 0.018547458574175835, 0.018443752080202103, 0.01841236837208271, 0.01840805634856224, 0.018308665603399277, 0.018307790160179138, 0.018306169658899307, 0.01815163530409336, 0.018070241436362267, 0.017955157905817032, 0.017944542691111565, 0.017878010869026184, 0.017851447686553, 0.017840564250946045, 0.01781456544995308, 0.017810510471463203, 0.017747260630130768, 0.017738601192831993, 0.01771022379398346, 0.017641471698880196, 0.017610689625144005, 0.017567375674843788, 0.01756618171930313, 0.01754029653966427, 0.017535924911499023, 0.017485899850726128, 0.017402803525328636, 0.017401108518242836, 0.017387179657816887, 0.01737377606332302, 0.017316218465566635, 0.01731245405972004, 0.017270531505346298, 0.017239294946193695, 0.017225857824087143, 0.01720266602933407, 0.017121566459536552, 0.017062798142433167, 0.017009418457746506, 0.017008813098073006, 0.01698214001953602, 0.016862232238054276, 0.016831248998641968, 0.016784459352493286, 0.016779903322458267, 0.016748370602726936, 0.01671299897134304, 0.016697514802217484, 0.016668492928147316, 0.016649996861815453, 0.01661621779203415, 0.01661447249352932, 0.016613373532891273, 0.016557004302740097, 0.016540613025426865, 0.016510048881173134, 0.016423432156443596, 0.016380952671170235, 0.016311565414071083, 0.016235778108239174, 0.016214527189731598, 0.016155395656824112, 0.016107507050037384, 0.016026034951210022, 0.01602253131568432, 0.01594609022140503, 0.01593627594411373, 0.015932178124785423, 0.01579749956727028, 0.015795009210705757, 0.015670156106352806, 0.01564760133624077, 0.015643127262592316, 0.015568768605589867, 0.015553941018879414, 0.015504513867199421, 0.015484684146940708, 0.015460807830095291, 0.015459743328392506, 0.015314362943172455, 0.015311824157834053, 0.015311766415834427, 0.015237698331475258, 0.015235981903970242, 0.015234393998980522, 0.015132647007703781, 0.015123829245567322, 0.015110817737877369, 0.015042785555124283, 0.015040021389722824, 0.014967205934226513, 0.014881262555718422, 0.014873831532895565, 0.014847416430711746, 0.014846370555460453, 0.014827502891421318, 0.014816759154200554, 0.014813349582254887, 0.014770932495594025, 0.014731554314494133, 0.014714587479829788, 0.014675999991595745, 0.01465893629938364, 0.014658082276582718, 0.014642566442489624, 0.014601667411625385, 0.014545315876603127, 0.01449484471231699, 0.01448743510991335, 0.014447594061493874, 0.014443861320614815, 0.014439543709158897, 0.01443851925432682, 0.014429369010031223, 0.01440759003162384, 0.014341565780341625, 0.014284202829003334, 0.014277799986302853, 0.014271579682826996, 0.014269198291003704, 0.014264953322708607, 0.014225801452994347, 0.014195354655385017, 0.01413907390087843, 0.014132642187178135, 0.014129512943327427, 0.01409988570958376, 0.014058689586818218, 0.014036432839930058, 0.014016042463481426, 0.013971841894090176, 0.013934354297816753, 0.013914103619754314]

Execution time: 0.4018 sec
