Label: tensor([62, 65, 65, 57, 65,  0,  0, 65, 59, 57, 65, 65, 65,  0,  0, 65, 65,  0,
        57,  0,  0, 16, 16, 59, 57,  0,  0,  0, 65, 20, 60,  0, 56, 65,  0, 57,
         2,  0, 77, 60, 60, 56, 56,  0, 65, 65,  0, 16,  0, 67, 65, 65, 65, 21,
        54,  0, 65, 19, 65,  0, 32,  0, 39, 59, 65, 75, 18, 64,  0, 65, 65, 65,
        65, 73, 59, 65, 59, 64, 72, 77, 73,  0, 56, 74, 67, 56, 56, 73, 39, 65,
        73, 65,  0, 73,  0, 59, 73,  2,  0, 65, 43, 39, 57, 65, 64, 56,  0, 57,
        60, 15, 16, 65, 65, 65, 65, 60, 65, 74,  0, 67,  2, 65, 18,  0, 57, 73,
        39,  0, 65, 74,  0, 73, 65, 15,  0, 45, 73, 65, 21, 16, 24, 65, 73, 60,
        74, 65,  0, 65,  0, 59,  0, 17,  0,  0, 56, 75, 26, 67, 77, 65, 62, 65,
         0, 74,  2, 66, 75, 65, 15, 65, 77, 73, 73, 65, 65, 45, 39, 73,  2, 77,
        64, 16, 75, 73, 65, 73, 65,  0, 57, 65, 67,  0, 16, 73, 65, 66, 73, 64,
        60, 28, 73, 73, 75,  0, 65, 24, 65, 67,  0, 66,  0, 57, 60, 54,  2, 77,
        73, 28, 39,  0, 60, 16, 60, 73, 74, 59, 67, 24, 73, 67,  0, 65, 54,  2,
        56, 73, 74, 73,  0, 56, 16, 20, 62, 62, 73, 67,  0, 56, 62, 73, 65, 14,
        59, 74, 74, 60, 75, 21, 16, 64, 73, 75, 73, 14, 15, 65,  7, 65, 77, 28,
        67, 16, 65, 65, 32, 74,  7, 77, 54, 65, 63, 39, 39, 39, 67, 74, 15, 73,
        32, 14, 57, 59, 60, 56, 59, 64,  7, 26, 39, 39]), Box: ([14.595575332641602, 45.67263412475586, 251.7418212890625, 301.747314453125], [370.2856750488281, 262.8489685058594, 427.86688232421875, 299.0657653808594], [338.4922180175781, 268.8397521972656, 375.4984130859375, 294.0404968261719], [-0.10883994400501251, 242.67677307128906, 39.3829345703125, 374.61468505859375], [338.4009094238281, 261.513916015625, 410.7294616699219, 294.2749328613281], [51.33018493652344, 292.9437255859375, 99.05967712402344, 371.8963623046875], [57.36482620239258, 292.8578186035156, 86.4510498046875, 369.0350646972656], [383.119140625, 263.1098937988281, 421.8563232421875, 279.7299499511719], [-0.10883994400501251, 242.67677307128906, 39.3829345703125, 374.61468505859375], [-0.022297725081443787, 242.33555603027344, 38.49989318847656, 326.7229309082031], [291.24420166015625, 227.04872131347656, 365.672119140625, 268.4407043457031], [399.43194580078125, 273.849609375, 433.60626220703125, 295.8634338378906], [330.9822998046875, 264.30078125, 358.71746826171875, 277.37884521484375], [97.443359375, 312.5028381347656, 127.79478454589844, 363.1822814941406], [50.95283126831055, 293.1850891113281, 104.40400695800781, 373.66351318359375], [10.05193042755127, 328.5279235839844, 37.56842041015625, 375.1429748535156], [361.4327392578125, 260.922119140625, 397.4793701171875, 278.4112243652344], [130.99819946289062, 322.8602294921875, 162.11622619628906, 374.4187316894531], [-0.6486028432846069, 242.67616271972656, 79.03333282470703, 374.8720703125], [50.50888442993164, 293.0057067871094, 129.10308837890625, 373.6716613769531], [94.03294372558594, 312.43243408203125, 129.47064208984375, 374.1763000488281], [291.24420166015625, 227.04872131347656, 365.672119140625, 268.4407043457031], [57.36482620239258, 292.8578186035156, 86.4510498046875, 369.0350646972656], [-0.022297725081443787, 242.33555603027344, 38.49989318847656, 326.7229309082031], [-0.09933114051818848, 242.52882385253906, 127.80358123779297, 374.7429504394531], [137.16209411621094, 323.3642272949219, 161.25381469726562, 374.8075866699219], [100.25071716308594, 312.7340393066406, 123.9055404663086, 344.2984619140625], [87.23185729980469, 312.5192565917969, 128.14556884765625, 371.13031005859375], [357.2369689941406, 269.035400390625, 374.560546875, 278.50537109375], [291.24420166015625, 227.04872131347656, 365.672119140625, 268.4407043457031], [-0.6012767553329468, 243.099853515625, 479.94256591796875, 374.275390625], [34.02287292480469, 294.64886474609375, 125.78334045410156, 373.7653503417969], [-0.10883994400501251, 242.67677307128906, 39.3829345703125, 374.61468505859375], [316.8543701171875, 252.78079223632812, 345.5995788574219, 265.5484924316406], [137.45855712890625, 323.08355712890625, 158.9834747314453, 358.1119384765625], [-0.24204514920711517, 299.14910888671875, 34.82374572753906, 374.9680480957031], [291.24420166015625, 227.04872131347656, 365.672119140625, 268.4407043457031], [125.45250701904297, 306.2276916503906, 162.911376953125, 374.60308837890625], [291.24420166015625, 227.04872131347656, 365.672119140625, 268.4407043457031], [252.03919982910156, 251.57205200195312, 476.6114501953125, 373.4723205566406], [1.0549277067184448, 242.60316467285156, 443.5389099121094, 374.5039367675781], [-0.18356740474700928, 243.52122497558594, 38.42009735107422, 374.5398864746094], [-0.022297725081443787, 242.33555603027344, 38.49989318847656, 326.7229309082031], [65.09717559814453, 293.3293151855469, 85.77189636230469, 369.0756530761719], [372.6524963378906, 285.2729187011719, 390.4107971191406, 298.7752685546875], [291.5522766113281, 227.03977966308594, 321.3153076171875, 262.9343566894531], [100.71453094482422, 312.79266357421875, 118.08073425292969, 343.3040771484375], [51.33018493652344, 292.9437255859375, 99.05967712402344, 371.8963623046875], [10.05193042755127, 328.5279235839844, 37.56842041015625, 375.1429748535156], [338.4922180175781, 268.8397521972656, 375.4984130859375, 294.0404968261719], [361.02496337890625, 255.96475219726562, 414.3335876464844, 277.4913635253906], [345.04852294921875, 247.63133239746094, 364.81549072265625, 268.5822448730469], [370.4573974609375, 263.02679443359375, 424.3098449707031, 298.69879150390625], [291.24420166015625, 227.04872131347656, 365.672119140625, 268.4407043457031], [291.24420166015625, 227.04872131347656, 365.672119140625, 268.4407043457031], [-0.24204514920711517, 299.14910888671875, 34.82374572753906, 374.9680480957031], [422.2495422363281, 306.34149169921875, 475.5974426269531, 340.56268310546875], [291.24420166015625, 227.04872131347656, 365.672119140625, 268.4407043457031], [370.5202941894531, 264.60443115234375, 404.87445068359375, 298.768310546875], [68.90217590332031, 317.7792663574219, 98.97240447998047, 371.1305236816406], [291.24420166015625, 227.04872131347656, 365.672119140625, 268.4407043457031], [65.89486694335938, 294.2862854003906, 99.9890365600586, 370.5274353027344], [214.00958251953125, 119.9164047241211, 246.29502868652344, 311.55987548828125], [-0.6486028432846069, 242.67616271972656, 79.03333282470703, 374.8720703125], [339.1551513671875, 269.2783203125, 375.38641357421875, 292.3692321777344], [291.24420166015625, 227.04872131347656, 365.672119140625, 268.4407043457031], [291.24420166015625, 227.04872131347656, 365.672119140625, 268.4407043457031], [338.4922180175781, 268.8397521972656, 375.4984130859375, 294.0404968261719], [111.25190734863281, 318.1676940917969, 128.65184020996094, 361.8929748535156], [316.931884765625, 248.45127868652344, 363.5814514160156, 268.04132080078125], [338.9896545410156, 231.51358032226562, 365.50518798828125, 268.00360107421875], [364.6781921386719, 317.6131591796875, 383.7419128417969, 341.84149169921875], [130.99819946289062, 322.8602294921875, 162.11622619628906, 374.4187316894531], [441.409912109375, 336.77484130859375, 469.7547912597656, 349.973388671875], [-0.18356740474700928, 243.52122497558594, 38.42009735107422, 374.5398864746094], [296.4978332519531, 251.44163513183594, 317.4573059082031, 263.7960510253906], [-0.09933114051818848, 242.52882385253906, 127.80358123779297, 374.7429504394531], [339.1551513671875, 269.2783203125, 375.38641357421875, 292.3692321777344], [212.58802795410156, 152.8055877685547, 297.2679138183594, 315.9495544433594], [10.05193042755127, 328.5279235839844, 37.56842041015625, 375.1429748535156], [125.45250701904297, 306.2276916503906, 162.911376953125, 374.60308837890625], [59.648006439208984, 292.801513671875, 83.41230773925781, 330.507568359375], [-0.6486028432846069, 242.67616271972656, 79.03333282470703, 374.8720703125], [130.99819946289062, 322.8602294921875, 162.11622619628906, 374.4187316894531], [339.1551513671875, 269.2783203125, 375.38641357421875, 292.3692321777344], [-0.09933114051818848, 242.52882385253906, 127.80358123779297, 374.7429504394531], [0.025235116481781006, 241.97674560546875, 40.83443832397461, 374.6133117675781], [370.2856750488281, 262.8489685058594, 427.86688232421875, 299.0657653808594], [227.3864288330078, 120.1917724609375, 243.11776733398438, 168.14805603027344], [296.7917785644531, 251.35643005371094, 347.81591796875, 266.5985107421875], [422.3086242675781, 326.9965515136719, 472.1767272949219, 350.0691833496094], [107.7619400024414, 359.115478515625, 160.08599853515625, 375.32080078125], [-0.10883994400501251, 242.67677307128906, 39.3829345703125, 374.61468505859375], [338.4922180175781, 268.8397521972656, 375.4984130859375, 294.0404968261719], [70.35214233398438, 318.0359191894531, 85.16381072998047, 368.34588623046875], [-0.24204514920711517, 299.14910888671875, 34.82374572753906, 374.9680480957031], [10.05193042755127, 328.5279235839844, 37.56842041015625, 375.1429748535156], [338.4922180175781, 268.8397521972656, 375.4984130859375, 294.0404968261719], [222.38868713378906, 119.69660949707031, 244.15257263183594, 169.02955627441406], [356.79852294921875, 268.9112548828125, 375.1202697753906, 280.7866516113281], [338.4009094238281, 261.513916015625, 410.7294616699219, 294.2749328613281], [222.38868713378906, 119.69660949707031, 244.15257263183594, 169.02955627441406], [0.07070600986480713, 243.5010986328125, 216.3279571533203, 374.88934326171875], [290.76092529296875, 337.4482116699219, 313.11279296875, 347.64117431640625], [330.9822998046875, 264.30078125, 358.71746826171875, 277.37884521484375], [0.07070600986480713, 243.5010986328125, 216.3279571533203, 374.88934326171875], [69.61836242675781, 294.4127502441406, 85.07084655761719, 367.94573974609375], [-0.6012767553329468, 243.099853515625, 479.94256591796875, 374.275390625], [0.07070600986480713, 243.5010986328125, 216.3279571533203, 374.88934326171875], [291.24420166015625, 227.04872131347656, 365.672119140625, 268.4407043457031], [291.4236145019531, 226.912841796875, 365.7808837890625, 268.83245849609375], [-0.24204514920711517, 299.14910888671875, 34.82374572753906, 374.9680480957031], [399.66827392578125, 280.6016845703125, 438.67266845703125, 309.9376220703125], [349.95806884765625, 260.888427734375, 402.3859558105469, 291.208984375], [18.23653221130371, 248.60415649414062, 438.7822265625, 304.3874206542969], [252.3733367919922, 252.3999786376953, 437.677734375, 345.8341369628906], [362.04248046875, 255.37307739257812, 410.1268615722656, 272.47528076171875], [422.2495422363281, 306.34149169921875, 475.5974426269531, 340.56268310546875], [71.41639709472656, 294.81610107421875, 85.48607635498047, 367.6658020019531], [370.4573974609375, 263.02679443359375, 424.3098449707031, 298.69879150390625], [422.2495422363281, 306.34149169921875, 475.5974426269531, 340.56268310546875], [338.9223937988281, 281.1477966308594, 370.04840087890625, 294.74884033203125], [291.4236145019531, 226.912841796875, 365.7808837890625, 268.83245849609375], [-0.022297725081443787, 242.33555603027344, 38.49989318847656, 326.7229309082031], [10.05193042755127, 328.5279235839844, 37.56842041015625, 375.1429748535156], [130.99819946289062, 322.8602294921875, 162.11622619628906, 374.4187316894531], [125.45250701904297, 306.2276916503906, 162.911376953125, 374.60308837890625], [227.3864288330078, 120.1917724609375, 243.11776733398438, 168.14805603027344], [433.65283203125, 307.98919677734375, 475.5519714355469, 339.0201416015625], [291.24420166015625, 227.04872131347656, 365.672119140625, 268.4407043457031], [31.107559204101562, 293.00152587890625, 95.08222198486328, 374.2353515625], [422.2495422363281, 306.34149169921875, 475.5974426269531, 340.56268310546875], [441.409912109375, 336.77484130859375, 469.7547912597656, 349.973388671875], [57.36482620239258, 292.8578186035156, 86.4510498046875, 369.0350646972656], [291.24420166015625, 227.04872131347656, 365.672119140625, 268.4407043457031], [338.4922180175781, 268.8397521972656, 375.4984130859375, 294.0404968261719], [107.7619400024414, 359.115478515625, 160.08599853515625, 375.32080078125], [-0.022297725081443787, 242.33555603027344, 38.49989318847656, 326.7229309082031], [291.4236145019531, 226.912841796875, 365.7808837890625, 268.83245849609375], [10.05193042755127, 328.5279235839844, 37.56842041015625, 375.1429748535156], [10.05193042755127, 328.5279235839844, 37.56842041015625, 375.1429748535156], [383.860595703125, 266.00921630859375, 403.5027160644531, 277.2829895019531], [272.3533020019531, 341.4300231933594, 335.30706787109375, 375.064697265625], [252.53977966308594, 252.3304901123047, 442.32568359375, 345.6789245605469], [137.45855712890625, 323.08355712890625, 158.9834747314453, 358.1119384765625], [1.1290572881698608, 272.0032653808594, 23.767292022705078, 296.5538024902344], [66.89030456542969, 319.255615234375, 84.84322357177734, 368.2654113769531], [125.45250701904297, 306.2276916503906, 162.911376953125, 374.60308837890625], [126.7022476196289, 306.6415100097656, 187.8694610595703, 374.48663330078125], [-0.6012767553329468, 243.099853515625, 479.94256591796875, 374.275390625], [20.84599494934082, 255.8731231689453, 126.88436889648438, 374.878173828125], [291.24420166015625, 227.04872131347656, 365.672119140625, 268.4407043457031], [214.00958251953125, 119.9164047241211, 246.29502868652344, 311.55987548828125], [-0.6486028432846069, 242.67616271972656, 79.03333282470703, 374.8720703125], [-0.24204514920711517, 299.14910888671875, 34.82374572753906, 374.9680480957031], [338.4922180175781, 268.8397521972656, 375.4984130859375, 294.0404968261719], [10.05193042755127, 328.5279235839844, 37.56842041015625, 375.1429748535156], [383.119140625, 263.1098937988281, 421.8563232421875, 279.7299499511719], [51.33018493652344, 292.9437255859375, 99.05967712402344, 371.8963623046875], [397.54022216796875, 264.0212707519531, 421.9595642089844, 278.2520446777344], [14.410964965820312, 45.89228439331055, 250.6646270751953, 302.0291442871094], [254.63467407226562, 252.08233642578125, 439.069580078125, 306.8536682128906], [112.48858642578125, 318.7113037109375, 125.82896423339844, 343.3567810058594], [100.25071716308594, 312.7340393066406, 123.9055404663086, 344.2984619140625], [370.2856750488281, 262.8489685058594, 427.86688232421875, 299.0657653808594], [370.4573974609375, 263.02679443359375, 424.3098449707031, 298.69879150390625], [10.05193042755127, 328.5279235839844, 37.56842041015625, 375.1429748535156], [338.9428405761719, 282.7550048828125, 367.8895568847656, 295.1383361816406], [10.05193042755127, 328.5279235839844, 37.56842041015625, 375.1429748535156], [292.821533203125, 251.40658569335938, 317.8418884277344, 267.5484619140625], [57.36482620239258, 292.8578186035156, 86.4510498046875, 369.0350646972656], [137.45343017578125, 355.6258544921875, 162.0660400390625, 374.99261474609375], [338.4009094238281, 261.513916015625, 410.7294616699219, 294.2749328613281], [371.3277282714844, 282.9827575683594, 395.97760009765625, 299.2288818359375], [408.71051025390625, 264.2757568359375, 421.76934814453125, 272.9937438964844], [330.9822998046875, 264.30078125, 358.71746826171875, 277.37884521484375], [10.05193042755127, 328.5279235839844, 37.56842041015625, 375.1429748535156], [370.4573974609375, 263.02679443359375, 424.3098449707031, 298.69879150390625], [130.99819946289062, 322.8602294921875, 162.11622619628906, 374.4187316894531], [-0.10883994400501251, 242.67677307128906, 39.3829345703125, 374.61468505859375], [357.2369689941406, 269.035400390625, 374.560546875, 278.50537109375], [97.443359375, 312.5028381347656, 127.79478454589844, 363.1822814941406], [87.51398468017578, -0.22654607892036438, 144.16261291503906, 42.62959671020508], [137.2161102294922, 352.3772888183594, 162.01736450195312, 375.1115417480469], [137.45855712890625, 323.08355712890625, 158.9834747314453, 358.1119384765625], [212.58802795410156, 152.8055877685547, 297.2679138183594, 315.9495544433594], [342.1550598144531, 233.0350799560547, 359.7971496582031, 246.3277130126953], [-0.09933114051818848, 242.52882385253906, 127.80358123779297, 374.7429504394531], [0.5310624837875366, 242.4383087158203, 338.7601318359375, 374.5606994628906], [253.11753845214844, 228.9075927734375, 439.15936279296875, 304.5669250488281], [422.2495422363281, 306.34149169921875, 475.5974426269531, 340.56268310546875], [59.95307159423828, 292.84259033203125, 83.0771255493164, 368.651123046875], [50.95283126831055, 293.1850891113281, 104.40400695800781, 373.66351318359375], [-0.24204514920711517, 299.14910888671875, 34.82374572753906, 374.9680480957031], [339.0277404785156, 281.4128723144531, 367.51446533203125, 294.5927734375], [370.2856750488281, 262.8489685058594, 427.86688232421875, 299.0657653808594], [433.65283203125, 307.98919677734375, 475.5519714355469, 339.0201416015625], [370.4573974609375, 263.02679443359375, 424.3098449707031, 298.69879150390625], [-0.022297725081443787, 242.33555603027344, 38.49989318847656, 326.7229309082031], [-0.10883994400501251, 242.67677307128906, 39.3829345703125, 374.61468505859375], [361.02496337890625, 255.96475219726562, 414.3335876464844, 277.4913635253906], [330.9822998046875, 264.30078125, 358.71746826171875, 277.37884521484375], [125.45250701904297, 306.2276916503906, 162.911376953125, 374.60308837890625], [291.5522766113281, 227.03977966308594, 321.3153076171875, 262.9343566894531], [-0.10883994400501251, 242.67677307128906, 39.3829345703125, 374.61468505859375], [-0.10883994400501251, 242.67677307128906, 39.3829345703125, 374.61468505859375], [137.45343017578125, 355.6258544921875, 162.0660400390625, 374.99261474609375], [130.99819946289062, 322.8602294921875, 162.11622619628906, 374.4187316894531], [125.50108337402344, 306.216552734375, 161.0778350830078, 357.58740234375], [338.4009094238281, 261.513916015625, 410.7294616699219, 294.2749328613281], [1.3557076454162598, 299.6888122558594, 213.1245574951172, 375.11663818359375], [1.0549277067184448, 242.60316467285156, 443.5389099121094, 374.5039367675781], [-0.10883994400501251, 242.67677307128906, 39.3829345703125, 374.61468505859375], [422.2495422363281, 306.34149169921875, 475.5974426269531, 340.56268310546875], [125.45250701904297, 306.2276916503906, 162.911376953125, 374.60308837890625], [-0.24204514920711517, 299.14910888671875, 34.82374572753906, 374.9680480957031], [126.0179443359375, 306.2558898925781, 159.19931030273438, 336.5838928222656], [17.067150115966797, 250.5430908203125, 161.29373168945312, 374.95703125], [130.99819946289062, 322.8602294921875, 162.11622619628906, 374.4187316894531], [17.067150115966797, 250.5430908203125, 161.29373168945312, 374.95703125], [254.63467407226562, 252.08233642578125, 439.069580078125, 306.8536682128906], [50.50888442993164, 293.0057067871094, 129.10308837890625, 373.6716613769531], [0.5310624837875366, 242.4383087158203, 338.7601318359375, 374.5606994628906], [414.3438415527344, 305.416748046875, 476.11212158203125, 365.25732421875], [97.443359375, 312.5028381347656, 127.79478454589844, 363.1822814941406], [0.025235116481781006, 241.97674560546875, 40.83443832397461, 374.6133117675781], [107.7619400024414, 359.115478515625, 160.08599853515625, 375.32080078125], [-0.24204514920711517, 299.14910888671875, 34.82374572753906, 374.9680480957031], [-0.022297725081443787, 242.33555603027344, 38.49989318847656, 326.7229309082031], [137.45343017578125, 355.6258544921875, 162.0660400390625, 374.99261474609375], [139.1280975341797, 324.6879577636719, 151.35647583007812, 346.2673034667969], [385.509765625, 342.73345947265625, 415.2760314941406, 353.15814208984375], [338.4922180175781, 268.8397521972656, 375.4984130859375, 294.0404968261719], [291.4236145019531, 226.912841796875, 365.7808837890625, 268.83245849609375], [-0.05471333861351013, 242.1809844970703, 38.62277603149414, 328.41021728515625], [399.43194580078125, 273.849609375, 433.60626220703125, 295.8634338378906], [383.119140625, 263.1098937988281, 421.8563232421875, 279.7299499511719], [137.1337432861328, 349.27264404296875, 161.9131622314453, 375.04443359375], [110.99559020996094, 318.9391174316406, 125.35548400878906, 343.6579895019531], [87.51398468017578, -0.22654607892036438, 144.16261291503906, 42.62959671020508], [-0.10883994400501251, 242.67677307128906, 39.3829345703125, 374.61468505859375], [291.4236145019531, 226.912841796875, 365.7808837890625, 268.83245849609375], [17.067150115966797, 250.5430908203125, 161.29373168945312, 374.95703125], [0.07070600986480713, 243.5010986328125, 216.3279571533203, 374.88934326171875], [339.1551513671875, 269.2783203125, 375.38641357421875, 292.3692321777344], [370.2856750488281, 262.8489685058594, 427.86688232421875, 299.0657653808594], [110.4343032836914, 320.80792236328125, 125.1890640258789, 343.90478515625], [17.067150115966797, 250.5430908203125, 161.29373168945312, 374.95703125], [8.348941802978516, 43.157859802246094, 475.4568786621094, 370.8346252441406], [399.66827392578125, 280.6016845703125, 438.67266845703125, 309.9376220703125], [327.7489318847656, 264.6286926269531, 382.8857727050781, 280.92181396484375], [100.25071716308594, 312.7340393066406, 123.9055404663086, 344.2984619140625], [0.07070600986480713, 243.5010986328125, 216.3279571533203, 374.88934326171875], [433.65283203125, 307.98919677734375, 475.5519714355469, 339.0201416015625], [100.71453094482422, 312.79266357421875, 118.08073425292969, 343.3040771484375], [39.71522903442383, 257.67572021484375, 471.67962646484375, 373.5224304199219], [87.75659942626953, -0.012421980500221252, 105.51348876953125, 42.730770111083984], [14.595575332641602, 45.67263412475586, 251.7418212890625, 301.747314453125], [130.99819946289062, 322.8602294921875, 162.11622619628906, 374.4187316894531], [372.6524963378906, 285.2729187011719, 390.4107971191406, 298.7752685546875], [361.4327392578125, 260.922119140625, 397.4793701171875, 278.4112243652344], [370.2856750488281, 262.8489685058594, 427.86688232421875, 299.0657653808594], [125.89529418945312, 306.1419677734375, 158.87606811523438, 337.3965148925781], [51.33018493652344, 292.9437255859375, 99.05967712402344, 371.8963623046875], [-0.10883994400501251, 242.67677307128906, 39.3829345703125, 374.61468505859375], [408.93109130859375, 274.26385498046875, 431.5945739746094, 283.8724060058594], [17.067150115966797, 250.5430908203125, 161.29373168945312, 374.95703125], [137.16209411621094, 323.3642272949219, 161.25381469726562, 374.8075866699219], [130.99819946289062, 322.8602294921875, 162.11622619628906, 374.4187316894531], [0.07070600986480713, 243.5010986328125, 216.3279571533203, 374.88934326171875], [399.43194580078125, 273.849609375, 433.60626220703125, 295.8634338378906], [100.25071716308594, 312.7340393066406, 123.9055404663086, 344.2984619140625], [291.7477111816406, 244.3084716796875, 316.23968505859375, 263.25537109375], [198.84530639648438, 246.1916046142578, 429.3829650878906, 299.89801025390625], [14.595575332641602, 45.67263412475586, 251.7418212890625, 301.747314453125], [51.33018493652344, 292.9437255859375, 99.05967712402344, 371.8963623046875], [422.2495422363281, 306.34149169921875, 475.5974426269531, 340.56268310546875], [97.443359375, 312.5028381347656, 127.79478454589844, 363.1822814941406], [370.2856750488281, 262.8489685058594, 427.86688232421875, 299.0657653808594], [137.2161102294922, 352.3772888183594, 162.01736450195312, 375.1115417480469], [338.4009094238281, 261.513916015625, 410.7294616699219, 294.2749328613281], [100.25071716308594, 312.7340393066406, 123.9055404663086, 344.2984619140625], [112.48858642578125, 318.7113037109375, 125.82896423339844, 343.3567810058594], [137.16209411621094, 323.3642272949219, 161.25381469726562, 374.8075866699219], [357.2369689941406, 269.035400390625, 374.560546875, 278.50537109375], [125.45250701904297, 306.2276916503906, 162.911376953125, 374.60308837890625], [51.33018493652344, 292.9437255859375, 99.05967712402344, 371.8963623046875], [383.119140625, 263.1098937988281, 421.8563232421875, 279.7299499511719], [422.2495422363281, 306.34149169921875, 475.5974426269531, 340.56268310546875], [291.24420166015625, 227.04872131347656, 365.672119140625, 268.4407043457031], [291.24420166015625, 227.04872131347656, 365.672119140625, 268.4407043457031], [1.0549277067184448, 242.60316467285156, 443.5389099121094, 374.5039367675781], [18.23653221130371, 248.60415649414062, 438.7822265625, 304.3874206542969], [1.3557076454162598, 299.6888122558594, 213.1245574951172, 375.11663818359375], [291.24420166015625, 227.04872131347656, 365.672119140625, 268.4407043457031], [296.4978332519531, 251.44163513183594, 317.4573059082031, 263.7960510253906], [291.24420166015625, 227.04872131347656, 365.672119140625, 268.4407043457031], [-0.24204514920711517, 299.14910888671875, 34.82374572753906, 374.9680480957031], [230.7097930908203, 138.6660614013672, 241.11390686035156, 168.43191528320312], [111.25190734863281, 318.1676940917969, 128.65184020996094, 361.8929748535156]), Score: [0.9271217584609985, 0.801730215549469, 0.7428762912750244, 0.4212237298488617, 0.2782711088657379, 0.26862624287605286, 0.2346414178609848, 0.22024449706077576, 0.20124639570713043, 0.1905938982963562, 0.1662178635597229, 0.15424087643623352, 0.13771279156208038, 0.1363263577222824, 0.13491949439048767, 0.13286122679710388, 0.1279093474149704, 0.12398437410593033, 0.12316939234733582, 0.1154889315366745, 0.10630426555871964, 0.10589229315519333, 0.09665018320083618, 0.09492471814155579, 0.09122151136398315, 0.08966420590877533, 0.0884116142988205, 0.08832422643899918, 0.08802869915962219, 0.08773419260978699, 0.08483506739139557, 0.08480936288833618, 0.08366800844669342, 0.08349158614873886, 0.08238890022039413, 0.08181381970643997, 0.07771696895360947, 0.07578323036432266, 0.07557352632284164, 0.07488757371902466, 0.07469966262578964, 0.0739469975233078, 0.0690857544541359, 0.06905963271856308, 0.06808935850858688, 0.06660772860050201, 0.06640250980854034, 0.06555244326591492, 0.06546834856271744, 0.06472792476415634, 0.06400340050458908, 0.06364917010068893, 0.06281612813472748, 0.06160680204629898, 0.06157970428466797, 0.06080637499690056, 0.05838737636804581, 0.057255107909440994, 0.05708282068371773, 0.05614641681313515, 0.05583653599023819, 0.055637963116168976, 0.05510220304131508, 0.054771725088357925, 0.054241079837083817, 0.05395299196243286, 0.05354152247309685, 0.05290212109684944, 0.05218663811683655, 0.05097288265824318, 0.05063506215810776, 0.04948783293366432, 0.04926693066954613, 0.04892127215862274, 0.04852239415049553, 0.048096608370542526, 0.047636911273002625, 0.047427356243133545, 0.047216881066560745, 0.04638681188225746, 0.046022385358810425, 0.045974720269441605, 0.045689184218645096, 0.04555990546941757, 0.045259151607751846, 0.044668201357126236, 0.0446678064763546, 0.04451525956392288, 0.04418938606977463, 0.04412299022078514, 0.04410773888230324, 0.043923716992139816, 0.04392095282673836, 0.04384933412075043, 0.043835241347551346, 0.043622635304927826, 0.04319743067026138, 0.042610593140125275, 0.042490530759096146, 0.0420953594148159, 0.041973233222961426, 0.04195604473352432, 0.0418655201792717, 0.041847944259643555, 0.04158460348844528, 0.04155561327934265, 0.041543059051036835, 0.041075609624385834, 0.04095609486103058, 0.04078579321503639, 0.040668584406375885, 0.040628522634506226, 0.04053976759314537, 0.04035057872533798, 0.040010254830121994, 0.03960129991173744, 0.039495378732681274, 0.039353739470243454, 0.039209987968206406, 0.039165228605270386, 0.03897373005747795, 0.03891216963529587, 0.03871764615178108, 0.03852161020040512, 0.038301169872283936, 0.038246236741542816, 0.03821403533220291, 0.03796304389834404, 0.03784864395856857, 0.03777104988694191, 0.03769051656126976, 0.037588853389024734, 0.037480346858501434, 0.03718290850520134, 0.03714713826775551, 0.03690999001264572, 0.03687103092670441, 0.03663931041955948, 0.03622226044535637, 0.03620905429124832, 0.035816434770822525, 0.03577575087547302, 0.035598594695329666, 0.03519652783870697, 0.0349775068461895, 0.03484852612018585, 0.03437259793281555, 0.03434133902192116, 0.03430444374680519, 0.033980730921030045, 0.03391634672880173, 0.03370021656155586, 0.03362090885639191, 0.033402055501937866, 0.03335854411125183, 0.03332864120602608, 0.03331275284290314, 0.033102747052907944, 0.03310038149356842, 0.033076439052820206, 0.032687604427337646, 0.03263719379901886, 0.03250548243522644, 0.032495077699422836, 0.03241351619362831, 0.03237386420369148, 0.032230477780103683, 0.032169271260499954, 0.03215599060058594, 0.03210321068763733, 0.03199739754199982, 0.03199605271220207, 0.03196796029806137, 0.03180393949151039, 0.0317937508225441, 0.03178578242659569, 0.031673211604356766, 0.03161793574690819, 0.03140496090054512, 0.03139443323016167, 0.031357914209365845, 0.03119940310716629, 0.03118150867521763, 0.030931612476706505, 0.030719032511115074, 0.030713044106960297, 0.030568961054086685, 0.030559346079826355, 0.030521180480718613, 0.030512159690260887, 0.03015860915184021, 0.029898986220359802, 0.029874272644519806, 0.02986154332756996, 0.029592782258987427, 0.029493708163499832, 0.02945629134774208, 0.029452700167894363, 0.029271000996232033, 0.029265742748975754, 0.029148414731025696, 0.028949204832315445, 0.02890477515757084, 0.02882516384124756, 0.028805136680603027, 0.028620677068829536, 0.02862037718296051, 0.028456440195441246, 0.028209885582327843, 0.028042525053024292, 0.02796112559735775, 0.027950577437877655, 0.027916330844163895, 0.027899228036403656, 0.02789774164557457, 0.027830369770526886, 0.027747707441449165, 0.027596617117524147, 0.027531305328011513, 0.027514010667800903, 0.02750527113676071, 0.027330968528985977, 0.027317073196172714, 0.02709365077316761, 0.027056986466050148, 0.027040621265769005, 0.026933204382658005, 0.026853252202272415, 0.0268050879240036, 0.026784902438521385, 0.02668985351920128, 0.026664260774850845, 0.026614852249622345, 0.026531577110290527, 0.026412149891257286, 0.02628611959517002, 0.02606826089322567, 0.02602440118789673, 0.02587643265724182, 0.02568844147026539, 0.025653522461652756, 0.025647686794400215, 0.025574402883648872, 0.02551371604204178, 0.025502698495984077, 0.025438766926527023, 0.025431964546442032, 0.025361591950058937, 0.025259308516979218, 0.025165550410747528, 0.025120586156845093, 0.02509688027203083, 0.02499552071094513, 0.024599485099315643, 0.024518245831131935, 0.02449481561779976, 0.024485746398568153, 0.02444871887564659, 0.024393534287810326, 0.02430427074432373, 0.024133313447237015, 0.024088047444820404, 0.024034563452005386, 0.02398734726011753, 0.02386600151658058, 0.02375718019902706, 0.023690270259976387, 0.023636670783162117, 0.023440036922693253, 0.023412059992551804, 0.023409657180309296, 0.02340186946094036, 0.023389525711536407, 0.023286951705813408, 0.02326808124780655, 0.023183105513453484, 0.023174338042736053, 0.02306199260056019, 0.023045653477311134, 0.023026835173368454, 0.02287686988711357, 0.022731799632310867, 0.02271163836121559, 0.02269015833735466, 0.02266319841146469, 0.02252381481230259, 0.022520344704389572, 0.02251981571316719, 0.02251637727022171, 0.02249905653297901, 0.02244958095252514, 0.022342439740896225, 0.022176425904035568, 0.022157754749059677, 0.022127600386738777, 0.021961329504847527, 0.021948939189314842, 0.021945448592305183, 0.02190806344151497, 0.021876052021980286]

Execution time: 0.4195 sec
