Label: tensor([17,  0, 58, 24, 24, 58, 58, 58, 58, 58, 26, 26, 75, 75, 58, 75, 58, 58,
        58, 58, 58, 58, 58, 58, 75, 58, 58, 58, 16, 13, 58, 58, 39, 58, 75, 75,
        24, 58, 11, 58, 15, 58, 58, 17, 58, 58, 58, 58, 58, 58, 58, 17, 17, 16,
         0, 58, 17, 75, 58, 75, 58, 16, 58, 15, 72, 24, 17, 58, 17, 61, 75, 17,
         0, 58, 17, 58, 58, 26, 58, 58, 58,  0,  0, 17, 75, 36, 56, 13, 75, 58,
        75, 58, 56, 39, 15, 58, 28, 75, 25, 35, 45,  0, 39, 75,  0, 58,  2,  1,
        17, 56, 56, 32, 58, 17, 58,  0, 28,  0, 12, 72, 56, 75,  0,  0,  0, 45,
         0,  0, 75, 58, 45, 17, 17, 25, 17, 13, 58, 58,  0, 45, 58, 17, 13,  0,
        17, 73, 75, 26, 36, 75, 58, 24, 17, 58, 13,  0,  0, 41, 56,  0,  7, 75,
        17, 58,  0, 75, 56, 58, 58, 35, 75, 17, 72, 39, 65,  0, 61,  0, 58,  7,
         0, 75, 17, 72, 58, 73, 26, 75, 78, 75, 67, 73, 39,  0, 62, 58, 13, 28,
         0, 13, 56, 58, 58, 41,  0, 60, 28, 75, 32, 56, 78, 75, 17, 75, 16, 17,
        56,  1, 24, 19,  0, 58, 58, 75, 17, 75, 41, 58, 77, 57, 32, 17,  0,  0,
        39, 62, 77, 56, 19, 17, 75, 75, 24, 17,  0,  5, 58, 75, 26, 73, 71, 56,
        75, 16, 13, 41, 75, 67, 56,  0, 75,  0,  2,  0, 60, 26, 58, 26, 15, 51,
        62,  0, 59, 58, 56, 58,  0, 39,  0, 62, 75, 39, 58,  0, 75, 26,  3, 17,
        56, 25, 12, 15, 58, 75,  0, 28, 62, 25, 75,  0]), Box: ([191.1224365234375, 110.4271469116211, 336.5179138183594, 268.4825439453125], [295.0628967285156, 78.17520904541016, 364.38226318359375, 270.39129638671875], [438.57586669921875, 131.66470336914062, 500.1916809082031, 303.90118408203125], [363.7288513183594, 251.73594665527344, 399.93707275390625, 270.6962585449219], [351.0185241699219, 251.25411987304688, 400.0118103027344, 271.2095642089844], [458.212890625, 132.4230499267578, 500.1573486328125, 238.16297912597656], [458.4795837402344, 132.65171813964844, 500.09136962890625, 240.03741455078125], [438.3052978515625, 244.9871826171875, 499.35479736328125, 303.5419616699219], [442.2288513183594, 263.10931396484375, 494.1720275878906, 303.4920349121094], [438.37579345703125, 204.52296447753906, 500.15496826171875, 303.4930725097656], [351.0185241699219, 251.25411987304688, 400.0118103027344, 271.2095642089844], [363.7288513183594, 251.73594665527344, 399.93707275390625, 270.6962585449219], [438.3052978515625, 244.9871826171875, 499.35479736328125, 303.5419616699219], [442.2288513183594, 263.10931396484375, 494.1720275878906, 303.4920349121094], [363.7288513183594, 251.73594665527344, 399.93707275390625, 270.6962585449219], [469.2557678222656, 199.49105834960938, 499.6977233886719, 237.92218017578125], [474.4853515625, 237.7139129638672, 500.1484680175781, 300.9202880859375], [461.59173583984375, 142.74754333496094, 500.08331298828125, 248.1632080078125], [474.84259033203125, 238.39065551757812, 499.83062744140625, 301.5933837890625], [438.2289733886719, 132.46217346191406, 500.238525390625, 303.52789306640625], [351.0185241699219, 251.25411987304688, 400.0118103027344, 271.2095642089844], [469.2557678222656, 199.49105834960938, 499.6977233886719, 237.92218017578125], [469.56512451171875, 200.58642578125, 499.9580078125, 301.2952880859375], [487.85528564453125, 242.9912872314453, 500.145263671875, 300.9273376464844], [462.752685546875, 199.5226287841797, 499.2568359375, 237.91285705566406], [438.5647277832031, 149.1578826904297, 488.5133056640625, 303.44390869140625], [438.0830078125, 205.0608367919922, 498.0206604003906, 306.21405029296875], [468.4219665527344, 192.87718200683594, 499.71954345703125, 238.6151885986328], [35.253353118896484, 260.3232116699219, 77.21895599365234, 289.0151062011719], [412.7787170410156, 236.30758666992188, 441.8561706542969, 269.81695556640625], [437.0963439941406, 208.60177612304688, 499.81201171875, 303.5833435058594], [462.752685546875, 199.5226287841797, 499.2568359375, 237.91285705566406], [0.08900649845600128, 190.1962127685547, 16.608673095703125, 266.4497375488281], [35.253353118896484, 260.3232116699219, 77.21895599365234, 289.0151062011719], [464.5485534667969, 208.85694885253906, 479.4161071777344, 236.35142517089844], [0.08900649845600128, 190.1962127685547, 16.608673095703125, 266.4497375488281], [35.253353118896484, 260.3232116699219, 77.21895599365234, 289.0151062011719], [439.7680969238281, 148.1610870361328, 467.06304931640625, 252.9437713623047], [25.6020565032959, 86.93885803222656, 31.427078247070312, 112.6554946899414], [439.98199462890625, 208.78872680664062, 460.8363037109375, 251.58203125], [35.253353118896484, 260.3232116699219, 77.21895599365234, 289.0151062011719], [454.000244140625, 152.74484252929688, 478.0086364746094, 248.38751220703125], [458.5740051269531, 204.2066192626953, 470.0351867675781, 235.95571899414062], [279.44940185546875, 113.47460174560547, 312.5198974609375, 124.8349838256836], [473.09576416015625, 236.32667541503906, 499.8205261230469, 253.66220092773438], [436.6644592285156, 209.23968505859375, 461.4898681640625, 261.8443908691406], [461.40966796875, 148.02757263183594, 499.7349548339844, 205.81886291503906], [459.1182861328125, 190.7397003173828, 477.298095703125, 236.26010131835938], [459.00836181640625, 196.5949249267578, 479.3695373535156, 236.45664978027344], [452.70513916015625, 153.6987762451172, 474.710693359375, 249.4668731689453], [470.0590515136719, 202.27072143554688, 499.7982482910156, 254.36541748046875], [191.9487762451172, 110.82975769042969, 325.13970947265625, 186.22474670410156], [191.63330078125, 111.77581787109375, 244.8667755126953, 187.03903198242188], [351.0185241699219, 251.25411987304688, 400.0118103027344, 271.2095642089844], [297.1068115234375, 78.20989227294922, 363.8592224121094, 157.5885772705078], [437.8046875, 207.4183349609375, 499.9981384277344, 264.10260009765625], [279.2645568847656, 113.37126922607422, 313.1495666503906, 130.41627502441406], [457.1611633300781, 204.5978240966797, 469.801513671875, 250.58168029785156], [440.8264465332031, 205.48878479003906, 499.45391845703125, 254.76560974121094], [458.5740051269531, 204.2066192626953, 470.0351867675781, 235.95571899414062], [440.6910095214844, 144.97598266601562, 473.1516418457031, 262.0269775390625], [363.7288513183594, 251.73594665527344, 399.93707275390625, 270.6962585449219], [0.08900649845600128, 190.1962127685547, 16.608673095703125, 266.4497375488281], [351.0185241699219, 251.25411987304688, 400.0118103027344, 271.2095642089844], [-0.25817936658859253, 131.10923767089844, 17.235363006591797, 266.9525146484375], [366.4105529785156, 252.84190368652344, 398.556884765625, 270.0635681152344], [191.36160278320312, 110.4250259399414, 334.8172302246094, 267.5721435546875], [489.0375061035156, 201.02462768554688, 499.91827392578125, 237.25425720214844], [192.93844604492188, 110.5887680053711, 327.16424560546875, 186.2027587890625], [0.08900649845600128, 190.1962127685547, 16.608673095703125, 266.4497375488281], [466.8778381347656, 201.76589965820312, 480.55145263671875, 236.29296875], [291.8877868652344, 113.8289794921875, 324.8238830566406, 143.37255859375], [278.37945556640625, 113.16065216064453, 335.9976806640625, 261.49365234375], [445.8235778808594, 237.72705078125, 499.5963134765625, 260.5776062011719], [66.94035339355469, 108.37129211425781, 86.53887939453125, 129.94187927246094], [457.1611633300781, 204.5978240966797, 469.801513671875, 250.58168029785156], [447.9358825683594, 245.18557739257812, 497.03204345703125, 262.00213623046875], [35.253353118896484, 260.3232116699219, 77.21895599365234, 289.0151062011719], [436.6772155761719, 208.8951416015625, 461.2591857910156, 265.60205078125], [481.5641784667969, 202.33517456054688, 498.91192626953125, 237.46945190429688], [464.5485534667969, 208.85694885253906, 479.4161071777344, 236.35142517089844], [291.8877868652344, 113.8289794921875, 324.8238830566406, 143.37255859375], [312.0337219238281, 150.12725830078125, 335.6916198730469, 263.1609802246094], [279.0412292480469, 113.02637481689453, 326.4840393066406, 152.55967712402344], [474.4853515625, 237.7139129638672, 500.1484680175781, 300.9202880859375], [351.0185241699219, 251.25411987304688, 400.0118103027344, 271.2095642089844], [438.3052978515625, 244.9871826171875, 499.35479736328125, 303.5419616699219], [412.5377502441406, 236.36021423339844, 444.9398498535156, 277.5280456542969], [439.98199462890625, 208.78872680664062, 460.8363037109375, 251.58203125], [440.0162048339844, 208.7574920654297, 499.280029296875, 255.48544311523438], [35.253353118896484, 260.3232116699219, 77.21895599365234, 289.0151062011719], [440.6615295410156, 244.4081573486328, 498.6463623046875, 268.1484375], [0.08900649845600128, 190.1962127685547, 16.608673095703125, 266.4497375488281], [439.98199462890625, 208.78872680664062, 460.8363037109375, 251.58203125], [363.7288513183594, 251.73594665527344, 399.93707275390625, 270.6962585449219], [437.64544677734375, 244.0913848876953, 499.15106201171875, 268.1556396484375], [35.253353118896484, 260.3232116699219, 77.21895599365234, 289.0151062011719], [473.09576416015625, 236.32667541503906, 499.8205261230469, 253.66220092773438], [351.0185241699219, 251.25411987304688, 400.0118103027344, 271.2095642089844], [363.7288513183594, 251.73594665527344, 399.93707275390625, 270.6962585449219], [442.2288513183594, 263.10931396484375, 494.1720275878906, 303.4920349121094], [294.32012939453125, 76.77704620361328, 363.10504150390625, 215.9163818359375], [352.35369873046875, 257.055908203125, 366.83392333984375, 269.4664001464844], [468.4219665527344, 192.87718200683594, 499.71954345703125, 238.6151885986328], [279.0412292480469, 113.02637481689453, 326.4840393066406, 152.55967712402344], [466.53607177734375, 207.34295654296875, 498.2469482421875, 237.9578857421875], [0.08900649845600128, 190.1962127685547, 16.608673095703125, 266.4497375488281], [351.0185241699219, 251.25411987304688, 400.0118103027344, 271.2095642089844], [278.9574890136719, 113.0675277709961, 326.6873474121094, 155.56719970703125], [442.2288513183594, 263.10931396484375, 494.1720275878906, 303.4920349121094], [412.7787170410156, 236.30758666992188, 441.8561706542969, 269.81695556640625], [363.7288513183594, 251.73594665527344, 399.93707275390625, 270.6962585449219], [448.43341064453125, 247.98890686035156, 495.282958984375, 262.6839599609375], [278.37945556640625, 113.16065216064453, 335.9976806640625, 261.49365234375], [410.75714111328125, 132.7774658203125, 465.2863464355469, 266.7478942871094], [323.3497619628906, 201.1491241455078, 360.5302429199219, 261.2740783691406], [351.0185241699219, 251.25411987304688, 400.0118103027344, 271.2095642089844], [293.97900390625, 79.81434631347656, 363.77496337890625, 265.76226806640625], [439.98199462890625, 208.78872680664062, 460.8363037109375, 251.58203125], [0.08900649845600128, 190.1962127685547, 16.608673095703125, 266.4497375488281], [474.4853515625, 237.7139129638672, 500.1484680175781, 300.9202880859375], [479.7682189941406, 225.0507354736328, 494.7550964355469, 237.8339080810547], [279.2645568847656, 113.37126922607422, 313.1495666503906, 130.41627502441406], [323.44610595703125, 153.36318969726562, 362.69384765625, 262.71307373046875], [438.57586669921875, 131.66470336914062, 500.1916809082031, 303.90118408203125], [35.253353118896484, 260.3232116699219, 77.21895599365234, 289.0151062011719], [292.1846008300781, 113.57838439941406, 325.2428283691406, 144.26483154296875], [191.1224365234375, 110.4271469116211, 336.5179138183594, 268.4825439453125], [459.00836181640625, 196.5949249267578, 479.3695373535156, 236.45664978027344], [482.89556884765625, 218.34617614746094, 499.3236389160156, 252.60313415527344], [363.7288513183594, 251.73594665527344, 399.93707275390625, 270.6962585449219], [191.10211181640625, 110.71151733398438, 277.4502258300781, 186.95750427246094], [191.6647491455078, 110.98612976074219, 267.2904052734375, 201.61346435546875], [363.7288513183594, 251.73594665527344, 399.93707275390625, 270.6962585449219], [293.0930480957031, 113.68304443359375, 312.1969909667969, 121.93980407714844], [442.2288513183594, 263.10931396484375, 494.1720275878906, 303.4920349121094], [463.5093688964844, 131.9837188720703, 493.94427490234375, 168.28697204589844], [479.42510986328125, 218.25738525390625, 497.92138671875, 238.1581573486328], [278.9574890136719, 113.0675277709961, 326.6873474121094, 155.56719970703125], [438.3052978515625, 244.9871826171875, 499.35479736328125, 303.5419616699219], [409.7231750488281, 130.07618713378906, 500.22320556640625, 303.9638366699219], [211.3157196044922, 157.9868927001953, 336.17767333984375, 263.35357666015625], [438.3052978515625, 244.9871826171875, 499.35479736328125, 303.5419616699219], [321.8456115722656, 93.76709747314453, 363.6047668457031, 261.9165954589844], [292.1846008300781, 113.57838439941406, 325.2428283691406, 144.26483154296875], [458.5740051269531, 204.2066192626953, 470.0351867675781, 235.95571899414062], [474.84259033203125, 238.39065551757812, 499.83062744140625, 301.5933837890625], [366.4105529785156, 252.84190368652344, 398.556884765625, 270.0635681152344], [363.7288513183594, 251.73594665527344, 399.93707275390625, 270.6962585449219], [472.72119140625, 199.19883728027344, 496.5442810058594, 233.49977111816406], [436.0228271484375, 248.01429748535156, 456.609619140625, 269.15228271484375], [382.0454406738281, 255.2056121826172, 399.8726501464844, 267.59515380859375], [279.9319763183594, 114.19894409179688, 323.6573791503906, 142.3585968017578], [473.9399108886719, 239.0887908935547, 499.7404479980469, 263.08734130859375], [411.3766174316406, 234.9810028076172, 422.7445983886719, 268.4817199707031], [293.0930480957031, 113.68304443359375, 312.1969909667969, 121.93980407714844], [66.91929626464844, 81.41149139404297, 103.92044830322266, 129.1995849609375], [0.08900649845600128, 190.1962127685547, 16.608673095703125, 266.4497375488281], [438.2289733886719, 132.46217346191406, 500.238525390625, 303.52789306640625], [291.9631652832031, 110.1071548461914, 362.57427978515625, 262.6736145019531], [0.08900649845600128, 190.1962127685547, 16.608673095703125, 266.4497375488281], [363.7288513183594, 251.73594665527344, 399.93707275390625, 270.6962585449219], [218.8567657470703, 160.49256896972656, 235.116943359375, 182.57179260253906], [44.23614501953125, 260.9213562011719, 77.3921127319336, 288.18389892578125], [0.08900649845600128, 190.1962127685547, 16.608673095703125, 266.4497375488281], [447.9358825683594, 245.18557739257812, 497.03204345703125, 262.00213623046875], [410.75714111328125, 132.7774658203125, 465.2863464355469, 266.7478942871094], [438.3902587890625, 205.7603302001953, 500.0975646972656, 303.3982238769531], [463.61517333984375, 238.7448272705078, 491.65032958984375, 253.1342010498047], [351.0185241699219, 251.25411987304688, 400.0118103027344, 271.2095642089844], [448.43341064453125, 247.98890686035156, 495.282958984375, 262.6839599609375], [189.8527069091797, 112.08750915527344, 251.74620056152344, 257.7425537109375], [-0.21073035895824432, 129.608642578125, 59.88333511352539, 264.6753234863281], [464.5485534667969, 208.85694885253906, 479.4161071777344, 236.35142517089844], [323.3096923828125, 246.7152557373047, 336.4505920410156, 257.5496520996094], [318.9461364746094, 200.50457763671875, 362.4045104980469, 261.6995544433594], [-0.25817936658859253, 131.10923767089844, 17.235363006591797, 266.9525146484375], [191.63330078125, 111.77581787109375, 244.8667755126953, 187.03903198242188], [466.8778381347656, 201.76589965820312, 480.55145263671875, 236.29296875], [1.889556646347046, 0.8195804357528687, 374.6822204589844, 268.56866455078125], [69.46092224121094, 86.39299774169922, 92.12415313720703, 120.08966064453125], [487.85528564453125, 242.9912872314453, 500.145263671875, 300.9273376464844], [192.7063446044922, 110.37244415283203, 365.82672119140625, 268.08074951171875], [410.75714111328125, 132.7774658203125, 465.2863464355469, 266.7478942871094], [194.15554809570312, -0.1911066770553589, 266.7594299316406, 14.033112525939941], [457.1611633300781, 204.5978240966797, 469.801513671875, 250.58168029785156], [442.2288513183594, 263.10931396484375, 494.1720275878906, 303.4920349121094], [438.37579345703125, 204.52296447753906, 500.15496826171875, 303.4930725097656], [363.7288513183594, 251.73594665527344, 399.93707275390625, 270.6962585449219], [438.2289733886719, 132.46217346191406, 500.238525390625, 303.52789306640625], [326.08612060546875, 154.22042846679688, 331.7970275878906, 161.48971557617188], [464.5485534667969, 208.85694885253906, 479.4161071777344, 236.35142517089844], [458.5740051269531, 204.2066192626953, 470.0351867675781, 235.95571899414062], [279.44940185546875, 113.47460174560547, 312.5198974609375, 124.8349838256836], [439.98199462890625, 208.78872680664062, 460.8363037109375, 251.58203125], [439.5228576660156, 240.490478515625, 499.00341796875, 303.5745849609375], [437.0963439941406, 208.60177612304688, 499.81201171875, 303.5833435058594], [0.08900649845600128, 190.1962127685547, 16.608673095703125, 266.4497375488281], [278.8689880371094, 113.4541015625, 328.5134582519531, 171.62391662597656], [474.4853515625, 237.7139129638672, 500.1484680175781, 300.9202880859375], [411.3766174316406, 234.9810028076172, 422.7445983886719, 268.4817199707031], [450.29437255859375, 140.19140625, 497.3201904296875, 292.98358154296875], [458.14495849609375, 236.3628692626953, 480.67755126953125, 252.33364868164062], [442.2288513183594, 263.10931396484375, 494.1720275878906, 303.4920349121094], [325.8388977050781, 93.04187774658203, 363.1036071777344, 255.78659057617188], [448.43341064453125, 247.98890686035156, 495.282958984375, 262.6839599609375], [363.7288513183594, 251.73594665527344, 399.93707275390625, 270.6962585449219], [459.1182861328125, 190.7397003173828, 477.298095703125, 236.26010131835938], [442.2288513183594, 263.10931396484375, 494.1720275878906, 303.4920349121094], [474.84259033203125, 238.39065551757812, 499.83062744140625, 301.5933837890625], [351.0185241699219, 251.25411987304688, 400.0118103027344, 271.2095642089844], [479.42510986328125, 218.25738525390625, 497.92138671875, 238.1581573486328], [35.253353118896484, 260.3232116699219, 77.21895599365234, 289.0151062011719], [475.8888854980469, 199.9649658203125, 483.2229919433594, 216.70794677734375], [238.75779724121094, 255.7813262939453, 270.5556640625, 271.19805908203125], [277.9014587402344, 112.85869598388672, 362.61273193359375, 262.2249450683594], [437.0963439941406, 208.60177612304688, 499.81201171875, 303.5833435058594], [363.7288513183594, 251.73594665527344, 399.93707275390625, 270.6962585449219], [44.23614501953125, 260.9213562011719, 77.3921127319336, 288.18389892578125], [191.36160278320312, 110.4250259399414, 334.8172302246094, 267.5721435546875], [346.88397216796875, 154.52207946777344, 361.16143798828125, 233.27293395996094], [462.96160888671875, 132.06455993652344, 499.4439392089844, 180.6212158203125], [442.0761413574219, 240.6342315673828, 498.5874938964844, 303.2322082519531], [469.56512451171875, 200.58642578125, 499.9580078125, 301.2952880859375], [278.8689880371094, 113.4541015625, 328.5134582519531, 171.62391662597656], [440.6615295410156, 244.4081573486328, 498.6463623046875, 268.1484375], [439.98199462890625, 208.78872680664062, 460.8363037109375, 251.58203125], [410.04742431640625, 129.64414978027344, 500.206298828125, 281.97589111328125], [35.253353118896484, 260.3232116699219, 77.21895599365234, 289.0151062011719], [0.08900649845600128, 190.1962127685547, 16.608673095703125, 266.4497375488281], [323.3096923828125, 246.7152557373047, 336.4505920410156, 257.5496520996094], [203.26707458496094, 160.8478546142578, 232.77810668945312, 187.18565368652344], [279.9319763183594, 114.19894409179688, 323.6573791503906, 142.3585968017578], [348.39410400390625, 143.68861389160156, 366.09918212890625, 257.78533935546875], [265.5284423828125, -0.21146929264068604, 309.14599609375, 13.236318588256836], [438.57586669921875, 131.66470336914062, 500.1916809082031, 303.90118408203125], [323.3497619628906, 201.1491241455078, 360.5302429199219, 261.2740783691406], [457.1611633300781, 204.5978240966797, 469.801513671875, 250.58168029785156], [191.1224365234375, 110.4271469116211, 336.5179138183594, 268.4825439453125], [191.4276580810547, 112.0578384399414, 232.24891662597656, 186.8555145263672], [45.445926666259766, 262.2469177246094, 60.82931900024414, 288.5220031738281], [436.6644592285156, 209.23968505859375, 461.4898681640625, 261.8443908691406], [292.1846008300781, 113.57838439941406, 325.2428283691406, 144.26483154296875], [191.1724090576172, 110.74234008789062, 363.7332763671875, 268.1737365722656], [458.5740051269531, 204.2066192626953, 470.0351867675781, 235.95571899414062], [438.57586669921875, 131.66470336914062, 500.1916809082031, 303.90118408203125], [154.3577117919922, -0.29422953724861145, 266.7367858886719, 14.092491149902344], [351.0185241699219, 251.25411987304688, 400.0118103027344, 271.2095642089844], [352.35369873046875, 257.055908203125, 366.83392333984375, 269.4664001464844], [439.98199462890625, 208.78872680664062, 460.8363037109375, 251.58203125], [22.400617599487305, 0.050956010818481445, 267.250244140625, 13.636067390441895], [487.85528564453125, 242.9912872314453, 500.145263671875, 300.9273376464844], [481.5641784667969, 202.33517456054688, 498.91192626953125, 237.46945190429688], [323.3497619628906, 201.1491241455078, 360.5302429199219, 261.2740783691406], [438.57586669921875, 131.66470336914062, 500.1916809082031, 303.90118408203125], [352.35369873046875, 257.055908203125, 366.83392333984375, 269.4664001464844], [473.99578857421875, 198.9555206298828, 497.9751892089844, 225.6394500732422], [325.7083740234375, 150.4326629638672, 337.8132629394531, 161.65863037109375], [412.5377502441406, 236.36021423339844, 444.9398498535156, 277.5280456542969], [459.1182861328125, 190.7397003173828, 477.298095703125, 236.26010131835938], [437.8046875, 207.4183349609375, 499.9981384277344, 264.10260009765625], [457.1611633300781, 204.5978240966797, 469.801513671875, 250.58168029785156], [438.57586669921875, 131.66470336914062, 500.1916809082031, 303.90118408203125], [306.55633544921875, 106.06551361083984, 363.09564208984375, 262.1198425292969], [447.9358825683594, 245.18557739257812, 497.03204345703125, 262.00213623046875], [0.08900649845600128, 190.1962127685547, 16.608673095703125, 266.4497375488281], [238.75779724121094, 255.7813262939453, 270.5556640625, 271.19805908203125], [292.1846008300781, 113.57838439941406, 325.2428283691406, 144.26483154296875], [34.81371307373047, 261.6805419921875, 60.557777404785156, 288.9417419433594], [191.1224365234375, 110.4271469116211, 336.5179138183594, 268.4825439453125], [410.75714111328125, 132.7774658203125, 465.2863464355469, 266.7478942871094], [459.00836181640625, 196.5949249267578, 479.3695373535156, 236.45664978027344], [0.08900649845600128, 190.1962127685547, 16.608673095703125, 266.4497375488281], [486.96661376953125, 218.6783447265625, 499.15338134765625, 237.27947998046875], [191.1224365234375, 110.4271469116211, 336.5179138183594, 268.4825439453125], [440.2980041503906, 268.10272216796875, 448.0084533691406, 289.8604736328125], [347.12066650390625, 172.51141357421875, 365.434326171875, 257.853515625], [325.7083740234375, 150.4326629638672, 337.8132629394531, 161.65863037109375], [464.5485534667969, 208.85694885253906, 479.4161071777344, 236.35142517089844], [0.08900649845600128, 190.1962127685547, 16.608673095703125, 266.4497375488281], [440.8264465332031, 205.48878479003906, 499.45391845703125, 254.76560974121094], [457.1611633300781, 204.5978240966797, 469.801513671875, 250.58168029785156], [458.3900451660156, 236.45205688476562, 471.87017822265625, 251.86293029785156], [277.9014587402344, 112.85869598388672, 362.61273193359375, 262.2249450683594], [470.0590515136719, 202.27072143554688, 499.7982482910156, 254.36541748046875], [291.8877868652344, 113.8289794921875, 324.8238830566406, 143.37255859375], [351.0185241699219, 251.25411987304688, 400.0118103027344, 271.2095642089844], [211.1660614013672, 110.48648071289062, 266.2738952636719, 186.47262573242188], [458.4795837402344, 132.65171813964844, 500.09136962890625, 240.03741455078125], [0.08900649845600128, 190.1962127685547, 16.608673095703125, 266.4497375488281], [458.5740051269531, 204.2066192626953, 470.0351867675781, 235.95571899414062], [44.23614501953125, 260.9213562011719, 77.3921127319336, 288.18389892578125], [479.7682189941406, 225.0507354736328, 494.7550964355469, 237.8339080810547], [466.53607177734375, 207.34295654296875, 498.2469482421875, 237.9578857421875], [321.33270263671875, 227.354248046875, 358.9642028808594, 268.4361877441406], [439.98199462890625, 208.78872680664062, 460.8363037109375, 251.58203125], [439.7680969238281, 148.1610870361328, 467.06304931640625, 252.9437713623047], [1.889556646347046, 0.8195804357528687, 374.6822204589844, 268.56866455078125], [437.64544677734375, 244.0913848876953, 499.15106201171875, 268.1556396484375], [35.253353118896484, 260.3232116699219, 77.21895599365234, 289.0151062011719]), Score: [0.9302403330802917, 0.896661102771759, 0.8840042352676392, 0.237207293510437, 0.2041088342666626, 0.20105835795402527, 0.18789739906787872, 0.15528717637062073, 0.13318929076194763, 0.1064113974571228, 0.10133637487888336, 0.0942661315202713, 0.08954276889562607, 0.08788003027439117, 0.08637411147356033, 0.0816175788640976, 0.07853498309850693, 0.07739124447107315, 0.06833232939243317, 0.06699477136135101, 0.06366799026727676, 0.06269845366477966, 0.06250137835741043, 0.06191002205014229, 0.06105880066752434, 0.06059294939041138, 0.059926506131887436, 0.05977838486433029, 0.05963781848549843, 0.059058114886283875, 0.05673828721046448, 0.05528228357434273, 0.054938241839408875, 0.05460077524185181, 0.054281774908304214, 0.05423304811120033, 0.05335367098450661, 0.05315244942903519, 0.0526077076792717, 0.051080599427223206, 0.04997731372714043, 0.049260277301073074, 0.045029763132333755, 0.044297680258750916, 0.04425342381000519, 0.044123705476522446, 0.04394756257534027, 0.04391529783606529, 0.04217921569943428, 0.04209176450967789, 0.042057134211063385, 0.04205688461661339, 0.04126477986574173, 0.04119652509689331, 0.040782518684864044, 0.040705353021621704, 0.039899103343486786, 0.03877943381667137, 0.038299188017845154, 0.03806104511022568, 0.03791969269514084, 0.03770258650183678, 0.037618301808834076, 0.03756561502814293, 0.03754805400967598, 0.03742383420467377, 0.03740851581096649, 0.0362277626991272, 0.03588414192199707, 0.0355331189930439, 0.03546750918030739, 0.03484951704740524, 0.034773096442222595, 0.03435498848557472, 0.034187063574790955, 0.0341164655983448, 0.03388567268848419, 0.03371117264032364, 0.03359251469373703, 0.0332479365170002, 0.0330035425722599, 0.03263620659708977, 0.03254595026373863, 0.03220420330762863, 0.03201691433787346, 0.0318756029009819, 0.03183189406991005, 0.031676869839429855, 0.03130652382969856, 0.031085828319191933, 0.030998453497886658, 0.03041180782020092, 0.030377045273780823, 0.030264131724834442, 0.02941625379025936, 0.02884935587644577, 0.028706947341561317, 0.028676752001047134, 0.028569074347615242, 0.02855244278907776, 0.028516536578536034, 0.02832745760679245, 0.028306035324931145, 0.028205808252096176, 0.02816426195204258, 0.027989137917757034, 0.027867678552865982, 0.02785218134522438, 0.02775753289461136, 0.027724459767341614, 0.027619320899248123, 0.027022112160921097, 0.02690858207643032, 0.02683432400226593, 0.026772554963827133, 0.02671993337571621, 0.026704175397753716, 0.026681765913963318, 0.026676615700125694, 0.02646813355386257, 0.025997865945100784, 0.025735225528478622, 0.02556481584906578, 0.02555086277425289, 0.025531720370054245, 0.025353560224175453, 0.025271281599998474, 0.025100836530327797, 0.025077935308218002, 0.024975372478365898, 0.024968817830085754, 0.024967001751065254, 0.02486925944685936, 0.024712976068258286, 0.02459818869829178, 0.024579036980867386, 0.024556200951337814, 0.024533046409487724, 0.024515697732567787, 0.02444775588810444, 0.02439234033226967, 0.024244999513030052, 0.024184754118323326, 0.024155665189027786, 0.024040784686803818, 0.023813802748918533, 0.02375040203332901, 0.023739062249660492, 0.023567145690321922, 0.02350301668047905, 0.023318300023674965, 0.02319882996380329, 0.023180438205599785, 0.023097645491361618, 0.02304046042263508, 0.022936448454856873, 0.02283799648284912, 0.022807970643043518, 0.02280566468834877, 0.022798746824264526, 0.022791201248764992, 0.02273828350007534, 0.022586632519960403, 0.02243647351861, 0.022199096158146858, 0.022061139345169067, 0.022059425711631775, 0.02205847017467022, 0.021952280774712563, 0.021726375445723534, 0.02172575332224369, 0.021689312532544136, 0.021662041544914246, 0.021643633022904396, 0.021629950031638145, 0.021551532670855522, 0.02152860350906849, 0.021460626274347305, 0.02145925909280777, 0.021392514929175377, 0.021366873756051064, 0.021293342113494873, 0.021289974451065063, 0.021036000922322273, 0.021034779027104378, 0.020939543843269348, 0.02085830084979534, 0.02077028527855873, 0.020719289779663086, 0.02055676281452179, 0.020320769399404526, 0.020301498472690582, 0.020265216007828712, 0.020247548818588257, 0.020220085978507996, 0.020076749846339226, 0.020036816596984863, 0.01994561031460762, 0.019852085039019585, 0.01983697898685932, 0.019826704636216164, 0.019815031439065933, 0.019678328186273575, 0.019672133028507233, 0.019583679735660553, 0.019560201093554497, 0.019523894414305687, 0.01941472664475441, 0.01936793513596058, 0.01922520622611046, 0.019189387559890747, 0.019164616242051125, 0.019129108637571335, 0.019116559997200966, 0.01907525025308132, 0.01897386461496353, 0.018929200246930122, 0.018917948007583618, 0.018903028219938278, 0.018895244225859642, 0.018872683867812157, 0.018871372565627098, 0.018849654123187065, 0.01874423772096634, 0.01866718754172325, 0.018646715208888054, 0.018593866378068924, 0.018494121730327606, 0.018483301624655724, 0.018469182774424553, 0.01844569854438305, 0.01834479533135891, 0.018297798931598663, 0.018293654546141624, 0.018278131261467934, 0.01826060190796852, 0.018259713426232338, 0.018235808238387108, 0.01818656735122204, 0.018138596788048744, 0.01808307133615017, 0.018069254234433174, 0.018053172156214714, 0.018039816990494728, 0.01802673563361168, 0.018026486039161682, 0.018002143129706383, 0.018002016469836235, 0.017977343872189522, 0.017886754125356674, 0.017703689634799957, 0.017687194049358368, 0.017617424950003624, 0.017605461180210114, 0.017557378858327866, 0.017528317868709564, 0.017472214996814728, 0.017463523894548416, 0.017341917380690575, 0.017270991578698158, 0.017233068123459816, 0.017218520864844322, 0.017101269215345383, 0.01709211803972721, 0.017025386914610863, 0.0169980525970459, 0.01697271130979061, 0.016951855272054672, 0.016948208212852478, 0.016932446509599686, 0.0169246606528759, 0.016890935599803925, 0.016864344477653503, 0.016863450407981873, 0.016820473596453667, 0.0167701356112957, 0.016766181215643883, 0.016699926927685738, 0.016675177961587906, 0.016661476343870163, 0.016635488718748093, 0.01659567654132843, 0.016578050330281258, 0.01656957156956196, 0.016553092747926712, 0.01652684435248375, 0.01651477999985218, 0.01650606282055378, 0.016443733125925064, 0.016420790925621986, 0.01639633998274803, 0.01633482426404953, 0.016253938898444176, 0.01624184288084507, 0.016207918524742126, 0.01620499975979328, 0.016178233548998833, 0.01617773249745369, 0.016159936785697937, 0.01614769734442234]

Execution time: 0.4096 sec
