Label: tensor([ 2, 73,  7, 73, 28, 37, 73, 60, 73,  3,  4,  7,  0,  8,  0,  0,  2,  2,
         8, 73, 73,  0, 39,  5, 73,  2, 73, 28,  2,  7,  7, 33,  7,  7, 79,  2,
        73,  7, 73,  4,  0,  0,  0, 12,  7, 78,  0,  0, 73,  2, 62, 59,  2,  2,
         7, 33,  0,  4,  2,  2,  5,  7, 30,  2,  7, 37,  7, 37,  0,  2, 37,  8,
        63, 37, 59, 45, 56,  0, 72, 73, 24, 37,  2, 37,  7,  0, 73,  2, 26,  3,
         4, 30,  7,  2, 37,  0,  2,  2,  2,  2,  2,  2, 37,  0, 37, 37,  2, 60,
         0,  2,  2,  5,  3,  2, 73, 64,  2, 32,  0,  8, 67, 60, 60, 55, 14,  7,
         2, 11,  8,  4, 43,  0,  7,  7,  7,  7,  0,  7,  8,  2,  8, 59,  7,  0,
         7, 37, 60,  7,  2,  7,  3,  2,  2, 14,  2,  7,  7,  8,  7, 37,  7, 37,
        37,  0, 67,  0,  2, 13, 39,  3,  7, 55, 39,  7,  7,  7,  7,  7, 37,  2,
        15, 57, 37, 37,  2, 33,  8,  8,  7,  0,  0, 37,  8, 73, 26,  2,  5,  0,
         0,  3,  0, 37,  2, 26,  0,  8,  0, 37, 10, 53,  0,  8, 72, 72,  2,  2,
         8, 22,  7,  7,  0,  0, 32,  7, 30,  1,  2, 37,  7,  7,  5, 33,  2, 37,
         7,  3, 37, 64, 12,  2, 56,  2, 27,  0, 33,  2, 47, 28,  0, 56, 62,  2,
        37, 39,  0,  2,  5,  7, 74,  2,  0,  0, 30, 29,  2,  6,  8,  0, 37,  2,
         0,  7,  7,  0, 30,  7,  0, 42, 37, 37, 28,  5,  4, 37, 57,  0, 28,  3,
         2, 12, 30, 41,  6, 37,  0,  7, 16,  2,  7,  0]), Box: ([8.974897384643555, 47.106361389160156, 339.21575927734375, 186.0508270263672], [22.031021118164062, 33.65078353881836, 96.16848754882812, 66.73707580566406], [7.944550514221191, 46.59248352050781, 341.195068359375, 187.41021728515625], [22.977802276611328, 33.92531967163086, 96.0521240234375, 55.083396911621094], [22.031021118164062, 33.65078353881836, 96.16848754882812, 66.73707580566406], [7.944550514221191, 46.59248352050781, 341.195068359375, 187.41021728515625], [37.66448211669922, 51.05293273925781, 94.43873596191406, 66.47382354736328], [-0.4361917972564697, -0.17687273025512695, 343.48834228515625, 207.8006134033203], [37.85723876953125, 51.42306137084961, 89.26456451416016, 64.59855651855469], [7.944550514221191, 46.59248352050781, 341.195068359375, 187.41021728515625], [7.944550514221191, 46.59248352050781, 341.195068359375, 187.41021728515625], [8.916230201721191, 33.71883010864258, 96.40475463867188, 109.78995513916016], [252.80389404296875, 90.42636108398438, 337.6064758300781, 162.0413055419922], [7.944550514221191, 46.59248352050781, 341.195068359375, 187.41021728515625], [252.82655334472656, 91.05236053466797, 316.7216796875, 162.92779541015625], [230.47622680664062, 90.41539001464844, 312.09228515625, 173.65762329101562], [7.944550514221191, 46.59248352050781, 341.195068359375, 187.41021728515625], [210.16429138183594, 90.57388305664062, 338.8984680175781, 185.3455352783203], [8.974897384643555, 47.106361389160156, 339.21575927734375, 186.0508270263672], [22.657142639160156, 47.73286819458008, 95.13693237304688, 66.82695007324219], [22.87128448486328, 34.2784538269043, 96.24851989746094, 64.1673812866211], [253.42100524902344, 90.46420288085938, 307.45465087890625, 129.31898498535156], [22.031021118164062, 33.65078353881836, 96.16848754882812, 66.73707580566406], [7.944550514221191, 46.59248352050781, 341.195068359375, 187.41021728515625], [22.53547477722168, 41.83369827270508, 38.63428497314453, 67.23515319824219], [8.976076126098633, 49.41489791870117, 292.0049743652344, 173.0635223388672], [8.916230201721191, 33.71883010864258, 96.40475463867188, 109.78995513916016], [8.916230201721191, 33.71883010864258, 96.40475463867188, 109.78995513916016], [8.921353340148926, 52.09294509887695, 94.73932647705078, 110.70301055908203], [8.491366386413574, 33.962242126464844, 121.75103759765625, 109.2647476196289], [4.606602668762207, 0.2453455924987793, 338.90594482421875, 184.4995880126953], [7.944550514221191, 46.59248352050781, 341.195068359375, 187.41021728515625], [22.031021118164062, 33.65078353881836, 96.16848754882812, 66.73707580566406], [8.976076126098633, 49.41489791870117, 292.0049743652344, 173.0635223388672], [8.974897384643555, 47.106361389160156, 339.21575927734375, 186.0508270263672], [218.5768585205078, 152.20254516601562, 267.35107421875, 185.10447692871094], [37.95541763305664, 51.977046966552734, 83.01663970947266, 63.89723587036133], [210.16429138183594, 90.57388305664062, 338.8984680175781, 185.3455352783203], [22.14069366455078, 50.63935852050781, 92.63847351074219, 66.69017791748047], [8.974897384643555, 47.106361389160156, 339.21575927734375, 186.0508270263672], [119.4034194946289, 50.420387268066406, 159.05029296875, 91.26701354980469], [-0.4361917972564697, -0.17687273025512695, 343.48834228515625, 207.8006134033203], [143.26873779296875, 82.08297729492188, 178.8238067626953, 93.94035339355469], [253.42100524902344, 90.46420288085938, 307.45465087890625, 129.31898498535156], [-0.4393494129180908, 47.99623489379883, 343.5564270019531, 206.85025024414062], [253.42100524902344, 90.46420288085938, 307.45465087890625, 129.31898498535156], [210.16429138183594, 90.57388305664062, 338.8984680175781, 185.3455352783203], [137.90969848632812, 68.40867614746094, 176.96485900878906, 92.78458404541016], [10.178502082824707, 33.895851135253906, 96.0221176147461, 78.04953002929688], [9.013505935668945, 50.15628433227539, 295.1321105957031, 173.36135864257812], [-0.4361917972564697, -0.17687273025512695, 343.48834228515625, 207.8006134033203], [8.974897384643555, 47.106361389160156, 339.21575927734375, 186.0508270263672], [138.8179168701172, 68.06590270996094, 192.4367218017578, 92.89510345458984], [73.04179382324219, 49.7221565246582, 192.18557739257812, 94.64085388183594], [-0.4361917972564697, -0.17687273025512695, 343.48834228515625, 207.8006134033203], [8.974897384643555, 47.106361389160156, 339.21575927734375, 186.0508270263672], [111.97614288330078, 49.60924530029297, 192.44383239746094, 93.64872741699219], [4.606602668762207, 0.2453455924987793, 338.90594482421875, 184.4995880126953], [8.72215461730957, 48.14362335205078, 192.5261993408203, 110.71687316894531], [8.916230201721191, 33.71883010864258, 96.40475463867188, 109.78995513916016], [22.031021118164062, 33.65078353881836, 96.16848754882812, 66.73707580566406], [8.72215461730957, 48.14362335205078, 192.5261993408203, 110.71687316894531], [22.031021118164062, 33.65078353881836, 96.16848754882812, 66.73707580566406], [-0.4393494129180908, 47.99623489379883, 343.5564270019531, 206.85025024414062], [8.921353340148926, 52.09294509887695, 94.73932647705078, 110.70301055908203], [-0.4404566287994385, 114.51546478271484, 343.48583984375, 207.701416015625], [8.974897384643555, 47.106361389160156, 339.21575927734375, 186.0508270263672], [-0.4860267639160156, 106.63578033447266, 343.2912902832031, 207.73675537109375], [138.8179168701172, 68.06590270996094, 192.4367218017578, 92.89510345458984], [218.34666442871094, 136.06723022460938, 288.2527160644531, 182.6243133544922], [210.16429138183594, 90.57388305664062, 338.8984680175781, 185.3455352783203], [210.16429138183594, 90.57388305664062, 338.8984680175781, 185.3455352783203], [-0.4361917972564697, -0.17687273025512695, 343.48834228515625, 207.8006134033203], [209.29751586914062, 130.64476013183594, 337.2391662597656, 186.23460388183594], [-0.4361917972564697, -0.17687273025512695, 343.48834228515625, 207.8006134033203], [22.031021118164062, 33.65078353881836, 96.16848754882812, 66.73707580566406], [22.031021118164062, 33.65078353881836, 96.16848754882812, 66.73707580566406], [7.944550514221191, 46.59248352050781, 341.195068359375, 187.41021728515625], [22.031021118164062, 33.65078353881836, 96.16848754882812, 66.73707580566406], [23.024600982666016, 50.26194381713867, 89.68407440185547, 66.24075317382812], [253.42100524902344, 90.46420288085938, 307.45465087890625, 129.31898498535156], [-0.29262280464172363, 128.59674072265625, 343.14007568359375, 207.6591033935547], [217.24131774902344, 135.43045043945312, 329.1596374511719, 184.0733642578125], [226.02293395996094, 136.1476287841797, 280.39215087890625, 164.15895080566406], [8.729633331298828, 34.73271179199219, 173.91400146484375, 109.17488861083984], [4.606602668762207, 0.2453455924987793, 338.90594482421875, 184.4995880126953], [22.555335998535156, 50.066104888916016, 38.84715270996094, 67.22647094726562], [209.29751586914062, 130.64476013183594, 337.2391662597656, 186.23460388183594], [22.031021118164062, 33.65078353881836, 96.16848754882812, 66.73707580566406], [-0.4393494129180908, 47.99623489379883, 343.5564270019531, 206.85025024414062], [-0.4361917972564697, -0.17687273025512695, 343.48834228515625, 207.8006134033203], [7.944550514221191, 46.59248352050781, 341.195068359375, 187.41021728515625], [94.63481140136719, 48.66880798339844, 191.64865112304688, 93.18016052246094], [209.1506805419922, 115.09864044189453, 337.9273376464844, 185.96087646484375], [22.031021118164062, 33.65078353881836, 96.16848754882812, 66.73707580566406], [83.62860870361328, 96.29422760009766, 93.02579498291016, 107.33372497558594], [172.02523803710938, 90.1075210571289, 338.0599365234375, 185.5464630126953], [8.491366386413574, 33.962242126464844, 121.75103759765625, 109.2647476196289], [173.57135009765625, 90.11312103271484, 336.996826171875, 185.5636444091797], [9.951123237609863, 48.1756706237793, 191.24436950683594, 133.55331420898438], [8.868783950805664, 48.034934997558594, 176.92759704589844, 110.79721069335938], [22.031021118164062, 33.65078353881836, 96.16848754882812, 66.73707580566406], [209.1506805419922, 115.09864044189453, 337.9273376464844, 185.96087646484375], [94.63481140136719, 48.66880798339844, 191.64865112304688, 93.18016052246094], [4.606602668762207, 0.2453455924987793, 338.90594482421875, 184.4995880126953], [209.47341918945312, 134.8035430908203, 336.54620361328125, 186.09255981445312], [94.63481140136719, 48.66880798339844, 191.64865112304688, 93.18016052246094], [-0.29262280464172363, 128.59674072265625, 343.14007568359375, 207.6591033935547], [98.08087158203125, 62.76580047607422, 119.40037536621094, 78.1148910522461], [10.32791519165039, 49.13515090942383, 197.3473663330078, 132.66598510742188], [209.54930114746094, 113.60303497314453, 329.819091796875, 184.29611206054688], [8.916230201721191, 33.71883010864258, 96.40475463867188, 109.78995513916016], [210.16429138183594, 90.57388305664062, 338.8984680175781, 185.3455352783203], [8.647222518920898, 49.58851623535156, 122.33394622802734, 109.60587310791016], [22.112823486328125, 34.09543991088867, 96.10859680175781, 67.2846450805664], [253.42100524902344, 90.46420288085938, 307.45465087890625, 129.31898498535156], [-0.4361917972564697, -0.17687273025512695, 343.48834228515625, 207.8006134033203], [253.42100524902344, 90.46420288085938, 307.45465087890625, 129.31898498535156], [78.88671112060547, 51.284889221191406, 153.471923828125, 90.62871551513672], [4.606602668762207, 0.2453455924987793, 338.90594482421875, 184.4995880126953], [22.031021118164062, 33.65078353881836, 96.16848754882812, 66.73707580566406], [22.031021118164062, 33.65078353881836, 96.16848754882812, 66.73707580566406], [-0.4860267639160156, 106.63578033447266, 343.2912902832031, 207.73675537109375], [7.944550514221191, 46.59248352050781, 341.195068359375, 187.41021728515625], [185.20314025878906, 106.50875091552734, 193.11878967285156, 117.6118392944336], [8.868783950805664, 48.034934997558594, 176.92759704589844, 110.79721069335938], [117.7823486328125, 62.760311126708984, 192.33168029785156, 93.41116333007812], [98.08087158203125, 62.76580047607422, 119.40037536621094, 78.1148910522461], [209.29751586914062, 130.64476013183594, 337.2391662597656, 186.23460388183594], [-0.4393494129180908, 47.99623489379883, 343.5564270019531, 206.85025024414062], [22.031021118164062, 33.65078353881836, 96.16848754882812, 66.73707580566406], [-0.4393494129180908, 47.99623489379883, 343.5564270019531, 206.85025024414062], [173.57135009765625, 90.11312103271484, 336.996826171875, 185.5636444091797], [9.013505935668945, 50.15628433227539, 295.1321105957031, 173.36135864257812], [9.951123237609863, 48.1756706237793, 191.24436950683594, 133.55331420898438], [172.02523803710938, 90.1075210571289, 338.0599365234375, 185.5464630126953], [256.9561767578125, 102.16202545166016, 284.4519348144531, 121.95536041259766], [209.1506805419922, 115.09864044189453, 337.9273376464844, 185.96087646484375], [-0.4393494129180908, 47.99623489379883, 343.5564270019531, 206.85025024414062], [208.300537109375, 91.53382110595703, 337.5462341308594, 185.52239990234375], [22.031021118164062, 33.65078353881836, 96.16848754882812, 66.73707580566406], [22.031021118164062, 33.65078353881836, 96.16848754882812, 66.73707580566406], [8.647222518920898, 49.58851623535156, 122.33394622802734, 109.60587310791016], [95.22354888916016, 49.13820266723633, 191.45008850097656, 93.04541778564453], [10.544949531555176, 34.61614227294922, 198.1141357421875, 111.00173950195312], [-0.4393494129180908, 47.99623489379883, 343.5564270019531, 206.85025024414062], [-0.4404566287994385, 114.51546478271484, 343.48583984375, 207.701416015625], [95.22354888916016, 49.13820266723633, 191.45008850097656, 93.04541778564453], [217.15377807617188, 149.71527099609375, 320.1207580566406, 184.72291564941406], [10.874725341796875, 34.92859649658203, 198.69432067871094, 112.96735382080078], [8.974897384643555, 47.106361389160156, 339.21575927734375, 186.0508270263672], [9.1172513961792, 48.43724060058594, 160.05047607421875, 111.3694076538086], [172.0063934326172, 88.25590515136719, 336.6624450683594, 183.6927490234375], [8.974897384643555, 47.106361389160156, 339.21575927734375, 186.0508270263672], [209.47341918945312, 134.8035430908203, 336.54620361328125, 186.09255981445312], [218.5768585205078, 152.20254516601562, 267.35107421875, 185.10447692871094], [9.1172513961792, 48.43724060058594, 160.05047607421875, 111.3694076538086], [209.1506805419922, 115.09864044189453, 337.9273376464844, 185.96087646484375], [141.1963348388672, 53.9827995300293, 335.3394470214844, 182.62420654296875], [167.93304443359375, 112.69515991210938, 337.5528564453125, 185.89993286132812], [73.04179382324219, 49.7221565246582, 192.18557739257812, 94.64085388183594], [208.300537109375, 91.53382110595703, 337.5462341308594, 185.52239990234375], [-0.3670215606689453, 83.42330169677734, 343.1092529296875, 207.10931396484375], [117.7823486328125, 62.760311126708984, 192.33168029785156, 93.41116333007812], [-0.4361917972564697, -0.17687273025512695, 343.48834228515625, 207.8006134033203], [90.92581176757812, 50.53056716918945, 122.482421875, 78.80924224853516], [10.020364761352539, 48.50592041015625, 201.61683654785156, 112.939208984375], [22.031021118164062, 33.65078353881836, 96.16848754882812, 66.73707580566406], [8.916230201721191, 33.71883010864258, 96.40475463867188, 109.78995513916016], [4.606602668762207, 0.2453455924987793, 338.90594482421875, 184.4995880126953], [4.856484413146973, 0.8904261589050293, 174.86846923828125, 112.56256866455078], [22.031021118164062, 33.65078353881836, 96.16848754882812, 66.73707580566406], [22.977802276611328, 33.92531967163086, 96.0521240234375, 55.083396911621094], [10.32791519165039, 49.13515090942383, 197.3473663330078, 132.66598510742188], [209.29751586914062, 130.64476013183594, 337.2391662597656, 186.23460388183594], [139.31887817382812, 51.60899353027344, 336.55865478515625, 184.96412658691406], [10.020364761352539, 48.50592041015625, 201.61683654785156, 112.939208984375], [208.300537109375, 91.53382110595703, 337.5462341308594, 185.52239990234375], [138.8179168701172, 68.06590270996094, 192.4367218017578, 92.89510345458984], [10.567483901977539, 50.86497497558594, 193.89031982421875, 137.21725463867188], [253.42100524902344, 90.46420288085938, 307.45465087890625, 129.31898498535156], [22.031021118164062, 33.65078353881836, 96.16848754882812, 66.73707580566406], [172.02523803710938, 90.1075210571289, 338.0599365234375, 185.5464630126953], [98.08087158203125, 62.76580047607422, 119.40037536621094, 78.1148910522461], [95.22354888916016, 49.13820266723633, 191.45008850097656, 93.04541778564453], [4.606602668762207, 0.2453455924987793, 338.90594482421875, 184.4995880126953], [208.300537109375, 91.53382110595703, 337.5462341308594, 185.52239990234375], [209.47341918945312, 134.8035430908203, 336.54620361328125, 186.09255981445312], [12.302962303161621, 34.99933624267578, 193.91873168945312, 128.7849578857422], [105.2835693359375, 0.5759444236755371, 334.28033447265625, 184.0784912109375], [123.78425598144531, 69.19788360595703, 181.83999633789062, 93.86306762695312], [169.09361267089844, 112.84843444824219, 337.6326599121094, 185.7091827392578], [173.57135009765625, 90.11312103271484, 336.996826171875, 185.5636444091797], [-0.4361917972564697, -0.17687273025512695, 343.48834228515625, 207.8006134033203], [8.916230201721191, 33.71883010864258, 96.40475463867188, 109.78995513916016], [230.47622680664062, 90.41539001464844, 312.09228515625, 173.65762329101562], [210.16429138183594, 90.57388305664062, 338.8984680175781, 185.3455352783203], [81.96624755859375, 95.5326156616211, 97.82575988769531, 120.14933013916016], [131.8043975830078, 51.494163513183594, 141.73532104492188, 62.91320037841797], [94.63481140136719, 48.66880798339844, 191.64865112304688, 93.18016052246094], [48.92649459838867, 68.53453826904297, 81.23993682861328, 81.99481201171875], [8.921353340148926, 52.09294509887695, 94.73932647705078, 110.70301055908203], [4.606602668762207, 0.2453455924987793, 338.90594482421875, 184.4995880126953], [253.42100524902344, 90.46420288085938, 307.45465087890625, 129.31898498535156], [73.04179382324219, 49.7221565246582, 192.18557739257812, 94.64085388183594], [-0.4361917972564697, -0.17687273025512695, 343.48834228515625, 207.8006134033203], [79.01099395751953, 50.39387512207031, 152.17514038085938, 90.4338607788086], [-0.4361917972564697, -0.17687273025512695, 343.48834228515625, 207.8006134033203], [7.944550514221191, 46.59248352050781, 341.195068359375, 187.41021728515625], [22.031021118164062, 33.65078353881836, 96.16848754882812, 66.73707580566406], [140.72598266601562, 71.6973876953125, 151.17800903320312, 80.34519958496094], [172.02523803710938, 90.1075210571289, 338.0599365234375, 185.5464630126953], [8.916230201721191, 33.71883010864258, 96.40475463867188, 109.78995513916016], [-0.4361917972564697, -0.17687273025512695, 343.48834228515625, 207.8006134033203], [139.35821533203125, 58.60633087158203, 306.148681640625, 176.03761291503906], [8.729633331298828, 34.73271179199219, 173.91400146484375, 109.17488861083984], [217.24131774902344, 135.43045043945312, 329.1596374511719, 184.0733642578125], [8.974897384643555, 47.106361389160156, 339.21575927734375, 186.0508270263672], [217.24131774902344, 135.43045043945312, 329.1596374511719, 184.0733642578125], [209.54930114746094, 113.60303497314453, 329.819091796875, 184.29611206054688], [256.950927734375, 102.3763427734375, 285.2607421875, 122.32850646972656], [125.17603302001953, 49.75706100463867, 142.16702270507812, 68.63883972167969], [8.974897384643555, 47.106361389160156, 339.21575927734375, 186.0508270263672], [10.178502082824707, 33.895851135253906, 96.0221176147461, 78.04953002929688], [210.16429138183594, 90.57388305664062, 338.8984680175781, 185.3455352783203], [7.944550514221191, 46.59248352050781, 341.195068359375, 187.41021728515625], [141.1963348388672, 53.9827995300293, 335.3394470214844, 182.62420654296875], [235.5474853515625, 152.75201416015625, 281.75537109375, 166.31057739257812], [172.0063934326172, 88.25590515136719, 336.6624450683594, 183.6927490234375], [11.538358688354492, 35.56309509277344, 212.73043823242188, 127.44276428222656], [4.606602668762207, 0.2453455924987793, 338.90594482421875, 184.4995880126953], [-0.4393494129180908, 47.99623489379883, 343.5564270019531, 206.85025024414062], [138.09384155273438, 65.70124053955078, 192.2559814453125, 90.6716079711914], [220.4772491455078, 115.33732604980469, 311.04608154296875, 162.69203186035156], [139.35821533203125, 58.60633087158203, 306.148681640625, 176.03761291503906], [138.8179168701172, 68.06590270996094, 192.4367218017578, 92.89510345458984], [173.57135009765625, 90.11312103271484, 336.996826171875, 185.5636444091797], [8.974897384643555, 47.106361389160156, 339.21575927734375, 186.0508270263672], [185.20314025878906, 106.50875091552734, 193.11878967285156, 117.6118392944336], [123.78425598144531, 69.19788360595703, 181.83999633789062, 93.86306762695312], [8.916230201721191, 33.71883010864258, 96.40475463867188, 109.78995513916016], [226.02293395996094, 136.1476287841797, 280.39215087890625, 164.15895080566406], [-0.4361917972564697, -0.17687273025512695, 343.48834228515625, 207.8006134033203], [296.0477294921875, 24.51285743713379, 344.0005798339844, 80.15798950195312], [22.031021118164062, 33.65078353881836, 96.16848754882812, 66.73707580566406], [167.85194396972656, 109.45851135253906, 335.4374694824219, 185.1053466796875], [22.031021118164062, 33.65078353881836, 96.16848754882812, 66.73707580566406], [37.66448211669922, 51.05293273925781, 94.43873596191406, 66.47382354736328], [22.031021118164062, 33.65078353881836, 96.16848754882812, 66.73707580566406], [-0.4361917972564697, -0.17687273025512695, 343.48834228515625, 207.8006134033203], [253.42100524902344, 90.46420288085938, 307.45465087890625, 129.31898498535156], [47.43424606323242, 59.77219009399414, 87.69523620605469, 78.68560028076172], [0.47986531257629395, 131.26524353027344, 265.189453125, 207.64437866210938], [22.53547477722168, 41.83369827270508, 38.63428497314453, 67.23515319824219], [139.31887817382812, 51.60899353027344, 336.55865478515625, 184.96412658691406], [98.08087158203125, 62.76580047607422, 119.40037536621094, 78.1148910522461], [-0.4361917972564697, -0.17687273025512695, 343.48834228515625, 207.8006134033203], [138.5008087158203, 54.42382049560547, 336.12457275390625, 184.325927734375], [83.62860870361328, 96.29422760009766, 93.02579498291016, 107.33372497558594], [80.62825775146484, 48.04045867919922, 187.43101501464844, 93.21573638916016], [141.05386352539062, 81.57621002197266, 191.84376525878906, 93.95703125], [254.44801330566406, 99.24238586425781, 282.3608703613281, 118.72274780273438], [-0.4393494129180908, 47.99623489379883, 343.5564270019531, 206.85025024414062], [7.944550514221191, 46.59248352050781, 341.195068359375, 187.41021728515625], [8.707566261291504, 44.96501541137695, 285.7697448730469, 134.28582763671875], [22.031021118164062, 33.65078353881836, 96.16848754882812, 66.73707580566406], [167.93304443359375, 112.69515991210938, 337.5528564453125, 185.89993286132812], [141.1963348388672, 53.9827995300293, 335.3394470214844, 182.62420654296875], [167.85194396972656, 109.45851135253906, 335.4374694824219, 185.1053466796875], [137.90969848632812, 68.40867614746094, 176.96485900878906, 92.78458404541016], [136.90948486328125, 71.28556060791016, 193.1653289794922, 93.65956115722656], [218.34666442871094, 136.06723022460938, 288.2527160644531, 182.6243133544922], [138.8179168701172, 68.06590270996094, 192.4367218017578, 92.89510345458984], [213.90992736816406, 113.37663269042969, 280.3270568847656, 164.42079162597656], [-0.4361917972564697, -0.17687273025512695, 343.48834228515625, 207.8006134033203], [209.47341918945312, 134.8035430908203, 336.54620361328125, 186.09255981445312], [216.98110961914062, 116.29209899902344, 280.15460205078125, 163.2250518798828], [8.974897384643555, 47.106361389160156, 339.21575927734375, 186.0508270263672], [144.67892456054688, 147.0596923828125, 343.21990966796875, 207.9732666015625], [8.976076126098633, 49.41489791870117, 292.0049743652344, 173.0635223388672], [22.657142639160156, 47.73286819458008, 95.13693237304688, 66.82695007324219], [8.491366386413574, 33.962242126464844, 121.75103759765625, 109.2647476196289], [210.16429138183594, 90.57388305664062, 338.8984680175781, 185.3455352783203], [143.26873779296875, 82.08297729492188, 178.8238067626953, 93.94035339355469], [-0.4361917972564697, -0.17687273025512695, 343.48834228515625, 207.8006134033203], [185.20314025878906, 106.50875091552734, 193.11878967285156, 117.6118392944336], [-0.4361917972564697, -0.17687273025512695, 343.48834228515625, 207.8006134033203], [95.22354888916016, 49.13820266723633, 191.45008850097656, 93.04541778564453], [111.97614288330078, 49.60924530029297, 192.44383239746094, 93.64872741699219], [8.916230201721191, 33.71883010864258, 96.40475463867188, 109.78995513916016], [4.606602668762207, 0.2453455924987793, 338.90594482421875, 184.4995880126953], [22.031021118164062, 33.65078353881836, 96.16848754882812, 66.73707580566406], [-0.4361917972564697, -0.17687273025512695, 343.48834228515625, 207.8006134033203], [190.5343780517578, 136.8647918701172, 334.8311767578125, 185.64427185058594], [67.00601959228516, 74.9627685546875, 80.918701171875, 82.1884765625], [80.62825775146484, 48.04045867919922, 187.43101501464844, 93.21573638916016], [143.26873779296875, 82.08297729492188, 178.8238067626953, 93.94035339355469], [169.09361267089844, 112.84843444824219, 337.6326599121094, 185.7091827392578], [7.7947998046875, 1.0409040451049805, 286.8984680175781, 112.7137222290039], [99.7593002319336, 63.828086853027344, 109.52027130126953, 73.40943145751953]), Score: [0.9182223081588745, 0.3883741497993469, 0.23599036037921906, 0.12638789415359497, 0.08923055976629257, 0.06960403174161911, 0.06574040651321411, 0.0645250603556633, 0.06335264444351196, 0.06251086294651031, 0.06058939918875694, 0.059869665652513504, 0.05960443615913391, 0.0559244342148304, 0.05584179610013962, 0.05507410690188408, 0.05271054431796074, 0.05117892846465111, 0.050642501562833786, 0.050606027245521545, 0.049273934215307236, 0.04853736609220505, 0.04782747104763985, 0.047296036034822464, 0.046676259487867355, 0.04637312516570091, 0.04524971544742584, 0.04517551138997078, 0.044168248772621155, 0.044085901230573654, 0.043770186603069305, 0.04364496469497681, 0.04323199763894081, 0.04147372394800186, 0.04093368351459503, 0.040678977966308594, 0.04063909128308296, 0.04046761244535446, 0.03911349177360535, 0.03899528458714485, 0.038755010813474655, 0.038503821939229965, 0.038411740213632584, 0.03828577324748039, 0.03813331574201584, 0.037844352424144745, 0.037510987371206284, 0.03677542880177498, 0.03653782233595848, 0.03603605926036835, 0.03599466383457184, 0.03549329936504364, 0.03526218235492706, 0.03501751646399498, 0.03463049232959747, 0.03436616435647011, 0.03424999117851257, 0.033915527164936066, 0.03387131541967392, 0.03385290876030922, 0.033412445336580276, 0.033268727362155914, 0.03318943828344345, 0.0330950953066349, 0.03259500488638878, 0.0320378877222538, 0.031708974391222, 0.03152277320623398, 0.03142349049448967, 0.03137484937906265, 0.03080052137374878, 0.03068869560956955, 0.030589371919631958, 0.030447086319327354, 0.030292745679616928, 0.029991818591952324, 0.029931144788861275, 0.029837002977728844, 0.029314862564206123, 0.029129719361662865, 0.02899656817317009, 0.028880761936306953, 0.028667503967881203, 0.02861184999346733, 0.028587328270077705, 0.028406405821442604, 0.02827773243188858, 0.02821878343820572, 0.027976583689451218, 0.027685457840561867, 0.027327153831720352, 0.027316687628626823, 0.027084358036518097, 0.02704678103327751, 0.026728427037596703, 0.026618262752890587, 0.026566995307803154, 0.0265132337808609, 0.02641245163977146, 0.026342986151576042, 0.026265647262334824, 0.02609342522919178, 0.026072056964039803, 0.026022126898169518, 0.02584044821560383, 0.02570686861872673, 0.02555415779352188, 0.025546202436089516, 0.025435414165258408, 0.025297638028860092, 0.025227857753634453, 0.025147819891572, 0.025047501549124718, 0.02455163188278675, 0.024516375735402107, 0.024409061297774315, 0.024209801107645035, 0.024048414081335068, 0.024033624678850174, 0.024018071591854095, 0.02399657480418682, 0.023905903100967407, 0.023852547630667686, 0.02385028824210167, 0.023693112656474113, 0.023611072450876236, 0.023604609072208405, 0.023599732667207718, 0.023585408926010132, 0.023505117744207382, 0.023468496277928352, 0.023464510217308998, 0.02339867502450943, 0.023317838087677956, 0.023290038108825684, 0.023147907108068466, 0.02314610965549946, 0.023038048297166824, 0.02301785908639431, 0.022962382063269615, 0.022938698530197144, 0.022838857024908066, 0.022797271609306335, 0.022717444226145744, 0.022711316123604774, 0.02256041392683983, 0.02237187698483467, 0.02215864695608616, 0.022114794701337814, 0.02203928306698799, 0.021953752264380455, 0.021939964964985847, 0.021861743181943893, 0.02182115614414215, 0.021786140277981758, 0.021490570157766342, 0.021315261721611023, 0.021295947954058647, 0.02120162360370159, 0.021101465448737144, 0.02105492725968361, 0.020956285297870636, 0.02094985917210579, 0.02092107944190502, 0.020901450887322426, 0.02089766599237919, 0.020758267492055893, 0.02067749574780464, 0.02063758485019207, 0.020563969388604164, 0.020541509613394737, 0.020351063460111618, 0.02030766010284424, 0.020222019404172897, 0.020210538059473038, 0.020202916115522385, 0.01995408535003662, 0.019847199320793152, 0.019818536937236786, 0.01980789378285408, 0.019724346697330475, 0.019538480788469315, 0.01949993707239628, 0.019493255764245987, 0.01947891153395176, 0.01944468356668949, 0.01940823718905449, 0.019375979900360107, 0.01935717836022377, 0.019350966438651085, 0.019294055178761482, 0.019254710525274277, 0.019197598099708557, 0.01915135607123375, 0.01908930018544197, 0.019088245928287506, 0.018917784094810486, 0.018895676359534264, 0.018877068534493446, 0.018780898302793503, 0.01872844062745571, 0.01871229149401188, 0.018693532794713974, 0.01858842931687832, 0.0185659471899271, 0.018564686179161072, 0.018551943823695183, 0.018452269956469536, 0.018393738195300102, 0.01837693154811859, 0.01836228370666504, 0.018319251015782356, 0.018245913088321686, 0.018145166337490082, 0.018112478777766228, 0.01809287630021572, 0.018042366951704025, 0.018017634749412537, 0.01799025386571884, 0.017985451966524124, 0.017955545336008072, 0.017928801476955414, 0.017898693680763245, 0.017894955351948738, 0.017888596281409264, 0.01780112087726593, 0.017798271030187607, 0.017706317827105522, 0.017705023288726807, 0.017697976902127266, 0.01768246479332447, 0.017664732411503792, 0.017649663612246513, 0.01755661517381668, 0.017354460433125496, 0.017278051003813744, 0.01724592037498951, 0.017216980457305908, 0.017204204574227333, 0.017185242846608162, 0.017182014882564545, 0.017179083079099655, 0.0171627476811409, 0.017159346491098404, 0.017151057720184326, 0.017145559191703796, 0.01713506132364273, 0.017127787694334984, 0.017086055129766464, 0.01708546094596386, 0.017062479630112648, 0.017028987407684326, 0.017028404399752617, 0.01700790412724018, 0.01696973666548729, 0.016963206231594086, 0.016956869512796402, 0.016891196370124817, 0.01685529388487339, 0.016843358054757118, 0.01682332158088684, 0.016819505020976067, 0.01674252189695835, 0.016721032559871674, 0.016662664711475372, 0.016619902104139328, 0.016605157405138016, 0.01660068705677986, 0.016598353162407875, 0.01656990684568882, 0.016484176740050316, 0.016481595113873482, 0.01643453538417816, 0.016409896314144135, 0.016406795009970665, 0.016398539766669273, 0.016398146748542786, 0.01638251170516014, 0.016371382400393486, 0.016333837062120438, 0.016265125945210457, 0.016253404319286346, 0.016207175329327583, 0.016205722466111183, 0.016201481223106384, 0.016173185780644417, 0.016106773167848587, 0.01608666218817234, 0.016080662608146667, 0.01606011763215065, 0.016057314351201057, 0.016010114923119545, 0.01599298231303692, 0.01585858128964901, 0.01581752300262451, 0.01574287936091423, 0.015727363526821136, 0.01572582870721817, 0.015718191862106323, 0.015637563541531563]

Execution time: 0.4006 sec
