Label: tensor([ 0,  0, 56, 56, 41, 41, 60, 56, 56,  2, 56, 24, 56, 56, 26, 56,  6, 56,
        56, 60, 60, 56, 60, 56,  6, 56, 56, 60, 56,  4, 56, 56, 26, 56, 56, 56,
        56, 13, 60, 56, 56, 60, 56, 13, 41, 56, 13, 60, 56, 56, 56, 56, 13, 56,
        56, 13, 56, 56, 56, 56, 45, 56, 60,  6, 24, 60, 56, 60, 41, 56, 56, 60,
        56, 56, 56, 41, 13, 56, 56, 24, 56, 13, 56,  2,  8, 39, 56, 56,  2, 13,
        56,  7,  6, 56, 56, 13,  4, 26, 13, 60,  0, 56, 13, 56, 60, 13, 56, 60,
        60, 24,  2, 26, 13,  4, 24, 56, 74, 13, 60, 26, 13, 13,  2, 32, 26,  2,
        41, 56, 56, 13, 24, 56, 56, 60,  2,  4, 56, 56, 13, 56, 13, 24, 74, 56,
        26, 56, 56, 25, 56,  8, 56, 60, 60, 45, 26, 39, 56, 56, 25, 41, 56, 25,
        41,  5, 13, 25, 60, 26, 13, 56, 56, 26, 13, 13, 60,  2,  8, 41, 56, 56,
        56, 40, 41, 56, 56, 13, 13, 26, 56, 60, 45, 13, 45, 13, 56, 13,  8, 56,
        56, 60, 13, 60, 60, 56, 56, 13, 13, 13, 60, 13, 13, 24, 56,  0, 60, 56,
        56, 56, 56,  8, 13, 56, 60, 13,  7, 56, 60, 60,  2, 56, 56,  0, 13,  0,
        56, 56, 13, 13, 13, 56, 45, 56, 60, 56, 45, 56, 44, 13, 13, 13, 13, 56,
        13, 13, 26,  6, 28, 13, 56, 13,  7, 56, 13, 65, 41, 56, 39, 24, 25, 56,
        13, 60, 56, 56, 13, 13, 14, 26, 13, 13, 13,  0, 26, 13, 13, 56, 56, 56,
         7,  5, 40, 75, 13, 13, 13, 60, 41,  0, 13, 56]), Box: ([263.74078369140625, 44.118682861328125, 424.58099365234375, 366.59503173828125], [102.65792083740234, 75.54486083984375, 198.3788299560547, 336.3048095703125], [23.289894104003906, 172.98072814941406, 66.07351684570312, 232.5238494873047], [77.58973693847656, 197.91651916503906, 117.44519805908203, 258.5950622558594], [223.5118408203125, 181.9884490966797, 232.2394256591797, 195.7137451171875], [195.3838653564453, 182.54586791992188, 203.4430694580078, 192.95651245117188], [184.90667724609375, 186.08367919921875, 255.01266479492188, 252.50161743164062], [454.3378601074219, 224.8349609375, 499.9878845214844, 294.5461120605469], [258.972412109375, 200.32752990722656, 302.3951721191406, 268.183349609375], [477.8150634765625, 117.31537628173828, 500.00506591796875, 132.18743896484375], [373.1372375488281, 211.52186584472656, 411.4314880371094, 281.99859619140625], [283.0146789550781, 199.94668579101562, 303.2123107910156, 232.367919921875], [372.4619445800781, 211.73416137695312, 417.2481689453125, 293.0276794433594], [454.1309509277344, 179.87408447265625, 499.92626953125, 295.22467041015625], [283.0146789550781, 199.94668579101562, 303.2123107910156, 232.367919921875], [405.1526794433594, 208.32901000976562, 449.3746032714844, 293.96478271484375], [0.6293952465057373, 0.30856579542160034, 500.5867614746094, 288.6949462890625], [194.16204833984375, 182.84791564941406, 220.4568634033203, 248.721435546875], [219.06687927246094, 190.84683227539062, 254.44564819335938, 249.35658264160156], [188.1454620361328, 189.2640838623047, 254.36129760742188, 198.70587158203125], [187.7335662841797, 185.27427673339844, 254.5703582763672, 199.59593200683594], [183.82290649414062, 189.75650024414062, 218.8588104248047, 251.5447998046875], [391.8711853027344, 204.18450927734375, 449.2901916503906, 250.2498321533203], [221.0574951171875, 182.23973083496094, 238.100341796875, 234.42832946777344], [0.62522292137146, 0.12939423322677612, 500.6190490722656, 369.5116271972656], [373.45074462890625, 208.2787322998047, 447.2516784667969, 294.4419860839844], [0.12656208872795105, 201.37229919433594, 27.19628143310547, 229.18487548828125], [420.4362487792969, 206.4974822998047, 449.42724609375, 255.7818603515625], [486.76806640625, 226.3204803466797, 500.08587646484375, 284.78875732421875], [0.6293952465057373, 0.30856579542160034, 500.5867614746094, 288.6949462890625], [182.535400390625, 182.55548095703125, 208.2915496826172, 244.19854736328125], [182.7278289794922, 192.86065673828125, 215.79827880859375, 249.30967712402344], [282.846435546875, 100.51119232177734, 331.9197998046875, 232.33021545410156], [404.7117004394531, 236.77767944335938, 437.17376708984375, 293.61383056640625], [192.13975524902344, 165.14096069335938, 221.95289611816406, 249.17332458496094], [404.6002197265625, 236.7529754638672, 437.1465759277344, 293.58929443359375], [454.69024658203125, 241.1922149658203, 499.3410339355469, 290.9166564941406], [259.1460266113281, 199.5647735595703, 408.4329528808594, 270.5089416503906], [421.5206604003906, 206.68524169921875, 449.0903015136719, 216.41387939453125], [222.091796875, 182.34182739257812, 236.3662109375, 227.7847900390625], [263.01763916015625, 200.17501831054688, 302.75592041015625, 236.5543670654297], [394.7724304199219, 198.34542846679688, 449.3208923339844, 217.19326782226562], [487.2589416503906, 225.778564453125, 500.0171203613281, 260.9977111816406], [258.9862365722656, 200.1492156982422, 302.51776123046875, 268.0255126953125], [223.8270721435547, 187.18067932128906, 231.3437957763672, 195.61041259765625], [200.80955505371094, 192.45457458496094, 222.34515380859375, 248.87081909179688], [258.972412109375, 200.32752990722656, 302.3951721191406, 268.183349609375], [409.8144226074219, 206.55902099609375, 449.63623046875, 275.6867370605469], [200.85174560546875, 195.45504760742188, 221.07598876953125, 248.7475128173828], [388.9211120605469, 211.4113311767578, 408.0204162597656, 243.6754913330078], [409.8144226074219, 206.55902099609375, 449.63623046875, 275.6867370605469], [220.7063751220703, 193.41978454589844, 238.6415252685547, 234.930419921875], [454.69921875, 226.62721252441406, 500.06561279296875, 290.8933410644531], [420.4362487792969, 206.4974822998047, 449.42724609375, 255.7818603515625], [258.9637145996094, 222.12405395507812, 298.03912353515625, 266.6083679199219], [77.88731384277344, 197.8932647705078, 117.11634826660156, 258.1770324707031], [324.1269226074219, 235.37442016601562, 342.8552551269531, 268.8352355957031], [390.1172790527344, 211.5582275390625, 406.6337890625, 241.44308471679688], [379.1284484863281, 193.1282196044922, 409.0546875, 255.02796936035156], [374.05438232421875, 208.60108947753906, 424.2001647949219, 275.9036560058594], [196.4065399169922, 182.3918914794922, 203.58982849121094, 191.39637756347656], [258.8175048828125, 221.42164611816406, 298.6991882324219, 267.9058532714844], [77.99014282226562, 188.41726684570312, 256.12774658203125, 260.7748107910156], [0.363767147064209, 0.18558651208877563, 500.35870361328125, 248.05291748046875], [283.73736572265625, 199.8865509033203, 303.1377868652344, 231.7478485107422], [188.38021850585938, 188.9420928955078, 254.64144897460938, 241.505615234375], [199.08741760253906, 187.1326446533203, 232.9796600341797, 248.44725036621094], [186.4097442626953, 183.2577667236328, 252.06625366210938, 265.3548583984375], [196.4065399169922, 182.3918914794922, 203.58982849121094, 191.39637756347656], [283.0146789550781, 199.94668579101562, 303.2123107910156, 232.367919921875], [95.73896026611328, 198.32040405273438, 114.78511810302734, 221.69032287597656], [116.56696319580078, 187.75181579589844, 254.80804443359375, 201.032958984375], [221.72842407226562, 190.65309143066406, 254.69142150878906, 233.10777282714844], [95.98085021972656, 198.04212951660156, 117.27836608886719, 248.391357421875], [261.8728942871094, 220.75619506835938, 297.3437805175781, 240.18714904785156], [223.45518493652344, 182.001220703125, 232.28013610839844, 195.60305786132812], [399.7303466796875, 178.77093505859375, 499.18182373046875, 294.4381408691406], [0.23180711269378662, 174.64419555664062, 28.878856658935547, 228.76625061035156], [378.559814453125, 190.9912109375, 396.7165832519531, 249.7521514892578], [282.846435546875, 100.51119232177734, 331.9197998046875, 232.33021545410156], [419.0021057128906, 152.2940673828125, 426.7618103027344, 177.91665649414062], [0.12656208872795105, 201.37229919433594, 27.19628143310547, 229.18487548828125], [10.892705917358398, 202.91073608398438, 27.987838745117188, 228.66696166992188], [483.3982849121094, 117.26275634765625, 499.6695251464844, 126.62767028808594], [0.6293952465057373, 0.30856579542160034, 500.5867614746094, 288.6949462890625], [419.0021057128906, 152.2940673828125, 426.7618103027344, 177.91665649414062], [183.08480834960938, 183.4599609375, 212.39366149902344, 261.1356201171875], [194.14744567871094, 164.23251342773438, 225.01950073242188, 248.7861328125], [1.1999309062957764, 107.88880920410156, 18.552766799926758, 124.11275482177734], [454.3378601074219, 224.8349609375, 499.9878845214844, 294.5461120605469], [193.81361389160156, 164.0238494873047, 221.62338256835938, 191.6506805419922], [477.8150634765625, 117.31537628173828, 500.00506591796875, 132.18743896484375], [0.33721327781677246, -0.7952749729156494, 500.3322448730469, 222.22486877441406], [386.2275695800781, 194.09323120117188, 425.3213806152344, 248.853515625], [258.7572937011719, 233.1451416015625, 297.8948974609375, 268.01470947265625], [77.99014282226562, 188.41726684570312, 256.12774658203125, 260.7748107910156], [0.62522292137146, 0.12939423322677612, 500.6190490722656, 369.5116271972656], [372.4739990234375, 110.0348892211914, 423.80108642578125, 289.7586364746094], [454.1309509277344, 179.87408447265625, 499.92626953125, 295.22467041015625], [82.07888793945312, 211.61439514160156, 114.37830352783203, 222.94793701171875], [1.1999309062957764, 107.88880920410156, 18.552766799926758, 124.11275482177734], [283.8177490234375, 199.83033752441406, 299.751953125, 211.00357055664062], [258.9637145996094, 222.12405395507812, 298.03912353515625, 266.6083679199219], [141.0790252685547, 236.5992889404297, 157.8416748046875, 261.8952941894531], [183.82290649414062, 189.75650024414062, 218.8588104248047, 251.5447998046875], [261.8728942871094, 220.75619506835938, 297.3437805175781, 240.18714904785156], [186.4097442626953, 183.2577667236328, 252.06625366210938, 265.3548583984375], [181.31964111328125, 183.2986297607422, 449.8995666503906, 275.8254089355469], [405.1526794433594, 208.32901000976562, 449.3746032714844, 293.96478271484375], [293.8778076171875, 100.0848388671875, 332.2646789550781, 200.98867797851562], [477.7348937988281, 125.93453979492188, 492.59051513671875, 132.27337646484375], [263.01763916015625, 200.17501831054688, 302.75592041015625, 236.5543670654297], [23.53247833251953, 173.14349365234375, 65.46896362304688, 232.1303253173828], [0.363767147064209, 0.18558651208877563, 500.35870361328125, 248.05291748046875], [282.6514892578125, 199.96192932128906, 304.2057800292969, 232.4969024658203], [372.0773010253906, 215.26104736328125, 390.16357421875, 285.65350341796875], [175.51821899414062, 199.9781036376953, 181.44801330566406, 205.31980895996094], [419.5770568847656, 178.03501892089844, 498.4748840332031, 221.70071411132812], [219.06687927246094, 190.84683227539062, 254.44564819335938, 249.35658264160156], [293.8778076171875, 100.0848388671875, 332.2646789550781, 200.98867797851562], [258.8175048828125, 221.42164611816406, 298.6991882324219, 267.9058532714844], [234.01365661621094, 185.55950927734375, 294.5896301269531, 196.4554443359375], [485.42083740234375, 117.62377166748047, 499.66656494140625, 131.4336395263672], [264.60394287109375, 356.8507080078125, 298.48577880859375, 375.0356140136719], [393.1546936035156, 101.3013916015625, 425.006103515625, 235.86801147460938], [275.3996276855469, 121.97039031982422, 292.32781982421875, 129.71588134765625], [200.9140167236328, 189.1408233642578, 209.0784454345703, 194.22865295410156], [1.0860543251037598, 173.65000915527344, 34.77101135253906, 228.90347290039062], [77.53085327148438, 156.94847106933594, 124.99951934814453, 258.169189453125], [224.18333435058594, 184.49057006835938, 296.8688049316406, 239.0203857421875], [263.01763916015625, 200.17501831054688, 302.75592041015625, 236.5543670654297], [417.08355712890625, 178.64443969726562, 427.7049255371094, 210.262451171875], [9.811129570007324, 202.66702270507812, 27.770694732666016, 221.78660583496094], [189.21401977539062, 182.93280029296875, 226.15789794921875, 197.66403198242188], [460.6576843261719, 124.61653900146484, 476.13348388671875, 132.0950469970703], [0.33721327781677246, -0.7952749729156494, 500.3322448730469, 222.22486877441406], [23.388092041015625, 173.0221710205078, 64.0726089477539, 203.8981475830078], [95.69834899902344, 198.53363037109375, 110.22936248779297, 214.67198181152344], [454.69024658203125, 241.1922149658203, 499.3410339355469, 290.9166564941406], [182.6086883544922, 182.92271423339844, 206.0412139892578, 240.1531524658203], [219.06687927246094, 190.84683227539062, 254.44564819335938, 249.35658264160156], [283.62591552734375, 208.9641571044922, 300.25115966796875, 232.22686767578125], [172.98683166503906, 198.3916473388672, 181.96665954589844, 205.85060119628906], [-0.08880067616701126, 201.52362060546875, 27.253135681152344, 220.83645629882812], [393.50341796875, 101.16771697998047, 423.7958679199219, 184.26016235351562], [217.07269287109375, 187.3384246826172, 254.59420776367188, 250.1300506591797], [-0.32930076122283936, 201.1249237060547, 26.85328483581543, 221.03488159179688], [0.33721327781677246, -0.7952749729156494, 500.3322448730469, 222.22486877441406], [399.7303466796875, 178.77093505859375, 499.18182373046875, 294.4381408691406], [0.62522292137146, 0.12939423322677612, 500.6190490722656, 369.5116271972656], [192.84715270996094, 164.59437561035156, 215.94454956054688, 192.09085083007812], [420.9424743652344, 196.09422302246094, 449.71771240234375, 215.40005493164062], [421.86309814453125, 209.5038604736328, 448.9460144042969, 215.01678466796875], [223.45518493652344, 182.001220703125, 232.28013610839844, 195.60305786132812], [392.3172912597656, 100.77743530273438, 425.18829345703125, 265.3112487792969], [223.45518493652344, 182.001220703125, 232.28013610839844, 195.60305786132812], [378.21142578125, 214.47828674316406, 392.0982360839844, 250.90383911132812], [258.9862365722656, 200.1492156982422, 302.51776123046875, 268.0255126953125], [0.62522292137146, 0.12939423322677612, 500.6190490722656, 369.5116271972656], [208.4488983154297, 188.95623779296875, 216.61647033691406, 194.85643005371094], [388.9900207519531, 212.55694580078125, 407.16375732421875, 244.49786376953125], [0.6293952465057373, 0.30856579542160034, 500.5867614746094, 288.6949462890625], [198.23013305664062, 184.21473693847656, 204.15695190429688, 193.4707794189453], [0.6293952465057373, 0.30856579542160034, 500.5867614746094, 288.6949462890625], [373.45074462890625, 208.2787322998047, 447.2516784667969, 294.4419860839844], [0.363767147064209, 0.18558651208877563, 500.35870361328125, 248.05291748046875], [373.45074462890625, 208.2787322998047, 447.2516784667969, 294.4419860839844], [283.62591552734375, 208.9641571044922, 300.25115966796875, 232.22686767578125], [-0.32930076122283936, 201.1249237060547, 26.85328483581543, 221.03488159179688], [23.81391143798828, 173.67808532714844, 47.97414779663086, 223.67892456054688], [105.76094055175781, 224.5498504638672, 157.16067504882812, 261.6197204589844], [373.0345153808594, 103.24905395507812, 412.19146728515625, 283.890380859375], [258.7572937011719, 233.1451416015625, 297.8948974609375, 268.01470947265625], [183.82290649414062, 189.75650024414062, 218.8588104248047, 251.5447998046875], [188.97393798828125, 185.21383666992188, 294.505615234375, 198.37319946289062], [491.3521423339844, 124.98834991455078, 500.1794128417969, 132.27813720703125], [0.33721327781677246, -0.7952749729156494, 500.3322448730469, 222.22486877441406], [200.95602416992188, 189.51568603515625, 207.99697875976562, 193.99948120117188], [193.0330352783203, 167.45724487304688, 201.6567840576172, 192.08609008789062], [463.2682189941406, 179.21266174316406, 499.1340637207031, 235.05398559570312], [23.53247833251953, 173.14349365234375, 65.46896362304688, 232.1303253173828], [223.45518493652344, 182.001220703125, 232.28013610839844, 195.60305786132812], [188.2130584716797, 185.75135803222656, 197.8850860595703, 193.0128173828125], [420.9424743652344, 196.09422302246094, 449.71771240234375, 215.40005493164062], [77.88731384277344, 197.8932647705078, 117.11634826660156, 258.1770324707031], [486.76806640625, 226.3204803466797, 500.08587646484375, 284.78875732421875], [453.974609375, 180.25054931640625, 500.2630920410156, 295.6157531738281], [399.5663757324219, 113.49434661865234, 425.1888122558594, 207.24986267089844], [182.9019775390625, 182.81118774414062, 217.81414794921875, 249.69886779785156], [221.72842407226562, 190.65309143066406, 254.69142150878906, 233.10777282714844], [195.3838653564453, 182.54586791992188, 203.4430694580078, 192.95651245117188], [394.7724304199219, 198.34542846679688, 449.3208923339844, 217.19326782226562], [196.6520233154297, 182.8236541748047, 203.59393310546875, 192.88743591308594], [460.6576843261719, 124.61653900146484, 476.13348388671875, 132.0950469970703], [454.428955078125, 253.57472229003906, 499.11181640625, 293.58917236328125], [-0.08880067616701126, 201.52362060546875, 27.253135681152344, 220.83645629882812], [0.363767147064209, 0.18558651208877563, 500.35870361328125, 248.05291748046875], [195.3838653564453, 182.54586791992188, 203.4430694580078, 192.95651245117188], [373.3293151855469, 246.6532745361328, 410.4407043457031, 277.2335510253906], [95.73896026611328, 198.32040405273438, 114.78511810302734, 221.69032287597656], [221.72842407226562, 190.65309143066406, 254.69142150878906, 233.10777282714844], [399.7303466796875, 178.77093505859375, 499.18182373046875, 294.4381408691406], [161.8436737060547, 187.3026123046875, 255.25006103515625, 201.09014892578125], [43.511138916015625, 179.7267608642578, 66.01052856445312, 231.98655700683594], [112.0168685913086, 163.90029907226562, 126.2744369506836, 209.72052001953125], [463.3509826660156, 174.69320678710938, 499.5085754394531, 183.4803466796875], [263.01763916015625, 200.17501831054688, 302.75592041015625, 236.5543670654297], [186.4097442626953, 183.2577667236328, 252.06625366210938, 265.3548583984375], [187.49989318847656, 184.68478393554688, 295.37335205078125, 199.05441284179688], [181.31964111328125, 183.2986297607422, 449.8995666503906, 275.8254089355469], [188.1454620361328, 189.2640838623047, 254.36129760742188, 198.70587158203125], [393.50341796875, 101.16771697998047, 423.7958679199219, 184.26016235351562], [372.1118469238281, 114.33720397949219, 424.6400146484375, 291.6728515625], [102.69950866699219, 156.7657928466797, 126.32091522216797, 211.66668701171875], [234.01365661621094, 185.55950927734375, 294.5896301269531, 196.4554443359375], [259.1460266113281, 199.5647735595703, 408.4329528808594, 270.5089416503906], [372.4739990234375, 110.0348892211914, 423.80108642578125, 289.7586364746094], [1.1999309062957764, 107.88880920410156, 18.552766799926758, 124.11275482177734], [-0.1829797327518463, 201.28488159179688, 26.561811447143555, 218.6245574951172], [477.8150634765625, 117.31537628173828, 500.00506591796875, 132.18743896484375], [421.5206604003906, 206.68524169921875, 449.0903015136719, 216.41387939453125], [111.38529205322266, 191.3899383544922, 122.72488403320312, 253.19500732421875], [261.8728942871094, 220.75619506835938, 297.3437805175781, 240.18714904785156], [477.8150634765625, 117.31537628173828, 500.00506591796875, 132.18743896484375], [0.363767147064209, 0.18558651208877563, 500.35870361328125, 248.05291748046875], [211.89639282226562, 165.12623596191406, 220.7836151123047, 191.18438720703125], [231.4611053466797, 190.24546813964844, 254.29818725585938, 197.75448608398438], [487.2589416503906, 225.778564453125, 500.0171203613281, 260.9977111816406], [244.08810424804688, 124.48755645751953, 255.15988159179688, 130.49391174316406], [102.69950866699219, 156.7657928466797, 126.32091522216797, 211.66668701171875], [373.7482604980469, 243.056396484375, 410.4478759765625, 275.7680358886719], [-0.18246379494667053, 106.92137908935547, 20.041763305664062, 149.39486694335938], [373.1372375488281, 211.52186584472656, 411.4314880371094, 281.99859619140625], [0.02729799598455429, 106.92169952392578, 20.977102279663086, 150.0763397216797], [417.22418212890625, 181.23728942871094, 447.4677429199219, 213.33013916015625], [420.7850646972656, 158.99217224121094, 426.61541748046875, 177.5446319580078], [254.99253845214844, 157.62551879882812, 417.4338684082031, 270.1748352050781], [141.0790252685547, 236.5992889404297, 157.8416748046875, 261.8952941894531], [-0.1829797327518463, 201.28488159179688, 26.561811447143555, 218.6245574951172], [373.0345153808594, 103.24905395507812, 412.19146728515625, 283.890380859375], [223.8270721435547, 187.18067932128906, 231.3437957763672, 195.61041259765625], [138.95578002929688, 225.4617919921875, 159.32972717285156, 261.81622314453125], [0.12656208872795105, 201.37229919433594, 27.19628143310547, 229.18487548828125], [188.2130584716797, 185.75135803222656, 197.8850860595703, 193.0128173828125], [200.9140167236328, 189.1408233642578, 209.0784454345703, 194.22865295410156], [98.56462860107422, 157.84214782714844, 114.77469635009766, 215.59725952148438], [208.4488983154297, 188.95623779296875, 216.61647033691406, 194.85643005371094], [409.8144226074219, 206.55902099609375, 449.63623046875, 275.6867370605469], [15.644464492797852, 173.24440002441406, 111.29479217529297, 229.53683471679688], [0.24352595210075378, 199.49990844726562, 108.36685943603516, 231.48776245117188], [227.66970825195312, 166.1471710205078, 299.1496887207031, 195.80442810058594], [-0.18246379494667053, 106.92137908935547, 20.041763305664062, 149.39486694335938], [182.7278289794922, 192.86065673828125, 215.79827880859375, 249.30967712402344], [405.1526794433594, 208.32901000976562, 449.3746032714844, 293.96478271484375], [372.1118469238281, 114.33720397949219, 424.6400146484375, 291.6728515625], [0.11333823204040527, 0.3775656223297119, 500.1083679199219, 273.3651428222656], [283.0146789550781, 199.94668579101562, 303.2123107910156, 232.367919921875], [463.2682189941406, 179.21266174316406, 499.1340637207031, 235.05398559570312], [47.08837127685547, 181.16709899902344, 65.30267333984375, 207.03224182128906], [77.58973693847656, 197.91651916503906, 117.44519805908203, 258.5950622558594], [0.6293952465057373, 0.30856579542160034, 500.5867614746094, 288.6949462890625], [196.88233947753906, 163.11056518554688, 233.96026611328125, 191.5338592529297], [391.8711853027344, 204.18450927734375, 449.2901916503906, 250.2498321533203], [415.98907470703125, 222.03042602539062, 423.01605224609375, 235.87451171875], [419.0021057128906, 152.2940673828125, 426.7618103027344, 177.91665649414062], [204.57164001464844, 165.26031494140625, 224.9473876953125, 247.49310302734375], [410.5148620605469, 237.48533630371094, 420.69671630859375, 269.0126953125], [393.1546936035156, 101.3013916015625, 425.006103515625, 235.86801147460938], [393.1546936035156, 101.3013916015625, 425.006103515625, 235.86801147460938], [463.3509826660156, 174.69320678710938, 499.5085754394531, 183.4803466796875], [-1.7874538898468018, 181.49850463867188, 262.95281982421875, 254.60939025878906], [0.24352595210075378, 199.49990844726562, 108.36685943603516, 231.48776245117188], [477.8150634765625, 117.31537628173828, 500.00506591796875, 132.18743896484375], [454.69921875, 226.62721252441406, 500.06561279296875, 290.8933410644531], [218.0411834716797, 162.8272247314453, 298.6075744628906, 194.33294677734375], [420.4362487792969, 206.4974822998047, 449.42724609375, 255.7818603515625], [264.60394287109375, 356.8507080078125, 298.48577880859375, 375.0356140136719], [393.9510192871094, 100.58966827392578, 425.17706298828125, 213.3469696044922], [95.73896026611328, 198.32040405273438, 114.78511810302734, 221.69032287597656], [0.23180711269378662, 174.64419555664062, 28.878856658935547, 228.76625061035156], [275.3996276855469, 121.97039031982422, 292.32781982421875, 129.71588134765625], [386.2275695800781, 194.09323120117188, 425.3213806152344, 248.853515625], [301.79779052734375, 100.82857513427734, 419.0339660644531, 284.16082763671875], [188.38021850585938, 188.9420928955078, 254.64144897460938, 241.505615234375], [188.97393798828125, 185.21383666992188, 294.505615234375, 198.37319946289062], [183.5224609375, 194.41506958007812, 209.8064727783203, 227.9188995361328], [414.0591125488281, 212.1385498046875, 433.0721435546875, 270.0417785644531], [410.5148620605469, 237.48533630371094, 420.69671630859375, 269.0126953125], [0.33721327781677246, -0.7952749729156494, 500.3322448730469, 222.22486877441406], [0.363767147064209, 0.18558651208877563, 500.35870361328125, 248.05291748046875], [419.0021057128906, 152.2940673828125, 426.7618103027344, 177.91665649414062], [223.45518493652344, 182.001220703125, 232.28013610839844, 195.60305786132812], [116.56696319580078, 187.75181579589844, 254.80804443359375, 201.032958984375], [372.4619445800781, 211.73416137695312, 417.2481689453125, 293.0276794433594], [184.59791564941406, 182.17689514160156, 303.2327880859375, 266.686767578125], [283.8177490234375, 199.83033752441406, 299.751953125, 211.00357055664062], [196.6520233154297, 182.8236541748047, 203.59393310546875, 192.88743591308594], [112.0168685913086, 163.90029907226562, 126.2744369506836, 209.72052001953125], [218.20108032226562, 187.95809936523438, 300.06689453125, 266.705078125], [453.974609375, 180.25054931640625, 500.2630920410156, 295.6157531738281]), Score: [0.9605255722999573, 0.9539697766304016, 0.8794244527816772, 0.8504515886306763, 0.8494486808776855, 0.721308708190918, 0.6498894095420837, 0.6294374465942383, 0.6002089381217957, 0.40843483805656433, 0.3941137194633484, 0.3667282462120056, 0.3512890934944153, 0.33658862113952637, 0.3328629732131958, 0.3311047852039337, 0.3049449324607849, 0.2893405258655548, 0.2862934172153473, 0.2746458947658539, 0.2712542414665222, 0.2655499577522278, 0.23267078399658203, 0.22459052503108978, 0.22395315766334534, 0.22368089854717255, 0.222090482711792, 0.21170741319656372, 0.21138466894626617, 0.20880667865276337, 0.20051291584968567, 0.1995040327310562, 0.19756843149662018, 0.18837317824363708, 0.18501468002796173, 0.17895914614200592, 0.17829591035842896, 0.17779406905174255, 0.1776471883058548, 0.1762675642967224, 0.17388619482517242, 0.1738521158695221, 0.17109118402004242, 0.16929611563682556, 0.16682647168636322, 0.16347146034240723, 0.1617782562971115, 0.15565352141857147, 0.15400217473506927, 0.15052907168865204, 0.14592193067073822, 0.1449970304965973, 0.14193351566791534, 0.13781914114952087, 0.13761670887470245, 0.13560833036899567, 0.13529404997825623, 0.13474586606025696, 0.13459356129169464, 0.1331455111503601, 0.1330031454563141, 0.1318526715040207, 0.1304810345172882, 0.12968367338180542, 0.1288093775510788, 0.12681469321250916, 0.12549211084842682, 0.12258374691009521, 0.12151485681533813, 0.12081734091043472, 0.11920850723981857, 0.11920692026615143, 0.11831624060869217, 0.1177651584148407, 0.11622891575098038, 0.11531510949134827, 0.1134447529911995, 0.11342612653970718, 0.1133468970656395, 0.1133466511964798, 0.11319762468338013, 0.1117481216788292, 0.1113085150718689, 0.11083409935235977, 0.11046436429023743, 0.10867000371217728, 0.10742659866809845, 0.10682264715433121, 0.10641999542713165, 0.10556965321302414, 0.10378394275903702, 0.10332182794809341, 0.10275086760520935, 0.10200577229261398, 0.10161340981721878, 0.10113926231861115, 0.10079706460237503, 0.09866151958703995, 0.09854687750339508, 0.09826429188251495, 0.09796120226383209, 0.09767317771911621, 0.09754756838083267, 0.09707871079444885, 0.09695187211036682, 0.09590556472539902, 0.09458518773317337, 0.09393300116062164, 0.09334274381399155, 0.09325551241636276, 0.09277038276195526, 0.09206385910511017, 0.09176512807607651, 0.0914723202586174, 0.09035146981477737, 0.08966810256242752, 0.08954758942127228, 0.08949865400791168, 0.08897236734628677, 0.0889701172709465, 0.08881938457489014, 0.08878645300865173, 0.08826227486133575, 0.0881170779466629, 0.08795828372240067, 0.08747551590204239, 0.08620866388082504, 0.08535297214984894, 0.08532004803419113, 0.0852508544921875, 0.08492935448884964, 0.08359258621931076, 0.08315454423427582, 0.08209897577762604, 0.08185846358537674, 0.07978380471467972, 0.07975739240646362, 0.07859920710325241, 0.07859476655721664, 0.0782034695148468, 0.0779978558421135, 0.07670063525438309, 0.07585393637418747, 0.0757966935634613, 0.07551798969507217, 0.07526149600744247, 0.07461576163768768, 0.07400757074356079, 0.07393760979175568, 0.07390439510345459, 0.07385721802711487, 0.07373598963022232, 0.07371906191110611, 0.07369675487279892, 0.07369127869606018, 0.07359489053487778, 0.0734715387225151, 0.07315502315759659, 0.07312425225973129, 0.0729692205786705, 0.07264702022075653, 0.07167959213256836, 0.07099702209234238, 0.07050743699073792, 0.07046958804130554, 0.07030098140239716, 0.07019481062889099, 0.07006780058145523, 0.0698687806725502, 0.06978506594896317, 0.06956237554550171, 0.06943622976541519, 0.06842682510614395, 0.06796649843454361, 0.0677170529961586, 0.06745697557926178, 0.06733760237693787, 0.06644022464752197, 0.06640855222940445, 0.06616070121526718, 0.06601057946681976, 0.06583207845687866, 0.0657881423830986, 0.06521841883659363, 0.06490449607372284, 0.06455770134925842, 0.0644647553563118, 0.06415922194719315, 0.06390410661697388, 0.06354019045829773, 0.06324939429759979, 0.06318085640668869, 0.0631793960928917, 0.06297511607408524, 0.06288639456033707, 0.061745986342430115, 0.06096399202942848, 0.06048300862312317, 0.06047607213258743, 0.06038337200880051, 0.06001244857907295, 0.05980788543820381, 0.05979748070240021, 0.05970385670661926, 0.05890832841396332, 0.05880811810493469, 0.05863751471042633, 0.05839388072490692, 0.05828027427196503, 0.058053359389305115, 0.057974714785814285, 0.05781049281358719, 0.057747285813093185, 0.05764913186430931, 0.057580795139074326, 0.05756036564707756, 0.057535380125045776, 0.05738188326358795, 0.057361360639333725, 0.057283915579319, 0.05723939836025238, 0.05716608464717865, 0.0568978488445282, 0.05683298036456108, 0.05671203136444092, 0.05662919208407402, 0.05604757368564606, 0.05522073805332184, 0.0551668182015419, 0.05478601157665253, 0.054772332310676575, 0.05472679063677788, 0.05459149554371834, 0.05446096882224083, 0.05443708226084709, 0.05418277159333229, 0.05408013239502907, 0.05386677384376526, 0.05374487116932869, 0.05337763950228691, 0.05309927463531494, 0.05306902527809143, 0.05248858407139778, 0.05239161103963852, 0.05216369405388832, 0.05208372324705124, 0.05196535214781761, 0.05130863934755325, 0.051034219563007355, 0.05095839127898216, 0.05095197632908821, 0.05089913308620453, 0.05076209828257561, 0.05076103284955025, 0.05069035291671753, 0.050634901970624924, 0.050615329295396805, 0.04994316026568413, 0.04993263632059097, 0.049917690455913544, 0.04981238767504692, 0.049787115305662155, 0.04928331822156906, 0.04894457384943962, 0.04888544976711273, 0.04887685924768448, 0.048555389046669006, 0.04830425605177879, 0.047839563339948654, 0.047725122421979904, 0.0476003959774971, 0.04758511483669281, 0.04739430174231529, 0.04739369824528694, 0.04737171158194542, 0.04735792055726051, 0.04734167084097862, 0.047328535467386246, 0.04731679707765579, 0.047120314091444016, 0.04691102355718613, 0.04678550362586975, 0.046512920409440994, 0.046422503888607025, 0.04640582203865051, 0.04610523581504822, 0.045927997678518295, 0.04590510576963425, 0.04579481482505798, 0.045682333409786224, 0.04547271877527237, 0.045382775366306305, 0.04527105391025543, 0.04517769068479538, 0.04487583413720131, 0.044458407908678055, 0.044455185532569885, 0.043822865933179855, 0.04381617158651352, 0.04371360316872597]

Execution time: 0.4181 sec
