Label: tensor([19, 19, 19, 19, 19, 19, 19, 19, 19, 19, 19, 19, 19, 19, 19, 19, 19, 19,
        19, 19, 19, 19, 19, 19, 19, 17, 19, 17, 19, 19, 19, 19, 18, 19, 19, 19,
        19, 19, 19, 19, 19, 19, 19, 18, 19, 19, 19, 19,  7, 19, 19, 17, 19, 19,
        17, 19, 19, 19, 17, 19, 19, 19, 19, 19, 19, 19, 18, 17, 19, 19, 19, 17,
        19, 19, 19, 17, 18, 19, 19, 19, 19,  7, 19,  2, 19, 19, 17, 19, 19, 19,
        18,  2, 19, 19, 19, 17, 19, 19, 19, 19,  2, 14, 19, 19, 19, 19, 16, 17,
        19, 17, 19, 19, 19, 19, 19, 19, 19, 19, 19, 47, 19, 19, 19, 19, 19, 17,
        19, 19, 19, 18,  0, 19, 19,  2, 66, 19, 14, 47, 40, 18,  2,  2, 19, 19,
        14,  2, 19,  0, 18, 17,  0, 19, 17, 18, 19, 66, 47,  2, 19, 17, 19, 19,
        19, 47, 19, 19, 19, 19, 47, 19, 14,  2, 19, 19,  0, 19, 19, 19, 66,  0,
         2, 19,  0, 19, 40,  2,  2, 56, 19, 19, 17, 16, 18, 19, 19, 17,  0, 19,
        14,  2,  7, 19,  0, 19,  7, 19, 17, 19, 19, 14, 19, 18, 63, 17, 18, 17,
        19,  7,  2, 55,  7, 42, 19, 19, 14, 19, 56,  7, 19, 20, 40, 19, 14, 19,
        19, 49,  3, 40, 19, 18,  5,  7, 22, 19, 16, 18, 21, 14, 19,  0, 19, 17,
        19, 55,  3, 19, 19, 19,  5,  7, 23,  2, 14, 55,  5, 49, 19,  8, 49, 35,
        17, 19, 18, 14, 18, 30, 17, 45, 19,  4, 18, 19,  0, 17, 23, 63, 18, 40,
         5,  5, 19, 40, 49, 37, 57, 19, 14, 17, 14, 19]), Box: ([277.08978271484375, 102.59832000732422, 347.4661560058594, 146.41397094726562], [132.49874877929688, 99.7623291015625, 221.42050170898438, 148.54055786132812], [217.02398681640625, 105.27035522460938, 280.8776550292969, 148.07293701171875], [98.15057373046875, 95.2098159790039, 142.997314453125, 132.60546875], [465.01849365234375, 102.84536743164062, 500.055908203125, 148.9790496826172], [0.11032633483409882, 110.29473876953125, 11.731842041015625, 140.52264404296875], [221.938720703125, 104.54508972167969, 246.27590942382812, 121.28754425048828], [370.1744689941406, 57.093711853027344, 386.51324462890625, 67.21131134033203], [216.53868103027344, 104.68864440917969, 246.5627899169922, 146.69076538085938], [111.9157943725586, 95.5069808959961, 142.81678771972656, 131.93894958496094], [98.23969268798828, 100.7998275756836, 130.4604949951172, 132.3329315185547], [106.39798736572266, 101.67327880859375, 130.14508056640625, 132.25390625], [0.014597084373235703, 110.72396087646484, 11.27720832824707, 125.52320098876953], [110.2513656616211, 105.83382415771484, 130.4458770751953, 132.23435974121094], [415.2510986328125, 51.749542236328125, 429.1920471191406, 61.51124954223633], [113.7845230102539, 95.3249282836914, 142.81365966796875, 120.17491912841797], [132.70883178710938, 103.18207550048828, 182.54385375976562, 147.9499053955078], [55.61701583862305, 98.0103988647461, 80.41047668457031, 114.3733901977539], [464.976318359375, 103.04277801513672, 478.1226501464844, 137.2960662841797], [465.5564880371094, 102.9542007446289, 499.6093444824219, 135.01153564453125], [222.41123962402344, 104.66464233398438, 278.2718200683594, 123.20177459716797], [391.01397705078125, 69.51337432861328, 404.2669982910156, 76.94183349609375], [176.41412353515625, 99.70611572265625, 220.98570251464844, 146.11431884765625], [217.7335662841797, 105.49957275390625, 280.20489501953125, 147.45703125], [249.1630401611328, 106.06199645996094, 280.845458984375, 145.45359802246094], [465.1614685058594, 103.02682495117188, 499.8569641113281, 148.5260467529297], [371.4833068847656, 56.70808029174805, 386.6597595214844, 64.1449203491211], [217.7335662841797, 105.49957275390625, 280.20489501953125, 147.45703125], [465.1614685058594, 103.02682495117188, 499.8569641113281, 148.5260467529297], [252.31430053710938, 106.34014129638672, 280.947998046875, 145.2223358154297], [114.32835388183594, 95.2354965209961, 142.86962890625, 107.49185180664062], [465.7936096191406, 102.86659240722656, 499.74505615234375, 124.74756622314453], [465.1614685058594, 103.02682495117188, 499.8569641113281, 148.5260467529297], [101.11790466308594, 95.5767822265625, 143.04269409179688, 132.1904754638672], [466.0646057128906, 102.58472442626953, 499.68060302734375, 110.76912689208984], [98.36080169677734, 101.54975128173828, 120.3727798461914, 116.6243896484375], [133.64797973632812, 100.59019470214844, 220.35586547851562, 147.80001831054688], [222.5833740234375, 104.22187042236328, 242.34857177734375, 110.95955657958984], [100.49214935302734, 95.20475006103516, 492.5599365234375, 149.37701416015625], [493.7533264160156, 90.5540542602539, 500.2508850097656, 102.98482513427734], [475.72393798828125, 69.26765441894531, 487.1042785644531, 78.48858642578125], [478.83966064453125, 103.4685287475586, 500.3990478515625, 138.01283264160156], [220.95236206054688, 104.23626708984375, 280.39874267578125, 137.4425048828125], [0.015241093933582306, 110.52056884765625, 11.546101570129395, 140.16775512695312], [142.89517211914062, 102.11213684082031, 176.62806701660156, 106.31587219238281], [0.015241093933582306, 110.52056884765625, 11.546101570129395, 140.16775512695312], [277.34283447265625, 102.84447479248047, 346.8478698730469, 145.986083984375], [263.835205078125, 107.1182861328125, 281.8211364746094, 144.06333923339844], [415.2510986328125, 51.749542236328125, 429.1920471191406, 61.51124954223633], [285.0928955078125, 128.57818603515625, 324.54736328125, 145.6865692138672], [179.3979949951172, 120.06104278564453, 204.30377197265625, 146.0541534423828], [465.01849365234375, 102.84536743164062, 500.055908203125, 148.9790496826172], [97.97120666503906, 99.13677215576172, 346.5796813964844, 148.36264038085938], [174.30902099609375, 99.4022216796875, 219.0038299560547, 106.48396301269531], [101.11790466308594, 95.5767822265625, 143.04269409179688, 132.1904754638672], [331.0750427246094, 103.3343276977539, 346.0951232910156, 110.21126556396484], [276.98309326171875, 102.42851257324219, 344.12347412109375, 110.30962371826172], [275.8052978515625, 102.50817108154297, 302.5275573730469, 143.34388732910156], [277.34283447265625, 102.84447479248047, 346.8478698730469, 145.986083984375], [269.4549560546875, 108.50962829589844, 281.4389343261719, 144.04441833496094], [249.6282196044922, 105.77120208740234, 279.74822998046875, 128.77447509765625], [438.0015869140625, 55.101619720458984, 456.3779296875, 61.84488296508789], [217.30223083496094, 127.2790756225586, 227.33792114257812, 148.00448608398438], [371.1658935546875, 61.60878372192383, 383.330322265625, 68.45609283447266], [267.5938720703125, 108.62225341796875, 278.9381103515625, 122.46024322509766], [276.25262451171875, 102.50944519042969, 309.95709228515625, 144.3324432373047], [0.11032633483409882, 110.29473876953125, 11.731842041015625, 140.52264404296875], [133.64797973632812, 100.59019470214844, 220.35586547851562, 147.80001831054688], [426.8033752441406, 55.50373458862305, 442.0420837402344, 62.42913055419922], [30.073209762573242, 103.7349624633789, 50.989009857177734, 114.950439453125], [213.13394165039062, 101.01771545410156, 497.7842102050781, 148.5350341796875], [0.11032633483409882, 110.29473876953125, 11.731842041015625, 140.52264404296875], [275.7765808105469, 102.60013580322266, 298.57470703125, 143.4574737548828], [2.626173257827759, 98.1937255859375, 222.2744598388672, 144.27273559570312], [100.14540100097656, 95.50779724121094, 480.95458984375, 148.95474243164062], [98.15057373046875, 95.2098159790039, 142.997314453125, 132.60546875], [217.7335662841797, 105.49957275390625, 280.20489501953125, 147.45703125], [466.8481750488281, 127.17872619628906, 499.838134765625, 148.37759399414062], [0.2440924346446991, 124.61978149414062, 7.08793306350708, 140.0876922607422], [135.3970489501953, 126.03450775146484, 191.48313903808594, 147.5432586669922], [221.98597717285156, 104.47406768798828, 235.83139038085938, 113.19475555419922], [458.6859436035156, 53.970611572265625, 484.55523681640625, 61.991031646728516], [315.0962829589844, 104.02147674560547, 346.3696594238281, 145.42828369140625], [415.2510986328125, 51.749542236328125, 429.1920471191406, 61.51124954223633], [1.35809326171875, 70.92349243164062, 13.733170509338379, 77.83802795410156], [368.0306091308594, 55.98847198486328, 387.0126037597656, 67.35038757324219], [0.015241093933582306, 110.52056884765625, 11.546101570129395, 140.16775512695312], [285.9286804199219, 124.18898010253906, 324.68896484375, 145.64468383789062], [98.87928771972656, 97.46749877929688, 281.45684814453125, 146.5947723388672], [244.31301879882812, 102.04865264892578, 498.9280700683594, 148.48313903808594], [465.01849365234375, 102.84536743164062, 500.055908203125, 148.9790496826172], [458.6859436035156, 53.970611572265625, 484.55523681640625, 61.991031646728516], [275.7934875488281, 102.35198974609375, 289.1158447265625, 110.75289154052734], [135.742919921875, 126.8621826171875, 194.65966796875, 147.45559692382812], [53.09762191772461, 91.80746459960938, 435.3650817871094, 149.53921508789062], [111.9157943725586, 95.5069808959961, 142.81678771972656, 131.93894958496094], [416.11932373046875, 58.82419204711914, 428.9408264160156, 62.01070022583008], [178.83729553222656, 129.6892852783203, 192.75411987304688, 146.0331268310547], [0.18165679275989532, 110.32174682617188, 11.48547649383545, 125.70794677734375], [220.44485473632812, 104.75933837890625, 251.79901123046875, 128.2239990234375], [217.02398681640625, 105.27035522460938, 280.8776550292969, 148.07293701171875], [0.11032633483409882, 110.29473876953125, 11.731842041015625, 140.52264404296875], [286.4730529785156, 122.52640533447266, 324.7321472167969, 145.6595916748047], [429.0359802246094, 58.10514831542969, 439.1355285644531, 62.53120422363281], [466.65838623046875, 55.46964645385742, 484.6201171875, 62.395145416259766], [170.9625701904297, 102.11611938476562, 178.7606201171875, 105.11930084228516], [0.11032633483409882, 110.29473876953125, 11.731842041015625, 140.52264404296875], [370.1744689941406, 57.093711853027344, 386.51324462890625, 67.21131134033203], [217.8499755859375, 128.23179626464844, 278.4784851074219, 147.1334991455078], [132.49874877929688, 99.7623291015625, 221.42050170898438, 148.54055786132812], [310.1289978027344, 131.8399658203125, 322.97723388671875, 145.5832061767578], [331.0013732910156, 103.40718078613281, 338.31683349609375, 108.26582336425781], [256.8256530761719, 133.81060791015625, 276.7743225097656, 145.96926879882812], [173.19012451171875, 102.13899230957031, 188.02490234375, 105.66101837158203], [234.1875762939453, 130.4354705810547, 262.9581298828125, 146.34408569335938], [245.9969482421875, 104.73503112792969, 275.5555419921875, 112.15925598144531], [234.40225219726562, 129.00267028808594, 278.48480224609375, 146.077880859375], [458.6859436035156, 53.970611572265625, 484.55523681640625, 61.991031646728516], [97.4123764038086, 97.2923812866211, 220.06842041015625, 134.54933166503906], [217.02398681640625, 105.27035522460938, 280.8776550292969, 148.07293701171875], [53.98093032836914, 97.56249237060547, 98.7718734741211, 114.46479034423828], [288.6924133300781, 125.52206420898438, 323.68408203125, 145.60720825195312], [181.65269470214844, 99.5671157836914, 221.3084716796875, 118.67725372314453], [135.04042053222656, 95.5295639038086, 143.48651123046875, 104.86759185791016], [133.25234985351562, 103.37609100341797, 181.997802734375, 147.857421875], [415.2510986328125, 51.749542236328125, 429.1920471191406, 61.51124954223633], [218.38955688476562, 127.60458374023438, 260.2406005859375, 147.4056396484375], [270.9433898925781, 109.25245666503906, 278.91790771484375, 122.13195037841797], [426.54547119140625, 57.97878646850586, 430.96807861328125, 62.215370178222656], [0.014597084373235703, 110.72396087646484, 11.27720832824707, 125.52320098876953], [415.2510986328125, 51.749542236328125, 429.1920471191406, 61.51124954223633], [177.54917907714844, 102.78395080566406, 200.53529357910156, 146.15513610839844], [99.22911071777344, 94.61749267578125, 485.3070983886719, 148.85934448242188], [465.01849365234375, 102.84536743164062, 500.055908203125, 148.9790496826172], [277.08978271484375, 102.59832000732422, 347.4661560058594, 146.41397094726562], [458.3245544433594, 53.570068359375, 473.6389465332031, 61.305782318115234], [465.1614685058594, 103.02682495117188, 499.8569641113281, 148.5260467529297], [132.49874877929688, 99.7623291015625, 221.42050170898438, 148.54055786132812], [98.15057373046875, 95.2098159790039, 142.997314453125, 132.60546875], [101.11790466308594, 95.5767822265625, 143.04269409179688, 132.1904754638672], [277.08978271484375, 102.59832000732422, 347.4661560058594, 146.41397094726562], [132.49874877929688, 99.7623291015625, 221.42050170898438, 148.54055786132812], [401.28125, 58.74602508544922, 414.55322265625, 62.590660095214844], [465.23577880859375, 103.12710571289062, 478.1323547363281, 146.34764099121094], [0.015241093933582306, 110.52056884765625, 11.546101570129395, 140.16775512695312], [98.15057373046875, 95.2098159790039, 142.997314453125, 132.60546875], [179.10215759277344, 130.1114501953125, 193.25804138183594, 146.05535888671875], [5.12937593460083, 91.53822326660156, 8.997467041015625, 96.26277923583984], [277.34283447265625, 102.84447479248047, 346.8478698730469, 145.986083984375], [106.39798736572266, 101.67327880859375, 130.14508056640625, 132.25390625], [0.11032633483409882, 110.29473876953125, 11.731842041015625, 140.52264404296875], [233.25405883789062, 128.55770874023438, 278.1252136230469, 146.55479431152344], [217.02398681640625, 105.27035522460938, 280.8776550292969, 148.07293701171875], [98.15057373046875, 95.2098159790039, 142.997314453125, 132.60546875], [136.04928588867188, 120.44769287109375, 186.3872528076172, 147.6780548095703], [217.02398681640625, 105.27035522460938, 280.8776550292969, 148.07293701171875], [98.15057373046875, 95.2098159790039, 142.997314453125, 132.60546875], [371.4833068847656, 56.70808029174805, 386.6597595214844, 64.1449203491211], [366.8905944824219, 54.623634338378906, 373.21575927734375, 66.19003295898438], [277.08978271484375, 102.59832000732422, 347.4661560058594, 146.41397094726562], [5.170053958892822, 91.56036376953125, 9.519286155700684, 96.44583129882812], [5.12937593460083, 91.53822326660156, 8.997467041015625, 96.26277923583984], [213.1165008544922, 98.76486206054688, 223.19224548339844, 113.58051300048828], [277.08978271484375, 102.59832000732422, 347.4661560058594, 146.41397094726562], [204.35391235351562, 114.39634704589844, 221.5955047607422, 120.8226318359375], [217.26321411132812, 103.04925537109375, 347.0758056640625, 147.4225616455078], [204.0659942626953, 98.79121398925781, 218.8043670654297, 104.56062316894531], [238.85067749023438, 129.5618896484375, 258.23199462890625, 140.40513610839844], [465.01849365234375, 102.84536743164062, 500.055908203125, 148.9790496826172], [181.28805541992188, 102.96333312988281, 207.97271728515625, 146.03469848632812], [217.7335662841797, 105.49957275390625, 280.20489501953125, 147.45703125], [370.1744689941406, 57.093711853027344, 386.51324462890625, 67.21131134033203], [127.82453155517578, 119.21994018554688, 133.58067321777344, 131.65196228027344], [131.4541473388672, 104.85749816894531, 143.09144592285156, 131.10740661621094], [465.01849365234375, 102.84536743164062, 500.055908203125, 148.9790496826172], [0.48154592514038086, 97.48878479003906, 84.54302215576172, 114.91043090820312], [219.82318115234375, 105.39666748046875, 243.4153289794922, 126.9960708618164], [485.83197021484375, 48.62431335449219, 499.76373291015625, 62.85593795776367], [132.49874877929688, 99.7623291015625, 221.42050170898438, 148.54055786132812], [5.170053958892822, 91.56036376953125, 9.519286155700684, 96.44583129882812], [438.0015869140625, 55.101619720458984, 456.3779296875, 61.84488296508789], [300.53631591796875, 102.59683990478516, 345.3169250488281, 109.26602172851562], [98.15057373046875, 95.2098159790039, 142.997314453125, 132.60546875], [178.1759033203125, 103.91988372802734, 195.77386474609375, 145.83534240722656], [277.08978271484375, 102.59832000732422, 347.4661560058594, 146.41397094726562], [458.3245544433594, 53.570068359375, 473.6389465332031, 61.305782318115234], [127.02894592285156, 66.10509490966797, 140.3817596435547, 72.13150024414062], [465.1614685058594, 103.02682495117188, 499.8569641113281, 148.5260467529297], [178.53610229492188, 128.0813446044922, 189.43743896484375, 145.91888427734375], [135.1297607421875, 124.56746673583984, 204.94471740722656, 147.67840576171875], [98.23969268798828, 100.7998275756836, 130.4604949951172, 132.3329315185547], [465.01849365234375, 102.84536743164062, 500.055908203125, 148.9790496826172], [217.02398681640625, 105.27035522460938, 280.8776550292969, 148.07293701171875], [218.1062774658203, 128.74081420898438, 277.887939453125, 147.5049591064453], [233.45806884765625, 129.0694580078125, 277.44427490234375, 146.4669189453125], [110.2513656616211, 105.83382415771484, 130.4458770751953, 132.23435974121094], [458.45306396484375, -0.18483074009418488, 469.83135986328125, 9.159966468811035], [480.1865539550781, 124.43439483642578, 499.6805419921875, 138.00970458984375], [98.15057373046875, 95.2098159790039, 142.997314453125, 132.60546875], [466.65838623046875, 55.46964645385742, 484.6201171875, 62.395145416259766], [127.02894592285156, 66.10509490966797, 140.3817596435547, 72.13150024414062], [243.16893005371094, 106.43836975097656, 280.77313232421875, 145.6995086669922], [0.015241093933582306, 110.52056884765625, 11.546101570129395, 140.16775512695312], [275.6272277832031, 102.91857147216797, 291.85858154296875, 134.08177185058594], [465.01849365234375, 102.84536743164062, 500.055908203125, 148.9790496826172], [433.0737609863281, 55.911285400390625, 443.6378479003906, 62.41114807128906], [465.5564880371094, 102.9542007446289, 499.6093444824219, 135.01153564453125], [180.074462890625, 105.91329193115234, 201.82164001464844, 146.13502502441406], [0.25221705436706543, 99.96918487548828, 131.55368041992188, 141.59474182128906], [5.12937593460083, 91.53822326660156, 8.997467041015625, 96.26277923583984], [131.9585418701172, 102.43415832519531, 143.9624786376953, 146.254638671875], [465.5564880371094, 102.9542007446289, 499.6093444824219, 135.01153564453125], [217.02398681640625, 105.27035522460938, 280.8776550292969, 148.07293701171875], [493.7533264160156, 90.5540542602539, 500.2508850097656, 102.98482513427734], [277.08978271484375, 102.59832000732422, 347.4661560058594, 146.41397094726562], [221.938720703125, 104.54508972167969, 246.27590942382812, 121.28754425048828], [288.0047607421875, 123.42765045166016, 317.72357177734375, 145.43316650390625], [371.4833068847656, 56.70808029174805, 386.6597595214844, 64.1449203491211], [217.7335662841797, 105.49957275390625, 280.20489501953125, 147.45703125], [132.49874877929688, 99.7623291015625, 221.42050170898438, 148.54055786132812], [466.65838623046875, 55.46964645385742, 484.6201171875, 62.395145416259766], [462.7234191894531, -0.10361708700656891, 481.9680480957031, 20.15393829345703], [269.59771728515625, 104.66966247558594, 279.6920471191406, 121.23680114746094], [269.6357727050781, 103.1480484008789, 279.84228515625, 111.39407348632812], [5.170053958892822, 91.56036376953125, 9.519286155700684, 96.44583129882812], [98.4924087524414, 96.24337768554688, 173.50921630859375, 132.7485809326172], [217.7335662841797, 105.49957275390625, 280.20489501953125, 147.45703125], [438.0015869140625, 55.101619720458984, 456.3779296875, 61.84488296508789], [170.11029052734375, 102.00886535644531, 178.30303955078125, 105.03413391113281], [465.01849365234375, 102.84536743164062, 500.055908203125, 148.9790496826172], [132.49874877929688, 99.7623291015625, 221.42050170898438, 148.54055786132812], [294.5094909667969, 103.03736114501953, 345.5889587402344, 117.34906768798828], [106.39798736572266, 101.67327880859375, 130.14508056640625, 132.25390625], [133.22988891601562, 100.56995391845703, 220.77816772460938, 147.8723602294922], [299.7926330566406, 102.34555053710938, 313.0543212890625, 106.26414489746094], [465.01849365234375, 102.84536743164062, 500.055908203125, 148.9790496826172], [465.01849365234375, 102.84536743164062, 500.055908203125, 148.9790496826172], [0.11032633483409882, 110.29473876953125, 11.731842041015625, 140.52264404296875], [188.22018432617188, 101.23917388916016, 211.290283203125, 138.35931396484375], [133.64797973632812, 100.59019470214844, 220.35586547851562, 147.80001831054688], [277.08978271484375, 102.59832000732422, 347.4661560058594, 146.41397094726562], [426.8033752441406, 55.50373458862305, 442.0420837402344, 62.42913055419922], [370.1744689941406, 57.093711853027344, 386.51324462890625, 67.21131134033203], [217.3278350830078, 127.5206069946289, 235.60305786132812, 147.04270935058594], [98.15057373046875, 95.2098159790039, 142.997314453125, 132.60546875], [111.9157943725586, 95.5069808959961, 142.81678771972656, 131.93894958496094], [415.2510986328125, 51.749542236328125, 429.1920471191406, 61.51124954223633], [493.7533264160156, 90.5540542602539, 500.2508850097656, 102.98482513427734], [136.5034637451172, 123.60302734375, 190.81813049316406, 147.59445190429688], [467.3781433105469, -0.05269597843289375, 480.209228515625, 8.8180570602417], [0.070890411734581, 110.22793579101562, 11.325201988220215, 119.82774353027344], [216.53868103027344, 104.68864440917969, 246.5627899169922, 146.69076538085938], [481.0935974121094, 102.41464233398438, 499.8675537109375, 106.51175689697266], [98.15057373046875, 95.2098159790039, 142.997314453125, 132.60546875], [98.15057373046875, 95.2098159790039, 142.997314453125, 132.60546875], [309.9093017578125, 123.83778381347656, 326.32818603515625, 145.48558044433594], [242.6044158935547, 105.59119415283203, 280.03057861328125, 145.85479736328125], [465.5999450683594, 102.90243530273438, 494.2747497558594, 137.39488220214844], [465.01849365234375, 102.84536743164062, 500.055908203125, 148.9790496826172], [370.1744689941406, 57.093711853027344, 386.51324462890625, 67.21131134033203], [277.08978271484375, 102.59832000732422, 347.4661560058594, 146.41397094726562], [426.8033752441406, 55.50373458862305, 442.0420837402344, 62.42913055419922], [98.23969268798828, 100.7998275756836, 130.4604949951172, 132.3329315185547], [277.08978271484375, 102.59832000732422, 347.4661560058594, 146.41397094726562], [415.2510986328125, 51.749542236328125, 429.1920471191406, 61.51124954223633], [217.02398681640625, 105.27035522460938, 280.8776550292969, 148.07293701171875], [219.9657440185547, 106.64449310302734, 225.12100219726562, 114.4563217163086], [415.2510986328125, 51.749542236328125, 429.1920471191406, 61.51124954223633], [277.08978271484375, 102.59832000732422, 347.4661560058594, 146.41397094726562], [467.3781433105469, -0.05269597843289375, 480.209228515625, 8.8180570602417], [0.014597084373235703, 110.72396087646484, 11.27720832824707, 125.52320098876953], [466.6334533691406, 122.34391021728516, 499.7008361816406, 148.4757537841797], [98.23969268798828, 100.7998275756836, 130.4604949951172, 132.3329315185547], [277.34283447265625, 102.84447479248047, 346.8478698730469, 145.986083984375], [132.49874877929688, 99.7623291015625, 221.42050170898438, 148.54055786132812], [462.7234191894531, -0.10361708700656891, 481.9680480957031, 20.15393829345703], [464.976318359375, 103.04277801513672, 478.1226501464844, 137.2960662841797], [418.60113525390625, 252.9144287109375, 451.24932861328125, 280.65386962890625], [188.6547393798828, 119.54740905761719, 212.1095733642578, 136.8418731689453], [98.15057373046875, 95.2098159790039, 142.997314453125, 132.60546875], [221.938720703125, 104.54508972167969, 246.27590942382812, 121.28754425048828], [222.40255737304688, 104.2488784790039, 230.5554962158203, 110.15740966796875], [465.1614685058594, 103.02682495117188, 499.8569641113281, 148.5260467529297], [113.7845230102539, 95.3249282836914, 142.81365966796875, 120.17491912841797], [132.49874877929688, 99.7623291015625, 221.42050170898438, 148.54055786132812], [277.08978271484375, 102.59832000732422, 347.4661560058594, 146.41397094726562], [370.1744689941406, 57.093711853027344, 386.51324462890625, 67.21131134033203], [217.02398681640625, 105.27035522460938, 280.8776550292969, 148.07293701171875], [132.49874877929688, 99.7623291015625, 221.42050170898438, 148.54055786132812], [217.02398681640625, 105.27035522460938, 280.8776550292969, 148.07293701171875], [138.8071746826172, 97.92190551757812, 144.52511596679688, 105.1265640258789], [465.01849365234375, 102.84536743164062, 500.055908203125, 148.9790496826172], [132.49874877929688, 99.7623291015625, 221.42050170898438, 148.54055786132812], [277.08978271484375, 102.59832000732422, 347.4661560058594, 146.41397094726562], [217.02398681640625, 105.27035522460938, 280.8776550292969, 148.07293701171875], [213.44369506835938, 98.72502899169922, 221.31228637695312, 105.80268859863281], [101.11790466308594, 95.5767822265625, 143.04269409179688, 132.1904754638672], [475.72393798828125, 69.26765441894531, 487.1042785644531, 78.48858642578125], [465.01849365234375, 102.84536743164062, 500.055908203125, 148.9790496826172], [367.9237365722656, 59.52847671508789, 373.227783203125, 66.67864227294922]), Score: [0.9497529864311218, 0.9457824230194092, 0.9324442744255066, 0.9313666224479675, 0.7954563498497009, 0.41228193044662476, 0.12075518816709518, 0.10965020209550858, 0.10025142133235931, 0.09833665192127228, 0.09472224116325378, 0.09420046210289001, 0.09239787608385086, 0.08995908498764038, 0.08815019577741623, 0.0850171446800232, 0.07146716117858887, 0.07061251252889633, 0.06831308454275131, 0.06575193256139755, 0.06279431283473969, 0.057146016508340836, 0.05637316405773163, 0.05604784935712814, 0.05593382567167282, 0.05559234321117401, 0.05455304682254791, 0.054164763540029526, 0.054081276059150696, 0.05372101441025734, 0.05194786563515663, 0.051775217056274414, 0.05150430649518967, 0.04924442246556282, 0.04856736585497856, 0.047592829912900925, 0.04729853942990303, 0.047018952667713165, 0.04603775590658188, 0.04540996626019478, 0.04423556849360466, 0.042527396231889725, 0.04236162081360817, 0.041952941566705704, 0.04095231369137764, 0.040528554469347, 0.0394052118062973, 0.03910702466964722, 0.0379534587264061, 0.03756901994347572, 0.03694559261202812, 0.035875070840120316, 0.03583597019314766, 0.03559238836169243, 0.034996148198843, 0.03481931611895561, 0.03462499752640724, 0.034145623445510864, 0.0337035246193409, 0.03357802331447601, 0.033365648239851, 0.03328414261341095, 0.03311832621693611, 0.03259609639644623, 0.032073974609375, 0.030907772481441498, 0.03085397370159626, 0.03083592839539051, 0.03078928403556347, 0.030538558959960938, 0.030117813497781754, 0.02905486524105072, 0.029004322364926338, 0.028920656070113182, 0.028880862519145012, 0.02796248532831669, 0.027827056124806404, 0.02751813270151615, 0.02738901600241661, 0.027256499975919724, 0.026796549558639526, 0.026701005175709724, 0.02664073184132576, 0.026394670829176903, 0.026231415569782257, 0.025997227057814598, 0.02596413902938366, 0.02594768814742565, 0.025600655004382133, 0.025234892964363098, 0.02501235343515873, 0.025001604110002518, 0.02497253380715847, 0.02493715099990368, 0.024915041401982307, 0.024549759924411774, 0.024096349254250526, 0.023882079869508743, 0.023854773491621017, 0.02383331023156643, 0.02379665896296501, 0.02375665120780468, 0.02353278547525406, 0.023480800911784172, 0.023369725793600082, 0.023201052099466324, 0.02275509387254715, 0.022618267685174942, 0.022560903802514076, 0.022437695413827896, 0.022341173142194748, 0.02221352979540825, 0.022116197273135185, 0.022071151062846184, 0.021911557763814926, 0.02171044982969761, 0.021380148828029633, 0.021261027082800865, 0.021246405318379402, 0.021036643534898758, 0.02086416818201542, 0.020793534815311432, 0.020746169611811638, 0.02063935622572899, 0.020553959533572197, 0.020529350265860558, 0.02038804069161415, 0.020367270335555077, 0.020191090181469917, 0.020053816959261894, 0.019844060763716698, 0.019786342978477478, 0.01978021301329136, 0.01971539482474327, 0.01971069537103176, 0.019657332450151443, 0.019656257703900337, 0.019647769629955292, 0.019600868225097656, 0.01953998953104019, 0.01951330341398716, 0.019489124417304993, 0.01948358491063118, 0.019261077046394348, 0.019215881824493408, 0.0191329438239336, 0.019083751365542412, 0.019023526459932327, 0.018987419083714485, 0.018921546638011932, 0.018915027379989624, 0.018885266035795212, 0.01885223388671875, 0.0186625849455595, 0.0186434555798769, 0.018561117351055145, 0.01843145117163658, 0.01842605695128441, 0.01835567131638527, 0.018320275470614433, 0.01825839653611183, 0.018247194588184357, 0.018230216577649117, 0.018195096403360367, 0.018148934468626976, 0.01806103065609932, 0.0180522371083498, 0.018009528517723083, 0.017829688265919685, 0.017606904730200768, 0.017597852274775505, 0.017424996942281723, 0.017364440485835075, 0.017281873151659966, 0.017214132472872734, 0.01718190871179104, 0.017081601545214653, 0.0170529093593359, 0.01675378903746605, 0.016752421855926514, 0.016746830195188522, 0.016716815531253815, 0.016698971390724182, 0.016629140824079514, 0.016621749848127365, 0.01661790907382965, 0.016616255044937134, 0.01660085842013359, 0.016503050923347473, 0.016481734812259674, 0.0164552740752697, 0.016339024528861046, 0.016266651451587677, 0.01622113212943077, 0.01619216613471508, 0.016165684908628464, 0.016096869483590126, 0.01601870357990265, 0.016015969216823578, 0.015958186239004135, 0.015941526740789413, 0.015824835747480392, 0.01579723320901394, 0.01573934033513069, 0.01572030782699585, 0.015628544613718987, 0.015611263923346996, 0.015279477462172508, 0.01526650320738554, 0.015256005339324474, 0.015202464535832405, 0.015191538259387016, 0.015126955695450306, 0.015124134719371796, 0.01501388754695654, 0.01492630410939455, 0.01471847202628851, 0.014694247394800186, 0.014677764847874641, 0.014663971029222012, 0.014596618711948395, 0.01451502088457346, 0.014498570933938026, 0.014494094997644424, 0.014455615542829037, 0.014415833167731762, 0.01433397177606821, 0.014308569021522999, 0.014204881154000759, 0.014178643003106117, 0.014165932312607765, 0.014084561727941036, 0.014071086421608925, 0.01406785286962986, 0.014022884890437126, 0.014017117209732533, 0.014015667140483856, 0.013987412676215172, 0.013950894586741924, 0.013933148235082626, 0.01391984336078167, 0.013908295892179012, 0.013896607793867588, 0.01389139425009489, 0.013866601511836052, 0.013861594721674919, 0.013784918002784252, 0.013774782419204712, 0.013733191415667534, 0.013690880499780178, 0.013652724213898182, 0.01358630321919918, 0.013526909984648228, 0.013512169010937214, 0.01344678271561861, 0.013429234735667706, 0.013409128412604332, 0.013354293070733547, 0.013338281773030758, 0.013325474224984646, 0.013253037817776203, 0.013245039619505405, 0.013237619772553444, 0.013234772719442844, 0.01317610964179039, 0.013171175494790077, 0.01314165722578764, 0.013122469186782837, 0.013081111013889313, 0.013066226616501808, 0.01304966676980257, 0.01294796634465456, 0.012944723479449749, 0.012939673848450184, 0.012930328957736492, 0.012842662632465363, 0.012796745635569096, 0.012737786397337914, 0.012685675173997879, 0.012627183459699154, 0.012605022639036179, 0.012582022696733475, 0.012493258342146873, 0.012483214028179646, 0.012472039088606834, 0.012448322959244251, 0.012417544610798359, 0.012282655574381351, 0.012276200577616692, 0.012240871787071228, 0.012201440520584583, 0.01217105332762003, 0.012146717868745327, 0.012121288105845451, 0.01210720557719469, 0.012075280770659447, 0.012067471630871296, 0.01201611664146185, 0.012008696794509888, 0.01197956781834364]

Execution time: 0.4086 sec
