Label: tensor([ 0, 77, 77, 77, 76, 76, 67, 76, 77, 76, 76, 77, 67, 67, 67, 77, 67, 67,
        67, 77, 61, 76, 35, 67, 77, 67, 58, 14, 58, 21, 77, 76, 10, 77, 76, 77,
        43, 67, 67, 43, 47, 79, 67, 47, 35, 47, 79, 77, 67, 77, 16, 77, 58, 12,
        61, 77, 77, 15, 21, 77, 61, 67, 77, 14, 76, 18, 18, 76, 67, 76, 76, 76,
        47, 47, 76, 15, 58, 14, 77, 35, 67, 10, 67, 77, 26, 43, 77, 14, 47, 58,
        10, 26, 58, 77, 77, 10, 77, 54, 76, 21, 10, 27, 77, 31, 77, 61, 10, 67,
        79, 77, 28, 10, 43, 76, 26, 16, 47, 77, 77, 58, 77, 67, 29, 35, 77, 61,
        51, 61, 58, 27, 25, 26, 46, 43, 67, 76, 58, 67, 76, 32, 77, 47, 77, 54,
        67, 39, 61,  0, 17, 76, 79, 24, 15, 32,  9, 10, 15, 39, 76, 18, 58, 79,
        26, 14, 43, 67, 10, 39, 35, 49, 79, 67, 67, 25, 67, 76, 58, 44, 77, 77,
        41, 24, 76, 67, 26, 56,  9, 51, 10, 67, 79, 54, 32, 24, 18, 46, 67, 25,
        32, 51, 67, 43, 26, 10, 26, 58, 58, 26,  0, 52, 10,  0, 32, 38, 47, 10,
        49, 79, 44, 76, 10, 25, 46, 76, 79, 77,  0, 18, 26, 75, 44, 26, 54, 61,
        55, 67, 61, 24, 39,  0, 10, 67, 32, 14, 77, 43, 24, 61, 43, 18, 46, 14,
        26,  0, 10,  9, 35, 76, 76, 27,  9, 32, 79, 34, 58, 32, 29, 15, 48, 24,
        77, 79,  0, 76, 58,  0, 43, 58, 48, 28, 27, 32, 43, 79,  0, 36,  9,  0,
        48, 36, 76, 77, 26, 76, 61, 32, 24,  0, 77, 15]), Box: ([105.4544448852539, 27.732873916625977, 362.0433349609375, 321.3109436035156], [112.0660629272461, 160.3435516357422, 231.05642700195312, 269.078125], [110.22502136230469, 165.15269470214844, 173.66481018066406, 212.20689392089844], [110.22787475585938, 159.24656677246094, 175.8899383544922, 212.1533966064453], [147.39596557617188, 167.56356811523438, 174.24166870117188, 204.56871032714844], [159.6481170654297, 159.15457153320312, 177.10166931152344, 204.6106719970703], [163.5037384033203, 158.97796630859375, 172.52871704101562, 174.01638793945312], [151.6310272216797, 159.05001831054688, 176.72369384765625, 204.58514404296875], [139.2471466064453, 130.77642822265625, 347.15509033203125, 264.1356506347656], [147.62254333496094, 112.22527313232422, 175.6932830810547, 205.13455200195312], [147.59054565429688, 167.77340698242188, 164.78854370117188, 196.45843505859375], [146.0143280029297, 144.03466796875, 348.0365295410156, 309.93310546875], [110.65389251708984, 166.25076293945312, 162.54501342773438, 207.2507781982422], [110.22502136230469, 165.15269470214844, 173.66481018066406, 212.20689392089844], [159.6481170654297, 159.15457153320312, 177.10166931152344, 204.6106719970703], [110.65389251708984, 166.25076293945312, 162.54501342773438, 207.2507781982422], [164.3168182373047, 158.75833129882812, 174.91229248046875, 166.1448211669922], [147.59054565429688, 167.77340698242188, 164.78854370117188, 196.45843505859375], [110.22787475585938, 159.24656677246094, 175.8899383544922, 212.1533966064453], [109.88451385498047, 159.06576538085938, 175.9959259033203, 212.31011962890625], [177.62152099609375, 200.39170837402344, 233.2665557861328, 268.1405944824219], [152.29812622070312, 158.68263244628906, 187.1063995361328, 204.9792022705078], [110.22502136230469, 165.15269470214844, 173.66481018066406, 212.20689392089844], [164.35491943359375, 158.9661102294922, 172.36778259277344, 165.40846252441406], [199.45127868652344, 146.1556396484375, 347.3578186035156, 316.10687255859375], [147.39596557617188, 167.56356811523438, 174.24166870117188, 204.56871032714844], [105.52002716064453, 199.3470458984375, 184.3539581298828, 317.7109069824219], [110.22502136230469, 165.15269470214844, 173.66481018066406, 212.20689392089844], [91.12281799316406, 190.69668579101562, 179.09274291992188, 317.56732177734375], [261.3631286621094, 145.88780212402344, 352.0458679199219, 251.66456604003906], [261.3631286621094, 145.88780212402344, 352.0458679199219, 251.66456604003906], [147.47592163085938, 167.98666381835938, 189.73585510253906, 226.04188537597656], [107.62677764892578, 163.549560546875, 228.77450561523438, 315.1938171386719], [111.64543151855469, 131.34544372558594, 223.31556701660156, 212.8666534423828], [153.69041442871094, 160.0570831298828, 225.2554168701172, 266.3697814941406], [117.5560531616211, 131.09352111816406, 346.8116455078125, 311.80828857421875], [147.62254333496094, 112.22527313232422, 175.6932830810547, 205.13455200195312], [151.6310272216797, 159.05001831054688, 176.72369384765625, 204.58514404296875], [152.29812622070312, 158.68263244628906, 187.1063995361328, 204.9792022705078], [147.5594940185547, 112.22843933105469, 172.31732177734375, 174.7831268310547], [110.65389251708984, 166.25076293945312, 162.54501342773438, 207.2507781982422], [147.39596557617188, 167.56356811523438, 174.24166870117188, 204.56871032714844], [109.88451385498047, 159.06576538085938, 175.9959259033203, 212.31011962890625], [110.22502136230469, 165.15269470214844, 173.66481018066406, 212.20689392089844], [110.22787475585938, 159.24656677246094, 175.8899383544922, 212.1533966064453], [159.93040466308594, 193.3334197998047, 173.42210388183594, 204.1253204345703], [159.6481170654297, 159.15457153320312, 177.10166931152344, 204.6106719970703], [261.7867736816406, 147.04046630859375, 345.273193359375, 242.86474609375], [159.2430419921875, 144.47727966308594, 175.70510864257812, 166.05609130859375], [183.38511657714844, 138.00091552734375, 348.9872741699219, 300.3550720214844], [261.3631286621094, 145.88780212402344, 352.0458679199219, 251.66456604003906], [110.29164123535156, 157.51455688476562, 207.73226928710938, 212.2671661376953], [106.14635467529297, 237.05628967285156, 166.19244384765625, 316.9747009277344], [112.0660629272461, 160.3435516357422, 231.05642700195312, 269.078125], [112.0660629272461, 160.3435516357422, 231.05642700195312, 269.078125], [115.14733123779297, 141.1680450439453, 346.9956970214844, 304.1031188964844], [114.14993286132812, 115.20490264892578, 345.8822021484375, 252.32049560546875], [261.3631286621094, 145.88780212402344, 352.0458679199219, 251.66456604003906], [261.7867736816406, 147.04046630859375, 345.273193359375, 242.86474609375], [107.62677764892578, 163.549560546875, 228.77450561523438, 315.1938171386719], [183.38511657714844, 138.00091552734375, 348.9872741699219, 300.3550720214844], [160.8131561279297, 144.92800903320312, 176.73348999023438, 166.08599853515625], [118.26195526123047, 114.42889404296875, 345.2786865234375, 248.502685546875], [112.0660629272461, 160.3435516357422, 231.05642700195312, 269.078125], [147.5594940185547, 112.22843933105469, 172.31732177734375, 174.7831268310547], [261.3631286621094, 145.88780212402344, 352.0458679199219, 251.66456604003906], [261.7867736816406, 147.04046630859375, 345.273193359375, 242.86474609375], [113.83560180664062, 111.81321716308594, 176.5740509033203, 212.6947021484375], [161.52224731445312, 145.59259033203125, 175.87091064453125, 173.87457275390625], [110.22787475585938, 159.24656677246094, 175.8899383544922, 212.1533966064453], [112.0660629272461, 160.3435516357422, 231.05642700195312, 269.078125], [146.42279052734375, 112.0797348022461, 166.69686889648438, 197.07550048828125], [111.30296325683594, 170.37374877929688, 123.19747161865234, 180.6256103515625], [159.6481170654297, 159.15457153320312, 177.10166931152344, 204.6106719970703], [163.5037384033203, 158.97796630859375, 172.52871704101562, 174.01638793945312], [112.0660629272461, 160.3435516357422, 231.05642700195312, 269.078125], [101.47084045410156, 165.21266174316406, 227.90695190429688, 317.69036865234375], [110.65389251708984, 166.25076293945312, 162.54501342773438, 207.2507781982422], [101.47084045410156, 165.21266174316406, 227.90695190429688, 317.69036865234375], [110.65389251708984, 166.25076293945312, 162.54501342773438, 207.2507781982422], [162.18505859375, 159.63047790527344, 173.18020629882812, 200.533203125], [108.36399841308594, 149.2703399658203, 229.8532257080078, 313.8697204589844], [112.0660629272461, 160.3435516357422, 231.05642700195312, 269.078125], [152.29812622070312, 158.68263244628906, 187.1063995361328, 204.9792022705078], [110.22787475585938, 159.24656677246094, 175.8899383544922, 212.1533966064453], [146.42279052734375, 112.0797348022461, 166.69686889648438, 197.07550048828125], [159.6481170654297, 159.15457153320312, 177.10166931152344, 204.6106719970703], [110.22787475585938, 159.24656677246094, 175.8899383544922, 212.1533966064453], [110.22787475585938, 159.24656677246094, 175.8899383544922, 212.1533966064453], [108.02194213867188, 237.2990264892578, 225.39627075195312, 316.9913024902344], [146.0143280029297, 144.03466796875, 348.0365295410156, 309.93310546875], [110.22502136230469, 165.15269470214844, 173.66481018066406, 212.20689392089844], [107.42699432373047, 197.47679138183594, 229.118408203125, 316.6669006347656], [107.48836517333984, 148.13327026367188, 373.6133117675781, 313.66259765625], [151.6310272216797, 159.05001831054688, 176.72369384765625, 204.58514404296875], [117.5560531616211, 131.09352111816406, 346.8116455078125, 311.80828857421875], [153.69041442871094, 160.0570831298828, 225.2554168701172, 266.3697814941406], [159.6481170654297, 159.15457153320312, 177.10166931152344, 204.6106719970703], [157.20399475097656, 171.6652374267578, 174.29164123535156, 204.4215545654297], [110.22502136230469, 165.15269470214844, 173.66481018066406, 212.20689392089844], [112.0660629272461, 160.3435516357422, 231.05642700195312, 269.078125], [110.22787475585938, 159.24656677246094, 175.8899383544922, 212.1533966064453], [133.70895385742188, 114.76647186279297, 347.3891906738281, 315.3404846191406], [112.0660629272461, 160.3435516357422, 231.05642700195312, 269.078125], [113.83560180664062, 111.81321716308594, 176.5740509033203, 212.6947021484375], [199.45127868652344, 146.1556396484375, 347.3578186035156, 316.10687255859375], [101.47084045410156, 165.21266174316406, 227.90695190429688, 317.69036865234375], [147.62254333496094, 112.22527313232422, 175.6932830810547, 205.13455200195312], [147.62254333496094, 112.22527313232422, 175.6932830810547, 205.13455200195312], [164.26608276367188, 126.16891479492188, 348.270751953125, 258.5000305175781], [112.0660629272461, 160.3435516357422, 231.05642700195312, 269.078125], [107.48836517333984, 148.13327026367188, 373.6133117675781, 313.66259765625], [147.59054565429688, 167.77340698242188, 164.78854370117188, 196.45843505859375], [111.64543151855469, 131.34544372558594, 223.31556701660156, 212.8666534423828], [112.0660629272461, 160.3435516357422, 231.05642700195312, 269.078125], [261.7867736816406, 147.04046630859375, 345.273193359375, 242.86474609375], [109.88451385498047, 159.06576538085938, 175.9959259033203, 212.31011962890625], [105.24613952636719, 164.4019775390625, 177.5626678466797, 316.4366455078125], [114.34036254882812, 108.0934829711914, 344.65264892578125, 250.890625], [32.457313537597656, 161.71229553222656, 225.74993896484375, 318.7641296386719], [106.93114471435547, 140.84703063964844, 176.70547485351562, 215.2046661376953], [177.62152099609375, 200.39170837402344, 233.2665557861328, 268.1405944824219], [177.62152099609375, 200.39170837402344, 233.2665557861328, 268.1405944824219], [109.88451385498047, 159.06576538085938, 175.9959259033203, 212.31011962890625], [108.36399841308594, 149.2703399658203, 229.8532257080078, 313.8697204589844], [146.0143280029297, 144.03466796875, 348.0365295410156, 309.93310546875], [159.93040466308594, 193.3334197998047, 173.42210388183594, 204.1253204345703], [179.9824981689453, 124.50182342529297, 348.0827941894531, 311.4782409667969], [29.011383056640625, 160.37954711914062, 225.27218627929688, 317.5088195800781], [110.22502136230469, 165.15269470214844, 173.66481018066406, 212.20689392089844], [112.0660629272461, 160.3435516357422, 231.05642700195312, 269.078125], [177.62152099609375, 200.39170837402344, 233.2665557861328, 268.1405944824219], [110.22502136230469, 165.15269470214844, 173.66481018066406, 212.20689392089844], [147.39596557617188, 167.56356811523438, 174.24166870117188, 204.56871032714844], [110.29164123535156, 157.51455688476562, 207.73226928710938, 212.2671661376953], [162.18505859375, 159.63047790527344, 173.18020629882812, 200.533203125], [105.24613952636719, 164.4019775390625, 177.5626678466797, 316.4366455078125], [161.6017608642578, 145.91616821289062, 178.03775024414062, 174.35227966308594], [145.82720947265625, 111.93524932861328, 174.6374053955078, 206.27268981933594], [110.65389251708984, 166.25076293945312, 162.54501342773438, 207.2507781982422], [106.98637390136719, 123.17497253417969, 349.1866455078125, 272.9995422363281], [390.5862121582031, 16.886981964111328, 399.105712890625, 25.835641860961914], [146.24705505371094, 95.12735748291016, 350.76788330078125, 263.790283203125], [159.93040466308594, 193.3334197998047, 173.42210388183594, 204.1253204345703], [111.64543151855469, 131.34544372558594, 223.31556701660156, 212.8666534423828], [110.22502136230469, 165.15269470214844, 173.66481018066406, 212.20689392089844], [153.69041442871094, 160.0570831298828, 225.2554168701172, 266.3697814941406], [110.22502136230469, 165.15269470214844, 173.66481018066406, 212.20689392089844], [110.22502136230469, 165.15269470214844, 173.66481018066406, 212.20689392089844], [110.29164123535156, 157.51455688476562, 207.73226928710938, 212.2671661376953], [159.93040466308594, 193.3334197998047, 173.42210388183594, 204.1253204345703], [112.0660629272461, 160.3435516357422, 231.05642700195312, 269.078125], [261.7867736816406, 147.04046630859375, 345.273193359375, 242.86474609375], [110.22502136230469, 165.15269470214844, 173.66481018066406, 212.20689392089844], [110.22502136230469, 165.15269470214844, 173.66481018066406, 212.20689392089844], [105.24613952636719, 164.4019775390625, 177.5626678466797, 316.4366455078125], [110.22502136230469, 165.15269470214844, 173.66481018066406, 212.20689392089844], [110.65389251708984, 166.25076293945312, 162.54501342773438, 207.2507781982422], [164.3168182373047, 158.75833129882812, 174.91229248046875, 166.1448211669922], [139.2471466064453, 130.77642822265625, 347.15509033203125, 264.1356506347656], [106.2391128540039, 236.80905151367188, 169.43002319335938, 317.35205078125], [112.0660629272461, 160.3435516357422, 231.05642700195312, 269.078125], [183.38511657714844, 138.00091552734375, 348.9872741699219, 300.3550720214844], [261.3631286621094, 145.88780212402344, 352.0458679199219, 251.66456604003906], [147.47592163085938, 167.98666381835938, 189.73585510253906, 226.04188537597656], [113.83560180664062, 111.81321716308594, 176.5740509033203, 212.6947021484375], [107.42699432373047, 197.47679138183594, 229.118408203125, 316.6669006347656], [177.62152099609375, 200.39170837402344, 233.2665557861328, 268.1405944824219], [261.3631286621094, 145.88780212402344, 352.0458679199219, 251.66456604003906], [159.6481170654297, 159.15457153320312, 177.10166931152344, 204.6106719970703], [147.59054565429688, 167.77340698242188, 164.78854370117188, 196.45843505859375], [124.69581604003906, 180.4905242919922, 139.02577209472656, 192.98724365234375], [146.42279052734375, 112.0797348022461, 166.69686889648438, 197.07550048828125], [110.22502136230469, 165.15269470214844, 173.66481018066406, 212.20689392089844], [153.69041442871094, 160.0570831298828, 225.2554168701172, 266.3697814941406], [109.88451385498047, 159.06576538085938, 175.9959259033203, 212.31011962890625], [104.23709106445312, 161.93309020996094, 175.90745544433594, 311.5378723144531], [147.62254333496094, 112.22527313232422, 175.6932830810547, 205.13455200195312], [179.9824981689453, 124.50182342529297, 348.0827941894531, 311.4782409667969], [177.2530975341797, 131.59242248535156, 346.604736328125, 278.8402404785156], [110.41876220703125, 271.04571533203125, 168.1581268310547, 317.0036315917969], [110.22502136230469, 165.15269470214844, 173.66481018066406, 212.20689392089844], [110.22502136230469, 165.15269470214844, 173.66481018066406, 212.20689392089844], [157.20399475097656, 171.6652374267578, 174.29164123535156, 204.4215545654297], [153.69041442871094, 160.0570831298828, 225.2554168701172, 266.3697814941406], [177.62152099609375, 200.39170837402344, 233.2665557861328, 268.1405944824219], [110.22787475585938, 159.24656677246094, 175.8899383544922, 212.1533966064453], [162.27426147460938, 313.0844421386719, 176.430419921875, 324.0059509277344], [115.14733123779297, 141.1680450439453, 346.9956970214844, 304.1031188964844], [146.7222900390625, 159.69808959960938, 168.89402770996094, 195.86154174804688], [151.6310272216797, 159.05001831054688, 176.72369384765625, 204.58514404296875], [110.65389251708984, 166.25076293945312, 162.54501342773438, 207.2507781982422], [261.7867736816406, 147.04046630859375, 345.273193359375, 242.86474609375], [183.38511657714844, 138.00091552734375, 348.9872741699219, 300.3550720214844], [146.0143280029297, 144.03466796875, 348.0365295410156, 309.93310546875], [159.6481170654297, 159.15457153320312, 177.10166931152344, 204.6106719970703], [147.5594940185547, 112.22843933105469, 172.31732177734375, 174.7831268310547], [153.69041442871094, 160.0570831298828, 225.2554168701172, 266.3697814941406], [162.27426147460938, 313.0844421386719, 176.430419921875, 324.0059509277344], [159.6481170654297, 159.15457153320312, 177.10166931152344, 204.6106719970703], [164.25845336914062, 158.63497924804688, 176.17323303222656, 166.92507934570312], [145.82720947265625, 111.93524932861328, 174.6374053955078, 206.27268981933594], [109.88451385498047, 159.06576538085938, 175.9959259033203, 212.31011962890625], [114.14993286132812, 115.20490264892578, 345.8822021484375, 252.32049560546875], [110.65389251708984, 166.25076293945312, 162.54501342773438, 207.2507781982422], [0.08689612150192261, -0.03252151608467102, 226.66421508789062, 322.1922912597656], [0.9025335311889648, -1.1255302429199219, 500.8973388671875, 331.738525390625], [180.76199340820312, 197.3845672607422, 339.373779296875, 313.77685546875], [110.94408416748047, 30.71238899230957, 352.0350341796875, 320.73944091796875], [159.6481170654297, 159.15457153320312, 177.10166931152344, 204.6106719970703], [139.2471466064453, 130.77642822265625, 347.15509033203125, 264.1356506347656], [112.0660629272461, 160.3435516357422, 231.05642700195312, 269.078125], [159.93040466308594, 193.3334197998047, 173.42210388183594, 204.1253204345703], [112.0660629272461, 160.3435516357422, 231.05642700195312, 269.078125], [151.6310272216797, 159.05001831054688, 176.72369384765625, 204.58514404296875], [133.70895385742188, 114.76647186279297, 347.3891906738281, 315.3404846191406], [159.93040466308594, 193.3334197998047, 173.42210388183594, 204.1253204345703], [153.69041442871094, 160.0570831298828, 225.2554168701172, 266.3697814941406], [159.6481170654297, 159.15457153320312, 177.10166931152344, 204.6106719970703], [159.93040466308594, 193.3334197998047, 173.42210388183594, 204.1253204345703], [117.42594909667969, 92.42524719238281, 228.8292999267578, 300.3493957519531], [110.22787475585938, 159.24656677246094, 175.8899383544922, 212.1533966064453], [110.22787475585938, 159.24656677246094, 175.8899383544922, 212.1533966064453], [146.7222900390625, 159.69808959960938, 168.89402770996094, 195.86154174804688], [162.18505859375, 159.63047790527344, 173.18020629882812, 200.533203125], [106.14635467529297, 237.05628967285156, 166.19244384765625, 316.9747009277344], [101.47084045410156, 165.21266174316406, 227.90695190429688, 317.69036865234375], [199.45127868652344, 146.1556396484375, 347.3578186035156, 316.10687255859375], [184.8728485107422, 201.55897521972656, 336.9487609863281, 315.51953125], [110.41876220703125, 271.04571533203125, 168.1581268310547, 317.0036315917969], [147.39596557617188, 167.56356811523438, 174.24166870117188, 204.56871032714844], [199.45127868652344, 146.1556396484375, 347.3578186035156, 316.10687255859375], [110.22502136230469, 165.15269470214844, 173.66481018066406, 212.20689392089844], [180.76199340820312, 197.3845672607422, 339.373779296875, 313.77685546875], [110.65389251708984, 166.25076293945312, 162.54501342773438, 207.2507781982422], [123.7472152709961, 180.03465270996094, 139.88653564453125, 196.68141174316406], [177.2530975341797, 131.59242248535156, 346.604736328125, 278.8402404785156], [109.88451385498047, 159.06576538085938, 175.9959259033203, 212.31011962890625], [110.22787475585938, 159.24656677246094, 175.8899383544922, 212.1533966064453], [110.22787475585938, 159.24656677246094, 175.8899383544922, 212.1533966064453], [118.26195526123047, 114.42889404296875, 345.2786865234375, 248.502685546875], [147.47592163085938, 167.98666381835938, 189.73585510253906, 226.04188537597656], [110.41876220703125, 271.04571533203125, 168.1581268310547, 317.0036315917969], [109.88451385498047, 159.06576538085938, 175.9959259033203, 212.31011962890625], [115.42967224121094, 150.83953857421875, 345.9440002441406, 283.75030517578125], [153.69041442871094, 160.0570831298828, 225.2554168701172, 266.3697814941406], [110.22787475585938, 159.24656677246094, 175.8899383544922, 212.1533966064453], [139.2471466064453, 130.77642822265625, 347.15509033203125, 264.1356506347656], [146.6302947998047, 112.36371612548828, 176.2047882080078, 166.615234375], [112.0660629272461, 160.3435516357422, 231.05642700195312, 269.078125], [159.93040466308594, 193.3334197998047, 173.42210388183594, 204.1253204345703], [261.7867736816406, 147.04046630859375, 345.273193359375, 242.86474609375], [111.64543151855469, 131.34544372558594, 223.31556701660156, 212.8666534423828], [146.0143280029297, 144.03466796875, 348.0365295410156, 309.93310546875], [106.98637390136719, 123.17497253417969, 349.1866455078125, 272.9995422363281], [159.6481170654297, 159.15457153320312, 177.10166931152344, 204.6106719970703], [261.7867736816406, 147.04046630859375, 345.273193359375, 242.86474609375], [161.52224731445312, 145.59259033203125, 175.87091064453125, 173.87457275390625], [164.35491943359375, 158.9661102294922, 172.36778259277344, 165.40846252441406], [159.6481170654297, 159.15457153320312, 177.10166931152344, 204.6106719970703], [159.93040466308594, 193.3334197998047, 173.42210388183594, 204.1253204345703], [111.30296325683594, 170.37374877929688, 123.19747161865234, 180.6256103515625], [157.20399475097656, 171.6652374267578, 174.29164123535156, 204.4215545654297], [147.5594940185547, 112.22843933105469, 172.31732177734375, 174.7831268310547], [104.10210418701172, 178.2355499267578, 192.85765075683594, 317.5433654785156], [261.3631286621094, 145.88780212402344, 352.0458679199219, 251.66456604003906], [261.7867736816406, 147.04046630859375, 345.273193359375, 242.86474609375], [110.22787475585938, 159.24656677246094, 175.8899383544922, 212.1533966064453], [110.22787475585938, 159.24656677246094, 175.8899383544922, 212.1533966064453], [177.2530975341797, 131.59242248535156, 346.604736328125, 278.8402404785156], [104.23709106445312, 161.93309020996094, 175.90745544433594, 311.5378723144531], [147.5594940185547, 112.22843933105469, 172.31732177734375, 174.7831268310547], [111.64543151855469, 131.34544372558594, 223.31556701660156, 212.8666534423828], [110.65389251708984, 166.25076293945312, 162.54501342773438, 207.2507781982422], [0.45268237590789795, 0.9804587364196777, 365.0121765136719, 329.2793884277344], [139.2471466064453, 130.77642822265625, 347.15509033203125, 264.1356506347656], [149.116455078125, 115.39851379394531, 172.19189453125, 171.97964477539062], [0.02841651439666748, 1.3781898021697998, 179.7138214111328, 216.4911346435547], [159.6481170654297, 159.15457153320312, 177.10166931152344, 204.6106719970703], [183.38511657714844, 138.00091552734375, 348.9872741699219, 300.3550720214844], [109.88451385498047, 159.06576538085938, 175.9959259033203, 212.31011962890625], [110.22787475585938, 159.24656677246094, 175.8899383544922, 212.1533966064453], [146.91648864746094, 111.12906646728516, 174.81393432617188, 205.60035705566406], [147.47592163085938, 167.98666381835938, 189.73585510253906, 226.04188537597656], [110.65389251708984, 166.25076293945312, 162.54501342773438, 207.2507781982422], [112.0660629272461, 160.3435516357422, 231.05642700195312, 269.078125], [110.65389251708984, 166.25076293945312, 162.54501342773438, 207.2507781982422], [108.02194213867188, 237.2990264892578, 225.39627075195312, 316.9913024902344], [110.22502136230469, 165.15269470214844, 173.66481018066406, 212.20689392089844], [114.29451751708984, 307.53729248046875, 338.81439208984375, 332.1083679199219], [160.8131561279297, 144.92800903320312, 176.73348999023438, 166.08599853515625], [108.02194213867188, 237.2990264892578, 225.39627075195312, 316.9913024902344], [177.2530975341797, 131.59242248535156, 346.604736328125, 278.8402404785156], [146.91648864746094, 111.12906646728516, 174.81393432617188, 205.60035705566406], [163.45620727539062, 53.66102600097656, 236.03176879882812, 300.5309143066406], [177.62152099609375, 200.39170837402344, 233.2665557861328, 268.1405944824219], [179.9824981689453, 124.50182342529297, 348.0827941894531, 311.4782409667969], [133.70895385742188, 114.76647186279297, 347.3891906738281, 315.3404846191406], [147.39596557617188, 167.56356811523438, 174.24166870117188, 204.56871032714844], [105.24613952636719, 164.4019775390625, 177.5626678466797, 316.4366455078125]), Score: [0.9520214796066284, 0.2562289535999298, 0.24946820735931396, 0.199447900056839, 0.18060770630836487, 0.133497953414917, 0.1304377317428589, 0.12701714038848877, 0.1192733570933342, 0.11914664506912231, 0.10888852179050446, 0.10602764785289764, 0.1043938621878624, 0.10273556411266327, 0.10209902375936508, 0.09989621490240097, 0.0987679660320282, 0.0952817052602768, 0.09513844549655914, 0.09439720958471298, 0.09158264100551605, 0.0884118601679802, 0.08821740746498108, 0.08772299438714981, 0.08391761779785156, 0.08355339616537094, 0.08288796991109848, 0.0786786824464798, 0.07824189215898514, 0.07812891155481339, 0.07790379226207733, 0.0762886106967926, 0.07558578997850418, 0.0746728926897049, 0.07447269558906555, 0.0735732764005661, 0.07255115360021591, 0.0692746564745903, 0.06899016350507736, 0.06870996206998825, 0.06863903999328613, 0.06745588034391403, 0.066698357462883, 0.0624629482626915, 0.06213740259408951, 0.06152791157364845, 0.06119246035814285, 0.06025483086705208, 0.059464361518621445, 0.05937696248292923, 0.05926887318491936, 0.05905277281999588, 0.05766146257519722, 0.05662425979971886, 0.05622877925634384, 0.055776309221982956, 0.05467810481786728, 0.054655179381370544, 0.053940847516059875, 0.05353142321109772, 0.053336650133132935, 0.053317632526159286, 0.05282120406627655, 0.052559394389390945, 0.052364714443683624, 0.05223165825009346, 0.052044034004211426, 0.05124596133828163, 0.050488755106925964, 0.04991734027862549, 0.04942692443728447, 0.04923264682292938, 0.0475679486989975, 0.047031156718730927, 0.046804457902908325, 0.04663142189383507, 0.04635317623615265, 0.04594821110367775, 0.04593142494559288, 0.04592183604836464, 0.04563520848751068, 0.04541821777820587, 0.04530205577611923, 0.045187417417764664, 0.04510702192783356, 0.04481027275323868, 0.044690825045108795, 0.044527411460876465, 0.04418805614113808, 0.04358896613121033, 0.04328709840774536, 0.042726702988147736, 0.04263349622488022, 0.04255491867661476, 0.04245693236589432, 0.04233427718281746, 0.042165905237197876, 0.04152273014187813, 0.04102927818894386, 0.04102660343050957, 0.040717337280511856, 0.04068666324019432, 0.0405585840344429, 0.0402996763586998, 0.04007403925061226, 0.0399879515171051, 0.03969861939549446, 0.03942592069506645, 0.03936848044395447, 0.03888879716396332, 0.0387638695538044, 0.03861682862043381, 0.03852931037545204, 0.03849496692419052, 0.03846210986375809, 0.03798777237534523, 0.03791087493300438, 0.037622254341840744, 0.0375722199678421, 0.03756778687238693, 0.03753604367375374, 0.037234317511320114, 0.03720427677035332, 0.03710489720106125, 0.03689964488148689, 0.03669865056872368, 0.036521751433610916, 0.0360465869307518, 0.03596334531903267, 0.035897038877010345, 0.03585052117705345, 0.03581809997558594, 0.03568815067410469, 0.03553289175033569, 0.03540447726845741, 0.03523463010787964, 0.03498602285981178, 0.03467990830540657, 0.03467657417058945, 0.034451328217983246, 0.034418921917676926, 0.034326665103435516, 0.03429869934916496, 0.03429670259356499, 0.03426225110888481, 0.034185606986284256, 0.03412409499287605, 0.0341155081987381, 0.03405158221721649, 0.033956125378608704, 0.03395313769578934, 0.03379245474934578, 0.03358737751841545, 0.03350260853767395, 0.03348869830369949, 0.03336504101753235, 0.03307770937681198, 0.032710906118154526, 0.03263632953166962, 0.03239830955862999, 0.03229294344782829, 0.032225947827100754, 0.032158464193344116, 0.032145895063877106, 0.03208862617611885, 0.0319724902510643, 0.03194583207368851, 0.03193741291761398, 0.03193327784538269, 0.031813014298677444, 0.031727589666843414, 0.031372763216495514, 0.031326036900281906, 0.03111127018928528, 0.030938293784856796, 0.030749164521694183, 0.030698737129569054, 0.030334698036313057, 0.03033091127872467, 0.03023909032344818, 0.030164724215865135, 0.03005026839673519, 0.030046913772821426, 0.030024122446775436, 0.03001025877892971, 0.029949218034744263, 0.029882600530982018, 0.029848502948880196, 0.029611438512802124, 0.02960922196507454, 0.02955363318324089, 0.02949684113264084, 0.02941673807799816, 0.029318511486053467, 0.0292412880808115, 0.029015768319368362, 0.028834179043769836, 0.028600256890058517, 0.02850271388888359, 0.028486553579568863, 0.028381504118442535, 0.028280863538384438, 0.02806418016552925, 0.027950972318649292, 0.027824876829981804, 0.02769874595105648, 0.027646301314234734, 0.027632584795355797, 0.02760862186551094, 0.027585411444306374, 0.027570577338337898, 0.02752605266869068, 0.027523495256900787, 0.027367202565073967, 0.02736649103462696, 0.02733752317726612, 0.027244044467806816, 0.02723531238734722, 0.027218831703066826, 0.027210626751184464, 0.027143241837620735, 0.02713351882994175, 0.02712969109416008, 0.0270974300801754, 0.02690225839614868, 0.02672014757990837, 0.026642464101314545, 0.026618311181664467, 0.026577360928058624, 0.02656731568276882, 0.026560356840491295, 0.02653411030769348, 0.02652096375823021, 0.026457346975803375, 0.026407111436128616, 0.02633027918636799, 0.026222405955195427, 0.026208870112895966, 0.0261185634881258, 0.026094134896993637, 0.026089299470186234, 0.026050232350826263, 0.026022767648100853, 0.025962481275200844, 0.025947146117687225, 0.025918619707226753, 0.025667378678917885, 0.025665447115898132, 0.02555087022483349, 0.025533344596624374, 0.025464383885264397, 0.02545422688126564, 0.02543504163622856, 0.02539590746164322, 0.025358498096466064, 0.025254443287849426, 0.025228291749954224, 0.024927843362092972, 0.02471029944717884, 0.02467074617743492, 0.024589035660028458, 0.024530349299311638, 0.02438534051179886, 0.02438257448375225, 0.024381013587117195, 0.024251937866210938, 0.024053335189819336, 0.024028871208429337, 0.02402769774198532, 0.024008842185139656, 0.023984985426068306, 0.02397729642689228, 0.02394022047519684, 0.023939134553074837, 0.023922476917505264, 0.023805977776646614, 0.02365756593644619, 0.023650728166103363, 0.023570062592625618, 0.023569582030177116, 0.023561706766486168, 0.02348366566002369, 0.023479659110307693, 0.02347964234650135, 0.023388637229800224, 0.023385392501950264, 0.023332061246037483, 0.023323483765125275, 0.023312831297516823, 0.023288747295737267, 0.023103713989257812, 0.0229724682867527, 0.022968295961618423, 0.02296617068350315, 0.022946031764149666, 0.02293379418551922, 0.02283978834748268, 0.022753600031137466, 0.02273849956691265, 0.022703830152750015]

Execution time: 0.4352 sec
