Label: tensor([ 2,  2,  7,  2,  2,  2,  2,  7, 11,  7, 11,  0, 11,  7,  7,  2,  2, 12,
         7,  7,  7,  2,  2,  2,  2,  2,  2, 11,  2, 12,  2,  0,  2,  2,  0,  2,
         7,  2,  7,  0,  0,  0,  0,  7,  0,  7,  7,  9, 11,  2, 11, 11,  7,  7,
         0, 11,  7,  7,  2,  2,  0,  7,  5,  2,  2,  5,  0, 11,  0,  0,  2,  7,
         2,  2, 11,  7,  2,  2,  2,  2,  0,  0,  7,  7,  2,  5,  0,  2,  2,  9,
         2,  2,  2, 64,  2,  0,  2, 11,  0,  2, 11,  5,  7,  2, 11,  0,  2,  0,
         2,  2,  2,  7,  0,  2,  2,  2, 12,  5,  2,  2,  0,  2,  7,  2,  0,  5,
         0,  2,  2,  2,  2,  2,  2, 12,  2,  7,  7,  2,  2,  5,  7, 25,  7,  2,
         2,  7,  0,  7,  0,  7,  5,  2,  2,  2,  7,  5,  1,  0, 14,  5,  7,  7,
        11,  0,  7, 11,  2,  2,  2,  0,  7,  2,  2,  2, 24,  7,  9,  0, 10,  1,
         7,  7,  3, 11,  0,  7,  5,  2,  0,  5,  0,  9,  7,  2,  0,  7,  6,  7,
         5,  0,  7, 58,  7, 17,  6,  7,  2,  7,  2,  2,  2,  0,  0,  0, 12,  2,
         0, 12, 11,  9,  2,  0, 12, 12,  0,  2,  6,  0,  2,  7,  2, 12,  2,  0,
         5,  0,  7,  2, 25,  2,  2,  7,  2,  2,  7,  2,  9,  0,  5, 56, 12,  0,
         7, 12,  0,  8,  2,  5,  2,  0, 62,  2, 38,  2, 12,  2,  5,  0, 60,  9,
         5,  0,  0,  7, 10, 12,  7, 26,  9,  9,  2, 12,  7,  7, 12, 62,  2, 57,
         6,  7,  2,  7,  0,  2, 36,  7, 25,  2, 12,  2]), Box: ([83.9740219116211, 117.04230499267578, 487.8504333496094, 335.1323547363281], [0.3076717257499695, 116.12107849121094, 141.5779571533203, 204.7601318359375], [327.1343994140625, 80.5488510131836, 455.9736633300781, 181.89697265625], [281.1969299316406, 103.4288101196289, 334.1861572265625, 141.8367462158203], [0.03593042492866516, 144.5003662109375, 63.93121337890625, 315.76025390625], [477.5177917480469, 88.73297882080078, 500.0212707519531, 178.61766052246094], [327.2748107910156, 80.6845474243164, 455.7308654785156, 181.67398071289062], [281.21630859375, 103.464111328125, 334.2425231933594, 142.1118621826172], [350.52642822265625, 37.83713912963867, 366.5054626464844, 91.82186126708984], [-0.2437308430671692, 115.79608917236328, 140.9756317138672, 205.0799102783203], [346.861572265625, 37.63985824584961, 366.8793029785156, 95.98410034179688], [0.030867289751768112, 117.73236083984375, 12.168804168701172, 139.6138153076172], [345.3420104980469, 66.94043731689453, 354.62884521484375, 95.85614013671875], [236.33056640625, 73.1210708618164, 346.3044128417969, 121.34138488769531], [477.808837890625, 89.0953369140625, 499.9447937011719, 178.76596069335938], [0.09855348616838455, 135.00204467773438, 19.188919067382812, 150.404541015625], [330.0848693847656, 101.61709594726562, 343.929931640625, 114.8123779296875], [0.030867289751768112, 117.73236083984375, 12.168804168701172, 139.6138153076172], [82.90511322021484, 115.8487548828125, 488.9409484863281, 336.0873718261719], [236.19842529296875, 73.20260620117188, 346.6203918457031, 136.98049926757812], [321.3685302734375, 77.53632354736328, 346.6466979980469, 110.76051330566406], [0.2527693212032318, 117.98712158203125, 18.52007293701172, 150.11688232421875], [449.5937194824219, 98.30767822265625, 467.0315246582031, 129.71368408203125], [468.349853515625, 89.77743530273438, 499.90960693359375, 148.9897003173828], [468.2203063964844, 117.36919403076172, 482.0542907714844, 149.43763732910156], [0.030867289751768112, 117.73236083984375, 12.168804168701172, 139.6138153076172], [209.78916931152344, 112.3647232055664, 236.61021423339844, 118.58139038085938], [0.030867289751768112, 117.73236083984375, 12.168804168701172, 139.6138153076172], [327.1343994140625, 80.5488510131836, 455.9736633300781, 181.89697265625], [376.91180419921875, 140.80479431152344, 399.4273681640625, 153.8379669189453], [282.6881103515625, 103.7403335571289, 333.1755676269531, 123.69805145263672], [0.2527693212032318, 117.98712158203125, 18.52007293701172, 150.11688232421875], [449.9505310058594, 98.10787200927734, 483.5211181640625, 149.3961639404297], [449.916015625, 98.14714813232422, 465.4050598144531, 115.23094177246094], [204.24981689453125, 134.79025268554688, 246.81137084960938, 184.82603454589844], [324.7823181152344, 101.92286682128906, 343.7817077636719, 141.83087158203125], [272.6554260253906, 74.5003662109375, 347.04302978515625, 120.63219451904297], [330.2550964355469, 101.7799072265625, 342.6578063964844, 110.53146362304688], [328.4715576171875, -0.7823221683502197, 499.54290771484375, 181.5450439453125], [194.37901306152344, 133.91554260253906, 252.71893310546875, 184.605224609375], [51.407615661621094, 135.3583526611328, 65.53333282470703, 147.97894287109375], [43.284690856933594, 130.93215942382812, 64.83577728271484, 147.9805908203125], [48.379058837890625, 131.06515502929688, 66.60726928710938, 147.79307556152344], [278.311279296875, 75.34246826171875, 346.2452087402344, 140.45361328125], [211.46243286132812, 134.7220458984375, 249.26895141601562, 172.01097106933594], [236.09588623046875, 73.5228500366211, 275.2784729003906, 120.55628967285156], [-0.12480467557907104, 145.9169464111328, 63.69345474243164, 316.877685546875], [114.19004821777344, 75.49835205078125, 127.36076354980469, 89.71259307861328], [321.3685302734375, 77.53632354736328, 346.6466979980469, 110.76051330566406], [254.97911071777344, 115.05413055419922, 272.77294921875, 120.94367980957031], [352.28680419921875, 66.19464874267578, 364.52716064453125, 89.26473999023438], [322.4124450683594, 78.14185333251953, 344.1888732910156, 104.96227264404297], [348.322021484375, 0.06245635449886322, 499.4594421386719, 97.37095642089844], [477.5177917480469, 88.73297882080078, 500.0212707519531, 178.61766052246094], [203.4702606201172, 135.0520477294922, 259.5569152832031, 185.448974609375], [347.8292541503906, 0.42427515983581543, 449.5270080566406, 96.51251983642578], [327.07659912109375, 0.0585503876209259, 471.3789367675781, 181.18740844726562], [282.6881103515625, 103.7403335571289, 333.1755676269531, 123.69805145263672], [478.3160095214844, 109.80229187011719, 499.93157958984375, 178.0931396484375], [450.2096862792969, 88.7574462890625, 500.035888671875, 149.84817504882812], [32.305809020996094, 129.89456176757812, 54.077293395996094, 147.98219299316406], [314.6811218261719, 75.8843994140625, 349.031494140625, 113.473388671875], [327.2748107910156, 80.6845474243164, 455.7308654785156, 181.67398071289062], [478.5184020996094, 112.73191833496094, 500.04766845703125, 178.2503662109375], [297.8170166015625, 123.14369201660156, 326.9952087402344, 141.67076110839844], [281.21630859375, 103.464111328125, 334.2425231933594, 142.1118621826172], [0.4141372740268707, 117.30352783203125, 9.539170265197754, 147.77572631835938], [348.322021484375, 0.06245635449886322, 499.4594421386719, 97.37095642089844], [447.4618835449219, 5.3627095222473145, 460.1387634277344, 42.96767044067383], [220.10195922851562, 137.4032745361328, 254.8666229248047, 172.9492950439453], [0.32058730721473694, 114.9289321899414, 64.00486755371094, 150.01075744628906], [0.2527693212032318, 117.98712158203125, 18.52007293701172, 150.11688232421875], [327.2953796386719, 106.83770751953125, 354.44049072265625, 144.33370971679688], [-4.505107402801514, 105.49883270263672, 62.63743209838867, 316.0260925292969], [376.91180419921875, 140.80479431152344, 399.4273681640625, 153.8379669189453], [-4.505107402801514, 105.49883270263672, 62.63743209838867, 316.0260925292969], [17.719350814819336, 115.9991683959961, 140.4628448486328, 148.78622436523438], [0.10380521416664124, 208.0792236328125, 63.75414276123047, 316.60650634765625], [-0.20240527391433716, 117.68086242675781, 18.213178634643555, 156.2320098876953], [1.2208912372589111, 111.12871551513672, 50.28565216064453, 139.20144653320312], [224.7517547607422, 139.26412963867188, 248.31552124023438, 167.8647918701172], [30.20881462097168, 132.06112670898438, 47.57249069213867, 148.20278930664062], [347.8292541503906, 0.42427515983581543, 449.5270080566406, 96.51251983642578], [326.2699279785156, -0.19277259707450867, 457.14776611328125, 182.001708984375], [-0.3826059401035309, 90.37350463867188, 63.728721618652344, 317.0959777832031], [281.1969299316406, 103.4288101196289, 334.1861572265625, 141.8367462158203], [330.0848693847656, 101.61709594726562, 343.929931640625, 114.8123779296875], [0.28791093826293945, 147.35427856445312, 60.397796630859375, 252.5758056640625], [446.83514404296875, 109.8804702758789, 456.1009216308594, 148.1781005859375], [271.05987548828125, 92.49720001220703, 279.6647033691406, 118.80989837646484], [8.968893051147461, 137.82803344726562, 19.982242584228516, 149.91903686523438], [47.31101608276367, 114.86341094970703, 65.01344299316406, 122.63251495361328], [376.91180419921875, 140.80479431152344, 399.4273681640625, 153.8379669189453], [232.78634643554688, 172.25997924804688, 262.0191955566406, 190.7855682373047], [466.7471008300781, 115.89530181884766, 491.19769287109375, 149.61538696289062], [35.24164581298828, 130.68336486816406, 52.050140380859375, 145.5487518310547], [276.3354797363281, 78.78644561767578, 456.06024169921875, 181.1280517578125], [345.4740905761719, 67.61246490478516, 352.6624755859375, 92.67718505859375], [29.876602172851562, 122.64195251464844, 37.661651611328125, 131.98532104492188], [-0.02600438892841339, 134.13613891601562, 35.063385009765625, 180.94509887695312], [271.05987548828125, 92.49720001220703, 279.6647033691406, 118.80989837646484], [236.33056640625, 73.1210708618164, 346.3044128417969, 121.34138488769531], [330.0848693847656, 101.61709594726562, 343.929931640625, 114.8123779296875], [0.3893710672855377, 149.36538696289062, 57.6732292175293, 235.73257446289062], [0.35739225149154663, 121.29535675048828, 10.796642303466797, 132.10986328125], [421.43890380859375, 88.74864959716797, 438.7488098144531, 107.2072982788086], [326.6852111816406, 101.92279052734375, 343.48370361328125, 141.54209899902344], [345.3420104980469, 66.94043731689453, 354.62884521484375, 95.85614013671875], [446.2044677734375, 103.89239501953125, 456.0977478027344, 147.89434814453125], [449.4825134277344, 118.19229888916016, 456.31854248046875, 148.27218627929688], [0.12339651584625244, 116.22193908691406, 276.212158203125, 205.50250244140625], [-1.8439441919326782, 3.8583130836486816, 498.049072265625, 325.34716796875], [416.8355712890625, 88.31168365478516, 434.8247375488281, 106.6939468383789], [0.39017945528030396, 119.66490173339844, 62.7866325378418, 150.10769653320312], [0.7834946513175964, 125.04086303710938, 12.053529739379883, 139.53172302246094], [-0.2408847212791443, 223.89614868164062, 63.71477127075195, 316.0346374511719], [0.09855348616838455, 135.00204467773438, 19.188919067382812, 150.404541015625], [282.6881103515625, 103.7403335571289, 333.1755676269531, 123.69805145263672], [12.025961875915527, 137.46641540527344, 21.863365173339844, 149.68136596679688], [450.22625732421875, 98.33547973632812, 464.7169189453125, 110.61161804199219], [-0.20240527391433716, 117.68086242675781, 18.213178634643555, 156.2320098876953], [0.303814172744751, 133.4508056640625, 53.730003356933594, 204.0625], [320.6131896972656, 77.40576934814453, 346.03515625, 141.0892791748047], [332.50604248046875, 109.378662109375, 343.5347900390625, 115.88858795166016], [424.6679992675781, 88.96620178222656, 438.28900146484375, 106.97008514404297], [321.3685302734375, 77.53632354736328, 346.6466979980469, 110.76051330566406], [427.0970458984375, 90.76780700683594, 439.49560546875, 107.13220977783203], [328.2425842285156, 116.44325256347656, 352.9873046875, 144.9497528076172], [466.7325134277344, 91.64462280273438, 491.055908203125, 149.69664001464844], [327.6578674316406, 108.92005920410156, 398.948486328125, 173.17088317871094], [476.3080749511719, 60.294124603271484, 500.4714660644531, 178.7449188232422], [1.3884007930755615, 116.39007568359375, 294.496337890625, 205.06263732910156], [477.73388671875, 89.1661605834961, 499.8952941894531, 148.29904174804688], [271.05987548828125, 92.49720001220703, 279.6647033691406, 118.80989837646484], [329.6938171386719, 100.3936767578125, 349.3022155761719, 115.24998474121094], [-0.3826059401035309, 90.37350463867188, 63.728721618652344, 317.0959777832031], [209.78916931152344, 112.3647232055664, 236.61021423339844, 118.58139038085938], [332.54302978515625, 109.798095703125, 343.0923156738281, 116.12077331542969], [0.49413740634918213, 91.34952545166016, 481.8261413574219, 321.9798278808594], [236.19842529296875, 73.20260620117188, 346.6203918457031, 136.98049926757812], [281.1969299316406, 103.4288101196289, 334.1861572265625, 141.8367462158203], [348.322021484375, 0.06245635449886322, 499.4594421386719, 97.37095642089844], [83.88550567626953, 75.1286392211914, 485.028564453125, 321.0178527832031], [82.90511322021484, 115.8487548828125, 488.9409484863281, 336.0873718261719], [-0.39619579911231995, 241.69993591308594, 46.0107307434082, 309.8328857421875], [0.32058730721473694, 114.9289321899414, 64.00486755371094, 150.01075744628906], [13.218555450439453, 121.38553619384766, 31.554698944091797, 138.27572631835938], [1.2208912372589111, 111.12871551513672, 50.28565216064453, 139.20144653320312], [25.529375076293945, 122.87393951416016, 39.02265548706055, 136.7303009033203], [449.9505310058594, 98.10787200927734, 483.5211181640625, 149.3961639404297], [328.4715576171875, -0.7823221683502197, 499.54290771484375, 181.5450439453125], [-0.30069053173065186, 116.40191650390625, 489.3831481933594, 330.9187927246094], [82.0975570678711, 117.08058166503906, 259.19683837890625, 202.85870361328125], [1.0992884635925293, 115.3440170288086, 344.6653137207031, 205.4102020263672], [0.49413740634918213, 91.34952545166016, 481.8261413574219, 321.9798278808594], [209.78916931152344, 112.3647232055664, 236.61021423339844, 118.58139038085938], [0.7834946513175964, 125.04086303710938, 12.053529739379883, 139.53172302246094], [38.89679718017578, 130.6935272216797, 49.01053237915039, 140.88050842285156], [447.4618835449219, 5.3627095222473145, 460.1387634277344, 42.96767044067383], [272.6554260253906, 74.5003662109375, 347.04302978515625, 120.63219451904297], [449.5937194824219, 98.30767822265625, 467.0315246582031, 129.71368408203125], [0.3807116150856018, 133.6122589111328, 18.503273010253906, 151.56448364257812], [351.67095947265625, 59.551387786865234, 364.00018310546875, 89.2116928100586], [270.8099365234375, 132.5972442626953, 295.5152893066406, 153.57464599609375], [449.916015625, 98.14714813232422, 465.4050598144531, 115.23094177246094], [352.212158203125, 62.4040641784668, 364.3031921386719, 88.73262786865234], [478.70245361328125, 126.01029205322266, 499.9824523925781, 178.48191833496094], [29.876602172851562, 122.64195251464844, 37.661651611328125, 131.98532104492188], [13.785189628601074, 123.6006088256836, 39.21781921386719, 148.61392211914062], [53.107723236083984, 137.68763732910156, 63.899837493896484, 147.8079071044922], [0.030867289751768112, 117.73236083984375, 12.168804168701172, 139.6138153076172], [447.6669006347656, 95.56375122070312, 486.6268310546875, 148.63311767578125], [477.808837890625, 89.0953369140625, 499.9447937011719, 178.76596069335938], [0.6897151470184326, 116.33866882324219, 306.7038269042969, 206.31716918945312], [0.030867289751768112, 117.73236083984375, 12.168804168701172, 139.6138153076172], [80.2417984008789, -0.792481005191803, 486.13995361328125, 329.30596923828125], [271.4682922363281, 92.9658432006836, 277.8074035644531, 114.84754943847656], [189.46530151367188, 134.95970153808594, 261.29180908203125, 191.23081970214844], [0.030867289751768112, 117.73236083984375, 12.168804168701172, 139.6138153076172], [0.030867289751768112, 117.73236083984375, 12.168804168701172, 139.6138153076172], [468.349853515625, 89.77743530273438, 499.90960693359375, 148.9897003173828], [324.7823181152344, 101.92286682128906, 343.7817077636719, 141.83087158203125], [0.2527693212032318, 117.98712158203125, 18.52007293701172, 150.11688232421875], [271.4682922363281, 92.9658432006836, 277.8074035644531, 114.84754943847656], [466.7325134277344, 91.64462280273438, 491.055908203125, 149.69664001464844], [0.3076717257499695, 116.12107849121094, 141.5779571533203, 204.7601318359375], [-0.2437308430671692, 115.79608917236328, 140.9756317138672, 205.0799102783203], [82.63197326660156, 117.91826629638672, 270.44976806640625, 201.7060089111328], [286.1080017089844, 109.81029510498047, 303.0946044921875, 120.8637924194336], [477.5177917480469, 88.73297882080078, 500.0212707519531, 178.61766052246094], [477.5177917480469, 88.73297882080078, 500.0212707519531, 178.61766052246094], [272.8092346191406, 75.42033386230469, 278.8722839355469, 92.55231475830078], [1.8209666013717651, 76.00935363769531, 345.6301574707031, 203.23126220703125], [-0.2437308430671692, 115.79608917236328, 140.9756317138672, 205.0799102783203], [31.280420303344727, 135.745361328125, 45.879638671875, 148.1451416015625], [450.2096862792969, 88.7574462890625, 500.035888671875, 149.84817504882812], [236.33056640625, 73.1210708618164, 346.3044128417969, 121.34138488769531], [0.09855348616838455, 135.00204467773438, 19.188919067382812, 150.404541015625], [278.311279296875, 75.34246826171875, 346.2452087402344, 140.45361328125], [443.8342590332031, 102.65215301513672, 455.3059997558594, 128.1241912841797], [283.44891357421875, 0.3173556327819824, 476.3611145019531, 179.66839599609375], [0.030867289751768112, 117.73236083984375, 12.168804168701172, 139.6138153076172], [1.1599361896514893, 103.16165924072266, 451.9549865722656, 183.12217712402344], [447.4618835449219, 5.3627095222473145, 460.1387634277344, 42.96767044067383], [348.322021484375, 0.06245635449886322, 499.4594421386719, 97.37095642089844], [346.861572265625, 37.63985824584961, 366.8793029785156, 95.98410034179688], [3.7437825202941895, 116.04267883300781, 488.1965637207031, 331.66595458984375], [476.3080749511719, 60.294124603271484, 500.4714660644531, 178.7449188232422], [88.81011962890625, 118.25701904296875, 295.60968017578125, 189.9615936279297], [-3.6971120834350586, 116.6788101196289, 494.95721435546875, 326.9112854003906], [0.8511021733283997, 117.05951690673828, 138.54176330566406, 301.40557861328125], [274.8660583496094, 134.17564392089844, 295.020751953125, 152.3121337890625], [336.5079345703125, 101.72502136230469, 343.1510009765625, 110.24787902832031], [13.785189628601074, 123.6006088256836, 39.21781921386719, 148.61392211914062], [8.968893051147461, 137.82803344726562, 19.982242584228516, 149.91903686523438], [0.3807116150856018, 133.6122589111328, 18.503273010253906, 151.56448364257812], [17.641307830810547, 126.3095932006836, 43.8895149230957, 148.8500518798828], [0.7834946513175964, 125.04086303710938, 12.053529739379883, 139.53172302246094], [271.68505859375, 93.03359985351562, 279.4606018066406, 104.34395599365234], [285.1690979003906, 67.75796508789062, 298.52960205078125, 76.30387115478516], [1.1599361896514893, 103.16165924072266, 451.9549865722656, 183.12217712402344], [40.817718505859375, 132.14382934570312, 56.28538513183594, 146.0458984375], [13.218555450439453, 121.38553619384766, 31.554698944091797, 138.27572631835938], [0.2527693212032318, 117.98712158203125, 18.52007293701172, 150.11688232421875], [0.03593042492866516, 144.5003662109375, 63.93121337890625, 315.76025390625], [-0.12480467557907104, 145.9169464111328, 63.69345474243164, 316.877685546875], [328.4715576171875, -0.7823221683502197, 499.54290771484375, 181.5450439453125], [447.17559814453125, 106.68682861328125, 455.6187744140625, 128.49415588378906], [-1.2475252151489258, 116.09744262695312, 314.7895812988281, 206.1699676513672], [0.12339651584625244, 116.22193908691406, 276.212158203125, 205.50250244140625], [33.265777587890625, 114.71466064453125, 65.032470703125, 127.96090698242188], [12.025961875915527, 137.46641540527344, 21.863365173339844, 149.68136596679688], [13.218555450439453, 121.38553619384766, 31.554698944091797, 138.27572631835938], [30.649229049682617, 123.23779296875, 38.222469329833984, 131.42552185058594], [327.07659912109375, 0.0585503876209259, 471.3789367675781, 181.18740844726562], [446.2044677734375, 103.89239501953125, 456.0977478027344, 147.89434814453125], [283.4188232421875, 103.96062469482422, 333.13470458984375, 122.82823944091797], [321.3685302734375, 77.53632354736328, 346.6466979980469, 110.76051330566406], [347.8292541503906, 0.42427515983581543, 449.5270080566406, 96.51251983642578], [281.21630859375, 103.464111328125, 334.2425231933594, 142.1118621826172], [482.7972412109375, 88.98540496826172, 499.9453125, 114.97652435302734], [0.03593042492866516, 144.5003662109375, 63.93121337890625, 315.76025390625], [326.9671936035156, 108.1579360961914, 353.3463439941406, 144.0287628173828], [25.529375076293945, 122.87393951416016, 39.02265548706055, 136.7303009033203], [17.719350814819336, 115.9991683959961, 140.4628448486328, 148.78622436523438], [1.8209666013717651, 76.00935363769531, 345.6301574707031, 203.23126220703125], [0.030867289751768112, 117.73236083984375, 12.168804168701172, 139.6138153076172], [468.2203063964844, 117.36919403076172, 482.0542907714844, 149.43763732910156], [314.6811218261719, 75.8843994140625, 349.031494140625, 113.473388671875], [327.2748107910156, 80.6845474243164, 455.7308654785156, 181.67398071289062], [232.78634643554688, 172.25997924804688, 262.0191955566406, 190.7855682373047], [257.84869384765625, 140.89866638183594, 300.3251647949219, 171.03091430664062], [1.3884007930755615, 116.39007568359375, 294.496337890625, 205.06263732910156], [8.219941139221191, 129.6884765625, 13.671219825744629, 138.744140625], [55.76238250732422, 136.72096252441406, 67.04041290283203, 147.92950439453125], [209.78916931152344, 112.3647232055664, 236.61021423339844, 118.58139038085938], [343.1387634277344, 81.22549438476562, 453.5107116699219, 121.6012954711914], [0.3076717257499695, 116.12107849121094, 141.5779571533203, 204.7601318359375], [85.093994140625, 118.97725677490234, 286.05889892578125, 251.77516174316406], [47.52213668823242, 136.19656372070312, 60.128273010253906, 147.4652099609375], [450.22625732421875, 98.33547973632812, 464.7169189453125, 110.61161804199219], [83.88550567626953, 75.1286392211914, 485.028564453125, 321.0178527832031], [0.030867289751768112, 117.73236083984375, 12.168804168701172, 139.6138153076172], [328.78460693359375, 122.65789031982422, 349.6075439453125, 144.7220916748047], [350.52642822265625, 37.83713912963867, 366.5054626464844, 91.82186126708984], [84.43595123291016, 120.8815689086914, 247.1354522705078, 264.2466735839844], [477.808837890625, 89.0953369140625, 499.9447937011719, 178.76596069335938], [212.9896240234375, 139.5287322998047, 238.76980590820312, 181.8507537841797], [0.09855348616838455, 135.00204467773438, 19.188919067382812, 150.404541015625], [321.3685302734375, 77.53632354736328, 346.6466979980469, 110.76051330566406], [348.322021484375, 0.06245635449886322, 499.4594421386719, 97.37095642089844], [482.7972412109375, 88.98540496826172, 499.9453125, 114.97652435302734], [280.36309814453125, 140.5889892578125, 294.8408508300781, 152.5514678955078], [330.2550964355469, 101.7799072265625, 342.6578063964844, 110.53146362304688], [376.91180419921875, 140.80479431152344, 399.4273681640625, 153.8379669189453], [321.3685302734375, 77.53632354736328, 346.6466979980469, 110.76051330566406], [83.9740219116211, 117.04230499267578, 487.8504333496094, 335.1323547363281], [0.09855348616838455, 135.00204467773438, 19.188919067382812, 150.404541015625], [350.52642822265625, 37.83713912963867, 366.5054626464844, 91.82186126708984], [346.861572265625, 37.63985824584961, 366.8793029785156, 95.98410034179688], [329.3076171875, 92.89209747314453, 348.5216979980469, 113.54928588867188], [449.916015625, 98.14714813232422, 465.4050598144531, 115.23094177246094], [-8.8316650390625, 84.12657928466797, 487.3976135253906, 315.62689208984375], [-1.2475252151489258, 116.09744262695312, 314.7895812988281, 206.1699676513672], [29.876602172851562, 122.64195251464844, 37.661651611328125, 131.98532104492188], [449.916015625, 98.14714813232422, 465.4050598144531, 115.23094177246094], [327.7598876953125, 105.681884765625, 387.2904968261719, 146.0370330810547], [281.21630859375, 103.464111328125, 334.2425231933594, 142.1118621826172], [236.19842529296875, 73.20260620117188, 346.6203918457031, 136.98049926757812], [-0.20240527391433716, 117.68086242675781, 18.213178634643555, 156.2320098876953], [8.050644874572754, 124.74935913085938, 19.917789459228516, 139.78347778320312], [449.8026428222656, 98.3462142944336, 482.1094970703125, 149.29139709472656], [0.7834946513175964, 125.04086303710938, 12.053529739379883, 139.53172302246094], [0.4141372740268707, 117.30352783203125, 9.539170265197754, 147.77572631835938], [209.78916931152344, 112.3647232055664, 236.61021423339844, 118.58139038085938], [0.6897151470184326, 116.33866882324219, 306.7038269042969, 206.31716918945312], [0.35739225149154663, 121.29535675048828, 10.796642303466797, 132.10986328125], [0.34804269671440125, 153.4322052001953, 63.56984329223633, 301.947509765625], [0.35739225149154663, 121.29535675048828, 10.796642303466797, 132.10986328125], [87.92191314697266, 117.82117462158203, 258.4261779785156, 195.4302215576172]), Score: [0.9604849815368652, 0.8939604759216309, 0.8106613755226135, 0.6498073935508728, 0.569847047328949, 0.4911934733390808, 0.47864314913749695, 0.4493340253829956, 0.36864984035491943, 0.2582954168319702, 0.2493213415145874, 0.23092852532863617, 0.226334810256958, 0.22188988327980042, 0.20731738209724426, 0.18183104693889618, 0.14763125777244568, 0.13826659321784973, 0.1372249722480774, 0.134050652384758, 0.11788428574800491, 0.11055389046669006, 0.10683110356330872, 0.10370520502328873, 0.10251661390066147, 0.10098870098590851, 0.09908662736415863, 0.09844962507486343, 0.09843484312295914, 0.09706203639507294, 0.09671027213335037, 0.09602680802345276, 0.09148488193750381, 0.0849338173866272, 0.08443930745124817, 0.08305463194847107, 0.0790603831410408, 0.07876735180616379, 0.07750299572944641, 0.07643052935600281, 0.0758693516254425, 0.07575196772813797, 0.07418979704380035, 0.07322689145803452, 0.07319117337465286, 0.07276133447885513, 0.07233703881502151, 0.0723334327340126, 0.07156119495630264, 0.06971157342195511, 0.06934922933578491, 0.06915345042943954, 0.0686214342713356, 0.06854898482561111, 0.0685339942574501, 0.06783146411180496, 0.06768053025007248, 0.06456156075000763, 0.06274683773517609, 0.06127684563398361, 0.060697562992572784, 0.06064750626683235, 0.06055872514843941, 0.05845242738723755, 0.0579051710665226, 0.05786846578121185, 0.056760966777801514, 0.05664845183491707, 0.055020853877067566, 0.054672498255968094, 0.05395655706524849, 0.05395038425922394, 0.053879108279943466, 0.05356815829873085, 0.052313182502985, 0.05134975537657738, 0.05033467710018158, 0.049579400569200516, 0.04939037933945656, 0.04890020936727524, 0.048657454550266266, 0.04855837672948837, 0.04790378734469414, 0.046856679022312164, 0.04654807969927788, 0.046258002519607544, 0.045420873910188675, 0.04514417424798012, 0.04443349689245224, 0.044377513229846954, 0.043483294546604156, 0.04262892156839371, 0.04259268939495087, 0.041185181587934494, 0.04114555940032005, 0.040754109621047974, 0.03991946578025818, 0.0393330454826355, 0.03920750692486763, 0.039112865924835205, 0.03906212002038956, 0.03868791460990906, 0.03865472972393036, 0.038602959364652634, 0.03851639851927757, 0.03841916471719742, 0.037998348474502563, 0.03787101432681084, 0.037707049399614334, 0.03763691708445549, 0.037302035838365555, 0.03727582469582558, 0.03701726719737053, 0.03676868975162506, 0.036533087491989136, 0.036450598388910294, 0.036413371562957764, 0.03623726963996887, 0.03609886392951012, 0.036054763942956924, 0.03593645989894867, 0.03555552288889885, 0.03553148731589317, 0.03529399633407593, 0.03511093929409981, 0.03507591784000397, 0.034662067890167236, 0.033757731318473816, 0.03370470926165581, 0.03331155329942703, 0.03285416588187218, 0.03276868164539337, 0.032729264348745346, 0.03226060792803764, 0.03225332871079445, 0.03209944814443588, 0.03201988339424133, 0.03201497718691826, 0.0318308062851429, 0.03168740123510361, 0.031665652990341187, 0.031582001596689224, 0.03149784728884697, 0.03143157437443733, 0.031243490055203438, 0.031029462814331055, 0.03095814399421215, 0.030891750007867813, 0.030863244086503983, 0.030710842460393906, 0.03070966899394989, 0.03050634078681469, 0.030275585129857063, 0.030232351273298264, 0.029725603759288788, 0.029552578926086426, 0.029521292075514793, 0.029197219759225845, 0.029124686494469643, 0.029106924310326576, 0.029091503471136093, 0.028924478217959404, 0.028864530846476555, 0.028852544724941254, 0.028729429468512535, 0.028647081926465034, 0.0284939743578434, 0.028480462729930878, 0.028416700661182404, 0.028130479156970978, 0.028005970641970634, 0.02800356224179268, 0.02799115516245365, 0.02791072241961956, 0.02780446596443653, 0.027638869360089302, 0.027575122192502022, 0.027504902333021164, 0.027487995103001595, 0.02747352048754692, 0.02743607386946678, 0.027189036831259727, 0.027011632919311523, 0.026972820982336998, 0.026972658932209015, 0.02668965980410576, 0.026603959500789642, 0.02654353156685829, 0.026542164385318756, 0.026474442332983017, 0.02646850235760212, 0.026189593598246574, 0.026184454560279846, 0.026177411898970604, 0.02611328661441803, 0.02608277089893818, 0.02605580911040306, 0.02597702667117119, 0.025963470339775085, 0.02596038207411766, 0.0258786678314209, 0.025852009654045105, 0.025816382840275764, 0.025800660252571106, 0.02578250877559185, 0.025717608630657196, 0.025517089292407036, 0.025487523525953293, 0.025433512404561043, 0.025315282866358757, 0.024984553456306458, 0.02498333342373371, 0.024895407259464264, 0.02489222213625908, 0.02478255145251751, 0.024771248921751976, 0.02476957067847252, 0.024531712755560875, 0.024432845413684845, 0.024406541138887405, 0.02440512180328369, 0.0243631973862648, 0.024361032992601395, 0.024241795763373375, 0.02422589249908924, 0.024217411875724792, 0.024100005626678467, 0.02395942434668541, 0.023955879732966423, 0.023858798667788506, 0.023653550073504448, 0.023531010374426842, 0.02352149598300457, 0.02348078414797783, 0.023453613743185997, 0.023406103253364563, 0.023397929966449738, 0.02335778996348381, 0.02320295013487339, 0.02317632921040058, 0.023139383643865585, 0.023121828213334084, 0.02310279943048954, 0.023081660270690918, 0.023075198754668236, 0.023041214793920517, 0.02303680218756199, 0.02297709695994854, 0.022916601970791817, 0.022898823022842407, 0.022835826501250267, 0.02264353074133396, 0.022577786818146706, 0.022532587870955467, 0.022501574829220772, 0.02245771698653698, 0.02244572527706623, 0.02240416221320629, 0.022356750443577766, 0.022185873240232468, 0.022173549979925156, 0.02206672541797161, 0.022026387974619865, 0.021919986233115196, 0.021908164024353027, 0.02188781462609768, 0.0218435637652874, 0.021838007494807243, 0.02178189717233181, 0.021742694079875946, 0.021662574261426926, 0.021470146253705025, 0.021454863250255585, 0.021442268043756485, 0.021427931264042854, 0.021391719579696655, 0.021372510120272636, 0.021337032318115234, 0.0213206484913826, 0.02131081558763981, 0.02119995467364788, 0.02118995413184166, 0.0211772583425045, 0.021109258756041527, 0.02106330171227455, 0.02105884440243244, 0.02102738246321678, 0.020988134667277336, 0.020964398980140686, 0.020959142595529556, 0.020914174616336823, 0.0208942461758852, 0.020888356491923332, 0.020869972184300423, 0.020851241424679756, 0.020818552002310753, 0.020817453041672707, 0.02080351486802101, 0.020687440410256386, 0.02067827805876732]

Execution time: 0.4058 sec
