Label: tensor([ 5,  5,  7,  0,  0,  0,  2,  0,  6,  0,  0,  0,  2,  0,  0,  7,  0,  0,
        27,  0,  0,  2,  0,  0,  0,  0,  0,  0,  0,  0,  0,  2,  0,  0,  0, 26,
         0,  0,  0,  2, 27,  0,  0,  7,  0,  2,  0,  0,  0,  0,  0,  0,  0,  0,
         0,  7, 26,  0,  0,  0,  0,  9,  5,  0,  0,  0, 27,  0,  0,  5, 26,  0,
         0,  0,  9, 16, 26,  0, 26,  0,  2,  0,  0, 26,  0, 24, 26,  0, 27,  7,
        24, 27,  0,  2,  0,  2,  0,  0,  0,  0,  0, 10, 24, 26,  2,  0,  9,  0,
        26,  0,  0,  0,  2,  0,  0,  2,  0,  0, 28, 13,  0, 24,  0, 26,  0,  5,
         7,  0,  6,  0, 24,  0, 26,  5,  2,  2,  2,  0,  0,  0, 13, 24,  2,  0,
         0,  0,  0,  6,  0,  0,  7,  0,  0,  2,  0,  2,  0,  0, 28,  2,  0,  0,
        24,  0, 26, 26,  0, 27,  0,  7,  2,  0,  9, 28, 24, 24,  0, 26,  2,  0,
        14,  0,  2, 28,  0,  0, 13,  2,  0, 26, 26,  0,  0,  0,  0,  2,  5,  8,
        28,  9, 13,  0,  0, 26, 27, 24,  2,  0, 24, 24, 26, 27,  0,  0,  0,  1,
         0, 26,  0, 11,  0,  2, 24,  2,  5, 73, 26, 56,  0,  3,  0,  0,  2,  0,
         0,  0,  7,  0,  2, 26,  0, 13, 26,  0, 39,  7, 26,  0,  5, 27, 26, 74,
         2,  6,  2, 24,  0,  0, 26,  0, 24,  7,  0,  0,  0, 13,  0,  5, 56, 26,
         0,  0, 24, 13, 26, 24,  0, 24,  2,  2,  0,  9, 13,  0,  2, 28, 13,  9,
         2,  2, 56,  0, 25,  6, 27, 26, 13, 24,  9,  0]), Box: ([106.65321350097656, 115.84030151367188, 396.02642822265625, 293.3387145996094], [392.9556579589844, 180.39537048339844, 452.34625244140625, 223.76168823242188], [0.2733469009399414, 210.13711547851562, 102.90817260742188, 265.7198181152344], [135.97804260253906, 169.0176239013672, 164.120849609375, 199.7597198486328], [310.0008850097656, 184.05441284179688, 326.2616882324219, 246.97366333007812], [329.7481689453125, 185.6595458984375, 345.68719482421875, 243.40878295898438], [488.72442626953125, 198.35763549804688, 500.02789306640625, 217.90211486816406], [292.73480224609375, 181.74929809570312, 305.99688720703125, 250.4635467529297], [106.13671112060547, 115.5224838256836, 397.0466003417969, 293.2055969238281], [12.677303314208984, 200.6719512939453, 27.262788772583008, 226.59605407714844], [296.4581604003906, 180.4552001953125, 306.7811279296875, 205.6592254638672], [12.070028305053711, 200.75025939941406, 27.35536766052246, 214.98341369628906], [0.44364482164382935, 210.40476989746094, 102.8634033203125, 265.2231750488281], [347.25689697265625, 194.17059326171875, 359.64910888671875, 240.95111083984375], [295.8342590332031, 180.54632568359375, 307.0292053222656, 223.48146057128906], [488.8076171875, 198.29225158691406, 499.9325256347656, 217.91395568847656], [0.11199712753295898, 200.61012268066406, 11.522234916687012, 227.4410858154297], [98.28784942626953, 207.13978576660156, 109.87516021728516, 221.0419464111328], [147.60394287109375, 188.37161254882812, 151.85079956054688, 197.681396484375], [348.3515930175781, 194.2787322998047, 359.4056396484375, 223.080078125], [298.3743896484375, 180.38172912597656, 306.0559387207031, 195.10316467285156], [76.46305847167969, 207.6717071533203, 116.37139129638672, 243.3756103515625], [2.250561475753784, 200.63294982910156, 26.923145294189453, 242.76162719726562], [259.938232421875, 172.04820251464844, 268.241455078125, 194.76651000976562], [420.0538024902344, 130.92669677734375, 434.9959716796875, 161.18984985351562], [0.31964296102523804, 200.43817138671875, 11.856616973876953, 213.11749267578125], [231.4418182373047, 178.3565216064453, 238.85040283203125, 195.83285522460938], [293.1337890625, 187.50668334960938, 303.6338195800781, 206.1500244140625], [292.6643371582031, 187.2978515625, 304.125244140625, 221.95584106445312], [331.63787841796875, 184.37454223632812, 341.1007080078125, 200.29620361328125], [0.7789125442504883, 200.54864501953125, 27.352203369140625, 228.29913330078125], [28.25754165649414, 210.03656005859375, 115.4275131225586, 243.3028564453125], [231.2040557861328, 168.82786560058594, 241.5776824951172, 195.73854064941406], [330.0098571777344, 195.4495849609375, 343.5690002441406, 242.93942260742188], [331.7005615234375, 184.15704345703125, 343.3725891113281, 201.20379638671875], [312.1087951660156, 215.45028686523438, 321.0213623046875, 226.498779296875], [447.6346435546875, 195.85389709472656, 453.4027099609375, 216.1866912841797], [299.43402099609375, 182.14112854003906, 325.175537109375, 250.90841674804688], [311.09173583984375, 183.9766082763672, 325.8263854980469, 207.6577911376953], [96.56795501708984, 207.3402557373047, 115.28316497802734, 243.19923400878906], [145.02491760253906, 187.5231475830078, 151.5542755126953, 198.45382690429688], [330.5123596191406, 184.4704132080078, 345.26422119140625, 213.2658233642578], [297.7376403808594, 180.817138671875, 315.91156005859375, 251.36798095703125], [392.91168212890625, 180.23257446289062, 451.8858642578125, 223.51251220703125], [298.7009582519531, 180.501220703125, 307.5311584472656, 225.38014221191406], [79.2900619506836, 219.9146728515625, 116.06459045410156, 243.42807006835938], [330.5616149902344, 212.10638427734375, 342.6072998046875, 242.95584106445312], [295.8045654296875, 170.08970642089844, 306.97149658203125, 205.44761657714844], [292.4664306640625, 187.22732543945312, 299.6397399902344, 206.0769500732422], [421.2961730957031, 130.92227172851562, 434.7723693847656, 145.65061950683594], [260.4774475097656, 171.5117950439453, 267.0784912109375, 185.8047332763672], [348.43365478515625, 180.92454528808594, 359.9591064453125, 223.30433654785156], [7.742292881011963, 190.95814514160156, 17.011394500732422, 207.57810974121094], [311.6166076660156, 173.6029815673828, 324.35296630859375, 196.04441833496094], [295.9986267089844, 180.50404357910156, 310.3287353515625, 251.12890625], [106.13671112060547, 115.5224838256836, 397.0466003417969, 293.2055969238281], [330.7715759277344, 220.07252502441406, 342.4646301269531, 242.67025756835938], [119.4705581665039, 221.95657348632812, 132.06027221679688, 240.66941833496094], [7.188904762268066, 199.46856689453125, 15.849845886230469, 207.90660095214844], [331.3198547363281, 176.38648986816406, 343.427001953125, 200.3047637939453], [297.2291259765625, 181.69036865234375, 325.21173095703125, 250.89132690429688], [200.90748596191406, 66.36072540283203, 208.4055633544922, 107.87953186035156], [106.13671112060547, 115.5224838256836, 397.0466003417969, 293.2055969238281], [339.88165283203125, 196.7519989013672, 350.6610412597656, 243.2353515625], [0.18719257414340973, 200.31219482421875, 15.252588272094727, 227.560791015625], [318.7124328613281, 183.99351501464844, 326.73248291015625, 205.36358642578125], [311.8113098144531, 195.20021057128906, 320.3675537109375, 208.78370666503906], [296.6708984375, 180.46070861816406, 324.6230773925781, 205.94290161132812], [16.769834518432617, 200.68783569335938, 25.174081802368164, 207.78668212890625], [425.2134094238281, 183.0575714111328, 452.21173095703125, 221.10073852539062], [330.5616149902344, 212.10638427734375, 342.6072998046875, 242.95584106445312], [7.639072895050049, 200.5811004638672, 27.68355941772461, 263.9519348144531], [404.4667053222656, 151.2117919921875, 417.087158203125, 172.11317443847656], [36.38345718383789, 187.59446716308594, 49.023658752441406, 208.2686767578125], [202.7707977294922, 106.70327758789062, 215.8712158203125, 122.53700256347656], [476.3731384277344, 322.06805419921875, 499.73602294921875, 330.1019287109375], [332.6633605957031, 211.30381774902344, 341.84820556640625, 223.27987670898438], [311.2445373535156, 174.2296905517578, 321.4468994140625, 187.52857971191406], [315.85247802734375, 195.7286834716797, 326.9812927246094, 222.96665954589844], [317.831787109375, 183.81353759765625, 324.98773193359375, 197.61509704589844], [393.16326904296875, 206.3818817138672, 403.23138427734375, 224.1328582763672], [292.46771240234375, 186.9608154296875, 301.3062438964844, 206.1170196533203], [105.2499771118164, 211.48321533203125, 112.38017272949219, 220.8269500732422], [293.2536926269531, 225.3059539794922, 303.6856384277344, 249.24566650390625], [339.3494873046875, 210.59666442871094, 349.8680419921875, 243.45249938964844], [311.1283264160156, 195.2869873046875, 322.8183288574219, 216.4226837158203], [311.1283264160156, 195.2869873046875, 322.8183288574219, 216.4226837158203], [292.3924865722656, 192.08726501464844, 303.7299499511719, 250.0672607421875], [136.9810791015625, 186.9663848876953, 149.65005493164062, 199.4694366455078], [28.25754165649414, 210.03656005859375, 115.4275131225586, 243.3028564453125], [330.68243408203125, 198.2576446533203, 341.50250244140625, 212.46734619140625], [147.56576538085938, 188.77919006347656, 154.1873016357422, 198.6193389892578], [123.21453857421875, 222.01197814941406, 131.5980987548828, 238.5379638671875], [392.9556579589844, 180.39537048339844, 452.34625244140625, 223.76168823242188], [269.1873474121094, 176.56640625, 275.3306884765625, 194.3234405517578], [476.3731384277344, 322.06805419921875, 499.73602294921875, 330.1019287109375], [476.3731384277344, 322.06805419921875, 499.73602294921875, 330.1019287109375], [310.8506774902344, 186.52992248535156, 325.8855895996094, 245.944580078125], [245.68255615234375, 170.41171264648438, 258.3901672363281, 195.51023864746094], [292.1514587402344, 186.5426788330078, 296.9679870605469, 195.4774169921875], [107.35005950927734, 174.30364990234375, 115.38677978515625, 202.7521209716797], [476.3731384277344, 322.06805419921875, 499.73602294921875, 330.1019287109375], [330.5616149902344, 212.10638427734375, 342.6072998046875, 242.95584106445312], [314.4995422363281, 210.31410217285156, 324.86932373046875, 225.1055908203125], [393.5537109375, 215.6043243408203, 401.23321533203125, 224.1888427734375], [459.8179931640625, 191.26026916503906, 467.65447998046875, 210.86488342285156], [200.70001220703125, 66.11127471923828, 212.95750427246094, 122.55502319335938], [349.1883850097656, 194.2837371826172, 357.7234802246094, 210.04473876953125], [310.45635986328125, 195.89654541015625, 321.5743103027344, 223.81678771972656], [273.506103515625, 184.05979919433594, 283.1834411621094, 195.60647583007812], [40.02535629272461, 217.48919677734375, 51.26631546020508, 225.44131469726562], [291.6812438964844, 178.4597625732422, 297.1565856933594, 190.96136474609375], [22.979114532470703, 210.04302978515625, 102.06757354736328, 241.36550903320312], [276.7181091308594, 183.05442810058594, 283.909423828125, 195.51487731933594], [292.7174377441406, 216.3142852783203, 303.4845886230469, 249.1912841796875], [0.18719257414340973, 200.31219482421875, 15.252588272094727, 227.560791015625], [312.2550048828125, 170.36911010742188, 323.6514587402344, 188.07861328125], [330.7715759277344, 220.07252502441406, 342.4646301269531, 242.67025756835938], [330.7715759277344, 220.07252502441406, 342.4646301269531, 242.67025756835938], [0.2502351999282837, 212.5784149169922, 16.050270080566406, 228.35055541992188], [311.0709228515625, 185.4948272705078, 325.5185546875, 244.55712890625], [330.7715759277344, 220.07252502441406, 342.4646301269531, 242.67025756835938], [98.52421569824219, 180.21043395996094, 114.2518539428711, 221.78237915039062], [330.68243408203125, 198.2576446533203, 341.50250244140625, 212.46734619140625], [6.342470169067383, 199.731201171875, 16.620223999023438, 212.7915802001953], [392.91168212890625, 180.23257446289062, 451.8858642578125, 223.51251220703125], [76.46305847167969, 207.6717071533203, 116.37139129638672, 243.3756103515625], [293.3466491699219, 181.9284210205078, 325.9351806640625, 250.9762725830078], [106.65321350097656, 115.84030151367188, 396.02642822265625, 293.3387145996094], [310.35003662109375, 176.25637817382812, 319.34527587890625, 194.55352783203125], [292.6643371582031, 187.2978515625, 304.125244140625, 221.95584106445312], [316.889892578125, 183.34341430664062, 332.5150146484375, 247.07191467285156], [292.7174377441406, 216.3142852783203, 303.4845886230469, 249.1912841796875], [393.1026306152344, 180.61557006835938, 429.7568054199219, 223.4606475830078], [392.91168212890625, 180.23257446289062, 451.8858642578125, 223.51251220703125], [0.2502351999282837, 212.5784149169922, 16.050270080566406, 228.35055541992188], [0.19695982336997986, 226.90101623535156, 24.06393814086914, 265.8398132324219], [271.0397644042969, 174.29226684570312, 281.9394226074219, 194.98287963867188], [291.8196716308594, 179.3733673095703, 297.7146911621094, 194.3637237548828], [348.75006103515625, 194.37664794921875, 357.0778503417969, 210.91754150390625], [79.2900619506836, 219.9146728515625, 116.06459045410156, 243.42807006835938], [15.494728088378906, 208.93556213378906, 26.49649429321289, 226.62228393554688], [-0.02346280962228775, 208.8426055908203, 26.919572830200195, 265.93975830078125], [329.900146484375, 188.11976623535156, 343.3077392578125, 243.2679443359375], [484.1426696777344, 165.8088836669922, 492.9006042480469, 177.1607666015625], [292.0274658203125, 179.22804260253906, 297.5345153808594, 193.36660766601562], [232.17491149902344, 180.43377685546875, 241.52413940429688, 195.80181884765625], [392.91168212890625, 180.23257446289062, 451.8858642578125, 223.51251220703125], [33.40862274169922, 216.4002227783203, 44.81614685058594, 225.46017456054688], [313.3414001464844, 182.81292724609375, 323.6759033203125, 197.26971435546875], [488.72442626953125, 198.35763549804688, 500.02789306640625, 217.90211486816406], [47.30730438232422, 217.59559631347656, 56.293941497802734, 225.7574005126953], [260.8555908203125, 176.44537353515625, 280.8578186035156, 195.43292236328125], [0.10397098958492279, 210.26513671875, 17.888526916503906, 244.35385131835938], [293.2536926269531, 225.3059539794922, 303.6856384277344, 249.24566650390625], [489.7766418457031, 198.31443786621094, 499.8319396972656, 206.63284301757812], [493.23114013671875, 184.4335174560547, 500.0377197265625, 199.54074096679688], [310.4270935058594, 175.73814392089844, 318.4201354980469, 187.739990234375], [330.5616149902344, 212.10638427734375, 342.6072998046875, 242.95584106445312], [0.7789125442504883, 200.54864501953125, 27.352203369140625, 228.29913330078125], [316.2601318359375, 183.34228515625, 337.2135925292969, 247.01995849609375], [104.5615234375, 207.30056762695312, 111.95606231689453, 220.92538452148438], [315.85247802734375, 195.7286834716797, 326.9812927246094, 222.96665954589844], [55.456790924072266, 187.58872985839844, 70.40902709960938, 210.90447998046875], [339.3494873046875, 210.59666442871094, 349.8680419921875, 243.45249938964844], [292.6643371582031, 187.2978515625, 304.125244140625, 221.95584106445312], [96.56795501708984, 207.3402557373047, 115.28316497802734, 243.19923400878906], [310.1114501953125, 196.48037719726562, 314.0960388183594, 206.32427978515625], [260.29107666015625, 184.61703491210938, 268.5069885253906, 195.12025451660156], [425.2134094238281, 183.0575714111328, 452.21173095703125, 221.10073852539062], [425.2134094238281, 183.0575714111328, 452.21173095703125, 221.10073852539062], [441.85357666015625, 185.15121459960938, 453.295654296875, 216.9828643798828], [203.0673828125, 107.79462432861328, 213.76116943359375, 122.38092041015625], [476.3731384277344, 322.06805419921875, 499.73602294921875, 330.1019287109375], [311.8113098144531, 195.20021057128906, 320.3675537109375, 208.78370666503906], [293.1337890625, 187.50668334960938, 303.6338195800781, 206.1500244140625], [330.68243408203125, 198.2576446533203, 341.50250244140625, 212.46734619140625], [310.5499572753906, 195.6224365234375, 325.04425048828125, 244.11935424804688], [0.11199712753295898, 200.61012268066406, 11.522234916687012, 227.4410858154297], [468.2051086425781, 193.37535095214844, 474.07574462890625, 210.52867126464844], [476.3731384277344, 322.06805419921875, 499.73602294921875, 330.1019287109375], [394.49627685546875, 148.88084411621094, 416.03167724609375, 172.55831909179688], [447.6346435546875, 195.85389709472656, 453.4027099609375, 216.1866912841797], [293.2536926269531, 225.3059539794922, 303.6856384277344, 249.24566650390625], [410.92681884765625, 189.1411895751953, 420.7622985839844, 196.53475952148438], [297.9601135253906, 193.2309112548828, 304.4115905761719, 205.52870178222656], [489.1225891113281, 210.56309509277344, 500.0517883300781, 218.1170654296875], [428.5978698730469, 206.38125610351562, 448.0966796875, 221.3887939453125], [353.0326232910156, 194.18186950683594, 360.1917419433594, 222.1155242919922], [311.8113098144531, 195.20021057128906, 320.3675537109375, 208.78370666503906], [15.494728088378906, 208.93556213378906, 26.49649429321289, 226.62228393554688], [130.27545166015625, 190.05628967285156, 140.0785675048828, 199.7744903564453], [292.5376281738281, 208.81602478027344, 303.40850830078125, 249.2064666748047], [299.001708984375, 181.66712951660156, 326.1660461425781, 206.18272399902344], [349.8952941894531, 179.25018310546875, 359.14630126953125, 196.4532012939453], [394.0156555175781, 206.5057830810547, 432.2615966796875, 223.90745544433594], [0.44364482164382935, 210.40476989746094, 102.8634033203125, 265.2231750488281], [106.13671112060547, 115.5224838256836, 397.0466003417969, 293.2055969238281], [339.3494873046875, 210.59666442871094, 349.8680419921875, 243.45249938964844], [418.0020751953125, 141.2714385986328, 433.4784240722656, 161.03933715820312], [476.3731384277344, 322.06805419921875, 499.73602294921875, 330.1019287109375], [104.98827362060547, 208.21926879882812, 114.8569564819336, 231.07594299316406], [471.7088928222656, 194.94085693359375, 477.1972351074219, 210.77955627441406], [136.9810791015625, 186.9663848876953, 149.65005493164062, 199.4694366455078], [297.9601135253906, 193.2309112548828, 304.4115905761719, 205.52870178222656], [311.2123718261719, 194.4652099609375, 322.7186279296875, 208.34518432617188], [489.5315856933594, 198.19564819335938, 499.7698059082031, 208.34921264648438], [230.6822052001953, 177.25650024414062, 236.15994262695312, 195.66690063476562], [292.4664306640625, 187.22732543945312, 299.6397399902344, 206.0769500732422], [310.45635986328125, 195.89654541015625, 321.5743103027344, 223.81678771972656], [292.3227844238281, 213.38278198242188, 302.18060302734375, 230.6658172607422], [311.2123718261719, 194.4652099609375, 322.7186279296875, 208.34518432617188], [41.8977165222168, 187.64305114746094, 70.37895202636719, 210.88221740722656], [310.5499572753906, 195.6224365234375, 325.04425048828125, 244.11935424804688], [0.2502351999282837, 212.5784149169922, 16.050270080566406, 228.35055541992188], [476.3731384277344, 322.06805419921875, 499.73602294921875, 330.1019287109375], [312.09356689453125, 174.07725524902344, 323.275390625, 192.38954162597656], [297.9601135253906, 193.2309112548828, 304.4115905761719, 205.52870178222656], [291.7935791015625, 178.5757293701172, 297.4537658691406, 190.86302185058594], [200.90748596191406, 66.36072540283203, 208.4055633544922, 107.87953186035156], [36.761775970458984, 187.32302856445312, 43.83918762207031, 195.75485229492188], [98.28784942626953, 207.13978576660156, 109.87516021728516, 221.0419464111328], [332.6633605957031, 211.30381774902344, 341.84820556640625, 223.27987670898438], [0.31964296102523804, 200.43817138671875, 11.856616973876953, 213.11749267578125], [28.25754165649414, 210.03656005859375, 115.4275131225586, 243.3028564453125], [312.1087951660156, 215.45028686523438, 321.0213623046875, 226.498779296875], [476.3731384277344, 322.06805419921875, 499.73602294921875, 330.1019287109375], [0.2502351999282837, 212.5784149169922, 16.050270080566406, 228.35055541992188], [298.4457702636719, 169.4291229248047, 306.388427734375, 183.0596466064453], [476.3731384277344, 322.06805419921875, 499.73602294921875, 330.1019287109375], [272.2933654785156, 180.55836486816406, 282.71832275390625, 195.34280395507812], [488.72442626953125, 198.35763549804688, 500.02789306640625, 217.90211486816406], [106.13671112060547, 115.5224838256836, 397.0466003417969, 293.2055969238281], [0.10397098958492279, 210.26513671875, 17.888526916503906, 244.35385131835938], [151.83766174316406, 191.66384887695312, 160.57791137695312, 198.9654083251953], [299.2287902832031, 180.6036834716797, 310.54656982421875, 250.88949584960938], [96.56795501708984, 207.3402557373047, 115.28316497802734, 243.19923400878906], [329.85455322265625, 195.84848022460938, 353.6611328125, 243.46417236328125], [28.035011291503906, 206.67227172851562, 53.3370246887207, 213.14869689941406], [293.1337890625, 187.50668334960938, 303.6338195800781, 206.1500244140625], [136.9178009033203, 171.72068786621094, 162.71600341796875, 199.18199157714844], [293.2536926269531, 225.3059539794922, 303.6856384277344, 249.24566650390625], [340.52447509765625, 198.950439453125, 347.0280456542969, 221.3027801513672], [318.0613098144531, 204.69949340820312, 333.126708984375, 247.5050811767578], [147.60394287109375, 188.37161254882812, 151.85079956054688, 197.681396484375], [79.2900619506836, 219.9146728515625, 116.06459045410156, 243.42807006835938], [292.5376281738281, 208.81602478027344, 303.40850830078125, 249.2064666748047], [340.52447509765625, 198.950439453125, 347.0280456542969, 221.3027801513672], [441.85357666015625, 185.15121459960938, 453.295654296875, 216.9828643798828], [310.45635986328125, 195.89654541015625, 321.5743103027344, 223.81678771972656], [317.18798828125, 198.87123107910156, 327.5803527832031, 228.75550842285156], [421.2961730957031, 130.92227172851562, 434.7723693847656, 145.65061950683594], [488.8076171875, 198.29225158691406, 499.9325256347656, 217.91395568847656], [108.4205093383789, 115.665283203125, 430.22723388671875, 292.219970703125], [231.4418182373047, 178.3565216064453, 238.85040283203125, 195.83285522460938], [330.0098571777344, 195.4495849609375, 343.5690002441406, 242.93942260742188], [463.5292663574219, 192.80807495117188, 470.54217529296875, 211.02024841308594], [300.6422424316406, 180.42425537109375, 305.07696533203125, 188.25607299804688], [311.2123718261719, 194.4652099609375, 322.7186279296875, 208.34518432617188], [318.10546875, 196.33346557617188, 331.06243896484375, 248.24435424804688], [312.1087951660156, 215.45028686523438, 321.0213623046875, 226.498779296875], [393.1026306152344, 180.61557006835938, 429.7568054199219, 223.4606475830078], [291.4989318847656, 186.8426055908203, 296.2776184082031, 195.95050048828125], [402.81414794921875, 189.0001983642578, 415.1780700683594, 196.81431579589844], [100.34329223632812, 210.38565063476562, 109.17723846435547, 220.97454833984375], [428.5978698730469, 206.38125610351562, 448.0966796875, 221.3887939453125], [293.89154052734375, 182.84219360351562, 353.9866943359375, 246.98895263671875], [488.72442626953125, 198.35763549804688, 500.02789306640625, 217.90211486816406], [98.28784942626953, 207.13978576660156, 109.87516021728516, 221.0419464111328], [317.69940185546875, 195.40855407714844, 325.84039306640625, 208.0482635498047], [145.02491760253906, 187.5231475830078, 151.5542755126953, 198.45382690429688], [279.6879577636719, 184.40023803710938, 284.9957580566406, 195.5670623779297], [297.9601135253906, 193.2309112548828, 304.4115905761719, 205.52870178222656], [292.7174377441406, 216.3142852783203, 303.4845886230469, 249.1912841796875], [333.2996826171875, 200.10401916503906, 342.5585021972656, 212.4463348388672], [136.9810791015625, 186.9663848876953, 149.65005493164062, 199.4694366455078], [494.0629577636719, 184.25477600097656, 500.2161865234375, 194.18951416015625], [293.2536926269531, 225.3059539794922, 303.6856384277344, 249.24566650390625], [489.1225891113281, 210.56309509277344, 500.0517883300781, 218.1170654296875], [393.2046203613281, 200.7953643798828, 402.83990478515625, 216.4971923828125], [35.752037048339844, 197.6906280517578, 50.060489654541016, 209.27523803710938], [482.78399658203125, 137.45994567871094, 487.7681884765625, 145.48715209960938], [393.5537109375, 215.6043243408203, 401.23321533203125, 224.1888427734375], [482.78399658203125, 137.45994567871094, 487.7681884765625, 145.48715209960938], [0.2733469009399414, 210.13711547851562, 102.90817260742188, 265.7198181152344], [292.7174377441406, 216.3142852783203, 303.4845886230469, 249.1912841796875], [96.56795501708984, 207.3402557373047, 115.28316497802734, 243.19923400878906], [474.2713623046875, 136.19252014160156, 480.8450927734375, 145.80381774902344], [393.903564453125, 199.81161499023438, 448.54437255859375, 223.9107208251953], [0.7760198712348938, 206.12393188476562, 28.77031707763672, 215.60406494140625], [0.11199712753295898, 200.61012268066406, 11.522234916687012, 227.4410858154297], [339.7709045410156, 194.3927459716797, 349.95758056640625, 242.6179962158203], [339.3494873046875, 210.59666442871094, 349.8680419921875, 243.45249938964844], [108.72209167480469, 117.3830337524414, 395.2925720214844, 206.5029754638672], [311.1283264160156, 195.2869873046875, 322.8183288574219, 216.4226837158203], [130.27545166015625, 190.05628967285156, 140.0785675048828, 199.7744903564453], [111.36431884765625, 202.152587890625, 199.2744903564453, 244.7898712158203], [340.52447509765625, 198.950439453125, 347.0280456542969, 221.3027801513672], [494.0629577636719, 184.25477600097656, 500.2161865234375, 194.18951416015625], [147.60394287109375, 188.37161254882812, 151.85079956054688, 197.681396484375]), Score: [0.9423374533653259, 0.9145850539207458, 0.9116389155387878, 0.857428789138794, 0.7976566553115845, 0.7464861869812012, 0.6993387341499329, 0.5332695245742798, 0.46962669491767883, 0.449255108833313, 0.4147203266620636, 0.35225537419319153, 0.3414645493030548, 0.2751632332801819, 0.22459709644317627, 0.21111755073070526, 0.20681601762771606, 0.18985237181186676, 0.18506768345832825, 0.1813225895166397, 0.17747050523757935, 0.1740819215774536, 0.1618950068950653, 0.16183589398860931, 0.1595297008752823, 0.1580882966518402, 0.1566789597272873, 0.15058188140392303, 0.1496351957321167, 0.1383363902568817, 0.13776849210262299, 0.13744589686393738, 0.13678103685379028, 0.13615906238555908, 0.13454076647758484, 0.1337558776140213, 0.12942105531692505, 0.12861384451389313, 0.12852716445922852, 0.1272878497838974, 0.12728719413280487, 0.12454168498516083, 0.12383078038692474, 0.1233724057674408, 0.12291516363620758, 0.12014920264482498, 0.11832725256681442, 0.1152227371931076, 0.11497518420219421, 0.11466513574123383, 0.10921820253133774, 0.10805158317089081, 0.10763038694858551, 0.106048084795475, 0.10232292860746384, 0.10069580376148224, 0.09651651978492737, 0.09516272693872452, 0.09420622140169144, 0.08865629881620407, 0.08847535401582718, 0.0878816694021225, 0.087800033390522, 0.0860486552119255, 0.08489226549863815, 0.08400166034698486, 0.08370830863714218, 0.08183861523866653, 0.08179470151662827, 0.08011198788881302, 0.08009672164916992, 0.07968799769878387, 0.07955683767795563, 0.0794283077120781, 0.07822165638208389, 0.07793305069208145, 0.07735101133584976, 0.07702669501304626, 0.07663711905479431, 0.0765921026468277, 0.07543699443340302, 0.07532551884651184, 0.07476857304573059, 0.07361719757318497, 0.07165667414665222, 0.07061485946178436, 0.0704047828912735, 0.06998983770608902, 0.0698552057147026, 0.06975152343511581, 0.06773526966571808, 0.06772538274526596, 0.06755176931619644, 0.06731998920440674, 0.06708823144435883, 0.06645582616329193, 0.06609734147787094, 0.06578357517719269, 0.06576959788799286, 0.06521051377058029, 0.06519357115030289, 0.06498155742883682, 0.063785120844841, 0.06363096088171005, 0.0631619244813919, 0.06289836764335632, 0.06249751150608063, 0.062425971031188965, 0.06200637295842171, 0.06155386567115784, 0.061504825949668884, 0.06091080605983734, 0.060129210352897644, 0.06008129566907883, 0.05994477868080139, 0.0599229633808136, 0.05945850908756256, 0.05927834287285805, 0.05919990688562393, 0.05918138474225998, 0.05914446339011192, 0.05900716781616211, 0.05852442979812622, 0.05819355323910713, 0.05803453549742699, 0.05759001895785332, 0.05744963884353638, 0.056967999786138535, 0.0568167082965374, 0.056786540895700455, 0.05621997267007828, 0.05598520487546921, 0.0557045079767704, 0.05538691580295563, 0.05517653748393059, 0.05471137538552284, 0.05470113828778267, 0.054557379335165024, 0.05425520986318588, 0.05405590310692787, 0.05403393879532814, 0.05394737049937248, 0.05322388932108879, 0.05270279571413994, 0.05264130234718323, 0.052251964807510376, 0.05211329087615013, 0.05210980400443077, 0.052013859152793884, 0.05200192704796791, 0.05165451392531395, 0.05159910023212433, 0.05117997154593468, 0.05110659450292587, 0.050990842282772064, 0.05081072822213173, 0.05061553418636322, 0.05009150505065918, 0.04950312152504921, 0.049480509012937546, 0.049323055893182755, 0.049047987908124924, 0.04811020940542221, 0.04803646728396416, 0.04797704890370369, 0.04714726284146309, 0.04703090339899063, 0.047022778540849686, 0.04627270624041557, 0.04620477184653282, 0.04604022577404976, 0.04582641273736954, 0.04566526040434837, 0.0455443449318409, 0.04442029818892479, 0.04437415301799774, 0.04383961111307144, 0.04380865767598152, 0.04335128143429756, 0.043331705033779144, 0.04319509491324425, 0.04309840872883797, 0.04287049546837807, 0.04284647852182388, 0.04190430790185928, 0.0417567640542984, 0.04170798510313034, 0.0415387898683548, 0.04151715338230133, 0.04146549850702286, 0.04125155881047249, 0.041197411715984344, 0.04098830372095108, 0.040947798639535904, 0.04061070457100868, 0.0405132919549942, 0.04035934433341026, 0.04019143432378769, 0.04007690027356148, 0.040058642625808716, 0.0399908646941185, 0.03949311748147011, 0.03884810209274292, 0.0387573204934597, 0.03838087618350983, 0.03820796310901642, 0.038087133318185806, 0.037943411618471146, 0.03741663694381714, 0.037272557616233826, 0.03720249980688095, 0.03700609132647514, 0.03688863664865494, 0.03674738481640816, 0.03657599538564682, 0.036535002291202545, 0.036213863641023636, 0.036046214401721954, 0.035886239260435104, 0.035757727921009064, 0.03571535274386406, 0.03555678203701973, 0.035396140068769455, 0.035271041095256805, 0.034694742411375046, 0.03460369631648064, 0.03402424231171608, 0.03395869955420494, 0.03391188755631447, 0.03383515775203705, 0.033748213201761246, 0.033729732036590576, 0.03347710892558098, 0.033403873443603516, 0.03325088694691658, 0.033206161111593246, 0.033200014382600784, 0.033181436359882355, 0.03313818946480751, 0.033090829849243164, 0.033022746443748474, 0.03292346000671387, 0.03272593021392822, 0.032641079276800156, 0.03254440426826477, 0.032528508454561234, 0.03251679241657257, 0.03247463330626488, 0.032429762184619904, 0.03218367323279381, 0.032086458057165146, 0.03194946050643921, 0.03194577246904373, 0.03188856318593025, 0.03182356059551239, 0.03175012767314911, 0.03171864151954651, 0.031708769500255585, 0.03160116448998451, 0.031508468091487885, 0.031396832317113876, 0.031366392970085144, 0.0312749482691288, 0.031169740483164787, 0.031134208664298058, 0.030938921496272087, 0.030925504863262177, 0.03086567483842373, 0.030855713412165642, 0.03081226907670498, 0.030768565833568573, 0.030625665560364723, 0.030618639662861824, 0.030564377084374428, 0.03055727295577526, 0.030529337003827095, 0.030382143333554268, 0.030367663130164146, 0.030227039009332657, 0.03021538257598877, 0.030118027701973915, 0.029957935214042664, 0.02982824668288231, 0.029754478484392166, 0.029727095738053322, 0.02971162460744381, 0.02959340065717697, 0.029567640274763107, 0.02952563762664795, 0.029492609202861786, 0.029448455199599266, 0.029202071949839592, 0.029197201132774353, 0.029121868312358856, 0.029016120359301567, 0.02890062890946865, 0.028778482228517532, 0.028522932901978493, 0.028138315305113792, 0.02800576016306877]

Execution time: 0.4040 sec
