Label: tensor([ 0, 26, 74, 26, 26,  0, 24, 24, 24, 26, 26, 26, 74, 27, 74, 26, 24,  9,
        26, 26, 77, 26, 27, 26, 26, 24, 77,  9, 75, 75, 27, 39, 25, 24, 39, 27,
        27, 24,  0, 74, 24, 26, 26, 24, 24, 25, 25, 60, 26, 24, 26, 24, 24, 24,
        27, 24,  0, 60, 74, 26, 26, 26, 27, 24,  0, 27, 27, 26, 26, 74, 26, 26,
        26, 24,  0, 24, 26, 27,  0, 75, 24, 74, 24, 26, 24, 27, 24, 26, 26, 14,
        26, 24, 24, 74, 74, 58, 24, 24, 56, 74, 25, 26, 26,  0, 58, 32, 39, 26,
        55, 60, 67, 24, 25, 27,  0,  9, 26, 24, 75,  9, 24, 74, 24, 26, 43, 39,
        58, 67, 26, 26, 77,  0, 24, 26, 24, 77, 26, 25, 24, 27, 60, 26, 74,  0,
         0, 39, 72, 27, 26,  0, 74, 33, 26, 72, 25, 72, 26, 74, 24, 24,  0,  0,
        67, 24,  0, 67, 55, 14,  0, 27, 24, 72, 72, 24, 24, 72, 56, 55, 75, 62,
        24, 28, 56, 56, 55, 67, 26,  0, 75, 24, 26, 77, 74, 26,  0, 39, 26, 26,
        26,  0, 17, 74, 77, 24,  9, 13,  9, 33,  0, 14, 74, 26, 74, 33, 77, 56,
        67, 62, 25, 67,  0,  0, 26, 60, 27,  0,  0, 74, 28, 26, 11, 28, 55, 11,
        26, 24, 26, 75, 56, 26,  0, 27, 26, 58, 72, 27, 24, 39, 56, 56, 27, 74,
        16, 75, 62, 26, 39, 14, 41, 26, 56, 27, 67, 72, 77, 15, 39, 76,  0, 62,
        33, 43, 24, 15, 55, 27, 55, 75, 60,  0, 77,  0, 28, 24, 25, 27,  0, 40,
        26, 25, 27, 67, 47, 26, 60, 77, 77, 51, 40, 26]), Box: ([204.9765167236328, 22.93142318725586, 344.0641174316406, 374.54437255859375], [217.16197204589844, 102.16670227050781, 303.71405029296875, 204.27833557128906], [302.1942138671875, 274.22564697265625, 313.5450134277344, 284.24151611328125], [209.53916931152344, 101.91511535644531, 303.5570373535156, 227.69029235839844], [88.0939712524414, 99.76053619384766, 303.6229553222656, 270.1357421875], [199.65362548828125, 28.274673461914062, 235.89468383789062, 123.72044372558594], [217.16197204589844, 102.16670227050781, 303.71405029296875, 204.27833557128906], [209.53916931152344, 101.91511535644531, 303.5570373535156, 227.69029235839844], [210.6127471923828, 102.89527130126953, 304.98394775390625, 229.61891174316406], [89.6878890991211, 101.836669921875, 305.07958984375, 317.4102478027344], [336.7590637207031, 146.50802612304688, 372.0851135253906, 240.7935333251953], [210.27305603027344, 102.3777084350586, 303.705078125, 279.4321594238281], [315.44085693359375, 277.8510437011719, 323.218017578125, 283.486328125], [88.0939712524414, 99.76053619384766, 303.6229553222656, 270.1357421875], [301.39630126953125, 273.2512512207031, 323.42730712890625, 285.3873596191406], [218.77651977539062, 112.75546264648438, 271.6311950683594, 193.6742706298828], [214.95809936523438, 102.43397521972656, 306.5655517578125, 206.03611755371094], [124.02406311035156, 0.4197014570236206, 166.7497100830078, 51.16735076904297], [323.21490478515625, 146.82643127441406, 386.509521484375, 286.09466552734375], [77.9540786743164, 260.91094970703125, 101.29716491699219, 300.0572814941406], [83.42959594726562, 52.91407012939453, 229.3385009765625, 373.778564453125], [209.58741760253906, 113.51856231689453, 274.7272033691406, 227.66929626464844], [217.16197204589844, 102.16670227050781, 303.71405029296875, 204.27833557128906], [210.14865112304688, 101.30538177490234, 303.51202392578125, 277.3512268066406], [83.60955810546875, 101.6784439086914, 306.95343017578125, 314.0630187988281], [210.27305603027344, 102.3777084350586, 303.705078125, 279.4321594238281], [127.74483489990234, 224.0586395263672, 182.21424865722656, 266.74102783203125], [123.63233947753906, 0.38824138045310974, 180.76702880859375, 50.704734802246094], [336.7590637207031, 146.50802612304688, 372.0851135253906, 240.7935333251953], [323.21490478515625, 146.82643127441406, 386.509521484375, 286.09466552734375], [89.6878890991211, 101.836669921875, 305.07958984375, 317.4102478027344], [323.21490478515625, 146.82643127441406, 386.509521484375, 286.09466552734375], [336.7590637207031, 146.50802612304688, 372.0851135253906, 240.7935333251953], [212.10211181640625, 103.2525634765625, 342.2455139160156, 226.34706115722656], [336.7590637207031, 146.50802612304688, 372.0851135253906, 240.7935333251953], [218.77651977539062, 112.75546264648438, 271.6311950683594, 193.6742706298828], [227.64808654785156, 113.72746276855469, 270.1969909667969, 154.28713989257812], [210.8731231689453, 102.19422912597656, 339.2608642578125, 232.2080841064453], [199.58111572265625, 23.213680267333984, 268.5982971191406, 122.81304168701172], [131.43167114257812, 6.685203552246094, 154.58518981933594, 30.306509017944336], [221.74403381347656, 101.52798461914062, 303.62518310546875, 183.7881317138672], [211.5955047607422, 101.72730255126953, 308.37322998046875, 327.4307556152344], [68.32643127441406, 258.77020263671875, 101.04219818115234, 300.03662109375], [210.14865112304688, 101.30538177490234, 303.51202392578125, 277.3512268066406], [88.0939712524414, 99.76053619384766, 303.6229553222656, 270.1357421875], [323.21490478515625, 146.82643127441406, 386.509521484375, 286.09466552734375], [322.4528503417969, 146.06898498535156, 411.0148620605469, 374.3417053222656], [320.7161865234375, 276.3575744628906, 410.9317321777344, 374.45635986328125], [210.8731231689453, 102.19422912597656, 339.2608642578125, 232.2080841064453], [211.79920959472656, 101.39188385009766, 332.5379943847656, 279.56195068359375], [210.96571350097656, 100.65062713623047, 303.99542236328125, 343.2262268066406], [83.60955810546875, 101.6784439086914, 306.95343017578125, 314.0630187988281], [213.96475219726562, 107.92708587646484, 355.6883239746094, 243.07351684570312], [220.66831970214844, 103.37850189208984, 303.6814270019531, 182.41358947753906], [209.53916931152344, 101.91511535644531, 303.5570373535156, 227.69029235839844], [218.77651977539062, 112.75546264648438, 271.6311950683594, 193.6742706298828], [199.34669494628906, 22.675825119018555, 274.7275695800781, 191.6199188232422], [322.6766357421875, 237.5065460205078, 410.79266357421875, 374.1579284667969], [130.3529510498047, 6.314294338226318, 155.1861114501953, 31.33636474609375], [196.28395080566406, 102.53766632080078, 307.1412353515625, 373.2238464355469], [211.79920959472656, 101.39188385009766, 332.5379943847656, 279.56195068359375], [213.99539184570312, 107.31681060791016, 410.8516540527344, 373.8085021972656], [209.58741760253906, 113.51856231689453, 274.7272033691406, 227.66929626464844], [219.3536834716797, 113.3501968383789, 270.63916015625, 203.52841186523438], [200.05532836914062, 23.47168731689453, 285.10260009765625, 122.76435089111328], [336.7590637207031, 146.50802612304688, 372.0851135253906, 240.7935333251953], [127.74483489990234, 224.0586395263672, 182.21424865722656, 266.74102783203125], [71.1495590209961, 259.51824951171875, 106.80802154541016, 320.5063781738281], [211.6794891357422, 103.56446838378906, 307.7408447265625, 224.99349975585938], [302.4365234375, 274.3843078613281, 312.34942626953125, 284.0386047363281], [323.6666564941406, 147.10813903808594, 405.97381591796875, 290.31402587890625], [212.10211181640625, 103.2525634765625, 342.2455139160156, 226.34706115722656], [213.96475219726562, 107.92708587646484, 355.6883239746094, 243.07351684570312], [199.99436950683594, 54.82526779174805, 231.9871368408203, 116.8247299194336], [202.595947265625, 23.84844207763672, 338.4920349121094, 204.30868530273438], [210.60028076171875, 101.69575500488281, 318.5171203613281, 274.41204833984375], [338.1382141113281, 153.00408935546875, 359.9997253417969, 239.40232849121094], [83.60955810546875, 101.6784439086914, 306.95343017578125, 314.0630187988281], [83.42959594726562, 52.91407012939453, 229.3385009765625, 373.778564453125], [329.8186340332031, 236.9219970703125, 385.29608154296875, 285.6975402832031], [199.57872009277344, 55.50550079345703, 234.0331268310547, 124.00894927978516], [316.363525390625, 278.4532165527344, 323.30865478515625, 283.7377014160156], [211.5955047607422, 101.72730255126953, 308.37322998046875, 327.4307556152344], [324.4306640625, 146.67440795898438, 388.82867431640625, 285.3064270019531], [210.23243713378906, 102.48255920410156, 313.8818664550781, 286.4146728515625], [338.1382141113281, 153.00408935546875, 359.9997253417969, 239.40232849121094], [210.4926300048828, 97.2671127319336, 310.409423828125, 226.97557067871094], [211.09658813476562, 102.56568145751953, 305.7546691894531, 329.47503662109375], [212.9212646484375, 101.26219940185547, 335.627197265625, 310.3780822753906], [127.74483489990234, 224.0586395263672, 182.21424865722656, 266.74102783203125], [210.60028076171875, 101.69575500488281, 318.5171203613281, 274.41204833984375], [211.6794891357422, 103.56446838378906, 307.7408447265625, 224.99349975585938], [89.6878890991211, 101.836669921875, 305.07958984375, 317.4102478027344], [315.4621276855469, 272.8859558105469, 325.26220703125, 282.76031494140625], [329.8186340332031, 236.9219970703125, 385.29608154296875, 285.6975402832031], [336.7590637207031, 146.50802612304688, 372.0851135253906, 240.7935333251953], [77.9540786743164, 260.91094970703125, 101.29716491699219, 300.0572814941406], [212.9212646484375, 101.26219940185547, 335.627197265625, 310.3780822753906], [77.9540786743164, 260.91094970703125, 101.29716491699219, 300.0572814941406], [313.0255126953125, 276.8399963378906, 324.99530029296875, 284.81317138671875], [217.16197204589844, 102.16670227050781, 303.71405029296875, 204.27833557128906], [211.7393341064453, 101.15077209472656, 303.3069152832031, 373.2347412109375], [210.23243713378906, 102.48255920410156, 313.8818664550781, 286.4146728515625], [83.3129653930664, 25.50048828125, 281.4615783691406, 373.55487060546875], [323.21490478515625, 146.82643127441406, 386.509521484375, 286.09466552734375], [302.1942138671875, 274.22564697265625, 313.5450134277344, 284.24151611328125], [324.4306640625, 146.67440795898438, 388.82867431640625, 285.3064270019531], [321.41925048828125, 145.8985137939453, 384.93817138671875, 286.3887023925781], [323.21490478515625, 146.82643127441406, 386.509521484375, 286.09466552734375], [322.4528503417969, 146.06898498535156, 411.0148620605469, 374.3417053222656], [217.16197204589844, 102.16670227050781, 303.71405029296875, 204.27833557128906], [210.75726318359375, 103.6015396118164, 301.6830139160156, 223.81719970703125], [324.4306640625, 146.67440795898438, 388.82867431640625, 285.3064270019531], [158.92140197753906, 148.6988067626953, 177.72059631347656, 163.18861389160156], [199.33682250976562, 23.457616806030273, 310.630859375, 123.94365692138672], [131.43167114257812, 6.685203552246094, 154.58518981933594, 30.306509017944336], [227.64808654785156, 113.72746276855469, 270.1969909667969, 154.28713989257812], [209.58741760253906, 113.51856231689453, 274.7272033691406, 227.66929626464844], [322.4528503417969, 146.06898498535156, 411.0148620605469, 374.3417053222656], [84.8073501586914, 0.462166965007782, 179.93565368652344, 115.89219665527344], [71.1495590209961, 259.51824951171875, 106.80802154541016, 320.5063781738281], [130.0345916748047, 6.387694835662842, 155.8880157470703, 32.142215728759766], [211.09658813476562, 102.56568145751953, 305.7546691894531, 329.47503662109375], [204.5524444580078, 65.32929229736328, 362.05120849609375, 236.57554626464844], [217.16197204589844, 102.16670227050781, 303.71405029296875, 204.27833557128906], [322.4528503417969, 146.06898498535156, 411.0148620605469, 374.3417053222656], [322.4528503417969, 146.06898498535156, 411.0148620605469, 374.3417053222656], [85.4959945678711, 39.70180130004883, 145.05233764648438, 115.5947494506836], [211.9761199951172, 104.83523559570312, 303.93902587890625, 232.12008666992188], [228.7463836669922, 101.77825164794922, 302.6992492675781, 149.5966339111328], [107.86650848388672, 63.391082763671875, 218.73175048828125, 278.84979248046875], [200.77537536621094, 33.527305603027344, 230.04754638671875, 73.59896850585938], [68.32643127441406, 258.77020263671875, 101.04219818115234, 300.03662109375], [212.2652587890625, 115.052001953125, 275.55126953125, 373.848876953125], [210.96571350097656, 100.65062713623047, 303.99542236328125, 343.2262268066406], [112.13356018066406, 223.978515625, 181.861572265625, 266.866943359375], [322.4528503417969, 146.06898498535156, 411.0148620605469, 374.3417053222656], [323.6666564941406, 147.10813903808594, 405.97381591796875, 290.31402587890625], [211.9761199951172, 104.83523559570312, 303.93902587890625, 232.12008666992188], [175.73605346679688, 231.16482543945312, 185.2745819091797, 278.42486572265625], [84.76324462890625, 264.4324951171875, 411.6964416503906, 374.8709411621094], [210.75904846191406, 102.57342529296875, 305.2174987792969, 317.67242431640625], [332.8260803222656, 240.80392456054688, 379.3854064941406, 284.34771728515625], [336.7590637207031, 146.50802612304688, 372.0851135253906, 240.7935333251953], [199.57872009277344, 55.50550079345703, 234.0331268310547, 124.00894927978516], [323.6666564941406, 147.10813903808594, 405.97381591796875, 290.31402587890625], [322.4528503417969, 146.06898498535156, 411.0148620605469, 374.3417053222656], [175.78903198242188, 230.1090087890625, 186.91697692871094, 278.37371826171875], [210.4926300048828, 97.2671127319336, 310.409423828125, 226.97557067871094], [215.5414581298828, 34.558929443359375, 229.34613037109375, 55.73720169067383], [290.5589904785156, 273.579833984375, 322.0906982421875, 326.0712890625], [89.6878890991211, 101.836669921875, 305.07958984375, 317.4102478027344], [211.00682067871094, 101.00865936279297, 302.5665283203125, 293.65960693359375], [320.7161865234375, 276.3575744628906, 410.9317321777344, 374.45635986328125], [338.1382141113281, 153.00408935546875, 359.9997253417969, 239.40232849121094], [83.42959594726562, 52.91407012939453, 229.3385009765625, 373.778564453125], [329.8186340332031, 236.9219970703125, 385.29608154296875, 285.6975402832031], [124.02406311035156, 0.4197014570236206, 166.7497100830078, 51.16735076904297], [228.7463836669922, 101.77825164794922, 302.6992492675781, 149.5966339111328], [87.40155029296875, 63.48801040649414, 316.40338134765625, 285.45562744140625], [204.95700073242188, 22.34181785583496, 342.4980163574219, 374.7725524902344], [322.4528503417969, 146.06898498535156, 411.0148620605469, 374.3417053222656], [114.42366790771484, 228.47740173339844, 132.4095001220703, 245.52650451660156], [211.00682067871094, 101.00865936279297, 302.5665283203125, 293.65960693359375], [85.91281127929688, 24.177610397338867, 309.0500793457031, 374.18206787109375], [215.5414581298828, 34.558929443359375, 229.34613037109375, 55.73720169067383], [83.42959594726562, 52.91407012939453, 229.3385009765625, 373.778564453125], [336.7590637207031, 146.50802612304688, 372.0851135253906, 240.7935333251953], [86.44223022460938, 40.271995544433594, 347.3227844238281, 373.5545654296875], [228.7463836669922, 101.77825164794922, 302.6992492675781, 149.5966339111328], [210.75904846191406, 102.57342529296875, 305.2174987792969, 317.67242431640625], [322.6766357421875, 237.5065460205078, 410.79266357421875, 374.1579284667969], [72.22725677490234, 0.49018487334251404, 231.83349609375, 374.5982971191406], [204.5524444580078, 65.32929229736328, 362.05120849609375, 236.57554626464844], [200.07745361328125, 55.50813674926758, 222.3162841796875, 83.60995483398438], [79.13365936279297, 1.2797266244888306, 231.27633666992188, 373.3987121582031], [71.1495590209961, 259.51824951171875, 106.80802154541016, 320.5063781738281], [158.92140197753906, 148.6988067626953, 177.72059631347656, 163.18861389160156], [323.6666564941406, 147.10813903808594, 405.97381591796875, 290.31402587890625], [124.02406311035156, 0.4197014570236206, 166.7497100830078, 51.16735076904297], [199.65362548828125, 28.274673461914062, 235.89468383789062, 123.72044372558594], [88.0939712524414, 99.76053619384766, 303.6229553222656, 270.1357421875], [68.32643127441406, 258.77020263671875, 101.04219818115234, 300.03662109375], [336.7590637207031, 146.50802612304688, 372.0851135253906, 240.7935333251953], [127.74483489990234, 224.0586395263672, 182.21424865722656, 266.74102783203125], [302.1942138671875, 274.22564697265625, 313.5450134277344, 284.24151611328125], [221.74403381347656, 101.52798461914062, 303.62518310546875, 183.7881317138672], [200.90066528320312, 23.911022186279297, 322.0508117675781, 278.1628112792969], [324.4306640625, 146.67440795898438, 388.82867431640625, 285.3064270019531], [200.41432189941406, 54.98143005371094, 222.171142578125, 105.17076873779297], [210.6127471923828, 102.89527130126953, 304.98394775390625, 229.61891174316406], [88.89402770996094, 146.31703186035156, 216.56935119628906, 279.5929870605469], [300.244140625, 264.71783447265625, 327.8262634277344, 284.5541687011719], [211.7458953857422, 110.40220642089844, 292.6122741699219, 321.0445861816406], [200.4281005859375, 24.261709213256836, 286.53790283203125, 346.6765441894531], [329.8186340332031, 236.9219970703125, 385.29608154296875, 285.6975402832031], [211.24456787109375, 105.70873260498047, 294.4776916503906, 260.7585144042969], [260.6037292480469, 103.07673645019531, 352.6884460449219, 240.92218017578125], [87.40155029296875, 63.48801040649414, 316.40338134765625, 285.45562744140625], [5.55416202545166, 0.07840991020202637, 232.9306640625, 374.93463134765625], [83.42959594726562, 52.91407012939453, 229.3385009765625, 373.778564453125], [297.73785400390625, 271.8529052734375, 332.2760314941406, 285.5844421386719], [83.3129653930664, 25.50048828125, 281.4615783691406, 373.55487060546875], [227.64808654785156, 113.72746276855469, 270.1969909667969, 154.28713989257812], [85.4959945678711, 39.70180130004883, 145.05233764648438, 115.5947494506836], [320.7161865234375, 276.3575744628906, 410.9317321777344, 374.45635986328125], [130.3529510498047, 6.314294338226318, 155.1861114501953, 31.33636474609375], [127.74483489990234, 224.0586395263672, 182.21424865722656, 266.74102783203125], [202.2222137451172, 25.18021011352539, 409.76141357421875, 373.6253356933594], [158.92140197753906, 148.6988067626953, 177.72059631347656, 163.18861389160156], [123.63233947753906, 0.38824138045310974, 180.76702880859375, 50.704734802246094], [213.61187744140625, 118.33606719970703, 395.6250305175781, 282.31719970703125], [299.3052062988281, 273.2911376953125, 324.1239318847656, 291.3531494140625], [88.0939712524414, 99.76053619384766, 303.6229553222656, 270.1357421875], [140.7235870361328, 237.47206115722656, 179.09950256347656, 265.1099548339844], [93.47329711914062, 261.54949951171875, 112.3527603149414, 321.3503112792969], [124.02406311035156, 0.4197014570236206, 166.7497100830078, 51.16735076904297], [123.63233947753906, 0.38824138045310974, 180.76702880859375, 50.704734802246094], [88.0939712524414, 99.76053619384766, 303.6229553222656, 270.1357421875], [218.77651977539062, 112.75546264648438, 271.6311950683594, 193.6742706298828], [199.99436950683594, 54.82526779174805, 231.9871368408203, 116.8247299194336], [201.15560913085938, 31.0694580078125, 359.19464111328125, 220.52047729492188], [212.47854614257812, 100.6225357055664, 338.1905822753906, 259.5708312988281], [10.301217079162598, 238.54367065429688, 412.4805908203125, 374.5738220214844], [353.0120849609375, 194.8220977783203, 364.896728515625, 225.7543182373047], [7.5899810791015625, 0.6928592920303345, 346.7744445800781, 375.24346923828125], [196.59071350097656, 30.603328704833984, 276.3714294433594, 126.03901672363281], [314.6017150878906, 275.3591003417969, 322.4855651855469, 283.30877685546875], [68.32643127441406, 258.77020263671875, 101.04219818115234, 300.03662109375], [199.57872009277344, 55.50550079345703, 234.0331268310547, 124.00894927978516], [124.02406311035156, 0.4197014570236206, 166.7497100830078, 51.16735076904297], [71.1495590209961, 259.51824951171875, 106.80802154541016, 320.5063781738281], [329.8186340332031, 236.9219970703125, 385.29608154296875, 285.6975402832031], [131.43167114257812, 6.685203552246094, 154.58518981933594, 30.306509017944336], [210.75726318359375, 103.6015396118164, 301.6830139160156, 223.81719970703125], [260.6037292480469, 103.07673645019531, 352.6884460449219, 240.92218017578125], [220.66831970214844, 103.37850189208984, 303.6814270019531, 182.41358947753906], [332.8260803222656, 240.80392456054688, 379.3854064941406, 284.34771728515625], [320.7161865234375, 276.3575744628906, 410.9317321777344, 374.45635986328125], [219.3536834716797, 113.3501968383789, 270.63916015625, 203.52841186523438], [79.13365936279297, 1.2797266244888306, 231.27633666992188, 373.3987121582031], [112.13356018066406, 223.978515625, 181.861572265625, 266.866943359375], [81.01702880859375, 260.2666015625, 111.17142486572266, 317.97003173828125], [323.6666564941406, 147.10813903808594, 405.97381591796875, 290.31402587890625], [328.0528259277344, -0.215236097574234, 500.43218994140625, 374.6372375488281], [177.74766540527344, 319.5007629394531, 184.45762634277344, 344.056640625], [336.7590637207031, 146.50802612304688, 372.0851135253906, 240.7935333251953], [321.41925048828125, 145.8985137939453, 384.93817138671875, 286.3887023925781], [323.21490478515625, 146.82643127441406, 386.509521484375, 286.09466552734375], [217.16197204589844, 102.16670227050781, 303.71405029296875, 204.27833557128906], [217.73243713378906, 112.27030944824219, 273.87994384765625, 183.83963012695312], [85.4959945678711, 39.70180130004883, 145.05233764648438, 115.5947494506836], [127.74483489990234, 224.0586395263672, 182.21424865722656, 266.74102783203125], [321.41925048828125, 145.8985137939453, 384.93817138671875, 286.3887023925781], [336.7590637207031, 146.50802612304688, 372.0851135253906, 240.7935333251953], [199.99436950683594, 54.82526779174805, 231.9871368408203, 116.8247299194336], [332.8260803222656, 240.80392456054688, 379.3854064941406, 284.34771728515625], [112.13356018066406, 223.978515625, 181.861572265625, 266.866943359375], [302.1942138671875, 274.22564697265625, 313.5450134277344, 284.24151611328125], [214.95809936523438, 102.43397521972656, 306.5655517578125, 206.03611755371094], [322.4528503417969, 146.06898498535156, 411.0148620605469, 374.3417053222656], [114.42366790771484, 228.47740173339844, 132.4095001220703, 245.52650451660156], [278.0806579589844, 66.67366790771484, 285.12188720703125, 81.33480072021484], [291.7039489746094, -0.19366666674613953, 500.4886474609375, 374.75494384765625], [140.49508666992188, 237.4338836669922, 179.66270446777344, 265.3389587402344], [83.42959594726562, 52.91407012939453, 229.3385009765625, 373.778564453125], [375.16510009765625, 256.8591613769531, 384.86474609375, 281.0528259277344], [217.16197204589844, 102.16670227050781, 303.71405029296875, 204.27833557128906], [83.22748565673828, 26.825611114501953, 346.6264343261719, 373.2881164550781], [131.43167114257812, 6.685203552246094, 154.58518981933594, 30.306509017944336], [83.42959594726562, 52.91407012939453, 229.3385009765625, 373.778564453125], [218.77651977539062, 112.75546264648438, 271.6311950683594, 193.6742706298828], [211.7393341064453, 101.15077209472656, 303.3069152832031, 373.2347412109375], [127.74483489990234, 224.0586395263672, 182.21424865722656, 266.74102783203125], [323.6666564941406, 147.10813903808594, 405.97381591796875, 290.31402587890625], [338.1767883300781, 195.49325561523438, 356.542236328125, 239.53829956054688], [336.7590637207031, 146.50802612304688, 372.0851135253906, 240.7935333251953], [338.1382141113281, 153.00408935546875, 359.9997253417969, 239.40232849121094], [213.028076171875, 259.8518371582031, 410.5965576171875, 375.27880859375], [217.16197204589844, 102.16670227050781, 303.71405029296875, 204.27833557128906], [72.22725677490234, 0.49018487334251404, 231.83349609375, 374.5982971191406], [84.09647369384766, 42.56971740722656, 410.2557373046875, 372.8296813964844], [77.9540786743164, 260.91094970703125, 101.29716491699219, 300.0572814941406], [196.28395080566406, 102.53766632080078, 307.1412353515625, 373.2238464355469], [209.53916931152344, 101.91511535644531, 303.5570373535156, 227.69029235839844], [211.6794891357422, 103.56446838378906, 307.7408447265625, 224.99349975585938], [72.22725677490234, 0.49018487334251404, 231.83349609375, 374.5982971191406], [336.7590637207031, 146.50802612304688, 372.0851135253906, 240.7935333251953], [72.20111846923828, 259.476806640625, 111.79962921142578, 374.19677734375], [321.41925048828125, 145.8985137939453, 384.93817138671875, 286.3887023925781], [140.7235870361328, 237.47206115722656, 179.09950256347656, 265.1099548339844], [315.44085693359375, 277.8510437011719, 323.218017578125, 283.486328125], [158.92140197753906, 148.6988067626953, 177.72059631347656, 163.18861389160156], [322.6766357421875, 237.5065460205078, 410.79266357421875, 374.1579284667969], [84.63373565673828, 144.3474884033203, 411.84197998046875, 374.5547790527344], [79.13365936279297, 1.2797266244888306, 231.27633666992188, 373.3987121582031], [94.16654205322266, 225.58445739746094, 182.034912109375, 267.3819885253906], [158.92140197753906, 148.6988067626953, 177.72059631347656, 163.18861389160156], [323.21490478515625, 146.82643127441406, 386.509521484375, 286.09466552734375], [259.13177490234375, 104.06121826171875, 303.9559020996094, 151.61737060546875]), Score: [0.9224005937576294, 0.5498221516609192, 0.3927326202392578, 0.38656359910964966, 0.17460916936397552, 0.16528131067752838, 0.16332130134105682, 0.1441047489643097, 0.13487325608730316, 0.12669719755649567, 0.1170443668961525, 0.11311513930559158, 0.11120422184467316, 0.1098460853099823, 0.10904005169868469, 0.10632564127445221, 0.10405812412500381, 0.10101368278265, 0.09882432222366333, 0.09867258369922638, 0.09424156695604324, 0.09347706288099289, 0.09204734116792679, 0.09188321232795715, 0.08841326832771301, 0.0879838764667511, 0.08563961833715439, 0.08540768921375275, 0.08481678366661072, 0.08301754295825958, 0.08269163966178894, 0.08212015777826309, 0.08208316564559937, 0.07999338209629059, 0.0784694030880928, 0.07774685323238373, 0.07566322386264801, 0.07510027289390564, 0.07480412721633911, 0.07325521111488342, 0.07275544852018356, 0.07251785695552826, 0.07211242616176605, 0.07092444598674774, 0.06984123587608337, 0.06963969022035599, 0.0686197280883789, 0.06677291542291641, 0.06495578587055206, 0.06354177743196487, 0.06353505700826645, 0.062493905425071716, 0.06175079941749573, 0.06158832088112831, 0.06034712865948677, 0.059877827763557434, 0.058865971863269806, 0.05870192125439644, 0.058545637875795364, 0.058222148567438126, 0.05728375166654587, 0.05690954998135567, 0.05588146299123764, 0.05554544925689697, 0.05531035363674164, 0.05494409799575806, 0.05358290672302246, 0.05355892702937126, 0.05315474420785904, 0.053099870681762695, 0.051857445389032364, 0.05112799257040024, 0.0507708415389061, 0.05055743828415871, 0.04990855231881142, 0.049783531576395035, 0.0497589074075222, 0.04958731308579445, 0.049091409891843796, 0.048920661211013794, 0.0487150214612484, 0.04853864014148712, 0.04785386100411415, 0.047678377479314804, 0.04756874963641167, 0.04715011268854141, 0.046535659581422806, 0.04596881940960884, 0.04590481147170067, 0.044150903820991516, 0.04401789605617523, 0.04396594688296318, 0.04351130872964859, 0.043441131711006165, 0.043401192873716354, 0.04306979477405548, 0.043021827936172485, 0.042970333248376846, 0.0427502878010273, 0.04235018789768219, 0.041906680911779404, 0.04181113839149475, 0.04174971580505371, 0.04161268100142479, 0.04159356653690338, 0.04157096892595291, 0.04145259037613869, 0.0411016084253788, 0.040610142052173615, 0.04039522260427475, 0.040273334830999374, 0.04022570699453354, 0.03984181955456734, 0.03980785235762596, 0.03977476805448532, 0.03939346224069595, 0.038949646055698395, 0.038462258875370026, 0.038330454379320145, 0.03812427446246147, 0.03812335059046745, 0.038064345717430115, 0.03787261247634888, 0.03776487708091736, 0.037599772214889526, 0.03733436018228531, 0.03731682896614075, 0.037136442959308624, 0.036828991025686264, 0.03664075955748558, 0.036488015204668045, 0.03636959567666054, 0.036193590611219406, 0.03612449765205383, 0.03610021620988846, 0.03590787574648857, 0.03577497974038124, 0.035690709948539734, 0.03565022721886635, 0.035631462931632996, 0.035573143512010574, 0.035442471504211426, 0.035427168011665344, 0.03540628403425217, 0.035003870725631714, 0.03466661646962166, 0.034125711768865585, 0.03406360000371933, 0.033737316727638245, 0.03348115459084511, 0.03344300016760826, 0.033370085060596466, 0.03335988149046898, 0.0333159938454628, 0.033208586275577545, 0.03284469619393349, 0.03275277093052864, 0.03266206756234169, 0.032562125474214554, 0.03247109800577164, 0.032388102263212204, 0.03228535130620003, 0.0321744941174984, 0.03211184963583946, 0.03194482997059822, 0.031914643943309784, 0.0319053940474987, 0.03187353536486626, 0.03176986426115036, 0.03172345831990242, 0.03171230107545853, 0.03165535256266594, 0.031599871814250946, 0.031583018600940704, 0.03132706508040428, 0.0311121866106987, 0.03106132708489895, 0.030906399711966515, 0.030737027525901794, 0.030492199584841728, 0.030445940792560577, 0.030287979170680046, 0.030256235972046852, 0.030106451362371445, 0.030097942799329758, 0.029613783583045006, 0.029554205015301704, 0.02947014756500721, 0.029362566769123077, 0.029259540140628815, 0.02920922450721264, 0.029130661860108376, 0.029055733233690262, 0.028949355706572533, 0.028714977204799652, 0.02862716093659401, 0.02847203239798546, 0.02847195789217949, 0.028311889618635178, 0.02824931964278221, 0.02822849527001381, 0.02794770337641239, 0.02775896154344082, 0.027687769383192062, 0.027632281184196472, 0.02716911770403385, 0.027137363329529762, 0.027078188955783844, 0.026969416067004204, 0.026950573548674583, 0.026903290301561356, 0.026827966794371605, 0.026807252317667007, 0.026616105809807777, 0.026590021327137947, 0.026337554678320885, 0.0262991301715374, 0.0259931031614542, 0.025990303605794907, 0.02571145072579384, 0.025670623406767845, 0.025659307837486267, 0.025621628388762474, 0.02559012360870838, 0.025577040389180183, 0.025487659499049187, 0.025422098115086555, 0.025333961471915245, 0.025197802111506462, 0.025122491642832756, 0.025107959285378456, 0.025107603520154953, 0.024938533082604408, 0.024725569412112236, 0.024681992828845978, 0.024658095091581345, 0.024650227278470993, 0.02459350787103176, 0.02454395964741707, 0.024528687819838524, 0.024491773918271065, 0.02447921596467495, 0.024459997192025185, 0.024328570812940598, 0.024317780509591103, 0.02414749003946781, 0.024140693247318268, 0.02413995750248432, 0.0240612979978323, 0.02403981238603592, 0.02400442771613598, 0.02396426536142826, 0.02396341785788536, 0.023944485932588577, 0.023925863206386566, 0.023809686303138733, 0.02378021739423275, 0.02367904596030712, 0.02366892248392105, 0.023640692234039307, 0.023560933768749237, 0.023557232692837715, 0.023520532995462418, 0.0234465803951025, 0.02340586856007576, 0.023378536105155945, 0.023299340158700943, 0.023236652836203575, 0.023221658542752266, 0.023183783516287804, 0.023178137838840485, 0.022977467626333237, 0.022972751408815384, 0.02295761927962303, 0.02287253737449646, 0.02284810319542885, 0.02275305986404419, 0.022730369120836258, 0.02272895537316799, 0.02267625741660595, 0.022648967802524567, 0.02264283411204815, 0.022608455270528793, 0.022598199546337128, 0.02257443405687809, 0.022568322718143463, 0.022503798827528954, 0.022456111386418343, 0.02237681671977043, 0.02235293574631214, 0.02233920991420746, 0.02230747416615486, 0.02229418233036995, 0.02217092365026474, 0.022116241976618767, 0.02211069129407406, 0.022067058831453323, 0.022028133273124695, 0.021972157061100006, 0.021962609142065048]

Execution time: 0.4077 sec
