Label: tensor([ 0,  0, 67,  0,  0, 65, 65, 67, 36, 26, 36, 26, 24,  0, 24,  0,  0,  0,
        65,  0, 36, 65,  0, 67,  0,  0, 36, 26,  0,  0, 24, 26, 24,  0, 24, 36,
        65,  0, 24,  0,  0, 36,  0, 36, 58, 65, 67,  0,  0, 41, 26, 41, 74,  0,
        67,  0, 78,  0, 31, 24,  0, 29,  0, 58,  0, 67, 56, 26, 67,  0,  0, 24,
        17, 74, 65, 26, 41, 24,  0, 26,  0,  0, 36, 24, 29,  0, 24, 24, 17,  0,
         0, 65, 65, 74, 26, 74,  0, 56, 26,  0, 24,  0,  0,  0, 30, 40,  0, 39,
        39, 26, 39, 58,  0, 65,  0, 39, 78, 58, 65, 26,  0,  0,  0,  0, 67,  0,
        58,  0, 26, 31,  0, 39, 26, 29, 74,  0, 27, 65, 31,  0,  0, 39, 25, 56,
        17,  0, 24,  0, 65, 71,  0, 26, 67, 67, 36,  0, 65, 65, 78, 61,  0, 67,
        26, 32, 26, 78,  0, 65, 17, 32,  0, 79, 39,  0, 39, 65, 67, 29, 79,  0,
        58, 41, 26,  0, 67, 36, 26, 56, 65, 67,  0, 65, 65, 27, 65, 36, 38, 27,
        71, 24, 41, 39, 30, 24, 39, 65,  0, 78, 15, 32,  0, 65, 39, 30, 24,  0,
         0,  0, 79, 41, 73, 56,  0, 36, 78, 26, 36, 62, 79, 56, 67,  0, 39,  0,
        74,  0, 41, 36, 24, 65, 65, 56, 58, 78,  0, 56, 39, 65, 24, 67, 74, 74,
        58,  0, 77, 31,  0, 78, 65, 78, 67, 67, 32,  0, 24, 73,  0,  0, 24, 44,
         0, 58, 67, 55,  0, 29, 17, 31, 41,  0, 26,  0,  0, 74, 58, 24, 36,  0,
        41, 24,  0,  0, 67,  0, 67,  0, 26, 39, 67, 78]), Box: ([68.55438232421875, 15.632640838623047, 232.42556762695312, 371.97625732421875], [310.8397216796875, 43.62178039550781, 417.94818115234375, 283.5238037109375], [376.4344482421875, 133.96517944335938, 388.7062072753906, 144.51441955566406], [422.2878112792969, 174.12416076660156, 466.5015869140625, 211.7151336669922], [422.7519226074219, 174.04443359375, 444.868408203125, 204.17698669433594], [376.4344482421875, 133.96517944335938, 388.7062072753906, 144.51441955566406], [370.8560791015625, 133.36680603027344, 388.6268310546875, 153.68435668945312], [370.8560791015625, 133.36680603027344, 388.6268310546875, 153.68435668945312], [322.302978515625, 256.2213134765625, 398.1304931640625, 290.545654296875], [143.5792999267578, 75.90217590332031, 169.92018127441406, 132.5205535888672], [331.68524169921875, 256.3204650878906, 398.6217956542969, 284.38946533203125], [143.5332489013672, 76.54827880859375, 195.00057983398438, 244.95779418945312], [143.5792999267578, 75.90217590332031, 169.92018127441406, 132.5205535888672], [421.6395568847656, 174.1724090576172, 477.3878479003906, 230.95538330078125], [84.1498794555664, 75.52323913574219, 169.4327392578125, 130.6737060546875], [-0.05229376256465912, 87.60797882080078, 31.40801239013672, 181.47161865234375], [449.6186828613281, 139.12730407714844, 480.1766357421875, 213.7521209716797], [-0.05435571074485779, 114.16816711425781, 31.307662963867188, 181.34657287597656], [370.13916015625, 146.07369995117188, 381.4362487792969, 154.34732055664062], [450.12066650390625, 141.90773010253906, 468.80523681640625, 200.0919952392578], [366.12701416015625, 256.34716796875, 396.62432861328125, 268.1419677734375], [94.67747497558594, 200.00099182128906, 111.0207290649414, 218.01336669921875], [453.356689453125, 141.86891174316406, 468.0872497558594, 183.71302795410156], [94.67747497558594, 200.00099182128906, 111.0207290649414, 218.01336669921875], [440.12469482421875, 130.3704071044922, 457.1114807128906, 194.9369659423828], [459.44427490234375, 164.1163330078125, 480.1490783691406, 214.5453338623047], [322.8919372558594, 246.17025756835938, 398.51336669921875, 289.33782958984375], [143.70404052734375, 76.27130889892578, 178.39517211914062, 152.03541564941406], [452.4753723144531, 141.80197143554688, 468.69183349609375, 195.2115020751953], [439.94287109375, 107.48876953125, 470.35028076171875, 198.20843505859375], [82.09815216064453, 75.17789459228516, 169.5006561279297, 132.8445587158203], [108.4503173828125, 75.71543884277344, 171.11415100097656, 167.98062133789062], [108.4503173828125, 75.71543884277344, 171.11415100097656, 167.98062133789062], [438.62432861328125, 109.23625946044922, 456.5843200683594, 193.58360290527344], [55.462852478027344, 75.5059814453125, 169.22093200683594, 148.8990936279297], [322.2379455566406, 277.5023193359375, 348.8002014160156, 290.0826110839844], [369.7449645996094, 123.6559066772461, 385.7257995605469, 152.8444366455078], [440.34320068359375, 106.36152648925781, 454.4334411621094, 150.7641143798828], [143.70404052734375, 76.27130889892578, 178.39517211914062, 152.03541564941406], [439.90228271484375, 147.62413024902344, 454.8880310058594, 193.61219787597656], [31.905048370361328, 47.570255279541016, 95.05369567871094, 152.87315368652344], [320.36260986328125, 276.4587707519531, 351.4478454589844, 291.6025695800781], [0.35735592246055603, 47.602928161621094, 94.03616333007812, 181.69558715820312], [344.5464782714844, 256.62982177734375, 398.60125732421875, 281.3426818847656], [414.4532470703125, 60.05534744262695, 458.24041748046875, 201.68235778808594], [357.2159729003906, 123.97383880615234, 385.9360656738281, 174.4078826904297], [370.13916015625, 146.07369995117188, 381.4362487792969, 154.34732055664062], [-0.11329073458909988, 88.49412536621094, 20.626834869384766, 180.7988739013672], [2.3439154624938965, 47.37301254272461, 91.58544921875, 155.3867645263672], [478.2308654785156, 188.34378051757812, 496.4628601074219, 214.9400634765625], [355.1883850097656, 123.906005859375, 389.006103515625, 181.5745086669922], [370.8560791015625, 133.36680603027344, 388.6268310546875, 153.68435668945312], [379.2888488769531, 58.24844741821289, 386.31634521484375, 65.54776000976562], [446.7802734375, 183.51739501953125, 466.5086364746094, 210.88575744628906], [369.7449645996094, 123.6559066772461, 385.7257995605469, 152.8444366455078], [0.12085214257240295, 111.15042114257812, 69.68621826171875, 181.81715393066406], [355.1883850097656, 123.906005859375, 389.006103515625, 181.5745086669922], [440.26287841796875, 130.02291870117188, 460.8277893066406, 196.1842041015625], [322.302978515625, 256.2213134765625, 398.1304931640625, 290.545654296875], [70.43811798095703, 76.52030181884766, 171.01776123046875, 229.1003875732422], [-0.006528571248054504, 87.30460357666016, 20.794370651245117, 142.6785888671875], [33.418701171875, 47.86266326904297, 81.17477416992188, 75.54978942871094], [257.1462097167969, 63.76219940185547, 265.3954772949219, 73.5359878540039], [416.6826477050781, 61.73441696166992, 455.5523986816406, 164.23460388183594], [0.21002069115638733, 49.427825927734375, 85.73667907714844, 181.67800903320312], [167.63409423828125, 115.98242950439453, 177.32614135742188, 134.33694458007812], [294.35357666015625, 174.89366149902344, 334.1539306640625, 227.81253051757812], [70.43811798095703, 76.52030181884766, 171.01776123046875, 229.1003875732422], [376.03387451171875, 123.80901336669922, 389.2395935058594, 144.3933563232422], [-0.07118377834558487, 87.51425170898438, 26.941068649291992, 156.93516540527344], [447.3904724121094, 110.03543090820312, 470.0878601074219, 188.96182250976562], [96.24775695800781, 75.88693237304688, 171.69345092773438, 176.3948211669922], [31.905048370361328, 47.570255279541016, 95.05369567871094, 152.87315368652344], [205.60430908203125, 112.55733489990234, 212.14056396484375, 119.21026611328125], [363.9670715332031, 145.4926300048828, 381.7938537597656, 158.40892028808594], [144.56480407714844, 74.86736297607422, 207.17349243164062, 152.92788696289062], [376.4344482421875, 133.96517944335938, 388.7062072753906, 144.51441955566406], [144.56480407714844, 74.86736297607422, 207.17349243164062, 152.92788696289062], [417.21539306640625, 174.21783447265625, 449.3089294433594, 231.3863983154297], [355.0781555175781, 123.65750122070312, 394.2631530761719, 181.71319580078125], [459.3136291503906, 138.8241729736328, 480.5009460449219, 214.99072265625], [0.4916451871395111, 46.88168716430664, 102.55442810058594, 182.41770935058594], [365.36175537109375, 248.2412872314453, 397.3570556640625, 268.829345703125], [143.5332489013672, 76.54827880859375, 195.00057983398438, 244.95779418945312], [44.77769088745117, 147.69378662109375, 70.33277130126953, 155.57455444335938], [0.03610365092754364, 87.93852996826172, 32.425350189208984, 253.24362182617188], [143.5333251953125, 76.8343276977539, 178.5714874267578, 153.2338104248047], [143.76426696777344, 77.25989532470703, 189.90184020996094, 189.8004150390625], [0.35735592246055603, 47.602928161621094, 94.03616333007812, 181.69558715820312], [0.24025887250900269, 113.75967407226562, 77.25923919677734, 183.72952270507812], [355.1883850097656, 123.906005859375, 389.006103515625, 181.5745086669922], [355.1883850097656, 123.906005859375, 389.006103515625, 181.5745086669922], [379.2888488769531, 58.24844741821289, 386.31634521484375, 65.54776000976562], [167.63409423828125, 115.98242950439453, 177.32614135742188, 134.33694458007812], [143.76426696777344, 77.25989532470703, 189.90184020996094, 189.8004150390625], [370.13916015625, 146.07369995117188, 381.4362487792969, 154.34732055664062], [440.16278076171875, 108.01974487304688, 454.65606689453125, 152.41163635253906], [295.50396728515625, 174.3428497314453, 332.4754333496094, 227.57937622070312], [142.26791381835938, 76.177734375, 192.76968383789062, 241.37091064453125], [-0.07431767880916595, 36.11334228515625, 34.7050666809082, 181.6494140625], [68.9338607788086, 77.44160461425781, 172.00390625, 227.4772491455078], [31.325340270996094, 5.184352397918701, 103.36695861816406, 153.85145568847656], [378.43316650390625, 67.85272216796875, 418.26397705078125, 184.00611877441406], [447.6088562011719, 177.79678344726562, 477.9861755371094, 215.02587890625], [322.302978515625, 256.2213134765625, 398.1304931640625, 290.545654296875], [370.8560791015625, 133.36680603027344, 388.6268310546875, 153.68435668945312], [417.6165466308594, 100.20194244384766, 443.14776611328125, 175.6490020751953], [478.2308654785156, 188.34378051757812, 496.4628601074219, 214.9400634765625], [155.25616455078125, 115.51399230957031, 179.03201293945312, 153.5345458984375], [84.1498794555664, 75.52323913574219, 169.4327392578125, 130.6737060546875], [370.8560791015625, 133.36680603027344, 388.6268310546875, 153.68435668945312], [438.2629699707031, 67.06842041015625, 471.5600891113281, 197.08470153808594], [306.4002685546875, 175.50189208984375, 327.4152526855469, 220.08230590820312], [373.5113830566406, 133.08091735839844, 394.77056884765625, 167.109619140625], [-0.2401210367679596, 56.23257827758789, 62.27711868286133, 180.98715209960938], [355.1883850097656, 123.906005859375, 389.006103515625, 181.5745086669922], [378.15216064453125, 67.79219818115234, 417.98272705078125, 143.95065307617188], [439.94287109375, 107.48876953125, 470.35028076171875, 198.20843505859375], [93.26502990722656, 195.6264190673828, 130.26844787597656, 224.98574829101562], [143.5333251953125, 76.8343276977539, 178.5714874267578, 153.2338104248047], [294.35357666015625, 174.89366149902344, 334.1539306640625, 227.81253051757812], [355.0641784667969, 68.25871276855469, 417.94244384765625, 181.98191833496094], [441.12542724609375, 107.02851867675781, 497.1961669921875, 214.82310485839844], [308.4549560546875, 175.65138244628906, 324.0553894042969, 201.5855712890625], [376.5369873046875, 134.33319091796875, 388.1483459472656, 144.3727569580078], [-0.09479094296693802, 87.70281219482422, 19.577714920043945, 115.82445526123047], [447.610107421875, 104.48301696777344, 470.3213806152344, 158.77944946289062], [352.1050109863281, 101.39741516113281, 375.1665954589844, 145.14198303222656], [80.57360076904297, 77.15032958984375, 174.9531707763672, 232.73353576660156], [322.8919372558594, 246.17025756835938, 398.51336669921875, 289.33782958984375], [461.3033752441406, 135.19947814941406, 479.8192138671875, 190.6153564453125], [395.9197692871094, 240.0200958251953, 404.36138916015625, 256.0643005371094], [353.7319030761719, 123.02025604248047, 370.4142761230469, 144.2767791748047], [93.26502990722656, 195.6264190673828, 130.26844787597656, 224.98574829101562], [94.67747497558594, 200.00099182128906, 111.0207290649414, 218.01336669921875], [360.4607849121094, 66.52684020996094, 419.1884765625, 265.6061096191406], [143.5792999267578, 75.90217590332031, 169.92018127441406, 132.5205535888672], [378.15216064453125, 67.79219818115234, 417.98272705078125, 143.95065307617188], [331.68524169921875, 256.3204650878906, 398.6217956542969, 284.38946533203125], [0.4110299050807953, 7.207849979400635, 102.22029876708984, 180.87478637695312], [419.86175537109375, 99.8950424194336, 441.4373474121094, 155.7216033935547], [302.10357666015625, 326.9772033691406, 335.4170837402344, 354.1828918457031], [33.418701171875, 47.86266326904297, 81.17477416992188, 75.54978942871094], [306.4002685546875, 175.50189208984375, 327.4152526855469, 220.08230590820312], [2.3439154624938965, 47.37301254272461, 91.58544921875, 155.3867645263672], [447.610107421875, 104.48301696777344, 470.3213806152344, 158.77944946289062], [144.10733032226562, 75.95800018310547, 228.7421417236328, 152.07525634765625], [438.2629699707031, 67.06842041015625, 471.5600891113281, 197.08470153808594], [371.69635009765625, 123.94417572021484, 386.2980041503906, 146.338623046875], [394.09881591796875, 210.8606719970703, 497.2489929199219, 276.6775817871094], [414.4532470703125, 60.05534744262695, 458.24041748046875, 201.68235778808594], [96.24775695800781, 75.88693237304688, 171.69345092773438, 176.3948211669922], [95.51360321044922, 200.87545776367188, 109.93428039550781, 216.7633514404297], [371.69635009765625, 123.94417572021484, 386.2980041503906, 146.338623046875], [331.75433349609375, 209.68055725097656, 479.53033447265625, 288.35107421875], [295.50396728515625, 174.3428497314453, 332.4754333496094, 227.57937622070312], [376.03387451171875, 123.80901336669922, 389.2395935058594, 144.3933563232422], [355.4949645996094, 145.62818908691406, 383.51416015625, 181.11642456054688], [355.0781555175781, 123.65750122070312, 394.2631530761719, 181.71319580078125], [44.71562194824219, 147.63626098632812, 78.93599700927734, 185.37254333496094], [373.4986267089844, 67.99311828613281, 420.4170227050781, 255.8001708984375], [40.46670150756836, 163.59034729003906, 55.91914367675781, 179.24281311035156], [355.5123291015625, 146.84974670410156, 380.70867919921875, 181.15740966796875], [33.418701171875, 47.86266326904297, 81.17477416992188, 75.54978942871094], [355.6147155761719, 157.11683654785156, 390.39361572265625, 181.16842651367188], [369.7449645996094, 123.6559066772461, 385.7257995605469, 152.8444366455078], [453.15283203125, 141.5438232421875, 478.1627197265625, 199.27212524414062], [355.5123291015625, 146.84974670410156, 380.70867919921875, 181.15740966796875], [0.4916451871395111, 46.88168716430664, 102.55442810058594, 182.41770935058594], [271.43585205078125, 24.903045654296875, 283.97821044921875, 35.7179069519043], [378.15216064453125, 67.79219818115234, 417.98272705078125, 143.95065307617188], [40.46670150756836, 163.59034729003906, 55.91914367675781, 179.24281311035156], [369.7449645996094, 123.6559066772461, 385.7257995605469, 152.8444366455078], [355.0781555175781, 123.65750122070312, 394.2631530761719, 181.71319580078125], [355.5123291015625, 146.84974670410156, 380.70867919921875, 181.15740966796875], [356.6895446777344, 147.34193420410156, 368.8734436035156, 164.8893280029297], [143.5792999267578, 75.90217590332031, 169.92018127441406, 132.5205535888672], [55.37466049194336, 97.74529266357422, 95.42325592041016, 111.26617431640625], [378.15216064453125, 67.79219818115234, 417.98272705078125, 143.95065307617188], [1.038522481918335, 113.21714782714844, 25.701597213745117, 155.3057403564453], [441.12542724609375, 107.02851867675781, 497.1961669921875, 214.82310485839844], [370.13916015625, 146.07369995117188, 381.4362487792969, 154.34732055664062], [104.56204223632812, 77.28156280517578, 186.67808532714844, 239.4341583251953], [357.4100036621094, 65.70455169677734, 418.46966552734375, 268.32415771484375], [389.17706298828125, 131.1879425048828, 399.6329650878906, 138.93702697753906], [295.895751953125, 277.4414367675781, 349.16973876953125, 308.9214172363281], [355.4949645996094, 145.62818908691406, 383.51416015625, 181.11642456054688], [292.9461669921875, 199.00851440429688, 324.1446533203125, 223.04074096679688], [354.91607666015625, 123.57837677001953, 385.5068359375, 156.62196350097656], [391.6792297363281, 95.67554473876953, 401.361572265625, 107.05274200439453], [256.28338623046875, 63.84362030029297, 267.6697692871094, 88.35449981689453], [376.5369873046875, 134.33319091796875, 388.1483459472656, 144.3727569580078], [257.1462097167969, 63.76219940185547, 265.3954772949219, 73.5359878540039], [143.70404052734375, 76.27130889892578, 178.39517211914062, 152.03541564941406], [388.8060607910156, 153.09225463867188, 398.2927551269531, 168.57774353027344], [366.3852233886719, 257.9994812011719, 382.3511047363281, 267.7987976074219], [378.15216064453125, 67.79219818115234, 417.98272705078125, 143.95065307617188], [143.5332489013672, 76.54827880859375, 195.00057983398438, 244.95779418945312], [396.1961669921875, 210.82090759277344, 482.2483215332031, 275.4532470703125], [104.56204223632812, 77.28156280517578, 186.67808532714844, 239.4341583251953], [369.7449645996094, 123.6559066772461, 385.7257995605469, 152.8444366455078], [257.1462097167969, 63.76219940185547, 265.3954772949219, 73.5359878540039], [331.68524169921875, 256.3204650878906, 398.6217956542969, 284.38946533203125], [353.7319030761719, 123.02025604248047, 370.4142761230469, 144.2767791748047], [366.12701416015625, 256.34716796875, 396.62432861328125, 268.1419677734375], [373.6390686035156, 134.10208129882812, 389.3411560058594, 180.1415557861328], [416.6826477050781, 61.73441696166992, 455.5523986816406, 164.23460388183594], [357.2159729003906, 123.97383880615234, 385.9360656738281, 174.4078826904297], [355.1883850097656, 123.906005859375, 389.006103515625, 181.5745086669922], [31.905048370361328, 47.570255279541016, 95.05369567871094, 152.87315368652344], [466.56494140625, 134.42405700683594, 477.365478515625, 165.96397399902344], [207.1496124267578, 104.66730499267578, 231.76107788085938, 129.21885681152344], [355.4949645996094, 145.62818908691406, 383.51416015625, 181.11642456054688], [322.8919372558594, 246.17025756835938, 398.51336669921875, 289.33782958984375], [65.90811920166016, 75.4012680053711, 176.82398986816406, 208.91651916503906], [0.3418773412704468, 47.66316604614258, 95.86351013183594, 258.0822448730469], [0.6430745124816895, 20.712879180908203, 213.9918212890625, 180.54763793945312], [252.5860595703125, 63.84989547729492, 268.7755126953125, 90.66293334960938], [370.8560791015625, 133.36680603027344, 388.6268310546875, 153.68435668945312], [396.4048767089844, 272.5532531738281, 416.6319274902344, 290.2903747558594], [135.47865295410156, 355.445556640625, 208.02357482910156, 375.21417236328125], [321.9051513671875, 178.68101501464844, 336.23651123046875, 225.84971618652344], [0.022561289370059967, 183.1107177734375, 21.35242462158203, 251.76925659179688], [323.1448974609375, 210.36375427246094, 497.51544189453125, 294.8140563964844], [33.418701171875, 47.86266326904297, 81.17477416992188, 75.54978942871094], [143.56753540039062, 76.22075653076172, 183.8793487548828, 187.4019012451172], [135.47865295410156, 355.445556640625, 208.02357482910156, 375.21417236328125], [467.08380126953125, 1.6830470561981201, 500.02496337890625, 139.09034729003906], [376.4344482421875, 133.96517944335938, 388.7062072753906, 144.51441955566406], [44.77769088745117, 147.69378662109375, 70.33277130126953, 155.57455444335938], [90.20655822753906, 86.75911712646484, 102.01465606689453, 100.99385070800781], [33.418701171875, 47.86266326904297, 81.17477416992188, 75.54978942871094], [273.87567138671875, 339.0606384277344, 300.6800842285156, 367.9474792480469], [321.9051513671875, 178.68101501464844, 336.23651123046875, 225.84971618652344], [76.69641876220703, 3.774426221847534, 91.60309600830078, 19.23066520690918], [444.3675537109375, 132.15170288085938, 454.7630310058594, 154.65969848632812], [275.5398864746094, 306.2625732421875, 289.3951416015625, 312.632568359375], [364.9548034667969, 239.9835662841797, 397.08282470703125, 268.8157958984375], [80.57360076904297, 77.15032958984375, 174.9531707763672, 232.73353576660156], [389.17706298828125, 131.1879425048828, 399.6329650878906, 138.93702697753906], [95.51360321044922, 200.87545776367188, 109.93428039550781, 216.7633514404297], [135.47865295410156, 355.445556640625, 208.02357482910156, 375.21417236328125], [440.34320068359375, 106.36152648925781, 454.4334411621094, 150.7641143798828], [370.8560791015625, 133.36680603027344, 388.6268310546875, 153.68435668945312], [324.2178649902344, 185.74264526367188, 347.3326110839844, 226.95985412597656], [324.2178649902344, 185.74264526367188, 347.3326110839844, 226.95985412597656], [376.4344482421875, 133.96517944335938, 388.7062072753906, 144.51441955566406], [375.6497802734375, 115.1849594116211, 395.9788513183594, 144.75534057617188], [355.0781555175781, 123.65750122070312, 394.2631530761719, 181.71319580078125], [379.2888488769531, 58.24844741821289, 386.31634521484375, 65.54776000976562], [203.72779846191406, 113.01570129394531, 213.1639862060547, 128.48020935058594], [376.4344482421875, 133.96517944335938, 388.7062072753906, 144.51441955566406], [449.6186828613281, 139.12730407714844, 480.1766357421875, 213.7521209716797], [353.7319030761719, 123.02025604248047, 370.4142761230469, 144.2767791748047], [355.1883850097656, 123.906005859375, 389.006103515625, 181.5745086669922], [320.36260986328125, 276.4587707519531, 351.4478454589844, 291.6025695800781], [-0.009139999747276306, 120.27839660644531, 21.520795822143555, 251.26853942871094], [373.5113830566406, 133.08091735839844, 394.77056884765625, 167.109619140625], [391.6792297363281, 95.67554473876953, 401.361572265625, 107.05274200439453], [373.6390686035156, 134.10208129882812, 389.3411560058594, 180.1415557861328], [404.46697998046875, 68.58954620361328, 417.5789489746094, 87.43815612792969], [373.0497741699219, 148.2213134765625, 380.812255859375, 153.97689819335938], [379.2888488769531, 58.24844741821289, 386.31634521484375, 65.54776000976562], [248.90823364257812, 67.3122787475586, 257.7234191894531, 77.2243881225586], [146.72682189941406, 75.40692138671875, 178.58155822753906, 146.1475830078125], [369.7449645996094, 123.6559066772461, 385.7257995605469, 152.8444366455078], [229.38877868652344, 73.38601684570312, 242.40591430664062, 93.1556396484375], [90.20655822753906, 86.75911712646484, 102.01465606689453, 100.99385070800781], [31.905048370361328, 47.570255279541016, 95.05369567871094, 152.87315368652344], [40.46670150756836, 163.59034729003906, 55.91914367675781, 179.24281311035156], [258.0400085449219, 175.07545471191406, 272.4797058105469, 199.5039520263672], [459.44427490234375, 164.1163330078125, 480.1490783691406, 214.5453338623047], [366.12701416015625, 256.34716796875, 396.62432861328125, 268.1419677734375], [376.4344482421875, 133.96517944335938, 388.7062072753906, 144.51441955566406], [399.5857849121094, 68.5294189453125, 418.07281494140625, 104.8900375366211], [275.5398864746094, 306.2625732421875, 289.3951416015625, 312.632568359375], [-0.05229376256465912, 87.60797882080078, 31.40801239013672, 181.47161865234375], [322.2379455566406, 277.5023193359375, 348.8002014160156, 290.0826110839844], [379.2888488769531, 58.24844741821289, 386.31634521484375, 65.54776000976562], [44.71562194824219, 147.63626098632812, 78.93599700927734, 185.37254333496094], [82.09815216064453, 75.17789459228516, 169.5006561279297, 132.8445587158203], [354.91607666015625, 123.57837677001953, 385.5068359375, 156.62196350097656], [364.9548034667969, 239.9835662841797, 397.08282470703125, 268.8157958984375], [356.6895446777344, 147.34193420410156, 368.8734436035156, 164.8893280029297], [417.47906494140625, 69.36213684082031, 444.5360107421875, 147.3175048828125], [143.56753540039062, 76.22075653076172, 183.8793487548828, 187.4019012451172], [396.4048767089844, 272.5532531738281, 416.6319274902344, 290.2903747558594], [353.9713439941406, 98.78941345214844, 393.59893798828125, 145.19300842285156], [302.10357666015625, 326.9772033691406, 335.4170837402344, 354.1828918457031], [142.26791381835938, 76.177734375, 192.76968383789062, 241.37091064453125], [253.51649475097656, 175.7613983154297, 265.50482177734375, 204.7300567626953], [429.90350341796875, 123.54634857177734, 442.7929382324219, 174.6913604736328], [363.9670715332031, 145.4926300048828, 381.7938537597656, 158.40892028808594], [440.52978515625, 147.97036743164062, 452.3409423828125, 162.2939910888672], [185.11158752441406, 214.3048553466797, 193.92063903808594, 246.1139373779297], [449.3852844238281, 179.9260711669922, 462.81427001953125, 200.50308227539062], [144.10733032226562, 75.95800018310547, 228.7421417236328, 152.07525634765625], [254.7965087890625, 175.7415771484375, 261.8822937011719, 191.60728454589844], [375.6497802734375, 115.1849594116211, 395.9788513183594, 144.75534057617188], [355.0641784667969, 68.25871276855469, 417.94244384765625, 181.98191833496094]), Score: [0.9555188417434692, 0.9486129283905029, 0.4259995222091675, 0.4235409200191498, 0.2998170256614685, 0.29459717869758606, 0.27997562289237976, 0.2695295512676239, 0.24626201391220093, 0.24418050050735474, 0.23632124066352844, 0.2127017378807068, 0.21185459196567535, 0.19778424501419067, 0.18359583616256714, 0.1784408539533615, 0.17511272430419922, 0.17206516861915588, 0.15784157812595367, 0.1558481603860855, 0.15165868401527405, 0.1489727795124054, 0.14684385061264038, 0.1432677060365677, 0.14148543775081635, 0.1372727006673813, 0.13537408411502838, 0.13085992634296417, 0.13084517419338226, 0.12770693004131317, 0.1260218322277069, 0.12416880577802658, 0.1232004165649414, 0.12239180505275726, 0.11926957219839096, 0.11563300341367722, 0.11397763341665268, 0.11349723488092422, 0.10848668217658997, 0.10617905855178833, 0.10588280856609344, 0.1049998551607132, 0.10342565923929214, 0.10156098753213882, 0.09828823059797287, 0.09700971096754074, 0.09676774591207504, 0.09530879557132721, 0.09058017283678055, 0.08903604000806808, 0.08883237093687057, 0.08808635920286179, 0.08638720214366913, 0.08608392626047134, 0.08463437110185623, 0.08462770283222198, 0.08445681631565094, 0.08252769708633423, 0.08217096328735352, 0.08123661577701569, 0.08080468326807022, 0.08067788928747177, 0.08042659610509872, 0.08004172146320343, 0.07977672666311264, 0.07884141802787781, 0.0781826451420784, 0.07704410701990128, 0.07647954672574997, 0.07634974271059036, 0.0762256532907486, 0.07617098838090897, 0.07596316188573837, 0.07563506811857224, 0.0746748149394989, 0.07299880683422089, 0.07299602776765823, 0.07267193496227264, 0.07224953174591064, 0.07204585522413254, 0.07163728028535843, 0.07159240543842316, 0.07156751304864883, 0.07021020352840424, 0.07008074223995209, 0.06977056711912155, 0.0696602389216423, 0.06936044991016388, 0.06592963635921478, 0.06588663905858994, 0.06499632447957993, 0.06465479731559753, 0.06372163444757462, 0.06353187561035156, 0.06282314658164978, 0.06272676587104797, 0.06251296401023865, 0.0623040609061718, 0.06186671555042267, 0.06175864860415459, 0.06164581701159477, 0.0616077221930027, 0.06156326085329056, 0.061529383063316345, 0.06147120147943497, 0.0614379346370697, 0.060383282601833344, 0.05996757000684738, 0.059800490736961365, 0.05910772457718849, 0.059062592685222626, 0.05905582010746002, 0.058559171855449677, 0.05844911187887192, 0.05800455063581467, 0.05791051685810089, 0.056882791221141815, 0.056367985904216766, 0.05615340545773506, 0.056026019155979156, 0.055799081921577454, 0.05574716255068779, 0.05478415638208389, 0.05470934137701988, 0.05467301979660988, 0.054461680352687836, 0.05430319905281067, 0.054244235157966614, 0.05417409539222717, 0.05394179746508598, 0.053809840232133865, 0.05362448841333389, 0.053505491465330124, 0.05346198379993439, 0.05330044776201248, 0.053144194185733795, 0.052822310477495193, 0.052693501114845276, 0.05242546647787094, 0.05241845175623894, 0.05233507975935936, 0.051787447184324265, 0.051502421498298645, 0.0514785461127758, 0.05147063359618187, 0.051046669483184814, 0.05090256407856941, 0.050870899111032486, 0.05086309835314751, 0.05082450434565544, 0.050639260560274124, 0.050476014614105225, 0.050325892865657806, 0.05028262361884117, 0.050240207463502884, 0.050238702446222305, 0.0497455932199955, 0.04965878278017044, 0.04951639473438263, 0.049452751874923706, 0.049421101808547974, 0.04936425760388374, 0.04925883561372757, 0.04919864237308502, 0.04863772168755531, 0.048615023493766785, 0.04842693731188774, 0.048405252397060394, 0.04835201054811478, 0.0482063852250576, 0.048165213316679, 0.04813273996114731, 0.04810110479593277, 0.047990258783102036, 0.04785316810011864, 0.047432057559490204, 0.04708048328757286, 0.04703059792518616, 0.04682730883359909, 0.04679258540272713, 0.04676654189825058, 0.046759653836488724, 0.04673895984888077, 0.04672342911362648, 0.04645659029483795, 0.04612985998392105, 0.0457167811691761, 0.04563372582197189, 0.045604679733514786, 0.045576855540275574, 0.0453157015144825, 0.045133113861083984, 0.045042671263217926, 0.044996265321969986, 0.04453595355153084, 0.044524744153022766, 0.044500742107629776, 0.04446924477815628, 0.04423411563038826, 0.04412474110722542, 0.04398953542113304, 0.04395301267504692, 0.04391198232769966, 0.043347395956516266, 0.043063219636678696, 0.04293705150485039, 0.042800430208444595, 0.04254487529397011, 0.04239509627223015, 0.04234077408909798, 0.04226499795913696, 0.04206584021449089, 0.04201185703277588, 0.04187407344579697, 0.04184392839670181, 0.04177871346473694, 0.04165152087807655, 0.04164547100663185, 0.04162809997797012, 0.04154234007000923, 0.0411192812025547, 0.04100746661424637, 0.040904585272073746, 0.04085397347807884, 0.04085228964686394, 0.04082489013671875, 0.04073918238282204, 0.04071839898824692, 0.040681805461645126, 0.040565915405750275, 0.04048224166035652, 0.04020114615559578, 0.040184952318668365, 0.0401725172996521, 0.04012715816497803, 0.03995861858129501, 0.039916038513183594, 0.0396379679441452, 0.039527732878923416, 0.03941290080547333, 0.03915008530020714, 0.03910244628787041, 0.03884953632950783, 0.038790930062532425, 0.03865471109747887, 0.03838864713907242, 0.03836839646100998, 0.038332078605890274, 0.03831041231751442, 0.03809851035475731, 0.038078855723142624, 0.038036104291677475, 0.037811655551195145, 0.037804894149303436, 0.037785936146974564, 0.03756211698055267, 0.03743196278810501, 0.03742717579007149, 0.03740815445780754, 0.03733876347541809, 0.03730497881770134, 0.0372203029692173, 0.03700602054595947, 0.03690287098288536, 0.03671965375542641, 0.036681924015283585, 0.03666508570313454, 0.0364752933382988, 0.036470670253038406, 0.036393649876117706, 0.036372411996126175, 0.03633012995123863, 0.03627019003033638, 0.036185674369335175, 0.0360645093023777, 0.03587571531534195, 0.03575776889920235, 0.03556089475750923, 0.03524870425462723, 0.03516574203968048, 0.03515208885073662, 0.035104572772979736, 0.03493005782365799, 0.03478733450174332, 0.03476805239915848, 0.034629423171281815, 0.03459424898028374, 0.034580979496240616, 0.03453625738620758, 0.034423161298036575, 0.034367598593235016, 0.03434877097606659, 0.03422253206372261, 0.034026604145765305, 0.03396494314074516, 0.03387279808521271, 0.033711474388837814, 0.03358323872089386, 0.03356071189045906, 0.03346015885472298]

Execution time: 0.4094 sec
