Label: tensor([14, 13,  8, 13, 13, 13, 13, 13,  2, 13, 13, 13, 13, 14,  2,  8, 13, 13,
        60, 58, 73, 13,  2, 71, 13, 71, 13, 65, 71,  8, 56, 13,  8,  8, 13, 44,
         2,  2,  8, 14,  8, 13, 71, 13, 13, 69,  8,  2,  2,  1, 13,  2,  8, 56,
        58, 71, 13, 50,  8, 73, 13, 62, 45,  1, 13, 13, 14, 14,  8, 13,  0, 18,
        14, 14, 73, 58, 58, 71,  8, 39,  7, 14, 14,  1,  2, 37,  2, 60,  8, 36,
        14, 56,  8, 38,  8, 32, 14, 13, 16,  7,  7, 39, 15,  2, 42, 60,  0, 71,
         2, 62,  8, 26, 58, 73,  2, 73, 71, 73, 58, 56, 40, 56, 23, 60,  8, 14,
        62, 39,  2, 56,  8, 13,  2, 14, 58,  3, 73, 71, 14, 14, 14, 13,  2,  8,
        13, 63, 73, 58, 28,  7, 69, 71,  2,  2,  8, 45, 60,  7,  1,  8, 73, 14,
        71, 69,  2, 69, 14,  7, 14, 69, 58, 37, 74, 59,  8, 71, 72, 13,  8, 58,
        60, 46,  7, 14,  8, 58, 56, 39, 61, 14,  4, 56, 56, 14, 58, 41, 14,  2,
         1,  2, 10,  2,  1, 14,  2,  8, 14, 74, 71,  2,  5,  2, 21, 66, 14, 71,
         2,  7,  8,  1, 26, 14,  0, 14, 56, 53,  1, 56, 56, 58, 73, 14, 58,  2,
        19, 10, 71, 71,  2, 14,  4, 73, 37, 45, 58,  3, 58,  8, 14, 45, 60, 61,
        50, 60, 47, 56, 13, 14, 73, 60, 47,  7, 14, 14, 56, 71, 58, 37, 30, 58,
         1, 71, 37, 73,  1, 14, 14, 60, 34, 14, 33, 60, 13, 12,  2, 14, 58,  8,
         7, 68, 25, 56, 29, 13, 14, 60, 58, 25, 56, 14]), Box: ([146.8295440673828, 68.9277572631836, 438.6255798339844, 347.75799560546875], [1.1776089668273926, 195.89012145996094, 500.0240783691406, 375.1014404296875], [1.1776089668273926, 195.89012145996094, 500.0240783691406, 375.1014404296875], [1.382678747177124, 270.3393859863281, 501.3414611816406, 374.933837890625], [0.12505054473876953, 100.47869873046875, 500.11993408203125, 375.38275146484375], [65.40098571777344, 202.08401489257812, 495.1619873046875, 374.8819274902344], [267.8926086425781, 201.45115661621094, 500.2845458984375, 374.8512268066406], [54.2835578918457, 277.7086486816406, 499.9764709472656, 375.0599365234375], [1.1776089668273926, 195.89012145996094, 500.0240783691406, 375.1014404296875], [2.984807014465332, 276.76129150390625, 499.8998107910156, 374.66961669921875], [1.8159300088882446, 278.2150573730469, 500.4759521484375, 374.6484375], [0.6360113620758057, 268.9241027832031, 500.4441833496094, 374.6202087402344], [0.4964172840118408, 265.8179626464844, 500.4849548339844, 374.7921142578125], [266.8218688964844, 289.81585693359375, 288.9496154785156, 313.0455017089844], [0.12505054473876953, 100.47869873046875, 500.11993408203125, 375.38275146484375], [65.40098571777344, 202.08401489257812, 495.1619873046875, 374.8819274902344], [276.92291259765625, 271.574951171875, 500.4327392578125, 374.8843078613281], [161.23243713378906, 196.71913146972656, 500.1431579589844, 375.0380859375], [1.1776089668273926, 195.89012145996094, 500.0240783691406, 375.1014404296875], [-0.4850327968597412, 1.1506006717681885, 499.5098876953125, 375.8931884765625], [1.1776089668273926, 195.89012145996094, 500.0240783691406, 375.1014404296875], [0.4881620407104492, 193.2925262451172, 500.48297119140625, 375.280029296875], [65.40098571777344, 202.08401489257812, 495.1619873046875, 374.8819274902344], [65.40098571777344, 202.08401489257812, 495.1619873046875, 374.8819274902344], [410.6536560058594, 201.5096893310547, 499.7227783203125, 374.470947265625], [1.1776089668273926, 195.89012145996094, 500.0240783691406, 375.1014404296875], [11.37874984741211, 277.3658142089844, 499.4218444824219, 374.9169921875], [146.8295440673828, 68.9277572631836, 438.6255798339844, 347.75799560546875], [267.8926086425781, 201.45115661621094, 500.2845458984375, 374.8512268066406], [0.12505054473876953, 100.47869873046875, 500.11993408203125, 375.38275146484375], [1.1776089668273926, 195.89012145996094, 500.0240783691406, 375.1014404296875], [52.52312088012695, 70.8666763305664, 500.4925231933594, 373.8317565917969], [267.8926086425781, 201.45115661621094, 500.2845458984375, 374.8512268066406], [54.2835578918457, 277.7086486816406, 499.9764709472656, 375.0599365234375], [43.85390853881836, 304.40655517578125, 500.86212158203125, 374.6997375488281], [146.8295440673828, 68.9277572631836, 438.6255798339844, 347.75799560546875], [267.8926086425781, 201.45115661621094, 500.2845458984375, 374.8512268066406], [54.2835578918457, 277.7086486816406, 499.9764709472656, 375.0599365234375], [161.23243713378906, 196.71913146972656, 500.1431579589844, 375.0380859375], [230.24996948242188, 289.5387878417969, 309.7661437988281, 330.0665283203125], [1.382678747177124, 270.3393859863281, 501.3414611816406, 374.933837890625], [279.9979248046875, 241.42613220214844, 500.66656494140625, 374.53076171875], [276.92291259765625, 271.574951171875, 500.4327392578125, 374.8843078613281], [0.8125156164169312, 260.16937255859375, 499.9602966308594, 375.17169189453125], [0.6310343742370605, 275.969970703125, 500.5780944824219, 374.7942810058594], [1.1776089668273926, 195.89012145996094, 500.0240783691406, 375.1014404296875], [146.8295440673828, 68.9277572631836, 438.6255798339844, 347.75799560546875], [52.52312088012695, 70.8666763305664, 500.4925231933594, 373.8317565917969], [161.23243713378906, 196.71913146972656, 500.1431579589844, 375.0380859375], [1.1776089668273926, 195.89012145996094, 500.0240783691406, 375.1014404296875], [237.52093505859375, 259.95458984375, 500.02264404296875, 374.9200134277344], [1.382678747177124, 270.3393859863281, 501.3414611816406, 374.933837890625], [52.52312088012695, 70.8666763305664, 500.4925231933594, 373.8317565917969], [0.12505054473876953, 100.47869873046875, 500.11993408203125, 375.38275146484375], [0.12505054473876953, 100.47869873046875, 500.11993408203125, 375.38275146484375], [54.2835578918457, 277.7086486816406, 499.9764709472656, 375.0599365234375], [322.25604248046875, 195.75474548339844, 499.4440612792969, 373.6806335449219], [146.8295440673828, 68.9277572631836, 438.6255798339844, 347.75799560546875], [0.4881620407104492, 193.2925262451172, 500.48297119140625, 375.280029296875], [1.382678747177124, 270.3393859863281, 501.3414611816406, 374.933837890625], [-0.4850327968597412, 1.1506006717681885, 499.5098876953125, 375.8931884765625], [1.1776089668273926, 195.89012145996094, 500.0240783691406, 375.1014404296875], [1.1776089668273926, 195.89012145996094, 500.0240783691406, 375.1014404296875], [0.12505054473876953, 100.47869873046875, 500.11993408203125, 375.38275146484375], [43.7661247253418, 294.79290771484375, 392.5305480957031, 374.6656188964844], [-0.18428266048431396, 71.00890350341797, 499.8105773925781, 375.9472351074219], [147.10330200195312, 69.20365142822266, 436.8857727050781, 345.73162841796875], [188.64891052246094, 158.79632568359375, 436.08953857421875, 345.0450134277344], [276.92291259765625, 271.574951171875, 500.4327392578125, 374.8843078613281], [26.78862190246582, 197.85011291503906, 503.743408203125, 375.50274658203125], [146.8295440673828, 68.9277572631836, 438.6255798339844, 347.75799560546875], [146.8295440673828, 68.9277572631836, 438.6255798339844, 347.75799560546875], [232.09071350097656, 289.2818908691406, 289.85888671875, 315.5133056640625], [189.5003662109375, 193.85858154296875, 436.2157897949219, 346.5343933105469], [54.2835578918457, 277.7086486816406, 499.9764709472656, 375.0599365234375], [1.1776089668273926, 195.89012145996094, 500.0240783691406, 375.1014404296875], [-0.33956021070480347, 76.70621490478516, 195.05726623535156, 372.721923828125], [1.382678747177124, 270.3393859863281, 501.3414611816406, 374.933837890625], [2.984807014465332, 276.76129150390625, 499.8998107910156, 374.66961669921875], [146.8295440673828, 68.9277572631836, 438.6255798339844, 347.75799560546875], [1.1776089668273926, 195.89012145996094, 500.0240783691406, 375.1014404296875], [230.69320678710938, 289.3383483886719, 310.457275390625, 352.9523620605469], [220.02748107910156, 238.77708435058594, 438.1732177734375, 346.89849853515625], [267.8926086425781, 201.45115661621094, 500.2845458984375, 374.8512268066406], [-0.4850327968597412, 1.1506006717681885, 499.5098876953125, 375.8931884765625], [1.1776089668273926, 195.89012145996094, 500.0240783691406, 375.1014404296875], [276.92291259765625, 271.574951171875, 500.4327392578125, 374.8843078613281], [65.40098571777344, 202.08401489257812, 495.1619873046875, 374.8819274902344], [1.8159300088882446, 278.2150573730469, 500.4759521484375, 374.6484375], [1.1776089668273926, 195.89012145996094, 500.0240783691406, 375.1014404296875], [266.0881042480469, 290.024169921875, 309.4103698730469, 325.5687561035156], [65.40098571777344, 202.08401489257812, 495.1619873046875, 374.8819274902344], [0.4964172840118408, 265.8179626464844, 500.4849548339844, 374.7921142578125], [146.8295440673828, 68.9277572631836, 438.6255798339844, 347.75799560546875], [0.6360113620758057, 268.9241027832031, 500.4441833496094, 374.6202087402344], [146.8295440673828, 68.9277572631836, 438.6255798339844, 347.75799560546875], [185.9756317138672, 181.30650329589844, 435.56243896484375, 345.52685546875], [223.34120178222656, 135.023681640625, 500.60308837890625, 375.2473449707031], [146.8295440673828, 68.9277572631836, 438.6255798339844, 347.75799560546875], [0.12505054473876953, 100.47869873046875, 500.11993408203125, 375.38275146484375], [52.52312088012695, 70.8666763305664, 500.4925231933594, 373.8317565917969], [266.8218688964844, 289.81585693359375, 288.9496154785156, 313.0455017089844], [146.8295440673828, 68.9277572631836, 438.6255798339844, 347.75799560546875], [0.4881620407104492, 193.2925262451172, 500.48297119140625, 375.280029296875], [146.8295440673828, 68.9277572631836, 438.6255798339844, 347.75799560546875], [0.12505054473876953, 100.47869873046875, 500.11993408203125, 375.38275146484375], [230.24996948242188, 289.5387878417969, 309.7661437988281, 330.0665283203125], [161.23243713378906, 196.71913146972656, 500.1431579589844, 375.0380859375], [2.984807014465332, 276.76129150390625, 499.8998107910156, 374.66961669921875], [-0.4850327968597412, 1.1506006717681885, 499.5098876953125, 375.8931884765625], [279.9979248046875, 241.42613220214844, 500.66656494140625, 374.53076171875], [146.8295440673828, 68.9277572631836, 438.6255798339844, 347.75799560546875], [-0.4332736134529114, 100.96908569335938, 179.67652893066406, 373.2004089355469], [1.8159300088882446, 278.2150573730469, 500.4759521484375, 374.6484375], [1.8159300088882446, 278.2150573730469, 500.4759521484375, 374.6484375], [65.40098571777344, 202.08401489257812, 495.1619873046875, 374.8819274902344], [279.9979248046875, 241.42613220214844, 500.66656494140625, 374.53076171875], [2.984807014465332, 276.76129150390625, 499.8998107910156, 374.66961669921875], [-0.18428266048431396, 71.00890350341797, 499.8105773925781, 375.9472351074219], [1.382678747177124, 270.3393859863281, 501.3414611816406, 374.933837890625], [146.8295440673828, 68.9277572631836, 438.6255798339844, 347.75799560546875], [52.52312088012695, 70.8666763305664, 500.4925231933594, 373.8317565917969], [146.8295440673828, 68.9277572631836, 438.6255798339844, 347.75799560546875], [1.382678747177124, 270.3393859863281, 501.3414611816406, 374.933837890625], [237.52093505859375, 259.95458984375, 500.02264404296875, 374.9200134277344], [231.0626983642578, 289.220703125, 310.6102600097656, 330.7959289550781], [0.12505054473876953, 100.47869873046875, 500.11993408203125, 375.38275146484375], [230.24996948242188, 289.5387878417969, 309.7661437988281, 330.0665283203125], [43.7661247253418, 294.79290771484375, 392.5305480957031, 374.6656188964844], [267.8926086425781, 201.45115661621094, 500.2845458984375, 374.8512268066406], [230.24996948242188, 289.5387878417969, 309.7661437988281, 330.0665283203125], [229.30355834960938, 102.92301940917969, 499.6737365722656, 375.7491455078125], [223.34120178222656, 135.023681640625, 500.60308837890625, 375.2473449707031], [1.1776089668273926, 195.89012145996094, 500.0240783691406, 375.1014404296875], [52.52312088012695, 70.8666763305664, 500.4925231933594, 373.8317565917969], [0.12505054473876953, 100.47869873046875, 500.11993408203125, 375.38275146484375], [0.4964172840118408, 265.8179626464844, 500.4849548339844, 374.7921142578125], [2.984807014465332, 276.76129150390625, 499.8998107910156, 374.66961669921875], [312.128662109375, 114.32803344726562, 322.85546875, 124.9659423828125], [184.67608642578125, 146.53543090820312, 436.6128234863281, 344.44622802734375], [226.3890838623047, 242.5361785888672, 426.5438537597656, 338.25933837890625], [146.8295440673828, 68.9277572631836, 438.6255798339844, 347.75799560546875], [0.6360113620758057, 268.9241027832031, 500.4441833496094, 374.6202087402344], [43.7661247253418, 294.79290771484375, 392.5305480957031, 374.6656188964844], [402.8516540527344, 132.2662811279297, 499.885986328125, 373.3995056152344], [1.1776089668273926, 195.89012145996094, 500.0240783691406, 375.1014404296875], [0.6360113620758057, 268.9241027832031, 500.4441833496094, 374.6202087402344], [-0.6743967533111572, 109.07003021240234, 98.12980651855469, 373.208984375], [1.1776089668273926, 195.89012145996094, 500.0240783691406, 375.1014404296875], [54.2835578918457, 277.7086486816406, 499.9764709472656, 375.0599365234375], [267.8926086425781, 201.45115661621094, 500.2845458984375, 374.8512268066406], [0.12505054473876953, 100.47869873046875, 500.11993408203125, 375.38275146484375], [0.4964172840118408, 265.8179626464844, 500.4849548339844, 374.7921142578125], [26.78862190246582, 197.85011291503906, 503.743408203125, 375.50274658203125], [26.78862190246582, 197.85011291503906, 503.743408203125, 375.50274658203125], [266.8218688964844, 289.81585693359375, 288.9496154785156, 313.0455017089844], [54.2835578918457, 277.7086486816406, 499.9764709472656, 375.0599365234375], [65.40098571777344, 202.08401489257812, 495.1619873046875, 374.8819274902344], [146.8295440673828, 68.9277572631836, 438.6255798339844, 347.75799560546875], [11.37874984741211, 277.3658142089844, 499.4218444824219, 374.9169921875], [43.85390853881836, 304.40655517578125, 500.86212158203125, 374.6997375488281], [183.9236602783203, 159.95556640625, 436.0129699707031, 344.4029541015625], [1.8159300088882446, 278.2150573730469, 500.4759521484375, 374.6484375], [65.40098571777344, 202.08401489257812, 495.1619873046875, 374.8819274902344], [-0.18428266048431396, 71.00890350341797, 499.8105773925781, 375.9472351074219], [0.12505054473876953, 100.47869873046875, 500.11993408203125, 375.38275146484375], [462.9656677246094, 350.771484375, 500.2350158691406, 374.9018249511719], [1.382678747177124, 270.3393859863281, 501.3414611816406, 374.933837890625], [148.16265869140625, 69.74859619140625, 420.2160339355469, 299.7574157714844], [52.52312088012695, 70.8666763305664, 500.4925231933594, 373.8317565917969], [-0.40712952613830566, 208.46543884277344, 277.4817199707031, 373.7710876464844], [146.8295440673828, 68.9277572631836, 438.6255798339844, 347.75799560546875], [1.1776089668273926, 195.89012145996094, 500.0240783691406, 375.1014404296875], [1.1776089668273926, 195.89012145996094, 500.0240783691406, 375.1014404296875], [223.34120178222656, 135.023681640625, 500.60308837890625, 375.2473449707031], [43.85390853881836, 304.40655517578125, 500.86212158203125, 374.6997375488281], [146.8295440673828, 68.9277572631836, 438.6255798339844, 347.75799560546875], [32.584861755371094, 290.94189453125, 504.9493408203125, 374.38116455078125], [43.85390853881836, 304.40655517578125, 500.86212158203125, 374.6997375488281], [2.7270169258117676, 71.14989471435547, 312.1169128417969, 373.1625671386719], [52.52312088012695, 70.8666763305664, 500.4925231933594, 373.8317565917969], [146.8295440673828, 68.9277572631836, 438.6255798339844, 347.75799560546875], [-0.18428266048431396, 71.00890350341797, 499.8105773925781, 375.9472351074219], [147.70945739746094, 69.95439910888672, 420.80096435546875, 296.50604248046875], [266.8218688964844, 289.81585693359375, 288.9496154785156, 313.0455017089844], [-0.20135939121246338, 288.443115234375, 75.62519836425781, 374.598876953125], [2.984807014465332, 276.76129150390625, 499.8998107910156, 374.66961669921875], [1.1776089668273926, 195.89012145996094, 500.0240783691406, 375.1014404296875], [1.1776089668273926, 195.89012145996094, 500.0240783691406, 375.1014404296875], [444.6862487792969, 341.2974853515625, 500.14019775390625, 375.073486328125], [146.8295440673828, 68.9277572631836, 438.6255798339844, 347.75799560546875], [1.8159300088882446, 278.2150573730469, 500.4759521484375, 374.6484375], [54.2835578918457, 277.7086486816406, 499.9764709472656, 375.0599365234375], [-0.4850327968597412, 1.1506006717681885, 499.5098876953125, 375.8931884765625], [-0.7323436737060547, 108.72351837158203, 96.88876342773438, 373.1809387207031], [266.8218688964844, 289.81585693359375, 288.9496154785156, 313.0455017089844], [192.04452514648438, 215.5971221923828, 291.94317626953125, 325.8596496582031], [48.114166259765625, 101.20381164550781, 458.1866760253906, 373.3573303222656], [-0.18428266048431396, 71.00890350341797, 499.8105773925781, 375.9472351074219], [43.85390853881836, 304.40655517578125, 500.86212158203125, 374.6997375488281], [146.8295440673828, 68.9277572631836, 438.6255798339844, 347.75799560546875], [230.24996948242188, 289.5387878417969, 309.7661437988281, 330.0665283203125], [0.4881620407104492, 193.2925262451172, 500.48297119140625, 375.280029296875], [2.7270169258117676, 71.14989471435547, 312.1169128417969, 373.1625671386719], [229.30355834960938, 102.92301940917969, 499.6737365722656, 375.7491455078125], [-0.18428266048431396, 71.00890350341797, 499.8105773925781, 375.9472351074219], [146.21987915039062, 69.62504577636719, 293.47271728515625, 210.77671813964844], [230.24996948242188, 289.5387878417969, 309.7661437988281, 330.0665283203125], [0.6360113620758057, 268.9241027832031, 500.4441833496094, 374.6202087402344], [146.8295440673828, 68.9277572631836, 438.6255798339844, 347.75799560546875], [1.1776089668273926, 195.89012145996094, 500.0240783691406, 375.1014404296875], [279.9979248046875, 241.42613220214844, 500.66656494140625, 374.53076171875], [146.8295440673828, 68.9277572631836, 438.6255798339844, 347.75799560546875], [1.1776089668273926, 195.89012145996094, 500.0240783691406, 375.1014404296875], [264.885009765625, 327.9134216308594, 286.4090881347656, 352.50762939453125], [0.4964172840118408, 265.8179626464844, 500.4849548339844, 374.7921142578125], [11.37874984741211, 277.3658142089844, 499.4218444824219, 374.9169921875], [0.4881620407104492, 193.2925262451172, 500.48297119140625, 375.280029296875], [0.8125156164169312, 260.16937255859375, 499.9602966308594, 375.17169189453125], [52.52312088012695, 70.8666763305664, 500.4925231933594, 373.8317565917969], [230.24996948242188, 289.5387878417969, 309.7661437988281, 330.0665283203125], [193.28472900390625, 246.97378540039062, 438.2715759277344, 346.97930908203125], [231.0626983642578, 289.220703125, 310.6102600097656, 330.7959289550781], [257.57281494140625, 223.40882873535156, 425.6535339355469, 341.533935546875], [0.6360113620758057, 268.9241027832031, 500.4441833496094, 374.6202087402344], [146.8295440673828, 68.9277572631836, 438.6255798339844, 347.75799560546875], [65.40098571777344, 202.08401489257812, 495.1619873046875, 374.8819274902344], [0.4964172840118408, 265.8179626464844, 500.4849548339844, 374.7921142578125], [-0.4850327968597412, 1.1506006717681885, 499.5098876953125, 375.8931884765625], [0.979691743850708, 69.41747283935547, 271.3636779785156, 371.80078125], [11.37874984741211, 277.3658142089844, 499.4218444824219, 374.9169921875], [145.23146057128906, 69.74283599853516, 351.3439025878906, 206.75146484375], [-0.4587098956108093, 67.24185180664062, 188.438720703125, 359.5153503417969], [410.6536560058594, 201.5096893310547, 499.7227783203125, 374.470947265625], [146.8295440673828, 68.9277572631836, 438.6255798339844, 347.75799560546875], [230.69320678710938, 289.3383483886719, 310.457275390625, 352.9523620605469], [237.52093505859375, 259.95458984375, 500.02264404296875, 374.9200134277344], [11.37874984741211, 277.3658142089844, 499.4218444824219, 374.9169921875], [237.52093505859375, 259.95458984375, 500.02264404296875, 374.9200134277344], [266.3457336425781, 125.77056884765625, 426.5763854980469, 337.37335205078125], [1.1776089668273926, 195.89012145996094, 500.0240783691406, 375.1014404296875], [0.12505054473876953, 100.47869873046875, 500.11993408203125, 375.38275146484375], [267.8926086425781, 201.45115661621094, 500.2845458984375, 374.8512268066406], [65.40098571777344, 202.08401489257812, 495.1619873046875, 374.8819274902344], [-0.6686300039291382, 74.48294067382812, 213.8485107421875, 365.2496032714844], [1.1776089668273926, 195.89012145996094, 500.0240783691406, 375.1014404296875], [150.862548828125, 0.22264569997787476, 498.8144836425781, 158.46495056152344], [-0.4850327968597412, 1.1506006717681885, 499.5098876953125, 375.8931884765625], [0.12505054473876953, 100.47869873046875, 500.11993408203125, 375.38275146484375], [230.24996948242188, 289.5387878417969, 309.7661437988281, 330.0665283203125], [0.4881620407104492, 193.2925262451172, 500.48297119140625, 375.280029296875], [65.40098571777344, 202.08401489257812, 495.1619873046875, 374.8819274902344], [230.24996948242188, 289.5387878417969, 309.7661437988281, 330.0665283203125], [-0.4850327968597412, 1.1506006717681885, 499.5098876953125, 375.8931884765625], [266.8218688964844, 289.81585693359375, 288.9496154785156, 313.0455017089844], [0.4881620407104492, 193.2925262451172, 500.48297119140625, 375.280029296875], [0.2715587615966797, 118.58336639404297, 500.0186462402344, 375.7718505859375], [147.15081787109375, 69.8118896484375, 359.76873779296875, 190.81027221679688], [276.92291259765625, 271.574951171875, 500.4327392578125, 374.8843078613281], [2.984807014465332, 276.76129150390625, 499.8998107910156, 374.66961669921875], [230.24996948242188, 289.5387878417969, 309.7661437988281, 330.0665283203125], [230.24996948242188, 289.5387878417969, 309.7661437988281, 330.0665283203125], [192.0621337890625, 169.71298217773438, 439.67724609375, 344.3241882324219], [146.95611572265625, 69.46150970458984, 357.5417785644531, 206.9797821044922], [-0.18428266048431396, 71.00890350341797, 499.8105773925781, 375.9472351074219], [43.7661247253418, 294.79290771484375, 392.5305480957031, 374.6656188964844], [43.7661247253418, 294.79290771484375, 392.5305480957031, 374.6656188964844], [65.40098571777344, 202.08401489257812, 495.1619873046875, 374.8819274902344], [1.1776089668273926, 195.89012145996094, 500.0240783691406, 375.1014404296875], [1.382678747177124, 270.3393859863281, 501.3414611816406, 374.933837890625], [276.92291259765625, 271.574951171875, 500.4327392578125, 374.8843078613281], [52.52312088012695, 70.8666763305664, 500.4925231933594, 373.8317565917969], [1.382678747177124, 270.3393859863281, 501.3414611816406, 374.933837890625], [267.8926086425781, 201.45115661621094, 500.2845458984375, 374.8512268066406], [26.78862190246582, 197.85011291503906, 503.743408203125, 375.50274658203125], [26.78862190246582, 197.85011291503906, 503.743408203125, 375.50274658203125], [230.03863525390625, 293.59906005859375, 281.1163635253906, 327.89581298828125], [1.8159300088882446, 278.2150573730469, 500.4759521484375, 374.6484375], [1.1776089668273926, 195.89012145996094, 500.0240783691406, 375.1014404296875], [194.43548583984375, 332.593994140625, 201.21153259277344, 335.60382080078125], [146.8295440673828, 68.9277572631836, 438.6255798339844, 347.75799560546875], [267.8926086425781, 201.45115661621094, 500.2845458984375, 374.8512268066406], [429.4820861816406, 272.99700927734375, 499.75164794921875, 374.79620361328125], [1.1776089668273926, 195.89012145996094, 500.0240783691406, 375.1014404296875], [62.887489318847656, 208.43865966796875, 429.06927490234375, 360.5816650390625], [146.22760009765625, 69.45052337646484, 334.0549011230469, 191.45542907714844], [65.40098571777344, 202.08401489257812, 495.1619873046875, 374.8819274902344], [0.6310343742370605, 275.969970703125, 500.5780944824219, 374.7942810058594], [267.8926086425781, 201.45115661621094, 500.2845458984375, 374.8512268066406], [1.1776089668273926, 195.89012145996094, 500.0240783691406, 375.1014404296875], [1.1776089668273926, 195.89012145996094, 500.0240783691406, 375.1014404296875], [146.8295440673828, 68.9277572631836, 438.6255798339844, 347.75799560546875], [1.1776089668273926, 195.89012145996094, 500.0240783691406, 375.1014404296875], [91.75729370117188, 71.75596618652344, 496.5453186035156, 370.5311279296875], [146.68142700195312, 71.03834533691406, 380.6146240234375, 221.36514282226562], [0.4964172840118408, 265.8179626464844, 500.4849548339844, 374.7921142578125], [-0.6298161745071411, 314.97528076171875, 72.92686462402344, 375.1285705566406], [146.8295440673828, 68.9277572631836, 438.6255798339844, 347.75799560546875], [276.92291259765625, 271.574951171875, 500.4327392578125, 374.8843078613281], [181.49124145507812, 153.42237854003906, 437.588623046875, 338.7424621582031]), Score: [0.952271580696106, 0.1229000985622406, 0.06130659580230713, 0.06096595525741577, 0.058487001806497574, 0.058441877365112305, 0.057203102856874466, 0.05211156979203224, 0.04964068904519081, 0.043837811797857285, 0.0414297841489315, 0.03909352421760559, 0.038586705923080444, 0.036883216351270676, 0.03622829541563988, 0.03366489335894585, 0.03253409266471863, 0.03243151307106018, 0.03227357566356659, 0.03126451373100281, 0.03102746792137623, 0.030382009223103523, 0.02963470108807087, 0.028863191604614258, 0.028737062588334084, 0.02835654467344284, 0.027714481577277184, 0.027181092649698257, 0.027163585647940636, 0.026741206645965576, 0.02653169445693493, 0.026076780632138252, 0.025769248604774475, 0.025509383529424667, 0.02538527548313141, 0.024863315746188164, 0.024663127958774567, 0.023938504979014397, 0.02371028997004032, 0.023564094677567482, 0.02298366092145443, 0.022483237087726593, 0.022479349747300148, 0.022441430017352104, 0.022249311208724976, 0.022077228873968124, 0.021606869995594025, 0.021403631195425987, 0.021348759531974792, 0.021128233522176743, 0.0209191907197237, 0.020832668989896774, 0.01995684765279293, 0.019636934623122215, 0.019609181210398674, 0.019003497436642647, 0.01874724216759205, 0.018347587436437607, 0.018170589581131935, 0.017873665317893028, 0.017809351906180382, 0.01774437539279461, 0.017536722123622894, 0.017436176538467407, 0.017310969531536102, 0.01717362552881241, 0.017126526683568954, 0.017118124291300774, 0.01705874502658844, 0.016947152093052864, 0.01689263805747032, 0.01688174530863762, 0.016759594902396202, 0.016696160659193993, 0.01664932444691658, 0.016543980687856674, 0.016459805890917778, 0.01640254817903042, 0.016184555366635323, 0.016126053407788277, 0.015931783244013786, 0.01564010977745056, 0.015630431473255157, 0.015613351948559284, 0.015496646985411644, 0.01540692150592804, 0.015277188271284103, 0.015230009332299232, 0.015215026214718819, 0.015010644681751728, 0.014967228285968304, 0.014954508282244205, 0.014939118176698685, 0.014926683157682419, 0.01481249462813139, 0.014751160517334938, 0.014511385932564735, 0.01441418007016182, 0.01424479205161333, 0.014238212257623672, 0.014222311787307262, 0.014215006493031979, 0.014178097248077393, 0.014122852124273777, 0.013995359651744366, 0.013994405046105385, 0.01398196816444397, 0.013940338976681232, 0.01369454525411129, 0.013405544683337212, 0.013305890373885632, 0.013287846930325031, 0.013246473856270313, 0.013184333220124245, 0.01314424816519022, 0.013083011843264103, 0.013079159893095493, 0.013031273148953915, 0.013013218529522419, 0.012869101017713547, 0.012839501723647118, 0.012811675667762756, 0.012798859737813473, 0.01278492622077465, 0.012766242027282715, 0.012711369432508945, 0.01267328206449747, 0.01261059008538723, 0.012604054994881153, 0.012553601525723934, 0.012528486549854279, 0.012367693707346916, 0.012336506508290768, 0.012254669331014156, 0.01223362609744072, 0.012233096174895763, 0.012231811881065369, 0.012117007747292519, 0.012094441801309586, 0.012058323249220848, 0.01205511949956417, 0.012036642991006374, 0.01200923416763544, 0.011964846402406693, 0.011937740258872509, 0.011873550713062286, 0.011823233217000961, 0.011820616200566292, 0.01180484052747488, 0.011783982627093792, 0.011765960603952408, 0.011748265475034714, 0.011642071418464184, 0.011636876501142979, 0.011624536477029324, 0.011554255150258541, 0.011547830887138844, 0.011486309580504894, 0.011459697037935257, 0.011457260698080063, 0.011417128145694733, 0.011354202404618263, 0.01135340891778469, 0.011340588331222534, 0.011335103772580624, 0.01132629532366991, 0.011309845373034477, 0.01130628865212202, 0.011214392259716988, 0.011180039495229721, 0.011153639294207096, 0.011142237111926079, 0.01107114739716053, 0.011053427122533321, 0.01104533951729536, 0.0110446996986866, 0.011003193445503712, 0.010981389321386814, 0.010952947661280632, 0.01093123760074377, 0.010904703289270401, 0.01084462646394968, 0.010841860435903072, 0.01083960011601448, 0.010820433497428894, 0.010784272104501724, 0.010725150816142559, 0.01072036661207676, 0.010684060864150524, 0.010593844577670097, 0.010439705103635788, 0.010437952354550362, 0.01042357087135315, 0.010421007871627808, 0.010412853211164474, 0.010406487621366978, 0.01038758922368288, 0.010373374447226524, 0.010338163934648037, 0.010319310240447521, 0.010317951440811157, 0.010304063558578491, 0.010292133316397667, 0.010283106938004494, 0.010270701721310616, 0.010268776677548885, 0.010252457112073898, 0.010248864069581032, 0.010247059166431427, 0.010150040499866009, 0.010149647481739521, 0.010128283873200417, 0.010124522261321545, 0.010112029500305653, 0.010093235410749912, 0.010037001222372055, 0.010015225037932396, 0.009965487755835056, 0.009950228966772556, 0.009921390563249588, 0.009897653013467789, 0.009893139824271202, 0.009835115633904934, 0.00981165561825037, 0.009811465628445148, 0.00978743378072977, 0.009764990769326687, 0.00971938855946064, 0.009665112011134624, 0.009657680056989193, 0.009631464257836342, 0.009593640454113483, 0.009543746709823608, 0.009538640268146992, 0.00952383503317833, 0.009521501138806343, 0.009509398601949215, 0.009492314420640469, 0.009460840374231339, 0.00943558569997549, 0.009431111626327038, 0.00941471103578806, 0.009386916644871235, 0.009386899881064892, 0.009365193545818329, 0.009362362325191498, 0.009352841414511204, 0.00934237614274025, 0.009310825727880001, 0.009307511150836945, 0.009268644265830517, 0.009230713360011578, 0.009216995909810066, 0.009203928522765636, 0.009192725643515587, 0.009181870147585869, 0.009150692261755466, 0.009129049256443977, 0.009070873260498047, 0.009040548466145992, 0.009039006195962429, 0.00896881241351366, 0.008962389081716537, 0.008953867480158806, 0.008928506635129452, 0.00889973808079958, 0.008880062960088253, 0.008875238709151745, 0.008869888260960579, 0.008860774338245392, 0.008840817958116531, 0.008788674138486385, 0.008762812241911888, 0.008736803196370602, 0.008700919337570667, 0.008678307756781578, 0.008674443699419498, 0.008656694553792477, 0.008642568252980709, 0.008615661412477493, 0.008556894026696682, 0.008540159091353416, 0.008534189313650131, 0.008437784388661385, 0.00842866487801075, 0.008427831344306469, 0.008426912128925323, 0.008395342156291008, 0.008384876884520054, 0.008360691368579865, 0.008358062244951725, 0.008320730179548264, 0.008316757157444954, 0.00830173585563898, 0.008287674747407436, 0.008248917758464813, 0.008240589872002602, 0.008192681707441807, 0.008173405192792416, 0.008171743713319302]

Execution time: 0.4079 sec
