Label: tensor([ 0, 32, 38,  0,  0, 38,  0,  0,  0, 38,  0,  0, 62,  0,  0, 32,  0, 32,
         0,  0, 38,  0,  0, 13,  0,  0,  0, 13, 13,  0,  0, 13,  2, 74, 13,  2,
         0,  0,  0, 11, 13, 13,  0,  0,  0,  2,  9,  9,  0, 38,  0,  0, 38,  7,
        38, 32,  5,  0, 39, 32, 27, 13,  0,  0, 32, 13,  0,  0, 13, 32,  2, 24,
        14, 13, 13, 13, 13, 38,  0, 13, 13, 13, 13,  2, 38, 74,  0,  0, 32, 13,
        13, 74, 32,  2,  5, 13, 62, 32, 27, 27,  2, 29, 32, 29, 56, 13,  0, 38,
        13,  0, 38, 56, 32, 13,  6,  0, 25, 32,  0, 38, 13, 32, 13, 32, 32, 13,
        13, 32, 38, 13, 32, 13,  2, 13, 13,  0, 13, 32, 34,  2, 32, 27, 27, 32,
        13,  0,  2,  2,  0,  0,  8, 13, 13,  0, 74,  0, 33,  2, 13, 13,  0,  6,
        13, 38, 13,  0,  0,  2, 32,  0, 32,  5, 13,  5, 32, 13, 13, 58,  6, 74,
        13, 56, 27, 32, 13, 13, 13, 13, 32, 35, 13, 38,  0,  0, 13, 13, 38,  2,
        32, 13, 13,  0, 32, 38, 32, 13,  9, 38, 11,  7, 32, 38,  2, 32,  2, 24,
        13, 62,  0, 32, 38, 32, 16,  2,  5, 13,  2, 38,  0, 13,  0,  2, 32, 38,
        67,  0,  2, 32,  9, 13, 32,  9,  1, 34, 26, 73,  2,  2,  2,  7, 38, 67,
        29, 13,  5, 32,  0,  0,  0,  0,  5, 39, 10, 38, 58,  2,  2,  5,  6, 26,
        11, 16, 14, 32, 13,  0,  0,  0,  5, 32, 11,  0, 26, 67, 13, 36, 38, 13,
        13,  6, 27,  2, 13, 13,  6,  0,  5, 14, 56, 27]), Box: ([190.73284912109375, 252.4296112060547, 306.0254211425781, 470.4300231933594], [158.00978088378906, 88.58625030517578, 180.0316162109375, 112.78752136230469], [137.57638549804688, 128.14056396484375, 182.6324920654297, 143.7125244140625], [132.8675537109375, 101.57266998291016, 142.50015258789062, 130.75416564941406], [106.39006805419922, 80.67159271240234, 117.04017639160156, 104.05805969238281], [98.38411712646484, 116.83672332763672, 182.62937927246094, 145.98849487304688], [99.3691635131836, 218.79034423828125, 116.2240982055664, 240.75274658203125], [96.25784301757812, 218.76144409179688, 121.28345489501953, 242.70504760742188], [104.082763671875, 80.25297546386719, 118.47891998291016, 118.12603759765625], [320.3612365722656, 490.5592041015625, 354.2589111328125, 499.96539306640625], [132.09375, 100.90779876708984, 142.99720764160156, 143.01307678222656], [254.41856384277344, 211.80477905273438, 263.9626770019531, 225.4120635986328], [98.33644104003906, 45.05495071411133, 144.234130859375, 152.57025146484375], [92.4535903930664, 218.04127502441406, 121.71796417236328, 268.79180908203125], [134.52163696289062, 102.41621398925781, 141.591552734375, 122.42373657226562], [320.3612365722656, 490.5592041015625, 354.2589111328125, 499.96539306640625], [118.25577545166016, 109.26465606689453, 128.8245086669922, 125.80049133300781], [311.6647033691406, 392.1808166503906, 319.0616149902344, 397.5470275878906], [122.35592651367188, 101.8077163696289, 131.09170532226562, 126.00286102294922], [195.78805541992188, 214.66717529296875, 210.1614227294922, 238.2760009765625], [200.82052612304688, 335.1648864746094, 224.402587890625, 345.0340881347656], [372.1600646972656, 207.4738311767578, 375.1673583984375, 222.63284301757812], [129.23162841796875, 100.83386993408203, 143.28778076171875, 145.37083435058594], [92.1718521118164, 252.87255859375, 121.87421417236328, 262.5331726074219], [312.51959228515625, 210.041015625, 320.36676025390625, 223.5407257080078], [130.77113342285156, 84.45967864990234, 142.4837646484375, 130.20140075683594], [116.44869995117188, 75.45671844482422, 135.64195251464844, 125.19718933105469], [64.54922485351562, 252.6045379638672, 122.07720184326172, 269.7655029296875], [107.65800476074219, 253.9368896484375, 121.94319915771484, 271.5259704589844], [191.22601318359375, 214.4036407470703, 211.84996032714844, 269.490234375], [240.695556640625, 211.34278869628906, 266.057861328125, 235.8313751220703], [35.56746292114258, 253.01918029785156, 122.27478790283203, 272.0917053222656], [311.3798522949219, 264.8684387207031, 335.00762939453125, 270.2052001953125], [98.33644104003906, 45.05495071411133, 144.234130859375, 152.57025146484375], [107.91748046875, 253.73377990722656, 121.93929290771484, 261.93865966796875], [241.37930297851562, 224.92105102539062, 272.1700439453125, 236.55728149414062], [121.78984832763672, 113.04911041259766, 128.9620361328125, 126.19818878173828], [131.03897094726562, 83.45295715332031, 142.10508728027344, 127.33767700195312], [116.32017517089844, 89.40267944335938, 133.927001953125, 126.57764434814453], [98.33644104003906, 45.05495071411133, 144.234130859375, 152.57025146484375], [91.45890045166016, 252.43740844726562, 121.90508270263672, 270.3668518066406], [309.8568420410156, 248.19296264648438, 373.8247375488281, 269.8541259765625], [122.85951232910156, 104.72277069091797, 130.9420166015625, 127.0824966430664], [37.48561477661133, 251.6976318359375, 50.62596893310547, 272.03497314453125], [240.21560668945312, 211.20156860351562, 264.6819152832031, 227.389892578125], [37.48561477661133, 251.6976318359375, 50.62596893310547, 272.03497314453125], [312.51959228515625, 210.041015625, 320.36676025390625, 223.5407257080078], [254.41856384277344, 211.80477905273438, 263.9626770019531, 225.4120635986328], [124.31072998046875, 116.62725067138672, 130.46466064453125, 128.16696166992188], [200.5550079345703, 321.3080749511719, 224.45008850097656, 344.6745910644531], [108.13085174560547, 237.15174865722656, 121.54368591308594, 271.6914367675781], [309.79052734375, 251.02284240722656, 320.33099365234375, 269.944091796875], [98.28083038330078, 111.17866516113281, 138.13519287109375, 151.20497131347656], [37.48561477661133, 251.6976318359375, 50.62596893310547, 272.03497314453125], [98.15374755859375, 45.1447639465332, 182.97120666503906, 149.2692413330078], [321.6723327636719, 491.51190185546875, 348.327880859375, 499.30126953125], [35.56746292114258, 253.01918029785156, 122.27478790283203, 272.0917053222656], [132.19081115722656, 83.18589782714844, 140.0293426513672, 100.50459289550781], [320.3612365722656, 490.5592041015625, 354.2589111328125, 499.96539306640625], [109.3397445678711, 238.034912109375, 120.806884765625, 243.50653076171875], [224.20907592773438, 295.3226318359375, 238.9630126953125, 306.20172119140625], [39.674468994140625, 253.43516540527344, 122.08275604248047, 260.78192138671875], [106.25514221191406, 219.2625274658203, 114.6281509399414, 230.3385009765625], [34.82254409790039, 131.08653259277344, 48.12610626220703, 149.28305053710938], [211.65036010742188, 338.221923828125, 222.63133239746094, 344.5731201171875], [317.11334228515625, 248.59466552734375, 374.30377197265625, 255.03311157226562], [200.09182739257812, 214.58106994628906, 209.72068786621094, 228.09500122070312], [201.5793914794922, 249.0266876220703, 215.47393798828125, 269.6814270019531], [240.81491088867188, 244.96786499023438, 373.99822998046875, 269.9203796386719], [106.25514221191406, 219.2625274658203, 114.6281509399414, 230.3385009765625], [34.82254409790039, 131.08653259277344, 48.12610626220703, 149.28305053710938], [258.5046691894531, 298.94927978515625, 279.77703857421875, 352.2249755859375], [106.39006805419922, 80.67159271240234, 117.04017639160156, 104.05805969238281], [36.577693939208984, 259.01336669921875, 50.90484619140625, 271.8223876953125], [248.22634887695312, 252.50628662109375, 314.6729736328125, 269.2413024902344], [239.61724853515625, 220.94717407226562, 374.994140625, 237.02696228027344], [64.83129119873047, 255.1569366455078, 121.85993957519531, 263.81390380859375], [106.39006805419922, 80.67159271240234, 117.04017639160156, 104.05805969238281], [131.63233947753906, 83.91217803955078, 138.80140686035156, 99.52859497070312], [318.7755432128906, 245.43357849121094, 374.22125244140625, 253.8900146484375], [177.6837921142578, 256.72412109375, 192.76620483398438, 270.42633056640625], [64.47579956054688, 254.19723510742188, 99.28910827636719, 271.8243103027344], [240.12960815429688, 234.54440307617188, 374.1048278808594, 242.8643341064453], [36.577693939208984, 259.01336669921875, 50.90484619140625, 271.8223876953125], [98.33644104003906, 45.05495071411133, 144.234130859375, 152.57025146484375], [106.39006805419922, 80.67159271240234, 117.04017639160156, 104.05805969238281], [116.52223205566406, 74.57840728759766, 141.48947143554688, 128.94227600097656], [203.77960205078125, 257.7578125, 211.391357421875, 270.0522766113281], [106.39006805419922, 80.67159271240234, 117.04017639160156, 104.05805969238281], [312.4615783691406, 252.8494873046875, 334.9402160644531, 269.7856750488281], [203.3295440673828, 236.48904418945312, 375.3556213378906, 250.9969482421875], [137.57638549804688, 128.14056396484375, 182.6324920654297, 143.7125244140625], [157.888916015625, 89.0731201171875, 165.8253936767578, 97.6818618774414], [309.8568420410156, 248.19296264648438, 373.8247375488281, 269.8541259765625], [64.54922485351562, 252.6045379638672, 122.07720184326172, 269.7655029296875], [37.48561477661133, 251.6976318359375, 50.62596893310547, 272.03497314453125], [98.38438415527344, 64.77921295166016, 142.6999969482422, 151.93345642089844], [321.7479248046875, 492.484130859375, 350.97772216796875, 499.89752197265625], [219.8689727783203, 295.3655700683594, 239.0602569580078, 326.4657897949219], [221.50558471679688, 288.33489990234375, 237.71908569335938, 305.75048828125], [64.47579956054688, 254.19723510742188, 99.28910827636719, 271.8243103027344], [137.57638549804688, 128.14056396484375, 182.6324920654297, 143.7125244140625], [137.57638549804688, 128.14056396484375, 182.6324920654297, 143.7125244140625], [320.3612365722656, 490.5592041015625, 354.2589111328125, 499.96539306640625], [37.48561477661133, 251.6976318359375, 50.62596893310547, 272.03497314453125], [235.97381591796875, 234.49453735351562, 374.3029479980469, 246.6782684326172], [119.51254272460938, 72.32164764404297, 125.76941680908203, 85.65912628173828], [196.98558044433594, 326.6828918457031, 219.79872131347656, 344.2663269042969], [334.6606140136719, 252.83213806152344, 371.1486511230469, 269.66943359375], [122.54244232177734, 74.72808837890625, 132.03689575195312, 91.627197265625], [204.7328338623047, 295.42901611328125, 239.03314208984375, 343.0229187011719], [108.13085174560547, 237.15174865722656, 121.54368591308594, 271.6914367675781], [173.66937255859375, 95.84261322021484, 180.42861938476562, 110.82907104492188], [9.092554092407227, 252.94894409179688, 122.42091369628906, 272.6279602050781], [35.56746292114258, 253.01918029785156, 122.27478790283203, 272.0917053222656], [320.3612365722656, 490.5592041015625, 354.2589111328125, 499.96539306640625], [98.33644104003906, 45.05495071411133, 144.234130859375, 152.57025146484375], [99.3691635131836, 218.79034423828125, 116.2240982055664, 240.75274658203125], [325.7496337890625, 253.01820373535156, 334.8953857421875, 269.1789855957031], [211.65036010742188, 338.221923828125, 222.63133239746094, 344.5731201171875], [204.19818115234375, 237.9307403564453, 374.5265808105469, 270.2940368652344], [172.51705932617188, 104.84041595458984, 179.13136291503906, 112.23341369628906], [319.8758239746094, 243.61585998535156, 372.85003662109375, 250.7071533203125], [166.37110900878906, 106.7538833618164, 175.6737518310547, 112.94375610351562], [98.33644104003906, 45.05495071411133, 144.234130859375, 152.57025146484375], [223.77272033691406, 248.53424072265625, 373.28118896484375, 254.7279052734375], [316.9900817871094, 246.23829650878906, 374.13446044921875, 254.3274688720703], [34.82254409790039, 131.08653259277344, 48.12610626220703, 149.28305053710938], [91.25121307373047, 236.36460876464844, 119.63888549804688, 243.02491760253906], [237.9729766845703, 247.7755889892578, 373.29583740234375, 255.03489685058594], [165.21694946289062, 107.6611557006836, 174.44654846191406, 113.05874633789062], [354.9914245605469, 250.72122192382812, 372.732177734375, 269.1658630371094], [39.873687744140625, 251.8403778076172, 49.098915100097656, 258.0061340332031], [220.67063903808594, 235.4549102783203, 374.9811096191406, 245.01776123046875], [319.80224609375, 244.86524963378906, 373.2234802246094, 250.55348205566406], [92.0044937133789, 251.13880920410156, 99.22003173828125, 271.0832824707031], [215.47003173828125, 237.42266845703125, 373.43170166015625, 251.48570251464844], [174.01651000976562, 99.1353530883789, 180.4833221435547, 111.1369400024414], [320.3612365722656, 490.5592041015625, 354.2589111328125, 499.96539306640625], [264.677734375, 225.32125854492188, 272.65020751953125, 234.2689971923828], [254.41856384277344, 211.80477905273438, 263.9626770019531, 225.4120635986328], [218.00961303710938, 294.9300231933594, 239.0022735595703, 347.4167175292969], [228.7482147216797, 295.2532043457031, 238.76805114746094, 299.4750061035156], [200.6949462890625, 329.3752746582031, 206.5723419189453, 336.67999267578125], [218.02706909179688, 241.6619415283203, 373.2261657714844, 251.76564025878906], [107.81721496582031, 230.11898803710938, 132.42507934570312, 243.3856964111328], [240.4810333251953, 223.7781982421875, 272.20361328125, 236.7287139892578], [312.4615783691406, 252.8494873046875, 334.9402160644531, 269.7856750488281], [109.448486328125, 236.31051635742188, 120.75833892822266, 257.0118408203125], [98.38438415527344, 64.77921295166016, 142.6999969482422, 151.93345642089844], [98.33644104003906, 45.05495071411133, 144.234130859375, 152.57025146484375], [206.87574768066406, 237.9128875732422, 374.63812255859375, 254.28115844726562], [311.3798522949219, 264.8684387207031, 335.00762939453125, 270.2052001953125], [200.5550079345703, 321.3080749511719, 224.45008850097656, 344.6745910644531], [98.28083038330078, 111.17866516113281, 138.13519287109375, 151.20497131347656], [308.72705078125, 236.9552459716797, 326.1099853515625, 269.590087890625], [98.33644104003906, 45.05495071411133, 144.234130859375, 152.57025146484375], [35.56746292114258, 253.01918029785156, 122.27478790283203, 272.0917053222656], [218.1881866455078, 236.13760375976562, 373.71588134765625, 250.89633178710938], [241.37930297851562, 224.92105102539062, 272.1700439453125, 236.55728149414062], [39.873687744140625, 251.8403778076172, 49.098915100097656, 258.0061340332031], [239.61724853515625, 220.94717407226562, 374.994140625, 237.02696228027344], [249.6509246826172, 254.05686950683594, 311.4582824707031, 268.82464599609375], [194.05015563964844, 295.0467224121094, 238.60916137695312, 343.4085998535156], [214.2420196533203, 240.13284301757812, 372.10150146484375, 250.65106201171875], [119.21161651611328, 100.74090576171875, 129.978271484375, 124.01508331298828], [107.40708923339844, 82.12512969970703, 116.93354034423828, 116.40879821777344], [64.54922485351562, 252.6045379638672, 122.07720184326172, 269.7655029296875], [190.9248504638672, 326.6883850097656, 199.4315643310547, 343.1695251464844], [76.09004211425781, 263.25518798828125, 81.25411987304688, 272.1924133300781], [172.95997619628906, 92.08698272705078, 179.8502655029297, 109.30963134765625], [37.48561477661133, 251.6976318359375, 50.62596893310547, 272.03497314453125], [289.97705078125, 248.88868713378906, 374.3153381347656, 269.41326904296875], [177.6837921142578, 256.72412109375, 192.76620483398438, 270.42633056640625], [92.47590637207031, 252.09442138671875, 98.66805267333984, 258.85589599609375], [65.14061737060547, 259.0699768066406, 98.83273315429688, 272.1487731933594], [312.0554504394531, 247.37759399414062, 373.1677551269531, 269.1464538574219], [98.33644104003906, 45.05495071411133, 144.234130859375, 152.57025146484375], [4.170689582824707, 234.41940307617188, 375.3761291503906, 273.1616516113281], [98.38438415527344, 64.77921295166016, 142.6999969482422, 151.93345642089844], [316.65826416015625, 253.1690673828125, 353.4483337402344, 269.64312744140625], [320.3612365722656, 490.5592041015625, 354.2589111328125, 499.96539306640625], [215.51974487304688, 295.81365966796875, 238.88436889648438, 344.95123291015625], [175.76824951171875, 472.3506164550781, 192.47218322753906, 485.37359619140625], [321.2185363769531, 238.2957000732422, 369.4949951171875, 244.8722686767578], [237.35821533203125, 240.93267822265625, 372.3020324707031, 247.43154907226562], [338.3506774902344, 248.2748565673828, 373.6424255371094, 254.2142333984375], [321.8580627441406, 236.34605407714844, 371.1647033691406, 243.74456787109375], [169.1380157470703, 89.47108459472656, 177.56048583984375, 97.21824645996094], [320.3612365722656, 490.5592041015625, 354.2589111328125, 499.96539306640625], [352.49334716796875, 249.45053100585938, 372.0672302246094, 269.3962707519531], [200.6949462890625, 329.3752746582031, 206.5723419189453, 336.67999267578125], [106.39620208740234, 80.86161804199219, 116.79798889160156, 105.16403198242188], [98.33644104003906, 45.05495071411133, 144.234130859375, 152.57025146484375], [274.2845153808594, 252.33053588867188, 312.24365234375, 265.0724182128906], [321.8880920410156, 235.81748962402344, 372.2165832519531, 243.71096801757812], [200.91392517089844, 334.04364013671875, 213.02767944335938, 344.2358093261719], [354.9914245605469, 250.72122192382812, 372.732177734375, 269.1658630371094], [321.17120361328125, 490.7431335449219, 351.2751770019531, 499.5722351074219], [286.05340576171875, 252.68617248535156, 312.1001281738281, 268.865966796875], [216.52203369140625, 241.420166015625, 372.21844482421875, 254.2970733642578], [76.43492889404297, 262.0946960449219, 83.26214599609375, 272.1940002441406], [171.62075805664062, 89.57817840576172, 178.74351501464844, 98.90575408935547], [158.00978088378906, 88.58625030517578, 180.0316162109375, 112.78752136230469], [98.15374755859375, 45.1447639465332, 182.97120666503906, 149.2692413330078], [359.10589599609375, 236.7200927734375, 368.1209411621094, 243.4914093017578], [99.3691635131836, 218.79034423828125, 116.2240982055664, 240.75274658203125], [99.3691635131836, 218.79034423828125, 116.2240982055664, 240.75274658203125], [39.873687744140625, 251.8403778076172, 49.098915100097656, 258.0061340332031], [35.56746292114258, 253.01918029785156, 122.27478790283203, 272.0917053222656], [91.7383041381836, 236.17233276367188, 100.98187255859375, 240.7908935546875], [199.31443786621094, 330.3448486328125, 211.55416870117188, 344.0285949707031], [92.1718521118164, 252.87255859375, 121.87421417236328, 262.5331726074219], [92.17411041259766, 252.05096435546875, 98.90080261230469, 262.1629638671875], [320.3612365722656, 490.5592041015625, 354.2589111328125, 499.96539306640625], [224.45277404785156, 293.75714111328125, 279.041259765625, 370.80877685546875], [334.0088806152344, 253.22317504882812, 351.67816162109375, 270.1459655761719], [116.32017517089844, 89.40267944335938, 133.927001953125, 126.57764434814453], [92.1800537109375, 233.32098388671875, 121.31507110595703, 272.213623046875], [109.448486328125, 236.31051635742188, 120.75833892822266, 257.0118408203125], [109.63106536865234, 127.33744049072266, 181.85350036621094, 149.20948791503906], [239.22531127929688, 225.68527221679688, 246.1376190185547, 233.99581909179688], [132.8675537109375, 101.57266998291016, 142.50015258789062, 130.75416564941406], [64.36640167236328, 258.201416015625, 81.51044464111328, 272.34857177734375], [92.1718521118164, 252.87255859375, 121.87421417236328, 262.5331726074219], [66.8843002319336, 261.78521728515625, 98.45877075195312, 272.2082214355469], [92.17411041259766, 252.05096435546875, 98.90080261230469, 262.1629638671875], [34.82254409790039, 131.08653259277344, 48.12610626220703, 149.28305053710938], [239.22531127929688, 225.68527221679688, 246.1376190185547, 233.99581909179688], [37.814815521240234, 266.7422180175781, 50.86356735229492, 272.2710876464844], [104.34198760986328, 80.31208801269531, 117.60417175292969, 117.34117889404297], [334.6606140136719, 252.83213806152344, 371.1486511230469, 269.66943359375], [211.32586669921875, 338.5347595214844, 222.8748779296875, 344.7079162597656], [109.3397445678711, 238.034912109375, 120.806884765625, 243.50653076171875], [228.7482147216797, 295.2532043457031, 238.76805114746094, 299.4750061035156], [114.73983764648438, 230.96083068847656, 121.90705871582031, 241.89280700683594], [178.86061096191406, 266.5289306640625, 190.5294647216797, 270.9737243652344], [1.1185370683670044, 238.50692749023438, 374.7851867675781, 413.72900390625], [98.33644104003906, 45.05495071411133, 144.234130859375, 152.57025146484375], [239.32452392578125, 237.01626586914062, 330.228515625, 245.88978576660156], [158.25958251953125, 88.70262145996094, 179.64431762695312, 112.5523910522461], [372.1600646972656, 207.4738311767578, 375.1673583984375, 222.63284301757812], [320.3612365722656, 490.5592041015625, 354.2589111328125, 499.96539306640625], [98.38411712646484, 116.83672332763672, 182.62937927246094, 145.98849487304688], [224.45277404785156, 293.75714111328125, 279.041259765625, 370.80877685546875], [98.33644104003906, 45.05495071411133, 144.234130859375, 152.57025146484375], [137.57638549804688, 128.14056396484375, 182.6324920654297, 143.7125244140625], [65.14061737060547, 259.0699768066406, 98.83273315429688, 272.1487731933594], [116.32017517089844, 89.40267944335938, 133.927001953125, 126.57764434814453], [36.577693939208984, 259.01336669921875, 50.90484619140625, 271.8223876953125], [321.7479248046875, 492.484130859375, 350.97772216796875, 499.89752197265625], [224.20907592773438, 295.3226318359375, 238.9630126953125, 306.20172119140625], [158.00978088378906, 88.58625030517578, 180.0316162109375, 112.78752136230469], [240.28091430664062, 236.62156677246094, 314.5637512207031, 269.4156188964844], [36.577693939208984, 259.01336669921875, 50.90484619140625, 271.8223876953125], [87.26072692871094, 232.26950073242188, 92.71851348876953, 237.69012451171875], [200.82052612304688, 335.1648864746094, 224.402587890625, 345.0340881347656], [118.4173812866211, 78.57022094726562, 130.73716735839844, 105.36273193359375], [193.55189514160156, 253.89120483398438, 304.6341552734375, 467.2653503417969], [264.677734375, 225.32125854492188, 272.65020751953125, 234.2689971923828], [98.33644104003906, 45.05495071411133, 144.234130859375, 152.57025146484375], [132.8675537109375, 101.57266998291016, 142.50015258789062, 130.75416564941406], [254.41856384277344, 211.80477905273438, 263.9626770019531, 225.4120635986328], [96.25784301757812, 218.76144409179688, 121.28345489501953, 242.70504760742188], [98.38438415527344, 64.77921295166016, 142.6999969482422, 151.93345642089844], [177.6837921142578, 256.72412109375, 192.76620483398438, 270.42633056640625], [316.65826416015625, 253.1690673828125, 353.4483337402344, 269.64312744140625], [309.8568420410156, 248.19296264648438, 373.8247375488281, 269.8541259765625], [9.092554092407227, 252.94894409179688, 122.42091369628906, 272.6279602050781], [258.5046691894531, 298.94927978515625, 279.77703857421875, 352.2249755859375], [106.39006805419922, 80.67159271240234, 117.04017639160156, 104.05805969238281], [106.39006805419922, 80.67159271240234, 117.04017639160156, 104.05805969238281], [132.8675537109375, 101.57266998291016, 142.50015258789062, 130.75416564941406], [4.170689582824707, 234.41940307617188, 375.3761291503906, 273.1616516113281], [264.677734375, 225.32125854492188, 272.65020751953125, 234.2689971923828], [104.52794647216797, 100.42728424072266, 117.05070495605469, 117.37246704101562], [190.77407836914062, 321.4726867675781, 205.2177734375, 343.4412841796875], [111.447998046875, 111.21324157714844, 130.0057830810547, 128.21258544921875], [9.092554092407227, 252.94894409179688, 122.42091369628906, 272.6279602050781], [190.77407836914062, 321.4726867675781, 205.2177734375, 343.4412841796875], [98.38438415527344, 64.77921295166016, 142.6999969482422, 151.93345642089844], [158.00978088378906, 88.58625030517578, 180.0316162109375, 112.78752136230469], [215.51974487304688, 295.81365966796875, 238.88436889648438, 344.95123291015625], [224.9695587158203, 285.4927673339844, 234.7562713623047, 294.23577880859375], [320.3612365722656, 490.5592041015625, 354.2589111328125, 499.96539306640625], [320.3612365722656, 490.5592041015625, 354.2589111328125, 499.96539306640625], [139.6167755126953, 129.2532501220703, 180.53211975097656, 142.8907012939453], [69.1339111328125, 231.5100860595703, 101.70259094238281, 239.52011108398438], [308.6875, 245.7406768798828, 373.7279357910156, 269.9834289550781], [19.751541137695312, 236.87356567382812, 373.17791748046875, 273.37847900390625], [224.9695587158203, 285.4927673339844, 234.7562713623047, 294.23577880859375], [248.22634887695312, 252.50628662109375, 314.6729736328125, 269.2413024902344], [92.17411041259766, 252.05096435546875, 98.90080261230469, 262.1629638671875], [237.1696319580078, 237.08688354492188, 336.5941162109375, 246.412109375], [309.8568420410156, 248.19296264648438, 373.8247375488281, 269.8541259765625], [1.1185370683670044, 238.50692749023438, 374.7851867675781, 413.72900390625], [64.47579956054688, 254.19723510742188, 99.28910827636719, 271.8243103027344], [104.082763671875, 80.25297546386719, 118.47891998291016, 118.12603759765625], [34.82254409790039, 131.08653259277344, 48.12610626220703, 149.28305053710938], [223.6262969970703, 287.8468933105469, 231.32150268554688, 294.41650390625]), Score: [0.9560375213623047, 0.8832977414131165, 0.710549533367157, 0.3362092673778534, 0.21632808446884155, 0.19128382205963135, 0.18294622004032135, 0.17321796715259552, 0.15909472107887268, 0.15139524638652802, 0.14124815165996552, 0.1213485524058342, 0.10717298835515976, 0.09723355621099472, 0.09497138112783432, 0.08898689597845078, 0.08829370141029358, 0.08331764489412308, 0.07957594096660614, 0.07452215999364853, 0.07447820156812668, 0.07212743163108826, 0.0713670402765274, 0.07116477191448212, 0.07106677442789078, 0.06963777542114258, 0.06940310448408127, 0.06863768398761749, 0.06615901738405228, 0.06592484563589096, 0.06437408179044724, 0.06368933618068695, 0.0635146051645279, 0.06334684789180756, 0.060957059264183044, 0.06002535670995712, 0.05974782630801201, 0.05966890603303909, 0.05931964889168739, 0.05875522270798683, 0.057668160647153854, 0.0567786768078804, 0.05670137330889702, 0.05545034632086754, 0.0553847961127758, 0.053798042237758636, 0.05367926508188248, 0.05365220457315445, 0.05254523083567619, 0.051163509488105774, 0.05105748772621155, 0.05098225176334381, 0.048594098538160324, 0.04816751927137375, 0.048002295196056366, 0.0468851737678051, 0.04634051397442818, 0.04613703861832619, 0.04435385763645172, 0.0443529449403286, 0.04411732777953148, 0.04335065931081772, 0.04308672621846199, 0.0422787182033062, 0.042053792625665665, 0.041596945375204086, 0.04158696159720421, 0.040622275322675705, 0.04030982032418251, 0.039724744856357574, 0.03955491632223129, 0.03927367925643921, 0.03882606700062752, 0.03881969675421715, 0.038736674934625626, 0.038546834141016006, 0.037911832332611084, 0.03735076263546944, 0.037238333374261856, 0.037131600081920624, 0.037059519439935684, 0.036820873618125916, 0.03672942891716957, 0.03640057519078255, 0.035967059433460236, 0.03588411957025528, 0.03575406223535538, 0.03566055744886398, 0.03550855815410614, 0.03519746661186218, 0.03487110510468483, 0.03474722430109978, 0.03474627435207367, 0.03473851829767227, 0.03449051082134247, 0.034335147589445114, 0.03431462496519089, 0.0342925488948822, 0.03418364003300667, 0.03412175178527832, 0.033985886722803116, 0.03396543487906456, 0.033943403512239456, 0.03391919285058975, 0.03391727805137634, 0.03380870446562767, 0.03366916626691818, 0.03337147831916809, 0.03336803987622261, 0.03326088935136795, 0.0332389697432518, 0.033132947981357574, 0.03312470018863678, 0.03302151709794998, 0.0329696387052536, 0.03290679305791855, 0.03282971307635307, 0.03241042047739029, 0.03235708549618721, 0.03209845349192619, 0.03202567622065544, 0.03198477253317833, 0.0319645069539547, 0.03183498606085777, 0.03183088079094887, 0.03180043026804924, 0.03173317015171051, 0.031702637672424316, 0.031407516449689865, 0.031221706420183182, 0.031032845377922058, 0.03084341064095497, 0.030783578753471375, 0.03073658049106598, 0.030428914353251457, 0.03017788752913475, 0.0301239974796772, 0.03012252040207386, 0.03007456660270691, 0.02997155673801899, 0.029885083436965942, 0.029864801093935966, 0.029863018542528152, 0.029843976721167564, 0.029813382774591446, 0.029651062563061714, 0.029592406004667282, 0.02951718121767044, 0.02938976138830185, 0.02932306006550789, 0.029252037405967712, 0.028926929458975792, 0.02889360301196575, 0.028664469718933105, 0.02855428121984005, 0.028521668165922165, 0.028482427820563316, 0.028384951874613762, 0.02832242101430893, 0.028273697942495346, 0.0282500721514225, 0.027976019307971, 0.02787952683866024, 0.02779334783554077, 0.027765873819589615, 0.027709947898983955, 0.02769857831299305, 0.02746790088713169, 0.027330754324793816, 0.027291512116789818, 0.027262095361948013, 0.02706543542444706, 0.026983875781297684, 0.02693430334329605, 0.02680581621825695, 0.026757780462503433, 0.026754699647426605, 0.02674807235598564, 0.02672209031879902, 0.026717297732830048, 0.026538807898759842, 0.02653450146317482, 0.026482118293642998, 0.026469780132174492, 0.026455197483301163, 0.02635541372001171, 0.026334013789892197, 0.026240244507789612, 0.026193667203187943, 0.026089638471603394, 0.02603311650454998, 0.025999804958701134, 0.025967184454202652, 0.0258694626390934, 0.025746501982212067, 0.02573692426085472, 0.02562086470425129, 0.025314705446362495, 0.02530384063720703, 0.02526283450424671, 0.025172101333737373, 0.02514728531241417, 0.02509447932243347, 0.025081614032387733, 0.02500677853822708, 0.024940943345427513, 0.024644605815410614, 0.02460327371954918, 0.024587178602814674, 0.024496180936694145, 0.024483993649482727, 0.024404583498835564, 0.0242743119597435, 0.024242056533694267, 0.024071626365184784, 0.024028418585658073, 0.023925205692648888, 0.023864910006523132, 0.023761892691254616, 0.023670697584748268, 0.023670366033911705, 0.023457054048776627, 0.023410752415657043, 0.023404991254210472, 0.023378238081932068, 0.023147761821746826, 0.023058947175741196, 0.0230460986495018, 0.023006124421954155, 0.02297443151473999, 0.02295096591114998, 0.022925183176994324, 0.022888462990522385, 0.02288135327398777, 0.022865628823637962, 0.022832266986370087, 0.02269085682928562, 0.022604934871196747, 0.022406166419386864, 0.022363536059856415, 0.02232944220304489, 0.022296713665127754, 0.022289415821433067, 0.022230278700590134, 0.022228868678212166, 0.022106949239969254, 0.022055232897400856, 0.021937595680356026, 0.02189956232905388, 0.021889692172408104, 0.021854471415281296, 0.02181573584675789, 0.021762410178780556, 0.02174994722008705, 0.02164875715970993, 0.02164207212626934, 0.021617958322167397, 0.021566007286310196, 0.02153295837342739, 0.021496227011084557, 0.021473171189427376, 0.021466659381985664, 0.02146550826728344, 0.021377064287662506, 0.021330665796995163, 0.021304883062839508, 0.021303759887814522, 0.02127796970307827, 0.021204398944973946, 0.021117089316248894, 0.021115915849804878, 0.02106940932571888, 0.02106686681509018, 0.02105112373828888, 0.02100617066025734, 0.020871056243777275, 0.020793341100215912, 0.020768526941537857, 0.020552491769194603, 0.020544104278087616, 0.020534688606858253, 0.02052350901067257, 0.020469767972826958, 0.020382078364491463, 0.020328454673290253, 0.020310141146183014, 0.02028609625995159, 0.02027057483792305, 0.020256979390978813, 0.020227806642651558, 0.02018721029162407, 0.019976431503891945, 0.019906826317310333, 0.019879985600709915, 0.01986880972981453, 0.019851425662636757, 0.019819963723421097, 0.019779076799750328, 0.01973048783838749, 0.019727222621440887]

Execution time: 0.4114 sec
