Label: tensor([58, 57,  0, 56, 65, 56, 56, 58, 56, 56, 65,  0, 57, 56, 58, 13, 56, 57,
        60, 60, 56, 56,  0, 56, 59, 57, 56, 57, 56, 57, 75, 57, 65, 60, 56, 75,
        58,  0, 60, 77, 57, 57, 75, 56, 65, 56, 57, 65, 75, 56, 73, 57, 65, 13,
         0, 75, 60, 67, 56, 58, 65, 59,  0, 60, 60, 75, 41, 56, 65, 65, 75,  0,
        65, 57, 56, 60, 59, 41, 57, 57, 65, 56, 59, 75, 75, 56, 57, 75,  0, 57,
        41, 65, 56, 56, 57, 57, 58, 65, 56, 58, 65, 60, 60,  2, 57, 15, 15,  0,
        40, 45,  0, 60, 58, 75, 75, 56, 56, 56, 56, 58,  0, 56, 62, 77, 65,  0,
        65,  1, 57, 39, 58, 56,  0, 13, 60, 60, 58, 56, 57,  0, 60, 77,  0, 65,
        57, 56, 57, 65, 57, 60, 58, 45, 15, 56, 65, 56,  0, 73, 58, 65, 56, 56,
        56, 60, 58,  0, 58, 59, 28, 60, 57,  0, 56,  0, 65, 56,  0, 56, 45, 56,
        56, 64, 57,  0, 60, 56, 56, 56, 60, 78, 74, 39, 57, 56, 56, 60, 57, 60,
        57, 56, 60, 60, 54, 56, 13, 59, 56, 57,  0, 58, 58, 56, 57, 59, 56, 57,
        59, 77, 16, 56, 57,  0, 13, 56, 60, 32, 59, 16, 75, 56, 65, 57,  0, 57,
         0,  0, 65, 56, 75, 15, 73, 65, 75, 56, 57, 27, 75, 56, 65, 60, 59, 56,
        16, 16, 57, 16, 60, 56, 56, 75, 73, 65, 14, 28, 57, 56, 26, 26, 15, 28,
         0, 56, 56, 59, 73, 57, 60, 57, 56, 75,  0, 41, 75, 56, 57, 59, 56, 15,
         0, 57, 66, 63, 24, 58, 59, 39, 57, 65, 77, 40]), Box: ([3.5354979038238525, 193.79580688476562, 218.7231903076172, 498.2571105957031], [255.30271911621094, 281.8462219238281, 374.8722229003906, 491.3792724609375], [284.40802001953125, 282.8206787109375, 375.0369567871094, 499.7993469238281], [-0.024262815713882446, 296.93804931640625, 171.0712890625, 500.4002380371094], [292.01861572265625, 449.20306396484375, 330.5993347167969, 480.5661926269531], [255.396728515625, 281.48931884765625, 374.91412353515625, 489.891357421875], [0.11327303946018219, 389.6223449707031, 170.96275329589844, 500.1689758300781], [15.256975173950195, 196.47091674804688, 201.69996643066406, 434.05450439453125], [0.10151742398738861, 389.87548828125, 32.82966232299805, 499.7256774902344], [24.184803009033203, 407.9835510253906, 170.92919921875, 500.2300720214844], [291.9687194824219, 437.0175476074219, 360.1510925292969, 480.6761779785156], [292.1158447265625, 283.5483703613281, 375.30419921875, 474.97906494140625], [255.51266479492188, 355.34820556640625, 311.4147644042969, 486.5455322265625], [-0.021443702280521393, 389.71063232421875, 78.14646911621094, 499.9062805175781], [13.922497749328613, 196.55784606933594, 217.7234649658203, 437.3792724609375], [-0.024262815713882446, 296.93804931640625, 171.0712890625, 500.4002380371094], [-0.07689837366342545, 296.8028869628906, 78.06433868408203, 499.52130126953125], [255.3151397705078, 351.1613464355469, 374.7198791503906, 499.9555358886719], [-0.024262815713882446, 296.93804931640625, 171.0712890625, 500.4002380371094], [0.11327303946018219, 389.6223449707031, 170.96275329589844, 500.1689758300781], [-0.18106308579444885, 296.9986572265625, 34.32232666015625, 499.9641418457031], [-0.20617246627807617, 197.85687255859375, 182.9928436279297, 500.10382080078125], [255.30271911621094, 281.8462219238281, 374.8722229003906, 491.3792724609375], [255.3151397705078, 351.1613464355469, 374.7198791503906, 499.9555358886719], [255.396728515625, 281.48931884765625, 374.91412353515625, 489.891357421875], [255.5421600341797, 352.77667236328125, 374.84503173828125, 488.6297302246094], [255.30271911621094, 281.8462219238281, 374.8722229003906, 491.3792724609375], [281.96685791015625, 451.30035400390625, 374.8643798828125, 500.1546630859375], [-0.009125098586082458, 296.8448181152344, 172.55833435058594, 500.4488220214844], [281.869140625, 458.1783142089844, 374.978271484375, 500.3061218261719], [76.11170196533203, 413.1228332519531, 135.14547729492188, 467.76837158203125], [112.05498504638672, 280.5940856933594, 375.2295837402344, 499.3402099609375], [161.42037963867188, 266.270751953125, 182.71202087402344, 276.8011779785156], [-0.021443702280521393, 389.71063232421875, 78.14646911621094, 499.9062805175781], [255.5421600341797, 352.77667236328125, 374.84503173828125, 488.6297302246094], [64.09793853759766, 398.07440185546875, 113.11011505126953, 423.0415344238281], [261.9709167480469, 237.40419006347656, 284.8612060546875, 280.21923828125], [255.18194580078125, 136.37881469726562, 374.9358825683594, 497.2718505859375], [24.184803009033203, 407.9835510253906, 170.92919921875, 500.2300720214844], [261.9709167480469, 237.40419006347656, 284.8612060546875, 280.21923828125], [280.32464599609375, 414.1510009765625, 374.9905090332031, 499.8442077636719], [284.40802001953125, 282.8206787109375, 375.0369567871094, 499.7993469238281], [58.73701477050781, 392.4127502441406, 132.92059326171875, 436.8536071777344], [255.51266479492188, 355.34820556640625, 311.4147644042969, 486.5455322265625], [290.9829406738281, 481.2767028808594, 342.79022216796875, 500.1080627441406], [0.022256746888160706, 389.3431091308594, 107.92658996582031, 500.11444091796875], [255.49806213378906, 397.7596130371094, 374.972412109375, 499.9072570800781], [309.26953125, 436.72467041015625, 360.8459167480469, 463.72784423828125], [52.638912200927734, 386.3008117675781, 124.66195678710938, 422.76300048828125], [0.2610236406326294, 297.13922119140625, 133.42196655273438, 434.30780029296875], [292.01861572265625, 449.20306396484375, 330.5993347167969, 480.5661926269531], [284.0177001953125, 417.2613525390625, 375.10125732421875, 499.8332824707031], [267.68804931640625, 146.13714599609375, 278.255126953125, 160.67185974121094], [0.11327303946018219, 389.6223449707031, 170.96275329589844, 500.1689758300781], [281.96685791015625, 451.30035400390625, 374.8643798828125, 500.1546630859375], [65.87016296386719, 399.8417663574219, 132.53392028808594, 468.6986389160156], [0.016825273633003235, 426.0384826660156, 170.6055908203125, 500.0321350097656], [292.01861572265625, 449.20306396484375, 330.5993347167969, 480.5661926269531], [0.03900658339262009, 417.0783386230469, 78.33193969726562, 499.82025146484375], [22.374160766601562, 306.96075439453125, 165.6597137451172, 435.7743225097656], [145.9117889404297, 265.11944580078125, 183.25746154785156, 282.69677734375], [281.96685791015625, 451.30035400390625, 374.8643798828125, 500.1546630859375], [359.7314453125, 296.3873596191406, 374.9980163574219, 363.8672180175781], [0.03900658339262009, 417.0783386230469, 78.33193969726562, 499.82025146484375], [-0.07689837366342545, 296.8028869628906, 78.06433868408203, 499.52130126953125], [74.06114959716797, 391.4225158691406, 132.87197875976562, 442.4779968261719], [292.01861572265625, 449.20306396484375, 330.5993347167969, 480.5661926269531], [-0.3080698549747467, 296.8944396972656, 29.688901901245117, 399.0033874511719], [310.2773742675781, 436.45013427734375, 360.4012145996094, 458.6129150390625], [292.2447509765625, 439.2027893066406, 374.17242431640625, 481.04400634765625], [0.10151742398738861, 389.87548828125, 32.82966232299805, 499.7256774902344], [291.9687194824219, 437.0175476074219, 360.1510925292969, 480.6761779785156], [292.2533264160156, 448.5516662597656, 374.3746337890625, 481.0417175292969], [165.0338592529297, 280.21710205078125, 374.3681945800781, 500.3536376953125], [5.9318671226501465, 427.7513122558594, 170.90708923339844, 500.1824035644531], [-0.01891516149044037, 427.5041198730469, 170.82667541503906, 500.0414123535156], [281.869140625, 458.1783142089844, 374.978271484375, 500.3061218261719], [-0.11348538100719452, 389.8009033203125, 31.46729850769043, 424.7635498046875], [179.03958129882812, 283.5574035644531, 374.5812683105469, 501.06494140625], [-0.07200613617897034, 348.2364196777344, 374.9227600097656, 499.7157897949219], [308.8738098144531, 447.9147644042969, 320.47088623046875, 454.82159423828125], [281.96685791015625, 451.30035400390625, 374.8643798828125, 500.1546630859375], [255.30271911621094, 281.8462219238281, 374.8722229003906, 491.3792724609375], [0.11327303946018219, 389.6223449707031, 170.96275329589844, 500.1689758300781], [261.9709167480469, 237.40419006347656, 284.8612060546875, 280.21923828125], [281.869140625, 458.1783142089844, 374.978271484375, 500.3061218261719], [92.38685607910156, 279.85113525390625, 372.6311950683594, 498.112548828125], [106.93102264404297, 391.02783203125, 133.2508544921875, 433.63848876953125], [255.396728515625, 281.48931884765625, 374.91412353515625, 489.891357421875], [269.27166748046875, 282.04034423828125, 375.0236511230469, 413.78564453125], [0.10151742398738861, 389.87548828125, 32.82966232299805, 499.7256774902344], [296.93890380859375, 450.72711181640625, 329.9611511230469, 478.0847473144531], [0.23156963288784027, 296.3578186035156, 101.36555480957031, 502.91473388671875], [-0.25920337438583374, 297.1031799316406, 32.651241302490234, 424.6429748535156], [275.9739990234375, 408.0078125, 375.14031982421875, 500.081787109375], [-0.4205144941806793, 198.2491912841797, 374.5757141113281, 499.3043212890625], [17.217702865600586, 198.02435302734375, 151.2139129638672, 419.9284973144531], [281.96685791015625, 451.30035400390625, 374.8643798828125, 500.1546630859375], [-0.5528591871261597, 332.7319030761719, 172.538818359375, 499.9153747558594], [18.106670379638672, 298.426513671875, 166.2066192626953, 432.2807312011719], [310.977783203125, 436.15118408203125, 359.78692626953125, 455.300048828125], [-0.43522751331329346, 295.2079772949219, 171.30978393554688, 499.583251953125], [0.022256746888160706, 389.3431091308594, 107.92658996582031, 500.11444091796875], [255.396728515625, 281.48931884765625, 374.91412353515625, 489.891357421875], [255.5327606201172, 357.6795654296875, 340.024658203125, 485.66290283203125], [292.01861572265625, 449.20306396484375, 330.5993347167969, 480.5661926269531], [291.9687194824219, 437.0175476074219, 360.1510925292969, 480.6761779785156], [254.50271606445312, 186.57965087890625, 375.0906677246094, 499.6244812011719], [0.10151742398738861, 389.87548828125, 32.82966232299805, 499.7256774902344], [-0.11348538100719452, 389.8009033203125, 31.46729850769043, 424.7635498046875], [284.0177001953125, 417.2613525390625, 375.10125732421875, 499.8332824707031], [-0.5528591871261597, 332.7319030761719, 172.538818359375, 499.9153747558594], [27.727783203125, 346.55242919921875, 166.8463897705078, 423.4029541015625], [23.04312515258789, 394.4866638183594, 137.43922424316406, 469.6642150878906], [292.01861572265625, 449.20306396484375, 330.5993347167969, 480.5661926269531], [289.15924072265625, 286.6685485839844, 375.2734375, 500.3567199707031], [0.23514869809150696, 425.8030700683594, 81.5020980834961, 499.98016357421875], [112.05498504638672, 280.5940856933594, 375.2295837402344, 499.3402099609375], [280.32464599609375, 414.1510009765625, 374.9905090332031, 499.8442077636719], [-0.20617246627807617, 197.85687255859375, 182.9928436279297, 500.10382080078125], [281.869140625, 458.1783142089844, 374.978271484375, 500.3061218261719], [284.0177001953125, 417.2613525390625, 375.10125732421875, 499.8332824707031], [15.256975173950195, 196.47091674804688, 201.69996643066406, 434.05450439453125], [291.9687194824219, 437.0175476074219, 360.1510925292969, 480.6761779785156], [321.79302978515625, 437.9986877441406, 360.609130859375, 467.3975524902344], [280.32464599609375, 414.1510009765625, 374.9905090332031, 499.8442077636719], [282.44134521484375, 448.1640625, 348.48480224609375, 500.45745849609375], [-0.024262815713882446, 296.93804931640625, 171.0712890625, 500.4002380371094], [-0.024262815713882446, 296.93804931640625, 171.0712890625, 500.4002380371094], [292.01861572265625, 449.20306396484375, 330.5993347167969, 480.5661926269531], [18.00992202758789, 197.58370971679688, 186.4617156982422, 366.349365234375], [25.253768920898438, 342.70501708984375, 172.70602416992188, 499.88037109375], [289.15924072265625, 286.6685485839844, 375.2734375, 500.3567199707031], [-0.43522751331329346, 295.2079772949219, 171.30978393554688, 499.583251953125], [0.23514869809150696, 425.8030700683594, 81.5020980834961, 499.98016357421875], [-0.18106308579444885, 296.9986572265625, 34.32232666015625, 499.9641418457031], [18.967933654785156, 197.19525146484375, 186.826904296875, 320.6368713378906], [-0.11348538100719452, 389.8009033203125, 31.46729850769043, 424.7635498046875], [-0.5025677680969238, 202.6986541748047, 374.4877014160156, 498.9158630371094], [112.05498504638672, 280.5940856933594, 375.2295837402344, 499.3402099609375], [-0.009125098586082458, 296.8448181152344, 172.55833435058594, 500.4488220214844], [292.01861572265625, 449.20306396484375, 330.5993347167969, 480.5661926269531], [255.3151397705078, 351.1613464355469, 374.7198791503906, 499.9555358886719], [283.1372375488281, 472.39788818359375, 347.0855712890625, 500.0836181640625], [338.4955749511719, 459.60870361328125, 375.2846374511719, 499.9278564453125], [25.346704483032227, 446.43304443359375, 81.04460144042969, 500.0829772949219], [255.18194580078125, 136.37881469726562, 374.9358825683594, 497.2718505859375], [291.9840087890625, 436.0398254394531, 373.4228515625, 482.22979736328125], [-0.43522751331329346, 295.2079772949219, 171.30978393554688, 499.583251953125], [0.10151742398738861, 389.87548828125, 32.82966232299805, 499.7256774902344], [15.335530281066895, 197.42137145996094, 216.9943084716797, 434.9765625], [292.01861572265625, 449.20306396484375, 330.5993347167969, 480.5661926269531], [282.44134521484375, 448.1640625, 348.48480224609375, 500.45745849609375], [-0.36955252289772034, 297.21502685546875, 127.23683166503906, 426.77734375], [267.6864318847656, 146.04664611816406, 285.87841796875, 161.16184997558594], [255.49806213378906, 397.7596130371094, 374.972412109375, 499.9072570800781], [179.03958129882812, 283.5574035644531, 374.5812683105469, 501.06494140625], [291.9687194824219, 437.0175476074219, 360.1510925292969, 480.6761779785156], [18.860456466674805, 197.33407592773438, 187.5435791015625, 320.11309814453125], [281.869140625, 458.1783142089844, 374.978271484375, 500.3061218261719], [0.00037439167499542236, 197.99502563476562, 113.74629211425781, 498.9068603515625], [-0.4205144941806793, 198.2491912841797, 374.5757141113281, 499.3043212890625], [-0.45599228143692017, 296.7420654296875, 102.75361633300781, 499.57684326171875], [-0.4205144941806793, 198.2491912841797, 374.5757141113281, 499.3043212890625], [23.76259994506836, 303.875732421875, 169.7094268798828, 487.8371887207031], [282.44134521484375, 448.1640625, 348.48480224609375, 500.45745849609375], [-0.024262815713882446, 296.93804931640625, 171.0712890625, 500.4002380371094], [255.3151397705078, 351.1613464355469, 374.7198791503906, 499.9555358886719], [0.2610236406326294, 297.13922119140625, 133.42196655273438, 434.30780029296875], [-0.07200613617897034, 348.2364196777344, 374.9227600097656, 499.7157897949219], [173.08946228027344, 336.1026306152344, 374.3931884765625, 499.7714538574219], [291.9840087890625, 436.0398254394531, 373.4228515625, 482.22979736328125], [253.3046417236328, 279.3514709472656, 375.6289367675781, 500.3008728027344], [165.0338592529297, 280.21710205078125, 374.3681945800781, 500.3536376953125], [291.7330017089844, 448.7008972167969, 330.065673828125, 480.8514709472656], [165.0338592529297, 280.21710205078125, 374.3681945800781, 500.3536376953125], [290.9829406738281, 481.2767028808594, 342.79022216796875, 500.1080627441406], [275.9739990234375, 408.0078125, 375.14031982421875, 500.081787109375], [290.9829406738281, 481.2767028808594, 342.79022216796875, 500.1080627441406], [284.40802001953125, 282.8206787109375, 375.0369567871094, 499.7993469238281], [-0.1281537115573883, 309.4938659667969, 171.3113250732422, 499.9768371582031], [292.01861572265625, 449.20306396484375, 330.5993347167969, 480.5661926269531], [209.5206298828125, 277.4365539550781, 375.2559814453125, 501.78729248046875], [354.94464111328125, 280.6056823730469, 374.9578857421875, 363.6256408691406], [5.9318671226501465, 427.7513122558594, 170.90708923339844, 500.1824035644531], [179.03958129882812, 283.5574035644531, 374.5812683105469, 501.06494140625], [269.27166748046875, 282.04034423828125, 375.0236511230469, 413.78564453125], [23.04312515258789, 394.4866638183594, 137.43922424316406, 469.6642150878906], [281.96685791015625, 451.30035400390625, 374.8643798828125, 500.1546630859375], [291.9687194824219, 437.0175476074219, 360.1510925292969, 480.6761779785156], [265.0621032714844, 146.32237243652344, 286.62652587890625, 194.82582092285156], [0.10151742398738861, 389.87548828125, 32.82966232299805, 499.7256774902344], [253.3046417236328, 279.3514709472656, 375.6289367675781, 500.3008728027344], [255.5327606201172, 357.6795654296875, 340.024658203125, 485.66290283203125], [0.15468242764472961, 297.37103271484375, 65.07969665527344, 417.5857238769531], [-0.6771488189697266, 389.8382873535156, 86.7939224243164, 500.56439208984375], [255.396728515625, 281.48931884765625, 374.91412353515625, 489.891357421875], [-0.46401098370552063, 336.9764099121094, 169.8655548095703, 499.3757629394531], [287.0032043457031, 281.1844482421875, 375.2975158691406, 412.6924743652344], [15.256975173950195, 196.47091674804688, 201.69996643066406, 434.05450439453125], [-0.5025677680969238, 202.6986541748047, 374.4877014160156, 498.9158630371094], [-0.2220645546913147, 390.46868896484375, 170.96287536621094, 499.13946533203125], [292.01861572265625, 449.20306396484375, 330.5993347167969, 480.5661926269531], [354.9874572753906, 280.7186584472656, 374.9400939941406, 311.031982421875], [-0.009125098586082458, 296.8448181152344, 172.55833435058594, 500.4488220214844], [255.18194580078125, 136.37881469726562, 374.9358825683594, 497.2718505859375], [290.9829406738281, 481.2767028808594, 342.79022216796875, 500.1080627441406], [289.15924072265625, 286.6685485839844, 375.2734375, 500.3567199707031], [292.2447509765625, 439.2027893066406, 374.17242431640625, 481.04400634765625], [18.844099044799805, 197.03834533691406, 134.60977172851562, 316.77813720703125], [0.2610236406326294, 297.13922119140625, 133.42196655273438, 434.30780029296875], [292.1158447265625, 283.5483703613281, 375.30419921875, 474.97906494140625], [0.11327303946018219, 389.6223449707031, 170.96275329589844, 500.1689758300781], [280.32464599609375, 414.1510009765625, 374.9905090332031, 499.8442077636719], [234.7686309814453, 276.9530029296875, 298.350341796875, 392.434326171875], [289.1618347167969, 279.2140197753906, 375.5309753417969, 383.2359924316406], [338.4955749511719, 459.60870361328125, 375.2846374511719, 499.9278564453125], [282.44134521484375, 448.1640625, 348.48480224609375, 500.45745849609375], [282.44134521484375, 448.1640625, 348.48480224609375, 500.45745849609375], [92.38685607910156, 279.85113525390625, 372.6311950683594, 498.112548828125], [282.44134521484375, 448.1640625, 348.48480224609375, 500.45745849609375], [255.49806213378906, 397.7596130371094, 374.972412109375, 499.9072570800781], [24.184803009033203, 407.9835510253906, 170.92919921875, 500.2300720214844], [-0.6771488189697266, 389.8382873535156, 86.7939224243164, 500.56439208984375], [-0.1281537115573883, 309.4938659667969, 171.3113250732422, 499.9768371582031], [-0.11348538100719452, 389.8009033203125, 31.46729850769043, 424.7635498046875], [284.0177001953125, 417.2613525390625, 375.10125732421875, 499.8332824707031], [281.96685791015625, 451.30035400390625, 374.8643798828125, 500.1546630859375], [-0.11348538100719452, 389.8009033203125, 31.46729850769043, 424.7635498046875], [-0.5025677680969238, 202.6986541748047, 374.4877014160156, 498.9158630371094], [243.868408203125, 275.4360656738281, 276.7696533203125, 289.3274841308594], [24.184803009033203, 407.9835510253906, 170.92919921875, 500.2300720214844], [255.5421600341797, 352.77667236328125, 374.84503173828125, 488.6297302246094], [292.01861572265625, 449.20306396484375, 330.5993347167969, 480.5661926269531], [261.9709167480469, 237.40419006347656, 284.8612060546875, 280.21923828125], [275.9739990234375, 408.0078125, 375.14031982421875, 500.081787109375], [157.3528289794922, 256.1651916503906, 219.5901336669922, 280.171875], [292.0519714355469, 280.2792053222656, 374.8260498046875, 362.4432678222656], [27.727783203125, 346.55242919921875, 166.8463897705078, 423.4029541015625], [281.96685791015625, 451.30035400390625, 374.8643798828125, 500.1546630859375], [281.96685791015625, 451.30035400390625, 374.8643798828125, 500.1546630859375], [307.04876708984375, 447.6570129394531, 320.32000732421875, 455.4329833984375], [282.44134521484375, 448.1640625, 348.48480224609375, 500.45745849609375], [354.94464111328125, 280.6056823730469, 374.9578857421875, 363.6256408691406], [292.0519714355469, 280.2792053222656, 374.8260498046875, 362.4432678222656], [361.7253112792969, 353.7179870605469, 374.65771484375, 364.42266845703125], [105.83702850341797, 391.4526672363281, 135.1798858642578, 468.2627868652344], [283.1372375488281, 472.39788818359375, 347.0855712890625, 500.0836181640625], [287.35784912109375, 343.3739318847656, 307.850341796875, 364.51605224609375], [281.869140625, 458.1783142089844, 374.978271484375, 500.3061218261719], [-0.07200613617897034, 348.2364196777344, 374.9227600097656, 499.7157897949219], [252.57923889160156, 280.2235412597656, 375.0987854003906, 499.2912902832031], [291.9687194824219, 437.0175476074219, 360.1510925292969, 480.6761779785156], [281.869140625, 458.1783142089844, 374.978271484375, 500.3061218261719], [252.57923889160156, 280.2235412597656, 375.0987854003906, 499.2912902832031], [292.01861572265625, 449.20306396484375, 330.5993347167969, 480.5661926269531], [-0.20617246627807617, 197.85687255859375, 182.9928436279297, 500.10382080078125], [209.5206298828125, 277.4365539550781, 375.2559814453125, 501.78729248046875], [0.4528127610683441, 389.3634948730469, 33.82500076293945, 457.90997314453125], [73.77557373046875, 402.72515869140625, 107.22979736328125, 461.54217529296875], [281.869140625, 458.1783142089844, 374.978271484375, 500.3061218261719], [146.37815856933594, 256.2434997558594, 220.67506408691406, 284.3643798828125], [159.8625030517578, 86.5396728515625, 166.9457244873047, 93.64886474609375], [-0.36955252289772034, 297.21502685546875, 127.23683166503906, 426.77734375], [254.50271606445312, 186.57965087890625, 375.0906677246094, 499.6244812011719], [289.1618347167969, 279.2140197753906, 375.5309753417969, 383.2359924316406], [281.869140625, 458.1783142089844, 374.978271484375, 500.3061218261719], [281.96685791015625, 451.30035400390625, 374.8643798828125, 500.1546630859375], [281.869140625, 458.1783142089844, 374.978271484375, 500.3061218261719], [-0.18106308579444885, 296.9986572265625, 34.32232666015625, 499.9641418457031], [292.01861572265625, 449.20306396484375, 330.5993347167969, 480.5661926269531], [18.106670379638672, 298.426513671875, 166.2066192626953, 432.2807312011719], [13.922497749328613, 196.55784606933594, 217.7234649658203, 437.3792724609375], [255.49806213378906, 397.7596130371094, 374.972412109375, 499.9072570800781], [290.9829406738281, 481.2767028808594, 342.79022216796875, 500.1080627441406], [257.6707763671875, 304.5533142089844, 366.91851806640625, 463.6683044433594], [-0.45599228143692017, 296.7420654296875, 102.75361633300781, 499.57684326171875], [291.9687194824219, 437.0175476074219, 360.1510925292969, 480.6761779785156], [254.50271606445312, 186.57965087890625, 375.0906677246094, 499.6244812011719], [24.184803009033203, 407.9835510253906, 170.92919921875, 500.2300720214844], [255.51266479492188, 355.34820556640625, 311.4147644042969, 486.5455322265625], [290.9829406738281, 481.2767028808594, 342.79022216796875, 500.1080627441406], [0.2610236406326294, 297.13922119140625, 133.42196655273438, 434.30780029296875], [255.18194580078125, 136.37881469726562, 374.9358825683594, 497.2718505859375], [-0.009125098586082458, 296.8448181152344, 172.55833435058594, 500.4488220214844], [284.40802001953125, 282.8206787109375, 375.0369567871094, 499.7993469238281], [-0.01891516149044037, 427.5041198730469, 170.82667541503906, 500.0414123535156], [287.35784912109375, 343.3739318847656, 307.850341796875, 364.51605224609375], [287.0032043457031, 281.1844482421875, 375.2975158691406, 412.6924743652344], [207.29251098632812, 265.2618408203125, 373.8167419433594, 499.67681884765625], [292.01861572265625, 449.20306396484375, 330.5993347167969, 480.5661926269531], [281.869140625, 458.1783142089844, 374.978271484375, 500.3061218261719], [282.44134521484375, 448.1640625, 348.48480224609375, 500.45745849609375], [-0.36955252289772034, 297.21502685546875, 127.23683166503906, 426.77734375], [255.5421600341797, 352.77667236328125, 374.84503173828125, 488.6297302246094], [291.9687194824219, 437.0175476074219, 360.1510925292969, 480.6761779785156], [0.03900658339262009, 417.0783386230469, 78.33193969726562, 499.82025146484375], [281.03521728515625, 464.1587829589844, 350.0457458496094, 500.3553771972656], [281.96685791015625, 451.30035400390625, 374.8643798828125, 500.1546630859375], [292.01861572265625, 449.20306396484375, 330.5993347167969, 480.5661926269531]), Score: [0.834652841091156, 0.6837466359138489, 0.5178195834159851, 0.469673216342926, 0.46395546197891235, 0.3484116196632385, 0.28816884756088257, 0.19727587699890137, 0.17219923436641693, 0.15698610246181488, 0.1556910276412964, 0.15191271901130676, 0.13375620543956757, 0.13148713111877441, 0.1312132477760315, 0.1298542618751526, 0.12542618811130524, 0.1252189725637436, 0.12074409425258636, 0.11899717897176743, 0.11509530246257782, 0.11400245875120163, 0.1125824898481369, 0.10964615643024445, 0.10891162604093552, 0.10432308167219162, 0.10309477150440216, 0.10218071192502975, 0.10124535113573074, 0.0916290283203125, 0.09076191484928131, 0.09005412459373474, 0.08998977392911911, 0.08394788950681686, 0.08155712485313416, 0.07889464497566223, 0.07877998799085617, 0.07855647802352905, 0.07601030170917511, 0.07464218884706497, 0.07315733283758163, 0.07193794846534729, 0.0704389214515686, 0.0703996866941452, 0.07034055888652802, 0.06967215240001678, 0.0695614367723465, 0.06953288614749908, 0.06906355172395706, 0.06897740811109543, 0.06864185631275177, 0.06817258149385452, 0.06750156730413437, 0.06714314967393875, 0.06677493453025818, 0.06599864363670349, 0.06554045528173447, 0.06544536352157593, 0.06525274366140366, 0.06514229625463486, 0.06503241509199142, 0.06457619369029999, 0.06454264372587204, 0.06408091634511948, 0.06377407163381577, 0.063546322286129, 0.06350647658109665, 0.06328313052654266, 0.06270235031843185, 0.06265527009963989, 0.06186267361044884, 0.06115710362792015, 0.061016663908958435, 0.06086769700050354, 0.06063824146986008, 0.059913937002420425, 0.05942883342504501, 0.058959197252988815, 0.05883002281188965, 0.05833955481648445, 0.058184538036584854, 0.05720886215567589, 0.05710184946656227, 0.056886229664087296, 0.056840479373931885, 0.05681006610393524, 0.056727614253759384, 0.0567009374499321, 0.056617945432662964, 0.05548589676618576, 0.05526017025113106, 0.054154884070158005, 0.05415317416191101, 0.053936321288347244, 0.053147654980421066, 0.05270339921116829, 0.05264849588274956, 0.05239101126790047, 0.052325427532196045, 0.052231140434741974, 0.05222813040018082, 0.05216746777296066, 0.05210964009165764, 0.051992375403642654, 0.05164997652173042, 0.05153842270374298, 0.05153190717101097, 0.05121668428182602, 0.051134560257196426, 0.0511026568710804, 0.0508464090526104, 0.05083584785461426, 0.050779782235622406, 0.0507512167096138, 0.050570495426654816, 0.05048764497041702, 0.050012778490781784, 0.049429986625909805, 0.04935483634471893, 0.04933743551373482, 0.04914134740829468, 0.04880373552441597, 0.048515789210796356, 0.04850965738296509, 0.0482904426753521, 0.04823647439479828, 0.048188574612140656, 0.04813377931714058, 0.048012953251600266, 0.04761325195431709, 0.047607216984033585, 0.047594405710697174, 0.047492049634456635, 0.04744371399283409, 0.04721973463892937, 0.04720699414610863, 0.04686476290225983, 0.046547867357730865, 0.04652829468250275, 0.046507757157087326, 0.04633703827857971, 0.04605570435523987, 0.0458621121942997, 0.04559457302093506, 0.0455583892762661, 0.04553170129656792, 0.04552270844578743, 0.04547440633177757, 0.04513241723179817, 0.044991351664066315, 0.044926468282938004, 0.04468640685081482, 0.044413212686777115, 0.044356100261211395, 0.044091928750276566, 0.04408515617251396, 0.04404710233211517, 0.04402632638812065, 0.04395202174782753, 0.0439290851354599, 0.04391898959875107, 0.04384467750787735, 0.04378736391663551, 0.04378605633974075, 0.04367207735776901, 0.04351021349430084, 0.04303443431854248, 0.042952004820108414, 0.042900484055280685, 0.042764026671648026, 0.04273752123117447, 0.04269884154200554, 0.042679764330387115, 0.04244016855955124, 0.04199080914258957, 0.04183966666460037, 0.041736554354429245, 0.04163765907287598, 0.041488319635391235, 0.04121525213122368, 0.04096319526433945, 0.04079682007431984, 0.04069565236568451, 0.04060174524784088, 0.04058882221579552, 0.040486596524715424, 0.04039660841226578, 0.04039150848984718, 0.040282491594552994, 0.0402044951915741, 0.039927415549755096, 0.0399123840034008, 0.039537835866212845, 0.03948575630784035, 0.03939102962613106, 0.03931456431746483, 0.03928230330348015, 0.039278630167245865, 0.03921681270003319, 0.039189208298921585, 0.03912866488099098, 0.03906108811497688, 0.03904629871249199, 0.038679011166095734, 0.038646772503852844, 0.038582056760787964, 0.038579560816287994, 0.03853747248649597, 0.03851129487156868, 0.03840069845318794, 0.038377612829208374, 0.038169827312231064, 0.03806467726826668, 0.03780059143900871, 0.037636637687683105, 0.03749525547027588, 0.037466078996658325, 0.037312984466552734, 0.03720617666840553, 0.03717101737856865, 0.03701365366578102, 0.0369672067463398, 0.03683559224009514, 0.03675111383199692, 0.03660963103175163, 0.03640957549214363, 0.03633349761366844, 0.03627384081482887, 0.036232706159353256, 0.03592540696263313, 0.03578198701143265, 0.03577922284603119, 0.035758960992097855, 0.0356144942343235, 0.03558985888957977, 0.035539958626031876, 0.0355362743139267, 0.0355113185942173, 0.035408467054367065, 0.03532982990145683, 0.0352342426776886, 0.03508986160159111, 0.035031359642744064, 0.035029176622629166, 0.035007771104574203, 0.034948281943798065, 0.03481490910053253, 0.0347735732793808, 0.03454925864934921, 0.03452003747224808, 0.03448619320988655, 0.03433145582675934, 0.03422331064939499, 0.034222088754177094, 0.03416692465543747, 0.034108906984329224, 0.03409433364868164, 0.034072261303663254, 0.034062232822179794, 0.03402365371584892, 0.033809274435043335, 0.03367999568581581, 0.033656079322099686, 0.033347442746162415, 0.033318959176540375, 0.03329066187143326, 0.03325682878494263, 0.03319542109966278, 0.03318740427494049, 0.03305162116885185, 0.032889772206544876, 0.03280286863446236, 0.03279746696352959, 0.03271113336086273, 0.03258099779486656, 0.03253963589668274, 0.03230595588684082, 0.032288555055856705, 0.032214969396591187, 0.032107263803482056, 0.03206045553088188, 0.03199245035648346, 0.031780388206243515, 0.03177258372306824, 0.03177040442824364, 0.03167730197310448, 0.031642019748687744, 0.03163982182741165, 0.03147142007946968, 0.03106916882097721, 0.031050000339746475, 0.030889196321368217, 0.030879974365234375, 0.030792666599154472, 0.030736617743968964, 0.030586816370487213, 0.03053176961839199, 0.030471719801425934, 0.03044160269200802, 0.030383195728063583]

Execution time: 0.4084 sec
