Label: tensor([ 3,  0,  0,  0,  0,  0, 56, 56,  0, 56,  0, 56,  0,  0,  0,  0, 56,  0,
         0,  3,  0,  0, 74,  0,  0,  0,  3, 24,  0,  0,  3, 13,  0, 56,  3, 56,
         0,  3,  0, 13,  3, 67,  0,  0,  3,  3, 56, 56,  3,  0,  0, 67,  0,  0,
         0, 56,  0, 13, 13,  0, 56,  3,  0,  0,  0,  0,  3, 67,  0, 67,  3,  0,
         0, 56,  3,  0,  3,  3, 56,  0, 13,  0,  3, 24,  3,  0,  3,  0, 67,  0,
        26, 74,  3,  3,  0, 26, 67,  0,  3,  0,  0,  0,  0, 26,  3, 27, 26,  3,
         3,  3,  0,  0,  0,  0,  0,  0, 24, 50,  3, 13,  0, 13,  3, 16,  3,  3,
         3,  0, 56,  3,  0, 74,  3,  3,  0, 13, 13,  3,  0,  0,  4,  2,  0, 51,
         3,  3,  0, 67,  1,  0,  0, 26,  0,  0, 56,  3, 74,  0,  3,  0, 27, 24,
        56,  3, 24,  2,  0,  0, 24,  1, 26,  0, 13, 56, 26,  0,  2,  0, 56,  2,
         0, 61,  3,  2,  0, 24, 13,  0, 77, 13,  1, 26,  3,  0,  0,  0, 26,  0,
         1, 67,  0,  0, 41, 24,  0, 56, 13, 13, 56, 32, 24,  1,  1, 67,  0,  1,
        26,  0,  3, 24,  3, 65, 24,  1,  3, 24, 31,  3,  1,  0,  0,  0,  1, 27,
         0,  0, 13,  0, 28,  0,  2,  0, 28,  0,  0,  1,  0, 24,  3, 26, 54, 61,
         3,  3,  0, 32,  0,  2, 26, 58,  1, 28,  3, 24,  2, 13, 39,  0,  2,  0,
        56, 52,  2,  0,  1,  0, 13, 67,  3, 26, 26,  2,  3,  0, 13, 13, 77,  0,
         1, 13, 39,  0,  2,  0, 78,  3, 27,  0, 26,  0]), Box: ([0.14787912368774414, 32.43183135986328, 498.3622131347656, 364.1910095214844], [170.80865478515625, 35.8380241394043, 316.5679016113281, 364.4161376953125], [282.9381103515625, 4.353180408477783, 426.84490966796875, 252.17776489257812], [172.16055297851562, 64.01736450195312, 267.6154479980469, 347.3482971191406], [171.9124298095703, 64.19233703613281, 262.3859558105469, 232.0358428955078], [346.79718017578125, -0.03857351839542389, 409.83544921875, 75.09893798828125], [388.52374267578125, 118.52544403076172, 419.5222473144531, 168.0840301513672], [382.7852783203125, 118.68138122558594, 419.91748046875, 191.21505737304688], [174.69308471679688, 64.35877990722656, 260.7484130859375, 116.77965545654297], [341.89013671875, 118.62335205078125, 427.6935729980469, 214.5529327392578], [345.2049865722656, 0.04644133150577545, 423.9909973144531, 166.0285186767578], [379.32373046875, 118.63573455810547, 425.5859375, 214.03013610839844], [331.57763671875, 0.06837397813796997, 410.88470458984375, 112.22711944580078], [284.45428466796875, -0.3873668611049652, 415.6968688964844, 250.4601593017578], [331.8818359375, -0.673636794090271, 412.13165283203125, 142.04307556152344], [330.7103576660156, -0.1338087022304535, 411.1236267089844, 150.1357421875], [313.4386901855469, 117.75762939453125, 420.5657653808594, 183.6275634765625], [344.8132019042969, -0.5094352960586548, 425.17193603515625, 182.653076171875], [283.10650634765625, 0.09032338857650757, 419.6199645996094, 251.60894775390625], [288.01898193359375, 117.27381896972656, 428.4260559082031, 229.23098754882812], [330.45465087890625, -0.34666991233825684, 411.6739501953125, 154.262451171875], [171.20492553710938, 37.42876434326172, 316.02349853515625, 245.97152709960938], [187.76177978515625, 130.23605346679688, 201.1866912841797, 140.36163330078125], [348.49566650390625, -0.6022956371307373, 424.8949279785156, 170.89015197753906], [171.48899841308594, 37.272457122802734, 315.9821472167969, 234.9029541015625], [331.05767822265625, 0.16259215772151947, 425.8677978515625, 158.2983856201172], [290.1894226074219, 117.84991455078125, 424.15301513671875, 225.4603729248047], [346.79718017578125, -0.03857351839542389, 409.83544921875, 75.09893798828125], [171.09645080566406, 37.086055755615234, 315.957275390625, 249.01492309570312], [314.3967590332031, -0.09977258741855621, 414.6200256347656, 171.1113739013672], [292.3799133300781, 116.73096466064453, 426.3627014160156, 226.44395446777344], [388.52374267578125, 118.52544403076172, 419.5222473144531, 168.0840301513672], [349.2058410644531, -0.18157297372817993, 409.6457824707031, 34.21028137207031], [326.32720947265625, 118.31124877929688, 427.75946044921875, 216.01309204101562], [284.4493408203125, 118.07891082763672, 422.25347900390625, 244.1027069091797], [352.94183349609375, 119.3153076171875, 422.61920166015625, 215.5553741455078], [347.531005859375, 0.29586440324783325, 424.6065979003906, 83.43755340576172], [341.5812072753906, 168.04437255859375, 425.14166259765625, 215.40431213378906], [328.5970458984375, 1.6718767881393433, 426.2679443359375, 165.89599609375], [382.7852783203125, 118.68138122558594, 419.91748046875, 191.21505737304688], [379.32373046875, 118.63573455810547, 425.5859375, 214.03013610839844], [390.6477355957031, 26.840103149414062, 402.47418212890625, 56.270721435546875], [331.0701599121094, -0.7248949408531189, 425.4058837890625, 157.59249877929688], [214.18104553222656, 64.05997467041016, 260.2804870605469, 114.074951171875], [341.89013671875, 118.62335205078125, 427.6935729980469, 214.5529327392578], [341.8857421875, 159.88319396972656, 425.92938232421875, 215.55186462402344], [292.3799133300781, 116.73096466064453, 426.3627014160156, 226.44395446777344], [377.8484191894531, 118.40978240966797, 435.58074951171875, 215.33485412597656], [378.5651550292969, 164.7817840576172, 426.69525146484375, 214.93336486816406], [171.53433227539062, 37.62592697143555, 316.36376953125, 236.34423828125], [338.4486083984375, 1.1105127334594727, 416.21282958984375, 93.83345794677734], [184.01516723632812, 106.46912384033203, 198.74668884277344, 114.03963470458984], [167.7217559814453, 22.7564640045166, 426.75506591796875, 365.4588317871094], [347.0565185546875, -1.1166818141937256, 424.8271484375, 159.35740661621094], [171.07537841796875, 1.7784945964813232, 425.2033386230469, 255.21267700195312], [290.1894226074219, 117.84991455078125, 424.15301513671875, 225.4603729248047], [167.90133666992188, 36.445220947265625, 314.3758544921875, 287.0078430175781], [313.4386901855469, 117.75762939453125, 420.5657653808594, 183.6275634765625], [341.89013671875, 118.62335205078125, 427.6935729980469, 214.5529327392578], [169.4020233154297, 11.467124938964844, 424.3564453125, 367.84381103515625], [331.5238342285156, 21.29908561706543, 426.1945495605469, 210.89865112304688], [307.880126953125, 159.46612548828125, 425.3180236816406, 216.25650024414062], [170.96832275390625, 37.01132583618164, 316.7087707519531, 182.37770080566406], [170.9637451171875, 48.98928451538086, 317.2982482910156, 346.61065673828125], [170.9771728515625, 0.6492398977279663, 417.8578186035156, 176.86106872558594], [169.5006561279297, 1.823511004447937, 428.6397705078125, 367.6094970703125], [267.9933166503906, 116.87944793701172, 423.3772277832031, 224.99530029296875], [390.7846984863281, 22.637025833129883, 402.57916259765625, 36.4559440612793], [331.5238342285156, 21.29908561706543, 426.1945495605469, 210.89865112304688], [187.76177978515625, 130.23605346679688, 201.1866912841797, 140.36163330078125], [275.7209777832031, 118.67543029785156, 497.97747802734375, 359.2567443847656], [168.4654998779297, 3.662433385848999, 422.6523742675781, 251.56268310546875], [170.72213745117188, 31.403013229370117, 420.80877685546875, 358.8162536621094], [288.01898193359375, 117.27381896972656, 428.4260559082031, 229.23098754882812], [294.17449951171875, 117.60224914550781, 498.8748474121094, 360.6263427734375], [174.24351501464844, 93.740478515625, 223.06198120117188, 116.96858978271484], [313.4386901855469, 117.75762939453125, 420.5657653808594, 183.6275634765625], [263.08441162109375, 119.01197052001953, 424.78173828125, 228.66534423828125], [284.4493408203125, 118.07891082763672, 422.25347900390625, 244.1027069091797], [168.4266357421875, 34.12900924682617, 427.9035949707031, 349.3573303222656], [379.32373046875, 118.63573455810547, 425.5859375, 214.03013610839844], [172.2529296875, 35.17294692993164, 316.48272705078125, 185.0254669189453], [377.8484191894531, 118.40978240966797, 435.58074951171875, 215.33485412597656], [349.2058410644531, -0.18157297372817993, 409.6457824707031, 34.21028137207031], [287.4715576171875, 170.98681640625, 425.1435241699219, 218.1514129638672], [172.91705322265625, 36.09773254394531, 308.850830078125, 120.63268280029297], [251.62353515625, 117.73924255371094, 431.908935546875, 221.85543823242188], [363.3713073730469, 37.894229888916016, 409.1103210449219, 85.1546630859375], [190.42745971679688, 106.88502502441406, 199.3333282470703, 113.3475570678711], [138.3877410888672, 44.66094970703125, 375.5433654785156, 260.2109680175781], [346.79718017578125, -0.03857351839542389, 409.83544921875, 75.09893798828125], [189.58580017089844, 130.94992065429688, 202.15553283691406, 140.70303344726562], [333.284912109375, 160.29190063476562, 425.70977783203125, 215.58290100097656], [0.06478279829025269, 34.852935791015625, 152.0698699951172, 309.72662353515625], [208.13726806640625, 64.41963195800781, 262.0576171875, 177.82937622070312], [388.52374267578125, 118.52544403076172, 419.5222473144531, 168.0840301513672], [380.0986633300781, 20.01641845703125, 400.91876220703125, 39.118736267089844], [178.8953399658203, 126.84249114990234, 260.5439453125, 232.50070190429688], [0.48786401748657227, 34.671138763427734, 220.23690795898438, 312.21405029296875], [165.9540557861328, 1.7477720975875854, 428.6438293457031, 370.0609436035156], [192.27838134765625, 36.51522445678711, 318.5720520019531, 228.15147399902344], [171.98788452148438, 91.29774475097656, 262.0112609863281, 177.01287841796875], [18.757701873779297, 36.915802001953125, 316.5508117675781, 317.4722900390625], [349.2058410644531, -0.18157297372817993, 409.6457824707031, 34.21028137207031], [295.1573486328125, 166.7246551513672, 497.9043884277344, 358.19793701171875], [215.8603515625, 129.1383056640625, 230.37380981445312, 154.3722381591797], [171.09600830078125, 107.4985122680664, 216.61441040039062, 158.525634765625], [352.94183349609375, 119.3153076171875, 422.61920166015625, 215.5553741455078], [0.4223734140396118, 31.520492553710938, 499.1157531738281, 361.2890625], [-0.032320618629455566, 36.82684326171875, 220.83816528320312, 312.43170166015625], [167.68951416015625, 71.23159790039062, 256.17254638671875, 225.1940155029297], [171.2916717529297, 79.14533233642578, 317.3310852050781, 176.05125427246094], [173.9278564453125, 66.1255111694336, 251.07550048828125, 212.6736297607422], [175.1656951904297, 89.29898071289062, 256.7464294433594, 115.76587677001953], [362.9921875, 35.02396011352539, 409.0335693359375, 85.8152847290039], [79.70947265625, 36.07591247558594, 316.6616516113281, 323.53253173828125], [346.9898681640625, 0.39035502076148987, 374.78338623046875, 30.650054931640625], [1.037855625152588, 0.21665823459625244, 24.53021240234375, 20.680110931396484], [326.32720947265625, 118.31124877929688, 427.75946044921875, 216.01309204101562], [326.32720947265625, 118.31124877929688, 427.75946044921875, 216.01309204101562], [132.78697204589844, 12.34847640991211, 424.8742370605469, 243.46299743652344], [292.3799133300781, 116.73096466064453, 426.3627014160156, 226.44395446777344], [0.245019793510437, 35.75396728515625, 258.50103759765625, 314.3520812988281], [346.79718017578125, -0.03857351839542389, 409.83544921875, 75.09893798828125], [382.7852783203125, 118.68138122558594, 419.91748046875, 191.21505737304688], [273.655029296875, 119.7953872680664, 491.40606689453125, 359.7674560546875], [388.52374267578125, 118.52544403076172, 419.5222473144531, 168.0840301513672], [0.4223734140396118, 31.520492553710938, 499.1157531738281, 361.2890625], [251.62353515625, 117.73924255371094, 431.908935546875, 221.85543823242188], [313.7174987792969, 118.59303283691406, 336.3946228027344, 157.4430694580078], [149.81851196289062, 5.968149662017822, 416.316650390625, 369.45635986328125], [190.42745971679688, 106.88502502441406, 199.3333282470703, 113.3475570678711], [313.0892639160156, 120.32096862792969, 498.9315185546875, 359.9490661621094], [381.3760986328125, 164.99118041992188, 486.6551818847656, 250.37860107421875], [144.97726440429688, 36.15416717529297, 427.4538879394531, 253.4706573486328], [377.8484191894531, 118.40978240966797, 435.58074951171875, 215.33485412597656], [352.94183349609375, 119.3153076171875, 422.61920166015625, 215.5553741455078], [382.3573303222656, 163.8460235595703, 484.4568786621094, 230.28018188476562], [216.19570922851562, 123.83878326416016, 260.60748291015625, 229.3454132080078], [115.38375854492188, 40.2625846862793, 424.1361083984375, 237.36830139160156], [0.14787912368774414, 32.43183135986328, 498.3622131347656, 364.1910095214844], [119.75818634033203, 103.40647888183594, 423.5475158691406, 200.71510314941406], [173.3037872314453, 66.07984924316406, 261.34722900390625, 225.9009246826172], [297.2812805175781, 281.671142578125, 308.59722900390625, 299.78594970703125], [130.14871215820312, 121.59856414794922, 423.8322448730469, 214.37063598632812], [384.0667724609375, 118.56475067138672, 486.08892822265625, 240.3418426513672], [30.530929565429688, 34.78012466430664, 321.66180419921875, 327.9169921875], [189.58580017089844, 130.94992065429688, 202.15553283691406, 140.70303344726562], [378.5651550292969, 164.7817840576172, 426.69525146484375, 214.93336486816406], [165.36679077148438, 19.17981719970703, 418.97613525390625, 256.2165832519531], [171.2335662841797, 95.7773666381836, 219.3780517578125, 158.77577209472656], [342.83172607421875, 174.21170043945312, 386.3152160644531, 192.7025909423828], [335.95306396484375, 27.317779541015625, 366.4537048339844, 111.30208587646484], [155.47064208984375, 33.507041931152344, 259.63995361328125, 168.2066650390625], [267.9933166503906, 116.87944793701172, 423.3772277832031, 224.99530029296875], [120.54227447509766, 39.2381477355957, 425.2569580078125, 234.5908660888672], [184.01516723632812, 106.46912384033203, 198.74668884277344, 114.03963470458984], [120.54227447509766, 39.2381477355957, 425.2569580078125, 234.5908660888672], [193.19686889648438, 119.09178924560547, 495.0865783691406, 360.5364685058594], [375.57183837890625, -0.035393983125686646, 409.60137939453125, 27.816919326782227], [390.6477355957031, 26.840103149414062, 402.47418212890625, 56.270721435546875], [388.52374267578125, 118.52544403076172, 419.5222473144531, 168.0840301513672], [341.5812072753906, 168.04437255859375, 425.14166259765625, 215.40431213378906], [115.38375854492188, 40.2625846862793, 424.1361083984375, 237.36830139160156], [331.57763671875, 0.06837397813796997, 410.88470458984375, 112.22711944580078], [0.4223734140396118, 31.520492553710938, 499.1157531738281, 361.2890625], [67.89653015136719, 48.56167221069336, 269.4019775390625, 318.1717224121094], [346.8404541015625, 29.790376663208008, 364.50244140625, 74.91568756103516], [345.2049865722656, 0.04644133150577545, 423.9909973144531, 166.0285186767578], [288.01898193359375, 117.27381896972656, 428.4260559082031, 229.23098754882812], [185.5522918701172, 129.94598388671875, 216.0045166015625, 158.79249572753906], [166.5404510498047, 51.21881103515625, 314.31048583984375, 137.84532165527344], [119.75818634033203, 103.40647888183594, 423.5475158691406, 200.71510314941406], [342.83172607421875, 174.21170043945312, 386.3152160644531, 192.7025909423828], [346.9898681640625, 0.39035502076148987, 374.78338623046875, 30.650054931640625], [204.53724670410156, 91.70320892333984, 261.4844055175781, 175.31407165527344], [379.32373046875, 118.63573455810547, 425.5859375, 214.03013610839844], [119.11311340332031, 64.78759765625, 351.13787841796875, 253.11965942382812], [341.8857421875, 159.88319396972656, 425.92938232421875, 215.55186462402344], [341.89013671875, 118.62335205078125, 427.6935729980469, 214.5529327392578], [388.52374267578125, 118.52544403076172, 419.5222473144531, 168.0840301513672], [382.7852783203125, 118.68138122558594, 419.91748046875, 191.21505737304688], [-1.3533458709716797, 36.39674758911133, 224.3818359375, 311.77093505859375], [341.5812072753906, 168.04437255859375, 425.14166259765625, 215.40431213378906], [171.46583557128906, 67.08106231689453, 261.03717041015625, 165.1187286376953], [171.09600830078125, 107.4985122680664, 216.61441040039062, 158.525634765625], [391.1746520996094, 118.6631088256836, 419.3542785644531, 166.91224670410156], [348.552978515625, 0.6948555707931519, 390.2182312011719, 32.9503059387207], [284.4493408203125, 118.07891082763672, 422.25347900390625, 244.1027069091797], [251.62353515625, 117.73924255371094, 431.908935546875, 221.85543823242188], [377.8484191894531, 118.40978240966797, 435.58074951171875, 215.33485412597656], [348.552978515625, 0.6948555707931519, 390.2182312011719, 32.9503059387207], [382.42218017578125, 167.5439453125, 498.8687438964844, 314.17510986328125], [171.4690399169922, 106.61327362060547, 257.99591064453125, 200.3626251220703], [3.524825096130371, 36.79563903808594, 321.2527160644531, 327.88604736328125], [66.8580093383789, 49.8599853515625, 266.1397399902344, 322.0868225097656], [170.73085021972656, 109.86611938476562, 214.92799377441406, 171.33421325683594], [106.84207153320312, 18.467981338500977, 425.4815368652344, 368.2533874511719], [379.32373046875, 118.63573455810547, 425.5859375, 214.03013610839844], [360.02191162109375, 27.691007614135742, 401.8580017089844, 56.64537048339844], [284.4493408203125, 118.07891082763672, 422.25347900390625, 244.1027069091797], [382.7852783203125, 118.68138122558594, 419.91748046875, 191.21505737304688], [187.76177978515625, 130.23605346679688, 201.1866912841797, 140.36163330078125], [338.4486083984375, 1.1105127334594727, 416.21282958984375, 93.83345794677734], [132.91421508789062, 78.0358657836914, 190.96774291992188, 143.288818359375], [263.08441162109375, 119.01197052001953, 424.78173828125, 228.66534423828125], [290.1894226074219, 117.84991455078125, 424.15301513671875, 225.4603729248047], [387.86566162109375, 118.21552276611328, 419.3811950683594, 169.51612854003906], [378.5651550292969, 164.7817840576172, 426.69525146484375, 214.93336486816406], [31.38824462890625, 239.00448608398438, 44.269859313964844, 251.35015869140625], [331.8818359375, -0.673636794090271, 412.13165283203125, 142.04307556152344], [307.880126953125, 159.46612548828125, 425.3180236816406, 216.25650024414062], [284.4493408203125, 118.07891082763672, 422.25347900390625, 244.1027069091797], [185.5522918701172, 129.94598388671875, 216.0045166015625, 158.79249572753906], [346.9898681640625, 0.39035502076148987, 374.78338623046875, 30.650054931640625], [0.4223734140396118, 31.520492553710938, 499.1157531738281, 361.2890625], [382.7852783203125, 118.68138122558594, 419.91748046875, 191.21505737304688], [44.602317810058594, 43.70421600341797, 300.3246154785156, 328.1174011230469], [343.63885498046875, 157.10882568359375, 494.0401611328125, 352.6424560546875], [330.7103576660156, -0.1338087022304535, 411.1236267089844, 150.1357421875], [61.07585144042969, 31.795207977294922, 427.1512145996094, 356.37371826171875], [187.76177978515625, 130.23605346679688, 201.1866912841797, 140.36163330078125], [348.552978515625, 0.6948555707931519, 390.2182312011719, 32.9503059387207], [263.08441162109375, 119.01197052001953, 424.78173828125, 228.66534423828125], [0.5591213703155518, 131.07554626464844, 221.86451721191406, 315.3222351074219], [347.531005859375, 0.29586440324783325, 424.6065979003906, 83.43755340576172], [0.14787912368774414, 32.43183135986328, 498.3622131347656, 364.1910095214844], [12.297391891479492, 112.70723724365234, 494.9114990234375, 357.1268615722656], [341.89013671875, 118.62335205078125, 427.6935729980469, 214.5529327392578], [133.9008026123047, 65.89871215820312, 178.29193115234375, 109.428955078125], [159.54689025878906, 77.39203643798828, 179.0567169189453, 113.89705657958984], [152.69239807128906, 76.55392456054688, 163.9884490966797, 91.63947296142578], [290.1894226074219, 117.84991455078125, 424.15301513671875, 225.4603729248047], [185.5522918701172, 129.94598388671875, 216.0045166015625, 158.79249572753906], [193.31272888183594, 63.3531494140625, 337.2357177734375, 281.6805725097656], [220.30914306640625, 126.01317596435547, 261.0940246582031, 228.4026641845703], [393.28631591796875, 118.29536437988281, 419.2604064941406, 164.6079559326172], [326.0443420410156, 0.20343437790870667, 383.56396484375, 83.38338470458984], [346.79718017578125, -0.03857351839542389, 409.83544921875, 75.09893798828125], [284.76947021484375, 118.53951263427734, 336.12109375, 233.2661895751953], [115.38375854492188, 40.2625846862793, 424.1361083984375, 237.36830139160156], [176.75216674804688, 94.28244018554688, 259.96270751953125, 211.30319213867188], [379.32373046875, 118.63573455810547, 425.5859375, 214.03013610839844], [207.41464233398438, 92.90299987792969, 261.35015869140625, 176.16793823242188], [108.68878936767578, 39.63119125366211, 319.2385559082031, 359.453125], [341.5812072753906, 168.04437255859375, 425.14166259765625, 215.40431213378906], [61.07585144042969, 31.795207977294922, 427.1512145996094, 356.37371826171875], [393.28631591796875, 118.29536437988281, 419.2604064941406, 164.6079559326172], [346.79718017578125, -0.03857351839542389, 409.83544921875, 75.09893798828125], [348.752197265625, 0.2079438418149948, 386.0513000488281, 29.218257904052734], [0.14787912368774414, 32.43183135986328, 498.3622131347656, 364.1910095214844], [388.52374267578125, 118.52544403076172, 419.5222473144531, 168.0840301513672], [1.73206627368927, 103.71623992919922, 494.407958984375, 355.0976867675781], [318.9087219238281, 240.3875732421875, 497.5999755859375, 360.7243347167969], [3.711014986038208, 42.67396926879883, 269.7188720703125, 318.31903076171875], [187.76177978515625, 130.23605346679688, 201.1866912841797, 140.36163330078125], [379.32373046875, 118.63573455810547, 425.5859375, 214.03013610839844], [62.55340576171875, -0.1381714791059494, 247.79501342773438, 24.04722785949707], [165.34124755859375, 130.96705627441406, 211.41062927246094, 172.0273895263672], [1.037855625152588, 0.21665823459625244, 24.53021240234375, 20.680110931396484], [292.3799133300781, 116.73096466064453, 426.3627014160156, 226.44395446777344], [341.89013671875, 118.62335205078125, 427.6935729980469, 214.5529327392578], [175.98915100097656, 131.66729736328125, 493.31097412109375, 360.21722412109375], [348.752197265625, 0.2079438418149948, 386.0513000488281, 29.218257904052734], [378.5651550292969, 164.7817840576172, 426.69525146484375, 214.93336486816406], [331.5238342285156, 21.29908561706543, 426.1945495605469, 210.89865112304688], [390.6477355957031, 26.840103149414062, 402.47418212890625, 56.270721435546875], [313.7174987792969, 118.59303283691406, 336.3946228027344, 157.4430694580078], [341.8857421875, 159.88319396972656, 425.92938232421875, 215.55186462402344], [348.752197265625, 0.2079438418149948, 386.0513000488281, 29.218257904052734], [346.79718017578125, -0.03857351839542389, 409.83544921875, 75.09893798828125], [0.14787912368774414, 32.43183135986328, 498.3622131347656, 364.1910095214844], [238.90634155273438, -0.13167691230773926, 263.384033203125, 10.514169692993164], [135.6651153564453, 73.310302734375, 164.15011596679688, 99.44461822509766], [251.62353515625, 117.73924255371094, 431.908935546875, 221.85543823242188], [129.39613342285156, 45.99650955200195, 456.324462890625, 359.422119140625], [120.54227447509766, 39.2381477355957, 425.2569580078125, 234.5908660888672], [388.52374267578125, 118.52544403076172, 419.5222473144531, 168.0840301513672], [0.12853741645812988, 187.39280700683594, 179.5132598876953, 315.1990661621094], [341.89013671875, 118.62335205078125, 427.6935729980469, 214.5529327392578], [171.2335662841797, 95.7773666381836, 219.3780517578125, 158.77577209472656], [120.54227447509766, 39.2381477355957, 425.2569580078125, 234.5908660888672], [0.5235001444816589, 193.52383422851562, 216.7314910888672, 314.8427429199219], [171.09600830078125, 107.4985122680664, 216.61441040039062, 158.525634765625], [341.8857421875, 159.88319396972656, 425.92938232421875, 215.55186462402344], [341.5812072753906, 168.04437255859375, 425.14166259765625, 215.40431213378906], [346.79718017578125, -0.03857351839542389, 409.83544921875, 75.09893798828125], [20.395532608032227, 45.119728088378906, 273.73541259765625, 320.51458740234375], [267.9933166503906, 116.87944793701172, 423.3772277832031, 224.99530029296875], [288.01898193359375, 117.27381896972656, 428.4260559082031, 229.23098754882812], [187.76177978515625, 130.23605346679688, 201.1866912841797, 140.36163330078125], [170.73085021972656, 109.86611938476562, 214.92799377441406, 171.33421325683594], [130.14871215820312, 121.59856414794922, 423.8322448730469, 214.37063598632812], [249.98654174804688, 36.40515899658203, 314.7063903808594, 129.20037841796875], [0.14787912368774414, 32.43183135986328, 498.3622131347656, 364.1910095214844], [3.711014986038208, 42.67396926879883, 269.7188720703125, 318.31903076171875], [184.01516723632812, 106.46912384033203, 198.74668884277344, 114.03963470458984], [179.21588134765625, 84.18655395507812, 260.1360168457031, 214.95652770996094], [360.02191162109375, 27.691007614135742, 401.8580017089844, 56.64537048339844], [176.9207305908203, 90.20612335205078, 248.07749938964844, 114.23138427734375]), Score: [0.9768433570861816, 0.9173348546028137, 0.8940744400024414, 0.5090227723121643, 0.3251591920852661, 0.25063586235046387, 0.24681316316127777, 0.23116439580917358, 0.22476592659950256, 0.18869653344154358, 0.18659134209156036, 0.1680038571357727, 0.1588377207517624, 0.13546913862228394, 0.1324642449617386, 0.12914466857910156, 0.12555892765522003, 0.12391910701990128, 0.1197134256362915, 0.1169513538479805, 0.11514674127101898, 0.11422381550073624, 0.11141934245824814, 0.10801078379154205, 0.10714951902627945, 0.1062200516462326, 0.1026800200343132, 0.10055425763130188, 0.09975431859493256, 0.09658642113208771, 0.08739165961742401, 0.08658552169799805, 0.08580181002616882, 0.08360164612531662, 0.08247927576303482, 0.08241787552833557, 0.08220678567886353, 0.08195806294679642, 0.07923481613397598, 0.07915042340755463, 0.07743175327777863, 0.0767185166478157, 0.0756048709154129, 0.07523800432682037, 0.07499565929174423, 0.07198885828256607, 0.07181065529584885, 0.0705428496003151, 0.07040078938007355, 0.06958337873220444, 0.06956099718809128, 0.06935612857341766, 0.06895409524440765, 0.06832621246576309, 0.0681149810552597, 0.066554494202137, 0.06651803851127625, 0.06570695340633392, 0.06548721343278885, 0.06492603570222855, 0.06421235203742981, 0.06361996382474899, 0.060675736516714096, 0.059819307178258896, 0.059632569551467896, 0.05841304734349251, 0.05812263861298561, 0.05730682611465454, 0.057104188948869705, 0.05666468292474747, 0.05665624514222145, 0.056249890476465225, 0.05613694339990616, 0.055813979357481, 0.05448007211089134, 0.05422715097665787, 0.053576670587062836, 0.05346577242016792, 0.0526914969086647, 0.05267949029803276, 0.05198736861348152, 0.05143072456121445, 0.0511990450322628, 0.05116419494152069, 0.050970178097486496, 0.05007035657763481, 0.05001691356301308, 0.049106959253549576, 0.04894114285707474, 0.04864156246185303, 0.04858757182955742, 0.046942438930273056, 0.04641090705990791, 0.04639134556055069, 0.04623579978942871, 0.045959893614053726, 0.044855277985334396, 0.04466556757688522, 0.0436442531645298, 0.043232351541519165, 0.04312126338481903, 0.04166305065155029, 0.04138076305389404, 0.0410521924495697, 0.04023050516843796, 0.039387401193380356, 0.03928462043404579, 0.03894338011741638, 0.03829436004161835, 0.0377119779586792, 0.03749961033463478, 0.037215620279312134, 0.03706016764044762, 0.03619035333395004, 0.036136072129011154, 0.03608936816453934, 0.03607441484928131, 0.035575706511735916, 0.035427697002887726, 0.03502529114484787, 0.03423381596803665, 0.03420823812484741, 0.033859048038721085, 0.033515918999910355, 0.033505186438560486, 0.033502932637929916, 0.033230237662792206, 0.03295740857720375, 0.032934848219156265, 0.03275175765156746, 0.03271994739770889, 0.03237443044781685, 0.032036926597356796, 0.03202585503458977, 0.03161269426345825, 0.031316258013248444, 0.03113585151731968, 0.031074482947587967, 0.030987584963440895, 0.030888831242918968, 0.030852796509861946, 0.030820803716778755, 0.030423877760767937, 0.03034547157585621, 0.03023460879921913, 0.030011149123311043, 0.030009301379323006, 0.029975853860378265, 0.029783260077238083, 0.029598256573081017, 0.02923968993127346, 0.02918388321995735, 0.02918349951505661, 0.029156876727938652, 0.0291499812155962, 0.029019596055150032, 0.02894732914865017, 0.028898179531097412, 0.02865399606525898, 0.028469692915678024, 0.02833104319870472, 0.02828149124979973, 0.028222346678376198, 0.02816249243915081, 0.028044631704688072, 0.02801092341542244, 0.02794608846306801, 0.027901139110326767, 0.027823612093925476, 0.02770259790122509, 0.02761012874543667, 0.027593303471803665, 0.02751731686294079, 0.02751103974878788, 0.027448443695902824, 0.02732882834970951, 0.027307141572237015, 0.027197616174817085, 0.026943396776914597, 0.026867646723985672, 0.02685723267495632, 0.026772435754537582, 0.026740042492747307, 0.026684166863560677, 0.026575351133942604, 0.026471450924873352, 0.026360394433140755, 0.02627800777554512, 0.025836635380983353, 0.025774115696549416, 0.025631729513406754, 0.025521347299218178, 0.025480670854449272, 0.024911025539040565, 0.024819593876600266, 0.024814555421471596, 0.02453244850039482, 0.02450118400156498, 0.02449825033545494, 0.024446794763207436, 0.024326737970113754, 0.024254340678453445, 0.024000009521842003, 0.023979082703590393, 0.023923689499497414, 0.02383516915142536, 0.023774629458785057, 0.023729072883725166, 0.02357376180589199, 0.023521583527326584, 0.023508703336119652, 0.023329339921474457, 0.02318906970322132, 0.023160314187407494, 0.02311636321246624, 0.023051714524626732, 0.023032430559396744, 0.02285202592611313, 0.02255677618086338, 0.022375287488102913, 0.022236529737710953, 0.022230325266718864, 0.02218940109014511, 0.022181756794452667, 0.02215474285185337, 0.022084075957536697, 0.02206851914525032, 0.02200707606971264, 0.02197989448904991, 0.021950874477624893, 0.021918369457125664, 0.021793164312839508, 0.02178855426609516, 0.02177504077553749, 0.021661126986145973, 0.021598629653453827, 0.021411728113889694, 0.02135762758553028, 0.02130572870373726, 0.021197166293859482, 0.02119540423154831, 0.021161619573831558, 0.021133549511432648, 0.021062029525637627, 0.020993484184145927, 0.020932121202349663, 0.02090371586382389, 0.020871469751000404, 0.02077360264956951, 0.020730970427393913, 0.02070343866944313, 0.02066275291144848, 0.020561696961522102, 0.020439328625798225, 0.02042384073138237, 0.020405856892466545, 0.02033761516213417, 0.02033505029976368, 0.020326057448983192, 0.02032196894288063, 0.020259402692317963, 0.020258987322449684, 0.020215732976794243, 0.02020307071506977, 0.02019617147743702, 0.02019003964960575, 0.020184196531772614, 0.02014637365937233, 0.020112311467528343, 0.020012805238366127, 0.019889667630195618, 0.0198432058095932, 0.019758451730012894, 0.019732508808374405, 0.019727356731891632, 0.01968187466263771, 0.019574671983718872, 0.019530927762389183, 0.019503042101860046, 0.01945621147751808, 0.019452501088380814, 0.019440703094005585, 0.01942347176373005, 0.019420664757490158, 0.019416451454162598, 0.019410641863942146, 0.019394973292946815, 0.01939331367611885, 0.01933368667960167, 0.019295545294880867, 0.01927892677485943, 0.01921251229941845, 0.019198734313249588, 0.019161639735102654, 0.01915203034877777, 0.019051095470786095, 0.019023820757865906, 0.019003424793481827, 0.018946152180433273, 0.018940161913633347]

Execution time: 0.4174 sec
