Label: tensor([ 0,  8,  0,  8,  8,  0,  8,  8,  8,  8,  8,  8,  8,  8,  8,  0,  8,  0,
         8,  0,  8,  8,  0,  8,  8,  0,  8,  0,  0,  8,  0,  0,  8,  8,  8,  0,
         8,  8,  8,  8,  8,  0,  8,  8,  0,  0,  0,  0,  8,  0,  0,  8,  8,  0,
         0,  0,  0,  8,  0,  0,  0,  0,  0,  0,  0,  8,  8, 16,  8,  0,  0,  0,
         8,  8,  8,  0,  0,  0,  0,  0,  0,  8,  8,  0,  8,  0,  0,  0,  0,  0,
         8,  8,  8,  8,  8,  0,  8,  8,  8,  2,  8,  8,  8,  0,  8,  0,  8,  0,
         8,  8,  0,  0,  0,  0,  0,  0,  8,  0,  8,  0,  8,  0,  8,  0,  8,  0,
         0,  8, 14,  0,  8,  0,  8,  8,  0,  0,  0,  8,  0,  8,  8,  0,  8,  0,
         0,  0, 13,  0,  8, 25,  8,  8,  8,  0,  8,  0,  8,  8,  8,  8,  0,  8,
         8,  0,  8,  0,  0,  8,  8,  8,  0,  0,  0,  8,  0,  0,  0,  0,  0,  0,
         0,  8,  8,  8,  0,  0,  0,  8,  0,  8,  8,  8,  8,  8,  0,  8,  0,  8,
         8,  0,  8,  8,  8,  8,  0,  8,  8,  8,  8,  8,  8, 14,  0,  0,  8,  0,
         8, 25,  8,  0,  8,  8,  8,  8,  8,  0,  0,  8,  0,  8,  0,  8,  8,  8,
         0,  0,  0,  8,  8,  2,  0,  8,  0,  8,  8,  2,  0, 13,  8, 25,  8,  8,
         0,  0,  0, 13, 56, 25,  8, 25,  8,  8, 45,  8, 58,  8,  8, 25,  0,  8,
         8, 37,  8,  2,  0, 37,  8,  8,  8,  8, 25,  0, 58,  8,  8,  8,  8, 25,
         0,  8,  0,  8, 19,  8, 37,  2,  2,  0, 25,  8]), Box: ([338.3556823730469, 204.72158813476562, 351.1705017089844, 228.1612091064453], [137.66482543945312, 109.99042510986328, 167.7085418701172, 210.1908721923828], [326.28326416015625, 211.39573669433594, 337.4202880859375, 229.24749755859375], [395.9634704589844, 44.50019073486328, 440.1124267578125, 231.19155883789062], [354.20196533203125, 87.87142944335938, 384.9804382324219, 203.5046844482422], [430.7507629394531, 207.88214111328125, 439.12188720703125, 221.49063110351562], [170.78103637695312, 110.46841430664062, 201.12564086914062, 219.37782287597656], [3.6481385231018066, 230.9667205810547, 27.481529235839844, 240.99957275390625], [43.954376220703125, 224.57034301757812, 68.89979553222656, 233.13673400878906], [310.4643249511719, 39.90760040283203, 367.5245056152344, 242.5805206298828], [240.9093475341797, 78.57367706298828, 268.4952087402344, 206.76487731933594], [215.03038024902344, 116.58858489990234, 236.01417541503906, 196.6707763671875], [215.19876098632812, 182.09556579589844, 235.79043579101562, 196.81358337402344], [170.26739501953125, 201.17283630371094, 201.28073120117188, 219.38833618164062], [297.06024169921875, 112.72523498535156, 318.97760009765625, 191.79673767089844], [411.8971862792969, 207.34967041015625, 421.5910949707031, 226.0793914794922], [241.60731506347656, 189.03863525390625, 269.2777404785156, 207.1038818359375], [252.48828125, 178.91009521484375, 261.4703369140625, 197.28065490722656], [311.0148620605469, 216.1936492919922, 367.2717590332031, 242.23745727539062], [349.254638671875, 198.43663024902344, 360.2210693359375, 227.26893615722656], [188.7457275390625, 114.43294525146484, 206.5206298828125, 192.48178100585938], [137.83956909179688, 190.92437744140625, 168.28720092773438, 210.19268798828125], [259.080322265625, 185.83580017089844, 266.5477600097656, 197.64878845214844], [296.444580078125, 176.7571563720703, 317.05419921875, 191.9566192626953], [395.37066650390625, 208.7866973876953, 414.2152099609375, 231.07119750976562], [149.87960815429688, 184.6035614013672, 160.0896759033203, 200.62994384765625], [189.5718231201172, 177.6968536376953, 206.8623046875, 192.62149047851562], [190.8834228515625, 199.30970764160156, 198.38815307617188, 211.89312744140625], [417.9640808105469, 207.68740844726562, 425.7409362792969, 225.49847412109375], [355.0054931640625, 182.42466735839844, 385.0410461425781, 203.407470703125], [317.0894775390625, 215.7470703125, 326.2839660644531, 228.8782501220703], [221.75897216796875, 173.3127899169922, 227.15626525878906, 182.21456909179688], [230.51414489746094, 126.67692565917969, 242.3788604736328, 184.84371948242188], [354.3303527832031, 191.03878784179688, 384.8633117675781, 203.35885620117188], [410.4234313964844, 215.90505981445312, 439.2723693847656, 230.8797149658203], [252.9988250732422, 178.88323974609375, 260.9295349121094, 191.34034729003906], [189.3634490966797, 133.73724365234375, 206.57061767578125, 192.5413818359375], [242.54371643066406, 80.46025848388672, 263.82708740234375, 198.96139526367188], [138.15863037109375, 199.53530883789062, 167.79844665527344, 210.07723999023438], [126.30705261230469, 127.92659759521484, 139.42547607421875, 193.990234375], [395.266845703125, 210.04364013671875, 439.6883850097656, 231.27450561523438], [405.14361572265625, 186.49996948242188, 413.3858642578125, 215.13926696777344], [296.64276123046875, 183.3861846923828, 315.25274658203125, 191.98631286621094], [420.96820068359375, 216.24038696289062, 438.9215393066406, 230.080810546875], [316.2411804199219, 210.5526580810547, 326.10467529296875, 228.63929748535156], [349.3992919921875, 198.85675048828125, 358.0581970214844, 219.3123016357422], [350.1341247558594, 201.07899475097656, 360.0775451660156, 219.76034545898438], [296.6740417480469, 177.47845458984375, 303.5732727050781, 189.6027374267578], [190.06353759765625, 185.09266662597656, 206.54794311523438, 192.47569274902344], [399.3040771484375, 208.79095458984375, 407.22222900390625, 219.10577392578125], [177.34518432617188, 202.5479278564453, 183.79092407226562, 211.32614135742188], [296.6595153808594, 185.34828186035156, 315.317626953125, 192.14340209960938], [241.8032989501953, 195.7633056640625, 266.15606689453125, 206.8917999267578], [21.211584091186523, 247.69244384765625, 28.066654205322266, 255.40296936035156], [180.45086669921875, 204.22113037109375, 186.3279266357422, 211.63980102539062], [179.4542999267578, 204.13433837890625, 186.2775115966797, 211.68630981445312], [195.7344512939453, 170.71739196777344, 201.7882843017578, 185.94842529296875], [118.48226928710938, 127.54853057861328, 140.67050170898438, 191.28526306152344], [374.0341796875, 181.7253875732422, 380.11114501953125, 193.77682495117188], [245.00729370117188, 190.06643676757812, 252.57470703125, 197.87962341308594], [183.94776916503906, 203.16551208496094, 189.68310546875, 212.73301696777344], [258.60064697265625, 185.97085571289062, 267.70294189453125, 205.3408203125], [254.01722717285156, 189.6248321533203, 260.5856018066406, 197.8052520751953], [179.9798583984375, 201.56198120117188, 187.2015838623047, 211.76451110839844], [338.4059143066406, 203.185791015625, 344.2803039550781, 211.67323303222656], [395.5621032714844, 200.13565063476562, 439.6628112792969, 231.48252868652344], [184.174072265625, 113.81704711914062, 202.60809326171875, 217.80657958984375], [21.211584091186523, 247.69244384765625, 28.066654205322266, 255.40296936035156], [215.60646057128906, 126.2103042602539, 241.8824920654297, 196.4792022705078], [318.59613037109375, 209.66366577148438, 324.5764465332031, 220.7273712158203], [154.31265258789062, 184.52203369140625, 159.7877960205078, 196.0545654296875], [220.52264404296875, 173.7138214111328, 228.2200469970703, 188.7199249267578], [115.25267028808594, 179.3388671875, 124.56403350830078, 187.16110229492188], [215.60772705078125, 116.74242401123047, 231.1768798828125, 195.83169555664062], [321.6905822753906, 60.575557708740234, 340.3814697265625, 228.67665100097656], [152.904052734375, 184.17727661132812, 159.53297424316406, 193.44061279296875], [368.5022277832031, 180.51683044433594, 379.45965576171875, 193.31321716308594], [230.3508758544922, 174.4727783203125, 238.35125732421875, 185.365478515625], [248.7894287109375, 189.90394592285156, 254.7180633544922, 197.98348999023438], [352.5889892578125, 204.60354614257812, 360.0762634277344, 219.47329711914062], [348.9445495605469, 200.99057006835938, 354.5779724121094, 219.09103393554688], [115.28841400146484, 159.94094848632812, 127.78324127197266, 187.29705810546875], [295.86474609375, 176.9891357421875, 318.0906982421875, 192.1631622314453], [218.89605712890625, 182.75343322753906, 224.8560791015625, 189.6808624267578], [191.38214111328125, 114.160888671875, 202.88623046875, 189.34127807617188], [374.14178466796875, 181.57138061523438, 379.0995178222656, 193.4059295654297], [305.6673583984375, 178.18348693847656, 312.10650634765625, 189.8989715576172], [154.80789184570312, 184.92059326171875, 160.11032104492188, 200.466064453125], [308.5611267089844, 176.0750732421875, 316.9676818847656, 190.23040771484375], [185.99496459960938, 203.49493408203125, 190.9856719970703, 213.5072021484375], [128.10531616210938, 127.94690704345703, 153.33473205566406, 208.97445678710938], [320.35955810546875, 60.29445266723633, 339.9063720703125, 227.37294006347656], [359.5997314453125, 184.5632781982422, 382.463134765625, 194.91455078125], [177.11436462402344, 112.3893814086914, 191.13490295410156, 212.48350524902344], [21.211584091186523, 247.69244384765625, 28.066654205322266, 255.40296936035156], [349.1836853027344, 199.2646026611328, 354.31439208984375, 211.00338745117188], [355.6302795410156, 159.35330200195312, 384.9542236328125, 203.48788452148438], [96.85457611083984, 168.49111938476562, 120.0077133178711, 178.23876953125], [158.1497039794922, 193.26531982421875, 168.5890350341797, 209.53378295898438], [3.6481385231018066, 230.9667205810547, 27.481529235839844, 240.99957275390625], [298.69622802734375, 113.5826187133789, 321.7179260253906, 192.60968017578125], [215.19984436035156, 113.92198944091797, 238.5278778076172, 196.94061279296875], [228.8657989501953, 174.03440856933594, 242.0802764892578, 182.83889770507812], [338.2027893066406, 204.1433563232422, 345.7791748046875, 228.01722717285156], [133.9595947265625, 185.39637756347656, 151.32179260253906, 201.88404846191406], [418.1430969238281, 207.76007080078125, 424.17462158203125, 224.1104278564453], [3.9205923080444336, 231.08921813964844, 27.22370147705078, 240.8090362548828], [337.9635009765625, 203.24026489257812, 344.89825439453125, 215.27023315429688], [136.80580139160156, 188.06304931640625, 150.22525024414062, 201.84776306152344], [138.69570922851562, 110.93657684326172, 158.91195678710938, 204.93312072753906], [399.4678955078125, 208.4127197265625, 407.1918640136719, 218.88522338867188], [230.13296508789062, 177.33909606933594, 235.4544677734375, 187.83824157714844], [182.416748046875, 200.40347290039062, 189.62998962402344, 212.32725524902344], [324.7528991699219, 213.82513427734375, 330.7001953125, 229.06361389160156], [406.6231994628906, 199.71798706054688, 416.11474609375, 218.88720703125], [422.5979919433594, 213.74862670898438, 428.9770812988281, 224.3817901611328], [188.01358032226562, 133.22483825683594, 199.4398193359375, 187.71974182128906], [358.7035827636719, 218.14170837402344, 366.88580322265625, 229.7260284423828], [296.59130859375, 183.84523010253906, 304.5906066894531, 191.47425842285156], [325.6177062988281, 213.31814575195312, 331.58526611328125, 229.1935272216797], [241.76551818847656, 125.18733215332031, 266.2133483886719, 206.76673889160156], [308.25213623046875, 176.18722534179688, 317.213623046875, 185.5435791015625], [137.42298889160156, 188.70828247070312, 151.00352478027344, 209.41748046875], [194.3003692626953, 176.88441467285156, 199.65313720703125, 186.34603881835938], [130.98974609375, 184.53872680664062, 140.8145294189453, 194.61026000976562], [177.54209899902344, 203.56443786621094, 188.6853485107422, 212.76129150390625], [251.495361328125, 189.0236053466797, 262.07769775390625, 197.93301391601562], [149.87960815429688, 184.6035614013672, 160.0896759033203, 200.62994384765625], [21.211584091186523, 247.69244384765625, 28.066654205322266, 255.40296936035156], [417.55157470703125, 207.40711975097656, 423.14385986328125, 217.57205200195312], [44.22456359863281, 224.6304931640625, 68.7103500366211, 232.9274139404297], [419.9512634277344, 214.0611114501953, 426.052734375, 226.31460571289062], [455.1788024902344, 171.164794921875, 463.767822265625, 176.77716064453125], [368.5022277832031, 180.51683044433594, 379.45965576171875, 193.31321716308594], [222.12481689453125, 182.36497497558594, 230.8299560546875, 189.66481018066406], [314.66827392578125, 214.13958740234375, 321.1046142578125, 227.3028564453125], [335.8942565917969, 213.40481567382812, 342.7530822753906, 228.06710815429688], [240.97531127929688, 81.3978271484375, 258.10211181640625, 189.7891387939453], [149.392578125, 185.587646484375, 155.62814331054688, 200.37454223632812], [124.70515441894531, 128.28640747070312, 133.73851013183594, 186.8194122314453], [121.15922546386719, 159.76617431640625, 128.2572784423828, 186.71324157714844], [338.6095275878906, 204.54598999023438, 347.3302001953125, 228.04928588867188], [215.1260528564453, 188.24465942382812, 235.49412536621094, 196.6146697998047], [335.85809326171875, 202.17770385742188, 341.2290954589844, 211.0822296142578], [218.9283447265625, 182.15826416015625, 232.71173095703125, 189.4387969970703], [219.3568572998047, 174.11927795410156, 234.7256317138672, 189.33851623535156], [21.211584091186523, 247.69244384765625, 28.066654205322266, 255.40296936035156], [353.6401062011719, 206.8875274658203, 360.1444091796875, 219.42625427246094], [296.3149108886719, 171.62625122070312, 318.1173400878906, 192.6009521484375], [368.5022277832031, 180.51683044433594, 379.45965576171875, 193.31321716308594], [132.54164123535156, 190.53286743164062, 139.83436584472656, 196.018798828125], [138.16864013671875, 110.70464324951172, 155.17837524414062, 205.0960235595703], [415.5597839355469, 177.385986328125, 439.8469543457031, 230.62001037597656], [351.6440124511719, 198.4154052734375, 358.0494079589844, 211.67108154296875], [96.83655548095703, 169.08395385742188, 112.1485824584961, 176.26583862304688], [192.03175354003906, 199.25550842285156, 196.9606170654297, 207.30992126464844], [192.24771118164062, 116.30075073242188, 218.48098754882812, 193.9566192626953], [138.28173828125, 110.38636016845703, 166.25238037109375, 209.7899932861328], [296.6740417480469, 177.47845458984375, 303.5732727050781, 189.6027374267578], [187.2130126953125, 114.69688415527344, 206.65957641601562, 193.56385803222656], [177.1847381591797, 201.65940856933594, 181.2073211669922, 209.0662078857422], [148.03961181640625, 111.72026824951172, 160.13270568847656, 200.695068359375], [395.5599060058594, 111.22530364990234, 421.2659606933594, 228.43780517578125], [423.1487731933594, 216.17279052734375, 429.0337829589844, 225.4202117919922], [231.77606201171875, 124.28433227539062, 255.13858032226562, 198.3074951171875], [365.32183837890625, 171.09033203125, 372.33831787109375, 188.8396759033203], [322.3087158203125, 212.59632873535156, 327.85260009765625, 220.6505584716797], [219.15220642089844, 126.38370513916016, 234.88519287109375, 188.00010681152344], [308.25213623046875, 176.18722534179688, 317.213623046875, 185.5435791015625], [213.99203491210938, 115.9476089477539, 230.19187927246094, 195.27593994140625], [336.82244873046875, 221.55294799804688, 343.7601318359375, 228.16458129882812], [115.25267028808594, 179.3388671875, 124.56403350830078, 187.16110229492188], [365.4700012207031, 171.11843872070312, 372.9205017089844, 189.61610412597656], [214.08729553222656, 80.25218963623047, 264.70233154296875, 199.4159698486328], [327.5079650878906, 212.0551300048828, 335.8355712890625, 228.67645263671875], [254.70533752441406, 178.92169189453125, 260.8916320800781, 189.97706604003906], [397.7607727050781, 186.49537658691406, 416.9974670410156, 224.63409423828125], [177.75157165527344, 204.68359375, 182.7714385986328, 211.75453186035156], [360.2521667480469, 184.5479278564453, 370.0050354003906, 194.87469482421875], [297.3131103515625, 177.98684692382812, 301.9281921386719, 186.84033203125], [328.64166259765625, 193.16726684570312, 341.3790588378906, 214.2830047607422], [121.98890686035156, 159.51576232910156, 127.5838623046875, 177.16571044921875], [328.64166259765625, 193.16726684570312, 341.3790588378906, 214.2830047607422], [174.0453643798828, 111.48375701904297, 197.00233459472656, 217.45603942871094], [395.37066650390625, 208.7866973876953, 414.2152099609375, 231.07119750976562], [259.12554931640625, 185.9650115966797, 264.15582275390625, 195.70098876953125], [400.8478698730469, 209.75592041015625, 405.0826110839844, 218.43997192382812], [229.9675750732422, 126.14502716064453, 245.8036346435547, 206.0518035888672], [315.65411376953125, 178.02017211914062, 327.2022705078125, 228.55299377441406], [139.2128448486328, 111.11542510986328, 159.0825653076172, 208.0080108642578], [302.7371826171875, 112.74028015136719, 318.7673034667969, 182.42269897460938], [307.04779052734375, 179.63330078125, 323.1522521972656, 193.04624938964844], [170.80136108398438, 202.7035369873047, 200.52938842773438, 218.8777618408203], [357.4687805175781, 90.00981140136719, 383.19427490234375, 202.89317321777344], [427.5821533203125, 212.36672973632812, 432.66314697265625, 220.91819763183594], [137.6534423828125, 110.3287353515625, 167.4147491455078, 210.31204223632812], [431.06268310546875, 207.8664093017578, 436.5800476074219, 219.5339813232422], [93.1775894165039, 162.6222686767578, 96.50395965576172, 167.19142150878906], [190.587890625, 186.15846252441406, 206.31898498535156, 192.5961456298828], [306.4533996582031, 177.04385375976562, 312.7720947265625, 185.59774780273438], [219.08607482910156, 117.15814208984375, 227.38278198242188, 185.9144744873047], [358.8175048828125, 91.84877014160156, 374.4361267089844, 195.05995178222656], [219.3568572998047, 174.11927795410156, 234.7256317138672, 189.33851623535156], [240.8245849609375, 125.39260864257812, 258.357666015625, 190.37057495117188], [21.081682205200195, 247.84429931640625, 25.316003799438477, 255.33419799804688], [68.94314575195312, 43.919090270996094, 444.1460266113281, 229.57144165039062], [308.5611267089844, 176.0750732421875, 316.9676818847656, 190.23040771484375], [112.30532836914062, 171.467529296875, 126.53355407714844, 187.71141052246094], [323.9443664550781, 59.1807975769043, 340.321044921875, 220.19593811035156], [311.2249450683594, 221.57798767089844, 366.0721740722656, 241.6780548095703], [195.7344512939453, 170.71739196777344, 201.7882843017578, 185.94842529296875], [241.9681854248047, 29.039154052734375, 251.55458068847656, 41.16178894042969], [228.8657989501953, 174.03440856933594, 242.0802764892578, 182.83889770507812], [189.29759216308594, 199.4938201904297, 198.34149169921875, 218.20863342285156], [349.254638671875, 198.43663024902344, 360.2210693359375, 227.26893615722656], [342.9488525390625, 223.58631896972656, 348.16009521484375, 228.31094360351562], [231.0000457763672, 126.83403015136719, 242.54124450683594, 182.87156677246094], [228.8657989501953, 174.03440856933594, 242.0802764892578, 182.83889770507812], [122.13908386230469, 159.49267578125, 127.22660827636719, 170.64390563964844], [368.4762268066406, 182.37242126464844, 375.30316162109375, 193.2075653076172], [230.3508758544922, 174.4727783203125, 238.35125732421875, 185.365478515625], [318.9445495605469, 60.97539138793945, 339.9884338378906, 226.58360290527344], [233.6414794921875, 127.11177062988281, 242.23577880859375, 180.2811279296875], [138.674560546875, 200.30165100097656, 152.40975952148438, 209.55047607421875], [188.92025756835938, 175.76646423339844, 206.79190063476562, 192.7132110595703], [313.6737976074219, 216.55764770507812, 319.37451171875, 227.9925537109375], [136.80580139160156, 188.06304931640625, 150.22525024414062, 201.84776306152344], [11.075804710388184, 231.7176971435547, 26.925931930541992, 240.5741424560547], [432.2082214355469, 212.62945556640625, 439.1422119140625, 221.7978057861328], [405.76177978515625, 51.75737380981445, 424.282958984375, 226.10585021972656], [353.46331787109375, 208.69219970703125, 361.4372863769531, 228.54861450195312], [397.7607727050781, 186.49537658691406, 416.9974670410156, 224.63409423828125], [189.6988067626953, 185.6927947998047, 198.90756225585938, 191.74717712402344], [182.85121154785156, 176.4436798095703, 193.62001037597656, 201.62628173828125], [360.5284423828125, 185.4292755126953, 376.0543212890625, 194.8385009765625], [356.8735046386719, 219.92190551757812, 361.21307373046875, 229.01629638671875], [255.4656219482422, 191.93902587890625, 260.79559326171875, 197.7205810546875], [138.90187072753906, 178.91795349121094, 271.7242736816406, 210.64593505859375], [215.45516967773438, 182.26690673828125, 235.6317901611328, 196.6036834716797], [215.19876098632812, 182.09556579589844, 235.79043579101562, 196.81358337402344], [318.7332763671875, 179.0220184326172, 324.81341552734375, 193.80694580078125], [422.5332946777344, 207.974853515625, 439.830810546875, 230.3024139404297], [363.47430419921875, 220.05149841308594, 367.4333190917969, 229.626220703125], [360.5284423828125, 185.4292755126953, 376.0543212890625, 194.8385009765625], [230.068603515625, 82.61917114257812, 247.74246215820312, 191.96298217773438], [228.8657989501953, 174.03440856933594, 242.0802764892578, 182.83889770507812], [313.5120544433594, 211.29183959960938, 319.9287414550781, 226.19056701660156], [148.9371337890625, 193.6369171142578, 158.7201385498047, 200.92510986328125], [230.28494262695312, 128.09312438964844, 255.07354736328125, 203.0472412109375], [230.3508758544922, 174.4727783203125, 238.35125732421875, 185.365478515625], [321.2856140136719, 55.87045669555664, 341.899169921875, 225.80471801757812], [471.055908203125, 45.63096237182617, 499.853759765625, 228.7715301513672], [297.1230163574219, 177.3164520263672, 302.4090576171875, 187.84556579589844], [350.61553955078125, 205.0321044921875, 358.2433776855469, 222.68804931640625], [133.9595947265625, 185.39637756347656, 151.32179260253906, 201.88404846191406], [349.19287109375, 217.44036865234375, 366.9344177246094, 229.7982177734375], [21.211584091186523, 247.69244384765625, 28.066654205322266, 255.40296936035156], [230.51414489746094, 126.67692565917969, 242.3788604736328, 184.84371948242188], [229.93304443359375, 124.39922332763672, 243.40306091308594, 202.07066345214844], [328.64166259765625, 193.16726684570312, 341.3790588378906, 214.2830047607422], [349.19287109375, 217.44036865234375, 366.9344177246094, 229.7982177734375], [354.626708984375, 88.7611083984375, 384.8856201171875, 205.29656982421875], [43.954376220703125, 224.57034301757812, 68.89979553222656, 233.13673400878906], [318.7332763671875, 179.0220184326172, 324.81341552734375, 193.80694580078125], [228.8657989501953, 174.03440856933594, 242.0802764892578, 182.83889770507812], [124.3451919555664, 163.8878631591797, 139.32931518554688, 189.94691467285156], [261.3536071777344, 43.113616943359375, 446.4174499511719, 239.06825256347656], [3.6481385231018066, 230.9667205810547, 27.481529235839844, 240.99957275390625], [349.19287109375, 217.44036865234375, 366.9344177246094, 229.7982177734375], [104.51795196533203, 173.4091033935547, 118.26527404785156, 182.0924835205078], [297.0197448730469, 185.09507751464844, 314.76251220703125, 192.06248474121094], [296.64276123046875, 183.3861846923828, 315.25274658203125, 191.98631286621094], [221.75897216796875, 173.3127899169922, 227.15626525878906, 182.21456909179688], [43.954376220703125, 224.57034301757812, 68.89979553222656, 233.13673400878906], [411.5260314941406, 208.0567626953125, 418.96343994140625, 220.0270538330078], [296.6595153808594, 185.34828186035156, 315.317626953125, 192.14340209960938], [218.9283447265625, 182.15826416015625, 232.71173095703125, 189.4387969970703], [315.65411376953125, 178.02017211914062, 327.2022705078125, 228.55299377441406], [250.25692749023438, 124.49058532714844, 261.3749084472656, 199.90496826171875], [247.4732208251953, 124.10354614257812, 262.79541015625, 201.44569396972656], [221.75897216796875, 173.3127899169922, 227.15626525878906, 182.21456909179688], [317.7572937011719, 174.20167541503906, 326.4352111816406, 214.2777862548828], [368.5022277832031, 180.51683044433594, 379.45965576171875, 193.31321716308594], [202.0714569091797, 157.4520721435547, 221.98001098632812, 188.1860809326172], [394.39117431640625, 45.200233459472656, 439.8589172363281, 231.13145446777344], [407.7620544433594, 45.482208251953125, 437.60418701171875, 228.35223388671875], [309.3760070800781, 59.39362716674805, 342.18548583984375, 232.41012573242188], [395.9634704589844, 44.50019073486328, 440.1124267578125, 231.19155883789062], [242.54371643066406, 80.46025848388672, 263.82708740234375, 198.96139526367188], [148.9371337890625, 193.6369171142578, 158.7201385498047, 200.92510986328125], [411.1151123046875, 209.29843139648438, 417.21087646484375, 221.34054565429688], [146.63491821289062, 111.85980224609375, 161.09327697753906, 208.3271942138672], [21.211584091186523, 247.69244384765625, 28.066654205322266, 255.40296936035156], [350.1341247558594, 201.07899475097656, 360.0775451660156, 219.76034545898438], [170.26739501953125, 201.17283630371094, 201.28073120117188, 219.38833618164062], [189.5718231201172, 177.6968536376953, 206.8623046875, 192.62149047851562], [149.87960815429688, 184.6035614013672, 160.0896759033203, 200.62994384765625], [241.60731506347656, 189.03863525390625, 269.2777404785156, 207.1038818359375], [350.1341247558594, 201.07899475097656, 360.0775451660156, 219.76034545898438], [362.1780700683594, 164.53138732910156, 376.88079833984375, 194.46963500976562]), Score: [0.8132229447364807, 0.7860250473022461, 0.7645506262779236, 0.7551574110984802, 0.7443486452102661, 0.7331370115280151, 0.7166867852210999, 0.6962571144104004, 0.6846458911895752, 0.6526426672935486, 0.5893834829330444, 0.5849733352661133, 0.5737319588661194, 0.5558680891990662, 0.5551420450210571, 0.5347774028778076, 0.5076022148132324, 0.49526333808898926, 0.46781182289123535, 0.46764159202575684, 0.46734005212783813, 0.46384647488594055, 0.4586520195007324, 0.4039285480976105, 0.39373576641082764, 0.39101335406303406, 0.3866173326969147, 0.3538193106651306, 0.35081562399864197, 0.3406450152397156, 0.3373052179813385, 0.33000946044921875, 0.3234297037124634, 0.31720390915870667, 0.31635236740112305, 0.30893728137016296, 0.3088917136192322, 0.30887725949287415, 0.3026389479637146, 0.2959783971309662, 0.290528804063797, 0.27413418889045715, 0.26756560802459717, 0.26560917496681213, 0.26057225465774536, 0.2537267804145813, 0.24984875321388245, 0.24819770455360413, 0.24503229558467865, 0.24444153904914856, 0.22802838683128357, 0.21158429980278015, 0.19422702491283417, 0.18967649340629578, 0.1880778968334198, 0.18621201813220978, 0.18585997819900513, 0.18435268104076385, 0.18266965448856354, 0.18116815388202667, 0.17739103734493256, 0.1760038286447525, 0.17442624270915985, 0.17253796756267548, 0.17115865647792816, 0.17065861821174622, 0.16946546733379364, 0.1632777601480484, 0.15722115337848663, 0.15475517511367798, 0.15257585048675537, 0.15236270427703857, 0.1504475623369217, 0.14870235323905945, 0.14366869628429413, 0.1434032917022705, 0.14220678806304932, 0.13928189873695374, 0.1386328935623169, 0.13838234543800354, 0.13811179995536804, 0.13558140397071838, 0.13498181104660034, 0.1345674842596054, 0.1343172788619995, 0.13216498494148254, 0.13054034113883972, 0.12985658645629883, 0.1294422447681427, 0.1269831359386444, 0.1263630986213684, 0.12443332374095917, 0.1223883181810379, 0.12220945954322815, 0.12117165327072144, 0.12061110138893127, 0.11826582252979279, 0.11681532859802246, 0.1132010743021965, 0.11268987506628036, 0.11060035973787308, 0.10959959030151367, 0.1089688390493393, 0.10810209810733795, 0.10777551680803299, 0.10702493041753769, 0.10563751310110092, 0.10403352230787277, 0.10380007326602936, 0.10354657471179962, 0.10352478176355362, 0.10337363183498383, 0.10262105613946915, 0.10142003744840622, 0.10127874463796616, 0.0998043492436409, 0.09975121915340424, 0.09917400777339935, 0.09869974851608276, 0.09828054159879684, 0.09805051982402802, 0.09608254581689835, 0.09557435661554337, 0.09546961635351181, 0.09540626406669617, 0.09466399252414703, 0.09349965304136276, 0.09337946772575378, 0.09318781644105911, 0.09318376332521439, 0.09310413151979446, 0.09212370961904526, 0.09056845307350159, 0.09034086763858795, 0.08906053751707077, 0.08871098607778549, 0.08860725164413452, 0.08679661899805069, 0.08675543963909149, 0.08648499846458435, 0.08606067299842834, 0.08587837964296341, 0.08516691625118256, 0.08440863341093063, 0.0838349387049675, 0.08330921828746796, 0.08214232325553894, 0.08067186176776886, 0.08028679341077805, 0.08017389476299286, 0.0800708532333374, 0.07988438010215759, 0.07945457100868225, 0.07897000759840012, 0.07833876460790634, 0.07829786092042923, 0.07773510366678238, 0.07740597426891327, 0.07734227180480957, 0.07707463949918747, 0.07626939564943314, 0.0761428102850914, 0.07586543262004852, 0.0757414847612381, 0.07514939457178116, 0.07435952126979828, 0.0740121454000473, 0.0736595094203949, 0.07280609756708145, 0.07278800755739212, 0.07276849448680878, 0.07246921956539154, 0.0715494230389595, 0.07093837112188339, 0.07079747319221497, 0.07022665441036224, 0.06973916292190552, 0.06955445557832718, 0.0677657201886177, 0.0674583837389946, 0.06659215688705444, 0.06649807840585709, 0.06576851010322571, 0.06509358435869217, 0.06488082557916641, 0.06453518569469452, 0.06416388601064682, 0.0641535073518753, 0.06397819519042969, 0.06379730999469757, 0.06379272788763046, 0.06357061117887497, 0.06261758506298065, 0.06240333616733551, 0.062186937779188156, 0.06062684580683708, 0.060566630214452744, 0.06056370586156845, 0.060439709573984146, 0.060005586594343185, 0.059427935630083084, 0.05923223868012428, 0.058989375829696655, 0.058396488428115845, 0.05813444033265114, 0.05765874311327934, 0.05733150988817215, 0.0572735033929348, 0.05698416009545326, 0.05625853314995766, 0.056106358766555786, 0.05588633194565773, 0.05568532273173332, 0.05536197870969772, 0.05347243323922157, 0.052765972912311554, 0.05272478610277176, 0.05272366851568222, 0.052633337676525116, 0.05250989645719528, 0.05227839574217796, 0.05166415125131607, 0.051622677594423294, 0.051525067538022995, 0.050690002739429474, 0.05022991821169853, 0.050224531441926956, 0.049784883856773376, 0.049671657383441925, 0.04948467016220093, 0.049266040325164795, 0.04905106499791145, 0.048915114253759384, 0.04824858158826828, 0.04808662086725235, 0.04800005257129669, 0.047623779624700546, 0.04755501076579094, 0.04737129434943199, 0.046793289482593536, 0.04643933102488518, 0.04598480090498924, 0.04573642089962959, 0.04560137912631035, 0.04555048048496246, 0.045463304966688156, 0.04497611150145531, 0.04495018720626831, 0.04494881257414818, 0.044257134199142456, 0.04401335492730141, 0.04353739321231842, 0.043459564447402954, 0.04313039407134056, 0.0430494099855423, 0.042835406959056854, 0.04253075644373894, 0.042427029460668564, 0.04215282201766968, 0.04205331206321716, 0.04172080382704735, 0.04171997681260109, 0.04158006235957146, 0.04150005057454109, 0.04124753549695015, 0.04115505516529083, 0.041121989488601685, 0.041047386825084686, 0.040863484144210815, 0.04063097760081291, 0.04053419083356857, 0.04010904207825661, 0.03988879173994064, 0.039843447506427765, 0.03973016515374184, 0.03964058309793472, 0.039527952671051025, 0.03942982107400894, 0.039310697466135025, 0.039280034601688385, 0.039020836353302, 0.03893488645553589, 0.03888576105237007, 0.0386916920542717, 0.037248678505420685, 0.03714971989393234, 0.037149298936128616, 0.03696826845407486, 0.03691510856151581, 0.036787185817956924, 0.03672197088599205, 0.036636870354413986, 0.036509379744529724, 0.03593244403600693, 0.03585457801818848, 0.035824231803417206, 0.0356670506298542, 0.035662345588207245, 0.03562227264046669, 0.03561658784747124]

Execution time: 0.4123 sec
