Label: tensor([ 8,  8,  8,  8,  8,  8,  8,  8,  8,  0,  8,  8,  8,  8,  8,  8,  8,  8,
         8,  8,  8,  8,  8,  8,  8,  8,  8,  8,  8,  8,  8,  8,  8,  0,  8,  8,
         8,  8,  8,  8,  8,  8,  8,  8,  8,  8,  8,  8,  8,  8,  8,  8,  8,  8,
         8,  8,  8,  8,  8,  8,  8,  8,  8,  8,  8,  8,  8,  8,  0,  8,  8,  8,
         8,  8,  8,  8,  8,  8,  8,  8,  8,  8,  8,  8,  8,  8,  8,  8,  8,  8,
         8,  8,  8,  8,  8,  8,  8,  8,  8,  8,  8,  8,  8,  0,  8,  8,  8,  8,
         8,  8,  0,  8,  8,  8,  8,  8,  8,  8,  8,  8,  8,  8,  8,  8,  8,  8,
         8,  8,  8,  8,  8,  0,  0,  8,  8,  0,  0,  8,  8,  8,  8,  8,  8,  8,
         8,  8,  8,  8,  8,  8,  8,  8,  8,  8,  8,  8,  2,  0,  8,  2,  8,  8,
         8,  0,  2,  8, 25,  8,  2,  8,  8,  8,  8,  2,  8,  8,  8,  8,  8,  8,
         8,  8,  8,  8,  2,  8,  8,  8, 14, 14,  8,  8,  8,  8,  8, 13,  8,  8,
         2,  8,  8,  8,  8,  8,  8,  8,  8,  8,  2,  8,  8,  2,  8,  2,  2,  8,
         8, 25,  8,  8,  8,  8,  7, 14,  8,  8,  8,  0,  8,  8, 58,  8,  2, 13,
         8,  2,  0,  8,  0,  8,  8,  0, 25,  8,  8,  0,  8, 45,  8,  8, 44,  8,
         2, 46,  0,  8,  2, 13,  8,  8,  2,  4,  8, 13, 44,  8,  8, 14, 39,  2,
        13,  8,  0, 14, 14, 13,  4,  0,  2,  8,  7,  8,  8,  8,  2,  8,  2,  2,
        14,  2,  8,  8,  8,  8, 56,  8, 14,  8, 56,  2]), Box: ([247.17706298828125, 147.8516387939453, 319.4107971191406, 212.61524963378906], [87.69063568115234, 201.1551055908203, 499.9303283691406, 373.12908935546875], [71.43750762939453, 11.165946960449219, 258.2621765136719, 244.5828399658203], [0.29753708839416504, 132.71847534179688, 18.372486114501953, 142.25833129882812], [56.12116241455078, 133.25387573242188, 66.78242492675781, 144.45480346679688], [358.3586730957031, 160.52500915527344, 441.10601806640625, 177.2049102783203], [358.0210266113281, 142.04100036621094, 441.3739318847656, 177.33038330078125], [75.72180938720703, 137.28509521484375, 94.06018829345703, 145.776611328125], [139.48988342285156, 55.73200988769531, 254.35304260253906, 239.51748657226562], [131.39117431640625, 249.65907287597656, 147.38836669921875, 272.0725402832031], [140.79014587402344, 215.46282958984375, 250.5104522705078, 238.766845703125], [165.01731872558594, 135.97454833984375, 182.24351501464844, 140.87965393066406], [72.35920715332031, 215.09092712402344, 262.2513427734375, 244.10826110839844], [108.2911605834961, 135.598388671875, 125.0921630859375, 141.27195739746094], [65.49506378173828, 126.86001586914062, 75.85440063476562, 131.31912231445312], [55.758636474609375, 115.55612182617188, 67.00301361083984, 144.42630004882812], [82.27609252929688, 23.891084671020508, 499.791748046875, 372.4702453613281], [357.7782897949219, 107.80561065673828, 441.1181640625, 177.73294067382812], [117.44854736328125, 248.783447265625, 152.48959350585938, 282.71905517578125], [75.52629089355469, 123.7238998413086, 94.11125946044922, 145.78173828125], [56.02794647216797, 138.72976684570312, 66.93460083007812, 144.6724090576172], [447.2880554199219, 159.4864959716797, 464.62646484375, 167.3480224609375], [152.322998046875, 123.82730102539062, 170.70596313476562, 130.69757080078125], [117.57794952392578, 266.35675048828125, 151.03125, 282.846923828125], [445.3626708984375, 157.357177734375, 499.9714660644531, 170.18466186523438], [77.70152282714844, 141.2306365966797, 94.08539581298828, 145.92201232910156], [368.1855163574219, 142.13699340820312, 394.6344299316406, 148.2274627685547], [56.00180435180664, 140.22349548339844, 67.17131805419922, 144.78665161132812], [72.27543640136719, 173.2657012939453, 257.615234375, 244.99050903320312], [358.42022705078125, 162.91819763183594, 413.2911376953125, 177.29647827148438], [164.92193603515625, 127.74063873291016, 182.76626586914062, 141.0926513671875], [91.91065979003906, 195.54124450683594, 137.16427612304688, 205.64015197753906], [117.58140563964844, 269.65203857421875, 149.19912719726562, 282.83502197265625], [131.59706115722656, 254.95877075195312, 140.71153259277344, 271.76177978515625], [126.1454849243164, 153.8944854736328, 149.84353637695312, 161.2711944580078], [71.18540954589844, 11.239461898803711, 187.01837158203125, 243.71627807617188], [290.68731689453125, 137.33287048339844, 342.0275573730469, 144.56808471679688], [88.05397033691406, 124.89696502685547, 95.98206329345703, 129.43067932128906], [78.76175689697266, 217.34291076660156, 275.2596435546875, 244.10598754882812], [448.1212158203125, 159.66024780273438, 464.16632080078125, 165.52548217773438], [358.8200378417969, 165.7669219970703, 411.8725891113281, 177.62899780273438], [128.85491943359375, 188.42721557617188, 136.15383911132812, 196.72274780273438], [75.51331329345703, 110.50537109375, 95.42295837402344, 145.86781311035156], [57.035823822021484, 133.4243927001953, 65.62274932861328, 137.3305206298828], [132.13946533203125, 27.760751724243164, 256.1437683105469, 238.82080078125], [141.9351043701172, 215.4210968017578, 226.1552276611328, 229.98147583007812], [0.24388077855110168, 137.0159149169922, 17.229825973510742, 142.2782745361328], [385.35882568359375, 142.60304260253906, 425.38641357421875, 175.5876007080078], [489.23199462890625, 154.91159057617188, 499.72845458984375, 160.97959899902344], [0.11378712952136993, 117.95795440673828, 18.85777473449707, 142.5831298828125], [164.35572814941406, 114.33097839355469, 183.1035614013672, 141.17041015625], [138.0169677734375, 178.5332794189453, 203.54417419433594, 188.86582946777344], [447.563720703125, 159.6041259765625, 499.9493408203125, 169.4131317138672], [339.9081726074219, 138.64703369140625, 368.82025146484375, 145.4017333984375], [389.9106140136719, 162.5772705078125, 425.7503356933594, 175.00794982910156], [0.8888095617294312, 11.899352073669434, 500.62823486328125, 374.7773742675781], [173.74960327148438, 212.13475036621094, 202.35984802246094, 223.58706665039062], [171.97286987304688, 214.23109436035156, 250.26593017578125, 233.73411560058594], [107.77912902832031, 113.51182556152344, 125.43038940429688, 141.4906768798828], [91.84187316894531, 195.40496826171875, 136.87388610839844, 205.7576141357422], [190.1200714111328, 56.010196685791016, 226.63491821289062, 226.23036193847656], [17.207317352294922, 125.2945785522461, 23.403820037841797, 128.05117797851562], [340.3197021484375, 135.78060913085938, 391.71820068359375, 145.8161163330078], [72.67272186279297, 190.58412170410156, 233.98956298828125, 243.09193420410156], [152.109619140625, 121.35134887695312, 182.3248291015625, 131.2718505859375], [74.78662872314453, 123.74712371826172, 94.36724090576172, 145.96522521972656], [72.0487060546875, 179.6173858642578, 256.7482604980469, 244.2423095703125], [159.7897186279297, 123.40530395507812, 169.52285766601562, 128.3421630859375], [129.51702880859375, 255.75601196289062, 136.35342407226562, 271.73236083984375], [92.27819061279297, 164.51686096191406, 99.03719329833984, 173.5743408203125], [404.12591552734375, 142.8535614013672, 438.804443359375, 160.8817596435547], [88.80269622802734, 251.86546325683594, 499.8995056152344, 373.2692565917969], [72.453857421875, 151.37643432617188, 322.0802307128906, 243.75721740722656], [406.4187927246094, 164.5052490234375, 425.1211242675781, 173.95204162597656], [416.8094482421875, 160.15481567382812, 499.95184326171875, 243.41636657714844], [368.0909118652344, 138.853515625, 423.0956115722656, 148.44296264648438], [221.16354370117188, 229.7152862548828, 269.26800537109375, 241.48446655273438], [208.0360565185547, 152.16371154785156, 217.8128204345703, 156.131591796875], [88.26641845703125, 118.70518493652344, 95.97412109375, 128.71852111816406], [440.61578369140625, 135.3759002685547, 499.82421875, 170.73655700683594], [136.79403686523438, 27.141071319580078, 184.11279296875, 139.7020263671875], [358.54302978515625, 163.2948760986328, 389.43035888671875, 175.5360565185547], [444.3758239746094, 153.6064453125, 500.216064453125, 169.9949951171875], [425.6331787109375, 151.5546112060547, 438.58282470703125, 160.821044921875], [107.21878051757812, 96.518310546875, 126.24803161621094, 141.51004028320312], [199.81488037109375, 231.7444305419922, 221.58250427246094, 239.41429138183594], [409.2224426269531, 163.74124145507812, 441.2481384277344, 176.12855529785156], [290.76678466796875, 139.4414825439453, 322.41522216796875, 144.4717254638672], [71.66966247558594, 11.249374389648438, 318.5811462402344, 246.69161987304688], [0.7067620754241943, 6.09296178817749, 500.7009582519531, 374.5985107421875], [75.13643646240234, 135.21192932128906, 86.08116149902344, 139.1824951171875], [0.3936402499675751, 116.60690307617188, 19.58506965637207, 122.92475891113281], [87.42888641357422, 145.04019165039062, 500.3013610839844, 373.7679138183594], [290.74420166015625, 136.17001342773438, 370.8885498046875, 144.80557250976562], [138.56182861328125, 178.17254638671875, 234.62078857421875, 188.92820739746094], [416.72906494140625, 201.37168884277344, 499.9512634277344, 239.76246643066406], [443.5918273925781, 144.32015991210938, 460.5492858886719, 150.79981994628906], [89.52442169189453, 178.50392150878906, 205.04673767089844, 208.10272216796875], [436.92333984375, 145.3443603515625, 470.25567626953125, 153.13287353515625], [340.4551696777344, 142.4554901123047, 369.33184814453125, 146.1981201171875], [80.90936279296875, 218.84237670898438, 232.96240234375, 241.03001403808594], [211.70169067382812, 207.1849822998047, 261.3433837890625, 214.7154083251953], [207.4549102783203, 217.39927673339844, 225.2681121826172, 225.44259643554688], [136.38436889648438, 249.70098876953125, 144.6770477294922, 259.4176940917969], [141.8199005126953, 214.8726348876953, 226.598388671875, 233.36785888671875], [378.6990051269531, 171.4681396484375, 409.9798278808594, 177.78143310546875], [173.49256896972656, 185.49266052246094, 226.37850952148438, 225.99205017089844], [266.3321533203125, 202.01727294921875, 500.254150390625, 310.2627868652344], [156.16943359375, 122.84761047363281, 168.3793487548828, 127.60401153564453], [72.54026794433594, 27.384984970092773, 498.4474182128906, 246.0734100341797], [151.68408203125, 306.82373046875, 156.14053344726562, 311.6474609375], [290.45263671875, 130.0236358642578, 312.8871765136719, 144.25901794433594], [415.9741516113281, 147.9125518798828, 439.38671875, 160.5431365966797], [87.92489624023438, 35.82864761352539, 138.2293701171875, 208.16140747070312], [204.19786071777344, 219.5697479248047, 250.27752685546875, 234.2163848876953], [91.86339569091797, 181.64517211914062, 162.0736083984375, 207.15357971191406], [89.4283218383789, 178.16026306152344, 199.71446228027344, 188.3670196533203], [367.9902038574219, 140.01284790039062, 393.918701171875, 147.5786590576172], [131.39117431640625, 249.65907287597656, 147.38836669921875, 272.0725402832031], [402.925048828125, 147.3982696533203, 442.0162048339844, 175.6884307861328], [143.56651306152344, 79.67181396484375, 204.0895233154297, 188.06407165527344], [108.0476303100586, 93.7815170288086, 127.25934600830078, 141.3107452392578], [366.49609375, 170.8858642578125, 408.9437255859375, 177.76266479492188], [444.8238830566406, 159.293212890625, 499.9696960449219, 205.83799743652344], [90.83899688720703, 179.61070251464844, 164.44615173339844, 207.60462951660156], [436.26629638671875, 146.096923828125, 491.53643798828125, 154.28872680664062], [86.1229019165039, 162.7701416015625, 137.7244110107422, 205.348876953125], [191.2356719970703, 179.06689453125, 204.11524963378906, 189.13848876953125], [406.3514404296875, 164.4143524169922, 423.8952331542969, 173.14479064941406], [179.9410858154297, 151.95730590820312, 261.6549987792969, 225.01060485839844], [91.1510009765625, 177.17161560058594, 191.92218017578125, 187.68621826171875], [193.4405975341797, 215.70578002929688, 205.0101318359375, 224.3290252685547], [129.533447265625, 255.83660888671875, 135.00750732421875, 263.7010803222656], [73.05381774902344, 52.26470947265625, 253.9439239501953, 241.73519897460938], [124.98956298828125, 16.58755111694336, 206.19186401367188, 188.7522735595703], [134.5343475341797, 255.5454559326172, 146.66123962402344, 270.97418212890625], [208.23867797851562, 308.8294372558594, 213.58607482910156, 316.6335144042969], [90.21029663085938, 177.28746032714844, 189.00376892089844, 187.70339965820312], [1.3088058233261108, 134.23660278320312, 16.020383834838867, 141.42193603515625], [72.0306167602539, 12.06139087677002, 264.328369140625, 246.24810791015625], [121.01165771484375, 111.78093719482422, 131.017822265625, 120.03892517089844], [79.70196533203125, 70.25508117675781, 238.7611846923828, 237.30262756347656], [359.0916748046875, 146.14479064941406, 440.5746154785156, 176.89149475097656], [129.7736358642578, 182.673583984375, 201.68690490722656, 224.69839477539062], [73.89439392089844, 137.79908752441406, 498.0148620605469, 244.49990844726562], [75.23428344726562, 135.41795349121094, 84.63508605957031, 141.33045959472656], [80.7462387084961, 111.59857177734375, 96.49552917480469, 122.85177612304688], [100.48848724365234, 189.65264892578125, 258.2342834472656, 208.0821990966797], [196.576171875, 179.57888793945312, 204.72695922851562, 186.91973876953125], [78.36978912353516, 116.05360412597656, 94.75868225097656, 123.42208099365234], [2.2796123027801514, 132.58738708496094, 15.363619804382324, 138.36782836914062], [260.6652526855469, 124.19573211669922, 498.9173278808594, 272.3224182128906], [133.13478088378906, 202.9988555908203, 499.0205078125, 316.90032958984375], [443.4383850097656, 159.0305633544922, 499.9109802246094, 205.80381774902344], [97.75894165039062, 96.5169448852539, 267.9271545410156, 228.08624267578125], [445.003173828125, 159.5003662109375, 499.5627746582031, 169.14816284179688], [173.74960327148438, 212.13475036621094, 202.35984802246094, 223.58706665039062], [117.44854736328125, 248.783447265625, 152.48959350585938, 282.71905517578125], [87.43167114257812, 296.3287658691406, 500.4079895019531, 369.96990966796875], [406.4187927246094, 164.5052490234375, 425.1211242675781, 173.95204162597656], [10.605616569519043, 133.06561279296875, 16.788894653320312, 136.84417724609375], [74.1031494140625, 132.28463745117188, 498.56488037109375, 246.51319885253906], [404.7167053222656, 151.91647338867188, 422.9612121582031, 159.9736785888672], [129.639892578125, 249.05307006835938, 152.41297912597656, 272.54449462890625], [321.3096923828125, 127.15581512451172, 335.0118408203125, 132.28152465820312], [88.92780303955078, 18.974483489990234, 192.7482147216797, 186.68223571777344], [71.43750762939453, 11.165946960449219, 258.2621765136719, 244.5828399658203], [265.8527526855469, 201.20962524414062, 500.7354736328125, 366.2138977050781], [425.6331787109375, 151.5546112060547, 438.58282470703125, 160.821044921875], [126.67430877685547, 155.1347198486328, 149.0223846435547, 160.46762084960938], [208.1975555419922, 181.93038940429688, 257.4563293457031, 203.59095764160156], [321.3096923828125, 127.15581512451172, 335.0118408203125, 132.28152465820312], [489.05194091796875, 147.44615173339844, 499.93701171875, 152.42767333984375], [489.05194091796875, 147.44615173339844, 499.93701171875, 152.42767333984375], [265.077880859375, 129.025634765625, 279.287109375, 134.69198608398438], [394.86431884765625, 172.83628845214844, 410.4676208496094, 177.6050262451172], [141.84225463867188, 218.98660278320312, 206.77040100097656, 234.07505798339844], [161.23983764648438, 126.66974639892578, 182.55593872070312, 132.02061462402344], [126.16521453857422, 153.85902404785156, 137.44813537597656, 161.3506317138672], [138.3351287841797, 208.42007446289062, 202.10202026367188, 224.31582641601562], [62.26802062988281, 109.77679443359375, 80.71515655517578, 115.66642761230469], [107.83462524414062, 113.0533218383789, 119.95619201660156, 121.79584503173828], [385.52716064453125, 142.3822784423828, 400.12213134765625, 162.7585906982422], [92.51886749267578, 30.874494552612305, 252.4230499267578, 232.94793701171875], [443.5918273925781, 144.32015991210938, 460.5492858886719, 150.79981994628906], [98.59718322753906, 11.88996410369873, 157.86297607421875, 213.5264129638672], [211.2989501953125, 207.21322631835938, 261.6863098144531, 215.46714782714844], [94.83413696289062, 9.992927551269531, 167.9280548095703, 245.30609130859375], [92.27819061279297, 164.51686096191406, 99.03719329833984, 173.5743408203125], [189.81822204589844, 258.28375244140625, 199.6885986328125, 267.7355651855469], [77.08761596679688, 140.52012634277344, 84.82938385009766, 145.35540771484375], [118.5578384399414, 108.71929931640625, 129.92442321777344, 119.8379898071289], [446.4331359863281, 148.80799865722656, 495.6299133300781, 154.27247619628906], [407.4866943359375, 141.6233673095703, 423.76531982421875, 147.9019012451172], [252.5998077392578, 227.081787109375, 274.351806640625, 240.5680694580078], [91.91065979003906, 195.54124450683594, 137.16427612304688, 205.64015197753906], [264.8866882324219, 203.2209930419922, 501.8035888671875, 311.6611633300781], [222.76272583007812, 233.10321044921875, 251.81129455566406, 240.43878173828125], [489.23199462890625, 154.91159057617188, 499.72845458984375, 160.97959899902344], [121.91387176513672, 114.94073486328125, 131.06581115722656, 121.046875], [65.05560302734375, 129.7280731201172, 74.92560577392578, 132.37710571289062], [121.01274871826172, 107.13127136230469, 130.1555633544922, 118.23542022705078], [94.16800689697266, 111.40547180175781, 108.30876159667969, 122.95005798339844], [77.59459686279297, 117.12423706054688, 93.8157730102539, 123.37588500976562], [209.32632446289062, 203.60731506347656, 263.1044616699219, 212.91395568847656], [294.8536376953125, 129.69395446777344, 305.55010986328125, 136.4810791015625], [107.00591278076172, 221.0726318359375, 137.0535888671875, 230.96832275390625], [245.5450897216797, 145.58436584472656, 500.1684875488281, 203.8141326904297], [389.9106140136719, 162.5772705078125, 425.7503356933594, 175.00794982910156], [109.807373046875, 136.68992614746094, 124.71214294433594, 141.25888061523438], [270.292724609375, 112.72045135498047, 501.2629089355469, 304.98944091796875], [159.7897186279297, 123.40530395507812, 169.52285766601562, 128.3421630859375], [297.94427490234375, 129.82606506347656, 305.0104675292969, 135.99046325683594], [406.3514404296875, 164.4143524169922, 423.8952331542969, 173.14479064941406], [447.2880554199219, 159.4864959716797, 464.62646484375, 167.3480224609375], [107.11798095703125, 95.24496459960938, 128.18092346191406, 120.1834487915039], [257.0901184082031, 164.8404541015625, 319.05767822265625, 212.11349487304688], [190.1200714111328, 56.010196685791016, 226.63491821289062, 226.23036193847656], [88.2363052368164, 198.35543823242188, 499.92242431640625, 373.0671081542969], [164.3926239013672, 127.65696716308594, 182.64895629882812, 140.32821655273438], [70.56107330322266, 12.554079055786133, 273.7691955566406, 251.4244384765625], [75.7107162475586, 135.91030883789062, 90.51971435546875, 144.4556121826172], [389.9106140136719, 162.5772705078125, 425.7503356933594, 175.00794982910156], [440.04840087890625, 291.02587890625, 443.659423828125, 296.11419677734375], [106.04590606689453, 112.47607421875, 113.94622039794922, 122.38375091552734], [90.19454193115234, 252.55288696289062, 311.34820556640625, 355.96044921875], [87.70689392089844, 138.77220153808594, 500.162841796875, 371.95953369140625], [151.54931640625, 306.8109436035156, 155.9322509765625, 311.4798889160156], [143.2008056640625, 217.66586303710938, 173.7999725341797, 228.39305114746094], [402.0224609375, 164.11729431152344, 421.54510498046875, 173.13870239257812], [131.39117431640625, 249.65907287597656, 147.38836669921875, 272.0725402832031], [129.639892578125, 249.05307006835938, 152.41297912597656, 272.54449462890625], [448.1212158203125, 159.66024780273438, 464.16632080078125, 165.52548217773438], [117.58140563964844, 269.65203857421875, 149.19912719726562, 282.83502197265625], [372.45703125, 142.5575714111328, 428.6720275878906, 149.10499572753906], [404.7167053222656, 151.91647338867188, 422.9612121582031, 159.9736785888672], [189.81822204589844, 258.28375244140625, 199.6885986328125, 267.7355651855469], [399.6600341796875, 163.68075561523438, 421.55596923828125, 172.69174194335938], [440.04840087890625, 291.02587890625, 443.659423828125, 296.11419677734375], [209.2764892578125, 205.07009887695312, 263.1952819824219, 214.12979125976562], [339.7519836425781, 139.8110809326172, 354.294921875, 144.66453552246094], [10.605616569519043, 133.06561279296875, 16.788894653320312, 136.84417724609375], [139.48988342285156, 55.73200988769531, 254.35304260253906, 239.51748657226562], [390.2462158203125, 163.77520751953125, 406.98492431640625, 176.43910217285156], [362.2132263183594, 136.85398864746094, 393.97772216796875, 146.5161895751953], [117.57794952392578, 266.35675048828125, 151.03125, 282.846923828125], [48.16778564453125, 110.06539916992188, 80.58139038085938, 120.09889221191406], [71.43750762939453, 11.165946960449219, 258.2621765136719, 244.5828399658203], [175.42532348632812, 210.23287963867188, 201.30429077148438, 217.9486083984375], [92.89388275146484, 96.35478210449219, 119.18921661376953, 116.17842864990234], [71.43750762939453, 11.165946960449219, 258.2621765136719, 244.5828399658203], [51.7119026184082, 109.81449890136719, 79.84487915039062, 117.4310302734375], [152.322998046875, 123.82730102539062, 170.70596313476562, 130.69757080078125], [71.43750762939453, 11.165946960449219, 258.2621765136719, 244.5828399658203], [385.52716064453125, 142.3822784423828, 400.12213134765625, 162.7585906982422], [126.97838592529297, 99.71021270751953, 141.65760803222656, 125.8973159790039], [156.16943359375, 122.84761047363281, 168.3793487548828, 127.60401153564453], [117.57794952392578, 266.35675048828125, 151.03125, 282.846923828125], [72.21012878417969, 17.82843017578125, 252.44900512695312, 242.16627502441406], [383.1586608886719, 163.86581420898438, 408.2364807128906, 177.0569610595703], [207.4549102783203, 217.39927673339844, 225.2681121826172, 225.44259643554688], [71.43750762939453, 11.165946960449219, 258.2621765136719, 244.5828399658203], [88.74383544921875, 127.54582214355469, 98.0786361694336, 130.62591552734375], [108.2911605834961, 135.598388671875, 125.0921630859375, 141.27195739746094], [190.1200714111328, 56.010196685791016, 226.63491821289062, 226.23036193847656], [164.8090362548828, 138.04176330566406, 181.9608612060547, 141.24966430664062], [106.02408599853516, 245.26829528808594, 503.7779235839844, 369.8222961425781], [208.23867797851562, 308.8294372558594, 213.58607482910156, 316.6335144042969], [131.39117431640625, 249.65907287597656, 147.38836669921875, 272.0725402832031], [57.035823822021484, 133.4243927001953, 65.62274932861328, 137.3305206298828], [489.23199462890625, 154.91159057617188, 499.72845458984375, 160.97959899902344], [56.58002853393555, 115.67056274414062, 65.44111633300781, 146.12060546875], [425.6331787109375, 151.5546112060547, 438.58282470703125, 160.821044921875], [108.2911605834961, 135.598388671875, 125.0921630859375, 141.27195739746094], [131.39117431640625, 249.65907287597656, 147.38836669921875, 272.0725402832031], [165.01731872558594, 135.97454833984375, 182.24351501464844, 140.87965393066406], [139.48988342285156, 55.73200988769531, 254.35304260253906, 239.51748657226562], [129.83360290527344, 255.88768005371094, 135.09991455078125, 264.91876220703125], [0.29753708839416504, 132.71847534179688, 18.372486114501953, 142.25833129882812], [71.9413070678711, 37.066741943359375, 259.75811767578125, 240.48370361328125], [88.2363052368164, 198.35543823242188, 499.92242431640625, 373.0671081542969], [184.3953094482422, 218.01544189453125, 224.0622100830078, 225.82473754882812], [86.81830596923828, 140.32017517089844, 99.32286834716797, 184.24221801757812], [86.14752960205078, 115.62369537353516, 100.9258804321289, 124.30104064941406], [165.01731872558594, 135.97454833984375, 182.24351501464844, 140.87965393066406], [194.1956787109375, 58.98637390136719, 223.7142791748047, 187.37521362304688], [108.2911605834961, 135.598388671875, 125.0921630859375, 141.27195739746094], [415.9741516113281, 147.9125518798828, 439.38671875, 160.5431365966797], [208.0360565185547, 152.16371154785156, 217.8128204345703, 156.131591796875], [128.85491943359375, 188.42721557617188, 136.15383911132812, 196.72274780273438], [462.0916442871094, 154.62179565429688, 500.01788330078125, 164.33047485351562], [86.61804962158203, 16.032859802246094, 191.52645874023438, 214.92576599121094], [325.5400390625, 137.09861755371094, 342.0667419433594, 142.95814514160156], [84.14837646484375, 82.4610824584961, 499.71197509765625, 347.7899169921875], [134.5343475341797, 255.5454559326172, 146.66123962402344, 270.97418212890625], [107.86534881591797, 110.70873260498047, 118.48853302001953, 120.07758331298828], [71.43750762939453, 11.165946960449219, 258.2621765136719, 244.5828399658203], [276.3233642578125, 129.29408264160156, 303.0937805175781, 135.47862243652344], [131.39117431640625, 249.65907287597656, 147.38836669921875, 272.0725402832031], [402.0224609375, 164.11729431152344, 421.54510498046875, 173.13870239257812]), Score: [0.8764146566390991, 0.8733689785003662, 0.6676872968673706, 0.48043689131736755, 0.4312712848186493, 0.4202204644680023, 0.40721896290779114, 0.3928848206996918, 0.3850611746311188, 0.3306504786014557, 0.31534919142723083, 0.2783185839653015, 0.2664814591407776, 0.2659568786621094, 0.2657286524772644, 0.2645626962184906, 0.2598341107368469, 0.2489788681268692, 0.2477482408285141, 0.23253373801708221, 0.22378568351268768, 0.21976381540298462, 0.20969116687774658, 0.20670345425605774, 0.204788938164711, 0.19866517186164856, 0.18976177275180817, 0.18282099068164825, 0.18239900469779968, 0.1816815584897995, 0.17806503176689148, 0.17623509466648102, 0.1733255833387375, 0.16929154098033905, 0.16886022686958313, 0.16066458821296692, 0.15843765437602997, 0.15313737094402313, 0.15060865879058838, 0.1480749249458313, 0.14600856602191925, 0.14556418359279633, 0.14459091424942017, 0.1441160887479782, 0.14301760494709015, 0.142929345369339, 0.13688723742961884, 0.13442479074001312, 0.13281558454036713, 0.13022613525390625, 0.12890058755874634, 0.1276305913925171, 0.1270507127046585, 0.1229226142168045, 0.12208272516727448, 0.1206505224108696, 0.11891580373048782, 0.11238826811313629, 0.10865159332752228, 0.10861369222402573, 0.10667744278907776, 0.10492967814207077, 0.10459721833467484, 0.10292759537696838, 0.10255838185548782, 0.10104019194841385, 0.10001926869153976, 0.09933432191610336, 0.09819519519805908, 0.0977490022778511, 0.09456610679626465, 0.09256815165281296, 0.09190542995929718, 0.09176157414913177, 0.09120798856019974, 0.090810127556324, 0.09074485301971436, 0.09051284939050674, 0.08970849215984344, 0.08939993381500244, 0.08865821361541748, 0.08820049464702606, 0.08816549181938171, 0.08721759915351868, 0.08690691739320755, 0.08527135103940964, 0.0848855972290039, 0.08423824608325958, 0.08413396775722504, 0.08386973291635513, 0.08367124199867249, 0.08332642912864685, 0.08245430141687393, 0.0824427381157875, 0.08049754798412323, 0.07979641854763031, 0.07972000539302826, 0.07964441925287247, 0.07903946936130524, 0.07896953821182251, 0.07891783863306046, 0.07778513431549072, 0.07766785472631454, 0.07740774750709534, 0.07663073390722275, 0.07626476138830185, 0.07522213459014893, 0.07510083168745041, 0.0748448446393013, 0.07246919721364975, 0.07194729894399643, 0.0717049390077591, 0.07141523063182831, 0.0712127685546875, 0.07002372294664383, 0.06892777234315872, 0.06674182415008545, 0.06593215465545654, 0.06482397019863129, 0.06418447196483612, 0.06415987759828568, 0.06413420289754868, 0.06411215662956238, 0.064018115401268, 0.06350306421518326, 0.06147169694304466, 0.05907972529530525, 0.05840281769633293, 0.05802544206380844, 0.057802699506282806, 0.05696243420243263, 0.05658607557415962, 0.05636109039187431, 0.05615026131272316, 0.05579715594649315, 0.05558936670422554, 0.055101267993450165, 0.05437199026346207, 0.05427617207169533, 0.05422292277216911, 0.0542105995118618, 0.05413646996021271, 0.053512655198574066, 0.05350485071539879, 0.05350131541490555, 0.05224289745092392, 0.05222828686237335, 0.05216674506664276, 0.05185224115848541, 0.051753729581832886, 0.05061744153499603, 0.050436537712812424, 0.05032502859830856, 0.0502731129527092, 0.050267789512872696, 0.05019637569785118, 0.050080832093954086, 0.04970580339431763, 0.04918302968144417, 0.04862821474671364, 0.04834899306297302, 0.04804567992687225, 0.04755875840783119, 0.04703015089035034, 0.04698874428868294, 0.04680027440190315, 0.046464938670396805, 0.04585043713450432, 0.045776065438985825, 0.04521710425615311, 0.04480648785829544, 0.04468994960188866, 0.044653236865997314, 0.044577233493328094, 0.044549793004989624, 0.044219158589839935, 0.04361434280872345, 0.043604347854852676, 0.04303917661309242, 0.04236948490142822, 0.0423530712723732, 0.0420105941593647, 0.04187709465622902, 0.04124654084444046, 0.04067721217870712, 0.040618896484375, 0.04029860720038414, 0.03978319093585014, 0.03920355811715126, 0.038923345506191254, 0.038533587008714676, 0.03808870539069176, 0.03769422695040703, 0.03759143128991127, 0.037574995309114456, 0.03751642629504204, 0.037454284727573395, 0.03743842989206314, 0.03736824542284012, 0.037327367812395096, 0.03707271069288254, 0.03701091930270195, 0.036616116762161255, 0.03645540773868561, 0.03634466975927353, 0.03603529557585716, 0.03595045208930969, 0.0358823761343956, 0.03582332655787468, 0.03568583354353905, 0.03566480427980423, 0.035238027572631836, 0.03514394164085388, 0.0350249707698822, 0.034547675400972366, 0.034500546753406525, 0.034456364810466766, 0.03422090783715248, 0.034144844859838486, 0.034059904515743256, 0.03405558317899704, 0.03393852338194847, 0.03382505849003792, 0.03382439538836479, 0.0337861143052578, 0.03373178094625473, 0.03317444771528244, 0.03316597640514374, 0.03309663012623787, 0.032993949949741364, 0.03259950503706932, 0.03193244710564613, 0.03127465397119522, 0.03125655651092529, 0.031165478751063347, 0.030998123809695244, 0.03094790317118168, 0.03084159828722477, 0.03050551936030388, 0.030468858778476715, 0.030336057767271996, 0.030269673094153404, 0.030210353434085846, 0.03013674169778824, 0.029845107346773148, 0.02966325543820858, 0.02958665043115616, 0.02945040538907051, 0.028336934745311737, 0.028014160692691803, 0.02793864719569683, 0.027867309749126434, 0.027691073715686798, 0.027691002935171127, 0.02766456827521324, 0.02738184668123722, 0.027343928813934326, 0.02717486582696438, 0.026853499934077263, 0.026817474514245987, 0.026802675798535347, 0.026564251631498337, 0.02656221017241478, 0.026407210156321526, 0.026266347616910934, 0.026211194694042206, 0.025906817987561226, 0.025881631299853325, 0.025745993480086327, 0.02570430003106594, 0.025496656075119972, 0.025435782968997955, 0.02532888762652874, 0.02531004697084427, 0.025256779044866562, 0.025236044079065323, 0.025165893137454987, 0.02510908804833889, 0.025012783706188202, 0.024965817108750343, 0.024947891011834145, 0.0249237809330225, 0.024891076609492302, 0.024740803986787796, 0.02467411383986473, 0.024564100429415703, 0.024511653929948807, 0.024479597806930542, 0.024440865963697433, 0.02437867783010006, 0.024343306198716164, 0.024263473227620125, 0.024155860766768456, 0.024069173261523247, 0.02406240813434124, 0.024026300758123398, 0.02398008666932583, 0.02390737272799015, 0.0238309558480978, 0.023817410692572594]

Execution time: 0.4305 sec
