Label: tensor([15, 63, 57,  0,  0, 59, 59,  0, 66,  0, 63, 57, 59, 59, 66, 57,  0,  0,
         0, 57,  0,  0, 56, 57,  0,  0, 63, 66, 59,  0, 63,  0, 57,  0, 57,  0,
         0, 67, 73,  0,  0, 59,  0, 63,  0,  0, 56, 57,  0, 66, 56, 15,  0, 63,
         0,  0,  0, 57, 57, 59, 59,  0, 57, 15, 66, 16,  0, 63, 57, 59,  0,  0,
        59, 63, 24, 59, 59, 56, 59, 63, 41, 62, 63, 57, 63, 59, 57, 16, 57, 62,
        73, 59,  0, 57,  0, 57, 56, 66, 59, 56, 57,  0, 56,  0, 56, 62, 59,  0,
         0, 63, 15, 62, 59,  0, 57, 57, 63, 56, 59,  0, 59, 57, 59, 59, 57, 66,
        59,  0, 63, 28, 63, 56, 59, 66, 28, 63,  0,  0, 57, 57, 63,  0,  0,  0,
        56, 73, 59, 59, 59,  0, 28, 59,  0, 63, 57, 63, 73, 15, 59, 24, 57, 59,
        57, 57, 59,  0, 57, 59, 59, 57, 67, 57, 65,  0, 63, 77, 57,  0,  0, 57,
        63,  0, 57, 60, 59, 57, 63, 57,  0, 57, 59, 67,  0, 62, 59,  0,  0, 59,
        59, 56, 56,  0, 57, 26, 57,  0,  0, 65, 63,  0, 16, 60, 28,  0, 15, 56,
        59,  0,  0,  0, 59, 57, 15, 57,  0, 59, 57, 56, 66, 57, 62,  0, 56, 57,
        63, 15, 59, 16, 59,  0,  0, 73, 60, 63, 65, 57,  0,  0,  0, 59, 56, 59,
        57, 59, 73, 74,  0, 59, 26, 77, 63, 67, 59, 56, 59, 63, 57, 73, 15,  0,
         0, 28, 16, 65, 59,  0, 65, 57, 56, 59, 59,  0, 57, 66, 56,  0, 63,  0,
        59, 65, 24,  0, 56,  0,  0, 56, 62, 66, 16, 15]), Box: ([104.2265625, 57.82183837890625, 499.2440185546875, 238.15570068359375], [126.34232330322266, 272.695556640625, 435.4786071777344, 374.8807373046875], [-0.13487040996551514, 0.014372169971466064, 499.8513488769531, 375.01055908203125], [-0.13487040996551514, 0.014372169971466064, 499.8513488769531, 375.01055908203125], [-0.49301981925964355, 0.20173564553260803, 499.5018615722656, 239.7837677001953], [0.3432035446166992, 224.3045196533203, 500.2804260253906, 374.8726501464844], [-0.2768188714981079, 69.08831787109375, 499.71820068359375, 374.8060607910156], [341.0073547363281, 149.675537109375, 499.6554870605469, 240.29562377929688], [219.68809509277344, 273.92694091796875, 434.91259765625, 374.9420166015625], [-0.129014253616333, -0.12060999870300293, 499.8399353027344, 150.48033142089844], [130.1798858642578, 273.5818786621094, 233.71168518066406, 374.98834228515625], [-0.2768188714981079, 69.08831787109375, 499.71820068359375, 374.8060607910156], [-0.33567845821380615, 0.13046711683273315, 499.65924072265625, 375.09979248046875], [-0.13487040996551514, 0.014372169971466064, 499.8513488769531, 375.01055908203125], [221.0718994140625, 274.5030212402344, 355.7190856933594, 374.80865478515625], [-0.33567845821380615, 0.13046711683273315, 499.65924072265625, 375.09979248046875], [-0.2646595239639282, 150.9059295654297, 499.7303466796875, 376.0040283203125], [341.31427001953125, 0.1736171543598175, 500.34014892578125, 241.23788452148438], [341.6306457519531, -0.29979273676872253, 500.72930908203125, 242.42869567871094], [0.3432035446166992, 224.3045196533203, 500.2804260253906, 374.8726501464844], [342.01007080078125, 0.17501413822174072, 500.2422790527344, 241.1461639404297], [341.9071350097656, 147.62925720214844, 500.12408447265625, 374.54888916015625], [-0.33567845821380615, 0.13046711683273315, 499.65924072265625, 375.09979248046875], [-0.0335201621055603, 73.17875671386719, 136.53207397460938, 232.29190063476562], [-0.408858060836792, -0.012550503015518188, 499.57861328125, 272.5686340332031], [56.77592849731445, 0.410713255405426, 498.9713439941406, 375.3963317871094], [0.13802945613861084, 259.1794738769531, 435.8578186035156, 375.7170104980469], [125.48635864257812, 272.9852294921875, 435.1562805175781, 374.4864807128906], [-0.22830069065093994, 224.70384216308594, 436.8101806640625, 374.6971435546875], [103.47354125976562, 0.05370005965232849, 499.7394714355469, 238.7957763671875], [219.68809509277344, 273.92694091796875, 434.91259765625, 374.9420166015625], [-0.33567845821380615, 0.13046711683273315, 499.65924072265625, 375.09979248046875], [-0.2229437232017517, 71.41967010498047, 198.4759521484375, 233.9370574951172], [97.66539764404297, -0.17679110169410706, 500.22589111328125, 242.59628295898438], [-0.49301981925964355, 0.20173564553260803, 499.5018615722656, 239.7837677001953], [338.37164306640625, 0.029962509870529175, 500.43426513671875, 374.50714111328125], [341.57861328125, 91.74109649658203, 500.28704833984375, 241.2113037109375], [130.1798858642578, 273.5818786621094, 233.71168518066406, 374.98834228515625], [130.1798858642578, 273.5818786621094, 233.71168518066406, 374.98834228515625], [-0.7119327783584595, 2.6913955211639404, 499.2830810546875, 371.84423828125], [-0.2391040325164795, 0.139530748128891, 499.7533874511719, 149.6497802734375], [0.0375211238861084, 0.0043585896492004395, 500.03253173828125, 375.0006408691406], [-0.2768188714981079, 69.08831787109375, 499.71820068359375, 374.8060607910156], [123.89678955078125, 272.10430908203125, 375.8434753417969, 374.4473571777344], [230.05935668945312, 0.4015043377876282, 499.3415832519531, 375.2853088378906], [-0.28634071350097656, 0.483144074678421, 497.6742248535156, 100.43708038330078], [-0.13487040996551514, 0.014372169971466064, 499.8513488769531, 375.01055908203125], [-0.408858060836792, -0.012550503015518188, 499.57861328125, 272.5686340332031], [225.4986114501953, 145.74127197265625, 499.7935791015625, 375.2352600097656], [127.39108276367188, 272.9406433105469, 435.4411926269531, 374.5722351074219], [0.0375211238861084, 0.0043585896492004395, 500.03253173828125, 375.0006408691406], [103.61627960205078, 59.427650451660156, 499.6112060546875, 374.8011169433594], [0.3432035446166992, 224.3045196533203, 500.2804260253906, 374.8726501464844], [125.48635864257812, 272.9852294921875, 435.1562805175781, 374.4864807128906], [223.1199188232422, 0.299748033285141, 499.7015686035156, 375.18817138671875], [-0.3008246421813965, 0.3380924463272095, 498.7459411621094, 98.38216400146484], [110.11312866210938, 146.7129669189453, 499.73016357421875, 375.3394775390625], [-0.129014253616333, -0.12060999870300293, 499.8399353027344, 150.48033142089844], [-0.4562884569168091, 71.3914794921875, 499.5387268066406, 237.63473510742188], [0.027820467948913574, 226.6744842529297, 161.76280212402344, 374.6581726074219], [-0.2646595239639282, 150.9059295654297, 499.7303466796875, 376.0040283203125], [278.83154296875, 145.148681640625, 499.686767578125, 374.84515380859375], [0.3767460584640503, 68.19722747802734, 228.578369140625, 233.57391357421875], [105.56926727294922, 58.521419525146484, 354.6934814453125, 232.36007690429688], [126.34232330322266, 272.695556640625, 435.4786071777344, 374.8807373046875], [103.81844329833984, 59.97847366333008, 499.1887512207031, 238.95281982421875], [-0.19539892673492432, 0.17490796744823456, 499.4935302734375, 171.76206970214844], [0.4121512174606323, 254.49264526367188, 435.554443359375, 375.0712890625], [-0.23446232080459595, 1.1357814073562622, 195.55979919433594, 233.67324829101562], [-0.39733946323394775, 66.71248626708984, 445.0182800292969, 375.1799621582031], [181.1396026611328, -0.5543902516365051, 500.5174255371094, 241.91122436523438], [218.62591552734375, 147.1983642578125, 499.79638671875, 375.299072265625], [426.87164306640625, 219.58279418945312, 499.9709777832031, 374.81494140625], [0.6596297025680542, 260.6108093261719, 435.4718322753906, 375.11639404296875], [-0.13487040996551514, 0.014372169971466064, 499.8513488769531, 375.01055908203125], [-0.356137752532959, 72.64073944091797, 151.84031677246094, 374.20965576171875], [-0.09237229824066162, 225.96189880371094, 240.9522705078125, 374.9432678222656], [-0.2768188714981079, 69.08831787109375, 499.71820068359375, 374.8060607910156], [-0.49301981925964355, 0.20173564553260803, 499.5018615722656, 239.7837677001953], [127.39108276367188, 272.9406433105469, 435.4411926269531, 374.5722351074219], [130.1798858642578, 273.5818786621094, 233.71168518066406, 374.98834228515625], [132.20555114746094, 273.7288513183594, 233.353759765625, 374.8886413574219], [-0.39733946323394775, 66.71248626708984, 445.0182800292969, 375.1799621582031], [-0.39733946323394775, 66.71248626708984, 445.0182800292969, 375.1799621582031], [-0.11247396469116211, 139.62509155273438, 441.98162841796875, 375.03887939453125], [-0.2229437232017517, 71.41967010498047, 198.4759521484375, 233.9370574951172], [-0.45768916606903076, -0.41184201836586, 499.53729248046875, 176.0762939453125], [-0.49301981925964355, 0.20173564553260803, 499.5018615722656, 239.7837677001953], [-0.356137752532959, 72.64073944091797, 151.84031677246094, 374.20965576171875], [130.1798858642578, 273.5818786621094, 233.71168518066406, 374.98834228515625], [126.34232330322266, 272.695556640625, 435.4786071777344, 374.8807373046875], [-0.4562884569168091, 71.3914794921875, 499.5387268066406, 237.63473510742188], [0.0375211238861084, 0.0043585896492004395, 500.03253173828125, 375.0006408691406], [0.0375211238861084, 0.0043585896492004395, 500.03253173828125, 375.0006408691406], [103.61627960205078, 59.427650451660156, 499.6112060546875, 374.8011169433594], [-0.22830069065093994, 224.70384216308594, 436.8101806640625, 374.6971435546875], [-0.49301981925964355, 0.20173564553260803, 499.5018615722656, 239.7837677001953], [131.91783142089844, 273.4831237792969, 354.3335266113281, 375.0045166015625], [-0.408858060836792, -0.012550503015518188, 499.57861328125, 272.5686340332031], [-0.37695467472076416, 0.05710870027542114, 499.6180419921875, 375.0533752441406], [-0.37695467472076416, 0.05710870027542114, 499.6180419921875, 375.0533752441406], [337.27569580078125, 0.17975270748138428, 499.9933776855469, 242.17271423339844], [-0.7119327783584595, 2.6913955211639404, 499.2830810546875, 371.84423828125], [241.02352905273438, 144.5596160888672, 500.0824279785156, 372.57916259765625], [-0.408858060836792, -0.012550503015518188, 499.57861328125, 272.5686340332031], [129.63009643554688, 274.0080261230469, 233.24961853027344, 374.76763916015625], [0.27211010456085205, 62.79231262207031, 254.92877197265625, 374.32275390625], [0.5932599306106567, 0.5086474418640137, 261.7051696777344, 88.17144775390625], [203.82223510742188, -0.41389837861061096, 500.1010437011719, 172.7335968017578], [110.11312866210938, 146.7129669189453, 499.73016357421875, 375.3394775390625], [-0.49301981925964355, 0.20173564553260803, 499.5018615722656, 239.7837677001953], [125.48635864257812, 272.9852294921875, 435.1562805175781, 374.4864807128906], [0.31071901321411133, 225.85531616210938, 312.752685546875, 374.9654541015625], [333.7021484375, -0.19272789359092712, 500.4468078613281, 374.7257385253906], [0.4151538014411926, -0.06470829248428345, 240.37355041503906, 374.8769226074219], [0.027820467948913574, 226.6744842529297, 161.76280212402344, 374.6581726074219], [79.78165435791016, 172.74658203125, 440.38690185546875, 374.1606140136719], [-0.2229437232017517, 71.41967010498047, 198.4759521484375, 233.9370574951172], [-0.0335201621055603, 73.17875671386719, 136.53207397460938, 232.29190063476562], [-0.4562884569168091, 71.3914794921875, 499.5387268066406, 237.63473510742188], [332.7898254394531, 218.52528381347656, 500.0702209472656, 374.83660888671875], [-0.28634071350097656, 0.483144074678421, 497.6742248535156, 100.43708038330078], [339.64862060546875, 219.07666015625, 500.22576904296875, 374.8216857910156], [-0.129014253616333, -0.12060999870300293, 499.8399353027344, 150.48033142089844], [0.27211010456085205, 62.79231262207031, 254.92877197265625, 374.32275390625], [223.27398681640625, 274.3198547363281, 433.8157043457031, 375.01715087890625], [-0.37695467472076416, 0.05710870027542114, 499.6180419921875, 375.0533752441406], [340.4031677246094, 83.8484878540039, 499.12335205078125, 368.22161865234375], [132.20555114746094, 273.7288513183594, 233.353759765625, 374.8886413574219], [-0.13487040996551514, 0.014372169971466064, 499.8513488769531, 375.01055908203125], [0.3432035446166992, 224.3045196533203, 500.2804260253906, 374.8726501464844], [0.3432035446166992, 224.3045196533203, 500.2804260253906, 374.8726501464844], [338.37164306640625, 0.029962509870529175, 500.43426513671875, 374.50714111328125], [345.4607238769531, 283.0931091308594, 435.4894104003906, 374.8057861328125], [-0.33567845821380615, 0.13046711683273315, 499.65924072265625, 375.09979248046875], [129.63009643554688, 274.0080261230469, 233.24961853027344, 374.76763916015625], [414.6148986816406, 0.009784474968910217, 500.2098083496094, 154.6269989013672], [-0.14063715934753418, 148.19140625, 499.84814453125, 333.061767578125], [-0.5328506231307983, -0.0029280781745910645, 499.4621276855469, 326.5291748046875], [-0.07227808237075806, 0.6429367065429688, 150.26724243164062, 374.9285583496094], [131.91783142089844, 273.4831237792969, 354.3335266113281, 375.0045166015625], [337.4343566894531, 0.006616115570068359, 500.4263000488281, 374.8175354003906], [336.7146911621094, 0.00024586915969848633, 500.5487060546875, 374.82110595703125], [96.62376403808594, 147.41468811035156, 499.756103515625, 375.3609924316406], [-0.0335201621055603, 73.17875671386719, 136.53207397460938, 232.29190063476562], [219.68809509277344, 273.92694091796875, 434.91259765625, 374.9420166015625], [0.4151538014411926, -0.06470829248428345, 240.37355041503906, 374.8769226074219], [0.3767460584640503, 68.19722747802734, 228.578369140625, 233.57391357421875], [225.4986114501953, 145.74127197265625, 499.7935791015625, 375.2352600097656], [0.05307793617248535, 0.2770163118839264, 481.19476318359375, 375.18109130859375], [-0.2768188714981079, 69.08831787109375, 499.71820068359375, 374.8060607910156], [-0.07227808237075806, 0.6429367065429688, 150.26724243164062, 374.9285583496094], [110.01158905029297, 146.27638244628906, 499.067138671875, 375.4018249511719], [-0.22830069065093994, 224.70384216308594, 436.8101806640625, 374.6971435546875], [-0.599101185798645, 68.01688385009766, 499.3959045410156, 375.51068115234375], [103.82461547851562, 273.25958251953125, 234.63201904296875, 374.7822570800781], [125.48635864257812, 272.9852294921875, 435.1562805175781, 374.4864807128906], [341.0073547363281, 149.675537109375, 499.6554870605469, 240.29562377929688], [223.1199188232422, 0.299748033285141, 499.7015686035156, 375.18817138671875], [-0.49301981925964355, 0.20173564553260803, 499.5018615722656, 239.7837677001953], [-0.2646595239639282, 150.9059295654297, 499.7303466796875, 376.0040283203125], [-0.7119327783584595, 2.6913955211639404, 499.2830810546875, 371.84423828125], [-0.22792071104049683, 0.6457418203353882, 189.07025146484375, 233.01589965820312], [-0.3008246421813965, 0.3380924463272095, 498.7459411621094, 98.38216400146484], [230.05935668945312, 0.4015043377876282, 499.3415832519531, 375.2853088378906], [351.20013427734375, 0.22624433040618896, 500.48822021484375, 173.11166381835938], [-0.4518777132034302, 71.12013244628906, 156.561279296875, 282.0433654785156], [-0.599101185798645, 68.01688385009766, 499.3959045410156, 375.51068115234375], [-0.23224949836730957, 63.818389892578125, 327.4384460449219, 375.1352233886719], [338.37164306640625, 0.029962509870529175, 500.43426513671875, 374.50714111328125], [132.20555114746094, 273.7288513183594, 233.353759765625, 374.8886413574219], [230.05935668945312, 0.4015043377876282, 499.3415832519531, 375.2853088378906], [130.1798858642578, 273.5818786621094, 233.71168518066406, 374.98834228515625], [-0.5328506231307983, -0.0029280781745910645, 499.4621276855469, 326.5291748046875], [-0.2768188714981079, 69.08831787109375, 499.71820068359375, 374.8060607910156], [-0.49301981925964355, 0.20173564553260803, 499.5018615722656, 239.7837677001953], [-0.23224949836730957, 63.818389892578125, 327.4384460449219, 375.1352233886719], [55.493309020996094, 0.012394040822982788, 499.75390625, 171.34658813476562], [225.28634643554688, 84.3072509765625, 499.49896240234375, 374.7961120605469], [-0.09237229824066162, 225.96189880371094, 240.9522705078125, 374.9432678222656], [345.4607238769531, 283.0931091308594, 435.4894104003906, 374.8057861328125], [0.4121512174606323, 254.49264526367188, 435.554443359375, 375.0712890625], [426.87164306640625, 219.58279418945312, 499.9709777832031, 374.81494140625], [-0.2768188714981079, 69.08831787109375, 499.71820068359375, 374.8060607910156], [103.61627960205078, 59.427650451660156, 499.6112060546875, 374.8011169433594], [-0.10392069816589355, 0.5163699388504028, 150.22816467285156, 232.54486083984375], [0.15710294246673584, 224.73379516601562, 435.2587585449219, 374.522705078125], [-0.7314234972000122, 0.4045553505420685, 312.955078125, 233.79376220703125], [1.5703588724136353, 0.3156261444091797, 283.9272766113281, 86.97335052490234], [-0.7119327783584595, 2.6913955211639404, 499.2830810546875, 371.84423828125], [225.28634643554688, 84.3072509765625, 499.49896240234375, 374.7961120605469], [129.63009643554688, 274.0080261230469, 233.24961853027344, 374.76763916015625], [262.0946350097656, -0.326547771692276, 504.7652587890625, 374.6629333496094], [127.39108276367188, 272.9406433105469, 435.4411926269531, 374.5722351074219], [-0.2662539482116699, 65.7800064086914, 499.4232177734375, 284.07513427734375], [-0.5597025156021118, 133.3668975830078, 499.4344177246094, 357.96673583984375], [338.7705993652344, -0.19044801592826843, 500.4867248535156, 374.6798400878906], [0.15710294246673584, 224.73379516601562, 435.2587585449219, 374.522705078125], [-0.11247396469116211, 139.62509155273438, 441.98162841796875, 375.03887939453125], [-0.129014253616333, -0.12060999870300293, 499.8399353027344, 150.48033142089844], [-0.45768916606903076, -0.41184201836586, 499.53729248046875, 176.0762939453125], [254.0583953857422, 146.16995239257812, 500.7371826171875, 242.27940368652344], [223.1199188232422, 0.299748033285141, 499.7015686035156, 375.18817138671875], [-0.49301981925964355, 0.20173564553260803, 499.5018615722656, 239.7837677001953], [-0.8996129035949707, 70.51329040527344, 372.4690246582031, 233.8931427001953], [-0.23446232080459595, 1.1357814073562622, 195.55979919433594, 233.67324829101562], [258.9850158691406, -2.9124319553375244, 498.4516296386719, 372.0371398925781], [125.48635864257812, 272.9852294921875, 435.1562805175781, 374.4864807128906], [-0.2646595239639282, 150.9059295654297, 499.7303466796875, 376.0040283203125], [0.9154379367828369, 148.85313415527344, 497.6963195800781, 239.37644958496094], [341.0073547363281, 149.675537109375, 499.6554870605469, 240.29562377929688], [0.3432035446166992, 224.3045196533203, 500.2804260253906, 374.8726501464844], [0.3432035446166992, 224.3045196533203, 500.2804260253906, 374.8726501464844], [0.4151538014411926, -0.06470829248428345, 240.37355041503906, 374.8769226074219], [-0.2768188714981079, 69.08831787109375, 499.71820068359375, 374.8060607910156], [-0.4562884569168091, 71.3914794921875, 499.5387268066406, 237.63473510742188], [218.62591552734375, 147.1983642578125, 499.79638671875, 375.299072265625], [-0.45768916606903076, -0.41184201836586, 499.53729248046875, 176.0762939453125], [-0.07227808237075806, 0.6429367065429688, 150.26724243164062, 374.9285583496094], [101.37065124511719, 60.53904342651367, 499.9381408691406, 375.0122375488281], [1.4240741729736328, 226.1424560546875, 379.5325622558594, 282.9062194824219], [-0.4236847162246704, 68.71539306640625, 291.7524108886719, 232.9144744873047], [-0.4562884569168091, 71.3914794921875, 499.5387268066406, 237.63473510742188], [414.6148986816406, 0.009784474968910217, 500.2098083496094, 154.6269989013672], [218.7698974609375, -0.5366206169128418, 500.030517578125, 143.82614135742188], [-0.23446232080459595, 1.1357814073562622, 195.55979919433594, 233.67324829101562], [56.77592849731445, 0.410713255405426, 498.9713439941406, 375.3963317871094], [-0.5451291799545288, 0.3481954336166382, 499.4498596191406, 238.11654663085938], [217.32749938964844, 274.0976867675781, 241.87657165527344, 374.46630859375], [-0.2391040325164795, 0.139530748128891, 499.7533874511719, 149.6497802734375], [126.34232330322266, 272.695556640625, 435.4786071777344, 374.8807373046875], [339.99560546875, -0.30104443430900574, 500.6131591796875, 374.59088134765625], [-0.5328506231307983, -0.0029280781745910645, 499.4621276855469, 326.5291748046875], [0.5932599306106567, 0.5086474418640137, 261.7051696777344, 88.17144775390625], [221.0718994140625, 274.5030212402344, 355.7190856933594, 374.80865478515625], [-0.13487040996551514, 0.014372169971466064, 499.8513488769531, 375.01055908203125], [-0.32210350036621094, 173.0117645263672, 499.6728820800781, 376.0975646972656], [104.2265625, 57.82183837890625, 499.2440185546875, 238.15570068359375], [341.9071350097656, 147.62925720214844, 500.12408447265625, 374.54888916015625], [219.49647521972656, 141.6608428955078, 499.5262756347656, 243.1415252685547], [0.6241202354431152, 0.11477898806333542, 137.66835021972656, 89.0669174194336], [221.0718994140625, 274.5030212402344, 355.7190856933594, 374.80865478515625], [-0.33567845821380615, 0.13046711683273315, 499.65924072265625, 375.09979248046875], [101.37065124511719, 60.53904342651367, 499.9381408691406, 375.0122375488281], [129.63009643554688, 274.0080261230469, 233.24961853027344, 374.76763916015625], [-0.19539892673492432, 0.17490796744823456, 499.4935302734375, 171.76206970214844], [-0.37695467472076416, 0.05710870027542114, 499.6180419921875, 375.0533752441406], [444.31683349609375, 0.22297538816928864, 500.16748046875, 148.8247528076172], [342.9642028808594, 0.04598870873451233, 501.062744140625, 240.55087280273438], [-0.14063715934753418, 148.19140625, 499.84814453125, 333.061767578125], [-0.28634071350097656, 0.483144074678421, 497.6742248535156, 100.43708038330078], [-0.5328506231307983, -0.0029280781745910645, 499.4621276855469, 326.5291748046875], [0.8643642067909241, 21.072595596313477, 237.28724670410156, 224.09291076660156], [-0.7949918508529663, 54.535030364990234, 439.5058898925781, 374.6907043457031], [123.89678955078125, 272.10430908203125, 375.8434753417969, 374.4473571777344], [130.1798858642578, 273.5818786621094, 233.71168518066406, 374.98834228515625], [-0.22792071104049683, 0.6457418203353882, 189.07025146484375, 233.01589965820312], [-0.7760971784591675, 70.75511169433594, 499.1300048828125, 284.3134765625], [-0.13487040996551514, 0.014372169971466064, 499.8513488769531, 375.01055908203125], [341.0073547363281, 149.675537109375, 499.6554870605469, 240.29562377929688], [99.54859161376953, 271.6527404785156, 435.7640686035156, 374.58929443359375], [125.48635864257812, 272.9852294921875, 435.1562805175781, 374.4864807128906], [110.11312866210938, 146.7129669189453, 499.73016357421875, 375.3394775390625], [-0.23446232080459595, 1.1357814073562622, 195.55979919433594, 233.67324829101562], [101.37065124511719, 60.53904342651367, 499.9381408691406, 375.0122375488281], [218.62591552734375, 147.1983642578125, 499.79638671875, 375.299072265625], [-0.2662539482116699, 65.7800064086914, 499.4232177734375, 284.07513427734375], [127.39108276367188, 272.9406433105469, 435.4411926269531, 374.5722351074219], [103.81844329833984, 59.97847366333008, 499.1887512207031, 238.95281982421875], [0.6596297025680542, 260.6108093261719, 435.4718322753906, 375.11639404296875], [228.14669799804688, 75.89277648925781, 499.19500732421875, 238.97056579589844], [-0.49301981925964355, 0.20173564553260803, 499.5018615722656, 239.7837677001953], [103.61627960205078, 59.427650451660156, 499.6112060546875, 374.8011169433594], [132.20555114746094, 273.7288513183594, 233.353759765625, 374.8886413574219], [333.7021484375, -0.19272789359092712, 500.4468078613281, 374.7257385253906], [341.7076721191406, -0.342048704624176, 500.5953369140625, 374.41326904296875], [127.39108276367188, 272.9406433105469, 435.4411926269531, 374.5722351074219], [339.64862060546875, 219.07666015625, 500.22576904296875, 374.8216857910156], [-0.3008246421813965, 0.3380924463272095, 498.7459411621094, 98.38216400146484], [308.4767761230469, 228.12567138671875, 499.9572448730469, 375.0754699707031], [278.83154296875, 145.148681640625, 499.686767578125, 374.84515380859375], [0.3296881914138794, 0.2805367112159729, 348.18243408203125, 91.39537048339844], [332.7898254394531, 218.52528381347656, 500.0702209472656, 374.83660888671875], [0.6596297025680542, 260.6108093261719, 435.4718322753906, 375.11639404296875], [-0.22830069065093994, 224.70384216308594, 436.8101806640625, 374.6971435546875], [332.7898254394531, 218.52528381347656, 500.0702209472656, 374.83660888671875], [-0.13487040996551514, 0.014372169971466064, 499.8513488769531, 375.01055908203125], [-0.7314234972000122, 0.4045553505420685, 312.955078125, 233.79376220703125], [-0.45768916606903076, -0.41184201836586, 499.53729248046875, 176.0762939453125], [221.0718994140625, 274.5030212402344, 355.7190856933594, 374.80865478515625], [103.81844329833984, 59.97847366333008, 499.1887512207031, 238.95281982421875], [-1.1184066534042358, -0.1917332410812378, 497.58197021484375, 239.88327026367188], [-0.7464736700057983, 69.51026153564453, 499.2483215332031, 374.3308410644531], [-0.22830069065093994, 224.70384216308594, 436.8101806640625, 374.6971435546875], [374.7881774902344, 0.07897987961769104, 500.51611328125, 374.8074035644531], [0.3767460584640503, 68.19722747802734, 228.578369140625, 233.57391357421875], [219.68809509277344, 273.92694091796875, 434.91259765625, 374.9420166015625], [0.13802945613861084, 259.1794738769531, 435.8578186035156, 375.7170104980469], [-0.129014253616333, -0.12060999870300293, 499.8399353027344, 150.48033142089844], [-0.408858060836792, -0.012550503015518188, 499.57861328125, 272.5686340332031]), Score: [0.9377793669700623, 0.6186942458152771, 0.5358690619468689, 0.46895578503608704, 0.4105762541294098, 0.37255847454071045, 0.3441300094127655, 0.3049508333206177, 0.2874284088611603, 0.2793043553829193, 0.2767603099346161, 0.2698875367641449, 0.24952062964439392, 0.24398885667324066, 0.2401416301727295, 0.21592125296592712, 0.20561343431472778, 0.19815370440483093, 0.18798230588436127, 0.1826181262731552, 0.1726343184709549, 0.17142289876937866, 0.1711011528968811, 0.15864665806293488, 0.15752927958965302, 0.15667998790740967, 0.15313950181007385, 0.14873695373535156, 0.14617697894573212, 0.1447807401418686, 0.14388026297092438, 0.14321200549602509, 0.14057539403438568, 0.13590233027935028, 0.13574495911598206, 0.13390466570854187, 0.1330876499414444, 0.12770488858222961, 0.12027933448553085, 0.11892544478178024, 0.11593333631753922, 0.11581678688526154, 0.11552196741104126, 0.1134948804974556, 0.11338970065116882, 0.11323154717683792, 0.11275306344032288, 0.11199143528938293, 0.11141570657491684, 0.10932102799415588, 0.10804209858179092, 0.10773774236440659, 0.1057991087436676, 0.10535605251789093, 0.10021903365850449, 0.1001187413930893, 0.0988474041223526, 0.09865664690732956, 0.09563802182674408, 0.09513086825609207, 0.0944916307926178, 0.0943613052368164, 0.09373275190591812, 0.0927262157201767, 0.08735118061304092, 0.08532559871673584, 0.08463185280561447, 0.08292491734027863, 0.08213680237531662, 0.08109385520219803, 0.08090000599622726, 0.0794743001461029, 0.07926563918590546, 0.07829435169696808, 0.07721705734729767, 0.07703527063131332, 0.07690051198005676, 0.07644393295049667, 0.07547814399003983, 0.07543104141950607, 0.07494766265153885, 0.07483533024787903, 0.07464680820703506, 0.07349022477865219, 0.07341812551021576, 0.07325395196676254, 0.07305881381034851, 0.07282819598913193, 0.0727459117770195, 0.0725245401263237, 0.0716802254319191, 0.07146219164133072, 0.07145123928785324, 0.07042684406042099, 0.07038477063179016, 0.06934644281864166, 0.06854492425918579, 0.06789407134056091, 0.06788577139377594, 0.06724252551794052, 0.06623580306768417, 0.06619298458099365, 0.06597506999969482, 0.06583663821220398, 0.0632937029004097, 0.06285599619150162, 0.06277158856391907, 0.06264625489711761, 0.0626009926199913, 0.06259321421384811, 0.06185431405901909, 0.06150694936513901, 0.06138058006763458, 0.06135720759630203, 0.061158690601587296, 0.06111052259802818, 0.06103796884417534, 0.06034578010439873, 0.059706319123506546, 0.05894734337925911, 0.05873517692089081, 0.05837148427963257, 0.05804456025362015, 0.0579705610871315, 0.057844128459692, 0.05750967562198639, 0.057213928550481796, 0.05720119923353195, 0.057136841118335724, 0.05665125697851181, 0.0565757155418396, 0.05603204667568207, 0.05582132935523987, 0.05573996156454086, 0.055689048022031784, 0.055640384554862976, 0.05532385781407356, 0.05509722977876663, 0.0548941045999527, 0.054685328155756, 0.05463682860136032, 0.054549600929021835, 0.053562015295028687, 0.05309440568089485, 0.0530782975256443, 0.05303654074668884, 0.052784595638513565, 0.05209698900580406, 0.05204220116138458, 0.05200915038585663, 0.05183897539973259, 0.051811959594488144, 0.0516335666179657, 0.05086680129170418, 0.0508611835539341, 0.05085277929902077, 0.05079507827758789, 0.05069774389266968, 0.05034886673092842, 0.04995114728808403, 0.049784984439611435, 0.049764566123485565, 0.04963727295398712, 0.04947442188858986, 0.04942472279071808, 0.04935067519545555, 0.048686686903238297, 0.04866071045398712, 0.048441529273986816, 0.048149142414331436, 0.04814599081873894, 0.04756161943078041, 0.04749727249145508, 0.04742451757192612, 0.04742275923490524, 0.047316063195466995, 0.04727303236722946, 0.04724567383527756, 0.04722988232970238, 0.04682723805308342, 0.04682539403438568, 0.04682271182537079, 0.046755146235227585, 0.04665820673108101, 0.04655466973781586, 0.04654369875788689, 0.046469271183013916, 0.04624908044934273, 0.04611054062843323, 0.04595435410737991, 0.045878663659095764, 0.04569929838180542, 0.04564911499619484, 0.04534000903367996, 0.04511331021785736, 0.044961996376514435, 0.04474158212542534, 0.04473152756690979, 0.04457257315516472, 0.04447023570537567, 0.044389206916093826, 0.04437623545527458, 0.043949395418167114, 0.04386039078235626, 0.04351806640625, 0.0433194562792778, 0.04328931123018265, 0.043225131928920746, 0.04257474094629288, 0.0422285795211792, 0.04217047989368439, 0.041835155338048935, 0.04173395037651062, 0.04163967818021774, 0.04156672954559326, 0.04154530167579651, 0.04153987020254135, 0.04109225794672966, 0.041068293154239655, 0.0410635881125927, 0.0409805104136467, 0.04071492329239845, 0.040536828339099884, 0.04050831496715546, 0.040496379137039185, 0.04024501517415047, 0.03995262086391449, 0.03989878296852112, 0.0397336445748806, 0.039681900292634964, 0.039657119661569595, 0.039474718272686005, 0.03912775218486786, 0.03886685520410538, 0.03852871060371399, 0.03851670026779175, 0.03850908949971199, 0.03849165141582489, 0.03841299191117287, 0.0384092777967453, 0.03836757317185402, 0.03832993283867836, 0.03823423758149147, 0.038060616701841354, 0.037877827882766724, 0.037848472595214844, 0.03780773654580116, 0.037591785192489624, 0.03751666098833084, 0.037101250141859055, 0.037045758217573166, 0.0369938425719738, 0.03661604970693588, 0.03629026561975479, 0.03615022823214531, 0.03605003282427788, 0.035961128771305084, 0.03593059256672859, 0.03588661924004555, 0.03580377623438835, 0.03578343242406845, 0.035780373960733414, 0.03559112176299095, 0.035556692630052567, 0.035343997180461884, 0.03533707186579704, 0.03521061688661575, 0.03513624519109726, 0.03512575477361679, 0.035070404410362244, 0.034958887845277786, 0.0348958820104599, 0.03485049679875374, 0.03477267920970917, 0.03465626761317253, 0.034602776169776917, 0.034367773681879044, 0.03435888886451721, 0.03419080376625061, 0.033627357333898544, 0.033462271094322205, 0.03343332186341286, 0.03342139720916748, 0.033213622868061066, 0.03295265510678291, 0.032914187759160995, 0.03290499746799469, 0.032822903245687485, 0.03279446065425873, 0.03278709575533867, 0.0326668955385685, 0.032617583870887756, 0.0325917974114418, 0.03255497291684151, 0.0325470007956028, 0.032546237111091614, 0.03245808184146881, 0.03242812305688858, 0.03239566832780838, 0.03233656659722328]

Execution time: 0.4078 sec
