Label: tensor([ 0,  6,  0, 26, 67,  0,  0,  0,  0,  0,  0, 14, 14, 14,  0,  0,  0, 67,
         0,  0, 26, 24,  0, 18, 24,  0, 26,  0, 16, 67, 26, 18,  0, 24,  0,  0,
         0,  0,  0, 24,  0,  0,  0,  0, 24,  0, 14,  0,  0,  0,  0,  0,  0,  0,
         0,  0,  0,  0,  0, 17, 24,  0, 19,  0, 26, 26,  5,  0,  0,  0, 16, 16,
        18, 15,  0, 19, 26,  0,  0,  0, 24, 14, 67,  0,  0,  0, 14, 24, 14, 24,
        17, 18,  0,  0, 19,  0, 19,  0,  0,  0, 24, 14, 19,  0,  0, 18, 17, 67,
         0,  0, 17,  0, 26, 14, 26,  0,  0, 18,  6, 17, 65,  0, 26,  0, 26,  0,
        19, 17, 15,  0, 17,  7, 17,  0, 26,  0,  0, 17,  0,  0,  0, 17,  0,  0,
        26,  0, 26, 14, 14, 19, 17,  0,  0, 18,  0, 16, 16,  0, 14, 24,  7, 14,
         6, 14,  0,  0,  0, 18, 24,  0,  0, 19, 26,  0, 24,  0,  0, 19, 26, 13,
        18, 24, 26, 17,  0, 67,  0,  0,  0, 19, 32, 19, 26, 24, 18, 18, 17,  0,
         0,  0,  0,  0, 17,  0,  0, 17, 17, 10, 26,  2,  0, 26,  0, 24,  0, 24,
         0,  6, 14,  0, 17, 67,  0,  0, 18,  0, 24,  0, 26, 17,  9, 73, 17,  0,
        26, 15, 26,  0,  1, 67, 24, 18,  1,  0, 19, 67, 24,  0, 19,  0,  0, 26,
        19,  0, 18, 18, 17, 24, 12,  0,  0,  0, 26, 17,  0, 22, 17, 13, 24, 27,
        24, 24,  0,  1, 14, 67,  1, 18, 19, 18, 48, 17, 18,  0, 24,  5, 19, 18,
        63, 67, 67, 24, 24,  1, 24, 26,  0, 26, 16,  0]), Box: ([0.08146464824676514, 0.003523707389831543, 224.75204467773438, 334.0], [261.9549560546875, 169.81106567382812, 376.0539855957031, 233.30023193359375], [327.9503479003906, 0.15305233001708984, 499.80706787109375, 333.7822265625], [17.391529083251953, 160.01611328125, 100.5964584350586, 334.3028259277344], [41.02906799316406, 57.95669937133789, 85.32874298095703, 136.89007568359375], [239.5498046875, 189.4906768798828, 245.63499450683594, 207.21754455566406], [230.9961700439453, 189.41595458984375, 236.6825714111328, 202.62779235839844], [217.5718536376953, 190.99949645996094, 224.57656860351562, 203.44415283203125], [225.92559814453125, 188.55587768554688, 231.94715881347656, 203.6206512451172], [430.6791076660156, 179.692626953125, 451.6351623535156, 203.11935424804688], [250.77841186523438, 190.75790405273438, 257.2966003417969, 204.09671020507812], [221.53109741210938, 229.82998657226562, 229.31900024414062, 240.58824157714844], [221.45556640625, 227.1785125732422, 236.35897827148438, 240.5868377685547], [228.74278259277344, 227.36105346679688, 236.55870056152344, 236.1939239501953], [232.70486450195312, 189.6876983642578, 238.02914428710938, 202.5618133544922], [243.8367919921875, 194.55641174316406, 249.38095092773438, 208.1686248779297], [253.36622619628906, 190.932861328125, 259.7386169433594, 204.71206665039062], [100.65573120117188, 88.0704574584961, 128.7255096435547, 130.012451171875], [222.18479919433594, 189.70059204101562, 227.64657592773438, 204.04376220703125], [223.32705688476562, 188.88845825195312, 228.84967041015625, 204.0471649169922], [404.19915771484375, 206.67782592773438, 499.77520751953125, 274.7193908691406], [17.50478172302246, 159.49713134765625, 99.40221405029297, 334.8821716308594], [260.779541015625, 189.11343383789062, 266.5020446777344, 204.4907684326172], [221.53109741210938, 229.82998657226562, 229.31900024414062, 240.58824157714844], [404.197509765625, 205.99008178710938, 500.1285095214844, 333.60260009765625], [254.1918487548828, 195.26536560058594, 260.20965576171875, 205.1964874267578], [404.197509765625, 205.99008178710938, 500.1285095214844, 333.60260009765625], [248.72793579101562, 191.4237518310547, 253.559326171875, 203.92857360839844], [221.45556640625, 227.1785125732422, 236.35897827148438, 240.5868377685547], [39.7598876953125, 57.61225891113281, 128.5684051513672, 136.7239227294922], [403.7046813964844, 206.2541961669922, 499.8403015136719, 299.0266418457031], [221.45556640625, 227.1785125732422, 236.35897827148438, 240.5868377685547], [216.8623046875, 191.79232788085938, 221.20652770996094, 202.31797790527344], [3.965299606323242, 159.52357482910156, 100.81605529785156, 334.7149353027344], [250.65403747558594, 194.6134796142578, 259.90606689453125, 215.8649444580078], [249.70404052734375, 201.05502319335938, 257.0038757324219, 216.4110565185547], [243.44293212890625, 193.1462860107422, 248.47073364257812, 208.07614135742188], [319.921142578125, 185.2375946044922, 325.92462158203125, 197.9580535888672], [246.67953491210938, 195.42477416992188, 251.82696533203125, 208.34176635742188], [403.7046813964844, 206.2541961669922, 499.8403015136719, 299.0266418457031], [225.2899627685547, 188.27969360351562, 229.85928344726562, 195.02975463867188], [319.6669921875, 185.15060424804688, 324.84417724609375, 194.9371795654297], [228.63946533203125, 189.00718688964844, 233.20155334472656, 202.04537963867188], [239.19720458984375, 195.28167724609375, 245.17701721191406, 208.29151916503906], [404.19915771484375, 206.67782592773438, 499.77520751953125, 274.7193908691406], [281.7398376464844, 183.77999877929688, 288.56976318359375, 191.97195434570312], [258.1857604980469, 225.7481231689453, 266.7875671386719, 234.86724853515625], [216.825927734375, 191.97109985351562, 221.03697204589844, 202.16619873046875], [261.25640869140625, 189.33473205566406, 265.8581848144531, 195.74261474609375], [257.31610107421875, 208.9639434814453, 266.65802001953125, 232.28292846679688], [248.49546813964844, 197.3902587890625, 254.43930053710938, 215.13621520996094], [318.8977355957031, 185.09808349609375, 326.79937744140625, 216.5410919189453], [251.25804138183594, 190.857177734375, 256.52484130859375, 198.6942901611328], [261.8144836425781, 189.57395935058594, 270.6161193847656, 208.69268798828125], [240.1914520263672, 189.58055114746094, 244.6356201171875, 197.4900665283203], [261.2083740234375, 189.07630920410156, 268.60992431640625, 214.97216796875], [250.46104431152344, 194.1467742919922, 260.7796325683594, 216.44503784179688], [327.94244384765625, 194.77870178222656, 337.1847229003906, 213.23193359375], [239.0546875, 196.2465057373047, 245.64654541015625, 208.6007080078125], [249.70404052734375, 201.05502319335938, 257.0038757324219, 216.4110565185547], [355.5735168457031, 209.76797485351562, 499.55596923828125, 333.7484130859375], [260.24298095703125, 188.8985137939453, 267.32318115234375, 219.12020874023438], [221.45556640625, 227.1785125732422, 236.35897827148438, 240.5868377685547], [328.849853515625, 195.24359130859375, 336.81982421875, 203.23081970214844], [6.170883655548096, 57.22666931152344, 160.44525146484375, 333.0901184082031], [16.58268928527832, 160.25514221191406, 182.00904846191406, 334.2964782714844], [262.1549072265625, 169.7020263671875, 376.1812744140625, 232.78753662109375], [254.50987243652344, 190.86338806152344, 258.7670593261719, 199.74862670898438], [234.2255401611328, 195.43475341796875, 238.80242919921875, 202.66893005371094], [239.77377319335938, 189.765625, 244.29869079589844, 201.93666076660156], [221.53109741210938, 229.82998657226562, 229.31900024414062, 240.58824157714844], [228.74278259277344, 227.36105346679688, 236.55870056152344, 236.1939239501953], [228.74278259277344, 227.36105346679688, 236.55870056152344, 236.1939239501953], [221.45556640625, 227.1785125732422, 236.35897827148438, 240.5868377685547], [221.53109741210938, 229.82998657226562, 229.31900024414062, 240.58824157714844], [249.70404052734375, 201.05502319335938, 257.0038757324219, 216.4110565185547], [355.5735168457031, 209.76797485351562, 499.55596923828125, 333.7484130859375], [254.41366577148438, 190.6753692626953, 258.1805114746094, 196.32489013671875], [295.99334716796875, 207.80035400390625, 303.03094482421875, 224.14271545410156], [330.94549560546875, 185.71383666992188, 336.413330078125, 196.8687744140625], [410.99169921875, 172.76766967773438, 499.8987731933594, 332.0262756347656], [263.44964599609375, 242.68380737304688, 267.9501953125, 247.3800506591797], [40.68275833129883, 58.10470199584961, 85.52883911132812, 136.95997619628906], [329.45721435546875, 185.34548950195312, 336.48675537109375, 199.38250732421875], [267.6152648925781, 190.1119842529297, 273.1792297363281, 196.4317169189453], [239.2173614501953, 190.61923217773438, 244.17628479003906, 204.1613311767578], [228.04452514648438, 227.68521118164062, 232.7623748779297, 234.6287384033203], [404.637451171875, 179.3347625732422, 500.3930358886719, 280.0804748535156], [227.89662170410156, 227.5938262939453, 232.631103515625, 234.70542907714844], [19.79387855529785, 160.6711883544922, 140.09837341308594, 334.03082275390625], [239.0546875, 196.2465057373047, 245.64654541015625, 208.6007080078125], [249.70404052734375, 201.05502319335938, 257.0038757324219, 216.4110565185547], [252.9369354248047, 204.16574096679688, 262.4328308105469, 216.8589630126953], [249.7373046875, 191.84864807128906, 255.597412109375, 208.54568481445312], [221.53109741210938, 229.82998657226562, 229.31900024414062, 240.58824157714844], [318.61944580078125, 195.95252990722656, 326.65826416015625, 219.009521484375], [221.13943481445312, 227.34596252441406, 236.6456756591797, 240.7421417236328], [227.57669067382812, 193.87139892578125, 232.7002410888672, 203.3427276611328], [434.4840087890625, 179.83346557617188, 451.32904052734375, 196.8853759765625], [267.88140869140625, 186.9495391845703, 274.0135498046875, 195.02627563476562], [16.58268928527832, 160.25514221191406, 182.00904846191406, 334.2964782714844], [221.66683959960938, 230.9977264404297, 228.22415161132812, 240.4594268798828], [221.1951446533203, 227.25784301757812, 236.5127410888672, 240.54910278320312], [221.37266540527344, 189.69415283203125, 226.0399169921875, 197.9915771484375], [325.9860534667969, 202.34356689453125, 336.93865966796875, 222.70138549804688], [252.9369354248047, 204.16574096679688, 262.4328308105469, 216.8589630126953], [221.45556640625, 227.1785125732422, 236.35897827148438, 240.5868377685547], [57.581642150878906, 58.18696594238281, 80.8130874633789, 78.65674591064453], [260.24945068359375, 189.8825225830078, 266.4027404785156, 206.35499572753906], [258.0392150878906, 204.75234985351562, 267.146728515625, 227.07659912109375], [250.46104431152344, 194.1467742919922, 260.7796325683594, 216.44503784179688], [221.45556640625, 227.1785125732422, 236.35897827148438, 240.5868377685547], [19.79387855529785, 160.6711883544922, 140.09837341308594, 334.03082275390625], [258.3233642578125, 217.7083740234375, 266.63720703125, 231.76773071289062], [410.99169921875, 172.76766967773438, 499.8987731933594, 332.0262756347656], [251.7222442626953, 205.98204040527344, 258.23809814453125, 216.7894744873047], [261.9629211425781, 190.3487091064453, 273.0362854003906, 226.66212463378906], [251.7222442626953, 205.98204040527344, 258.23809814453125, 216.7894744873047], [262.5792236328125, 170.350830078125, 323.1985168457031, 227.08685302734375], [243.8367919921875, 194.55641174316406, 249.38095092773438, 208.1686248779297], [40.68275833129883, 58.10470199584961, 85.52883911132812, 136.95997619628906], [257.6705322265625, 204.2411346435547, 265.2555236816406, 217.33116149902344], [3.965299606323242, 159.52357482910156, 100.81605529785156, 334.7149353027344], [355.56549072265625, 195.7309112548828, 363.64984130859375, 216.11207580566406], [17.50478172302246, 159.49713134765625, 99.40221405029297, 334.8821716308594], [228.74278259277344, 227.36105346679688, 236.55870056152344, 236.1939239501953], [252.9369354248047, 204.16574096679688, 262.4328308105469, 216.8589630126953], [223.23985290527344, 196.9158935546875, 228.86888122558594, 205.68893432617188], [221.53109741210938, 229.82998657226562, 229.31900024414062, 240.58824157714844], [267.856201171875, 186.59996032714844, 272.4223327636719, 192.4403076171875], [217.97267150878906, 197.53045654296875, 226.701171875, 205.4318084716797], [262.1549072265625, 169.7020263671875, 376.1812744140625, 232.78753662109375], [250.65403747558594, 194.6134796142578, 259.90606689453125, 215.8649444580078], [328.47210693359375, 196.04640197753906, 337.0992126464844, 214.83587646484375], [5.148478031158447, 71.04072570800781, 202.83609008789062, 331.77508544921875], [39.7598876953125, 57.61225891113281, 128.5684051513672, 136.7239227294922], [256.7445068359375, 206.11109924316406, 264.1899108886719, 217.86436462402344], [239.19720458984375, 195.28167724609375, 245.17701721191406, 208.29151916503906], [349.11212158203125, 204.2345733642578, 357.2138977050781, 221.54745483398438], [281.9289855957031, 183.5635223388672, 286.8402404785156, 190.5908660888672], [198.54324340820312, -0.4571263790130615, 500.3486328125, 333.4867248535156], [252.9369354248047, 204.16574096679688, 262.4328308105469, 216.8589630126953], [216.57125854492188, 193.44479370117188, 220.30226135253906, 202.34817504882812], [349.7738037109375, 204.5096893310547, 356.26806640625, 219.947509765625], [4.61570930480957, 163.42291259765625, 501.0706787109375, 333.6919860839844], [223.23985290527344, 196.9158935546875, 228.86888122558594, 205.68893432617188], [404.637451171875, 179.3347625732422, 500.3930358886719, 280.0804748535156], [221.1951446533203, 227.25784301757812, 236.5127410888672, 240.54910278320312], [257.510009765625, 215.81910705566406, 267.0885925292969, 233.84902954101562], [228.74278259277344, 227.36105346679688, 236.55870056152344, 236.1939239501953], [254.1918487548828, 195.26536560058594, 260.20965576171875, 205.1964874267578], [309.8262939453125, 212.3217010498047, 317.4313049316406, 220.63829040527344], [296.28399658203125, 183.61895751953125, 303.6192932128906, 190.31858825683594], [221.66683959960938, 230.9977264404297, 228.22415161132812, 240.4594268798828], [289.8242492675781, 183.10159301757812, 298.1163330078125, 190.65948486328125], [221.13943481445312, 227.34596252441406, 236.6456756591797, 240.7421417236328], [221.1951446533203, 227.25784301757812, 236.5127410888672, 240.54910278320312], [262.3507080078125, 190.4502716064453, 271.6848449707031, 212.21722412109375], [221.13943481445312, 227.34596252441406, 236.6456756591797, 240.7421417236328], [4.61570930480957, 163.42291259765625, 501.0706787109375, 333.6919860839844], [262.5792236328125, 170.350830078125, 323.1985168457031, 227.08685302734375], [222.0380401611328, 228.93222045898438, 230.90826416015625, 240.5803680419922], [262.1549072265625, 169.7020263671875, 376.1812744140625, 232.78753662109375], [257.31610107421875, 208.9639434814453, 266.65802001953125, 232.28292846679688], [245.86984252929688, 200.14100646972656, 252.26686096191406, 209.06402587890625], [279.5477600097656, 184.01072692871094, 290.19915771484375, 195.52513122558594], [315.7150573730469, 181.43446350097656, 321.5381164550781, 193.05831909179688], [257.31610107421875, 208.9639434814453, 266.65802001953125, 232.28292846679688], [398.9473876953125, 202.7880096435547, 499.7434997558594, 334.1482238769531], [296.53619384765625, 208.02651977539062, 302.1326599121094, 215.07505798339844], [325.4232482910156, 185.29562377929688, 331.2894592285156, 197.55084228515625], [243.8367919921875, 194.55641174316406, 249.38095092773438, 208.1686248779297], [0.7443689107894897, 57.255001068115234, 88.3066177368164, 334.556640625], [0.8281320333480835, -0.21126317977905273, 500.71484375, 333.7837219238281], [15.631593704223633, 160.11920166015625, 179.69387817382812, 334.0357666015625], [288.0564270019531, 183.57150268554688, 295.3220520019531, 191.542236328125], [259.2908935546875, 210.2945556640625, 267.0597839355469, 229.35693359375], [257.31610107421875, 208.9639434814453, 266.65802001953125, 232.28292846679688], [387.49468994140625, 228.19454956054688, 500.572509765625, 334.29229736328125], [252.9369354248047, 204.16574096679688, 262.4328308105469, 216.8589630126953], [258.3233642578125, 217.7083740234375, 266.63720703125, 231.76773071289062], [402.2814025878906, 202.40335083007812, 499.7217102050781, 333.9112854003906], [406.191162109375, 130.14312744140625, 499.44000244140625, 272.258544921875], [227.57669067382812, 193.87139892578125, 232.7002410888672, 203.3427276611328], [324.5751953125, 193.2729949951172, 332.6753234863281, 212.0209197998047], [431.0391540527344, 193.30767822265625, 438.389892578125, 202.8491973876953], [257.510009765625, 215.81910705566406, 267.0885925292969, 233.84902954101562], [317.44189453125, 184.42138671875, 321.6893615722656, 192.59136962890625], [281.71783447265625, 183.27052307128906, 289.3796691894531, 192.12750244140625], [251.7222442626953, 205.98204040527344, 258.23809814453125, 216.7894744873047], [221.53109741210938, 229.82998657226562, 229.31900024414062, 240.58824157714844], [430.6189880371094, 179.6437530517578, 451.7982482910156, 203.4175567626953], [216.82830810546875, 195.0846710205078, 224.31903076171875, 203.1367950439453], [387.49468994140625, 228.19454956054688, 500.572509765625, 334.29229736328125], [257.510009765625, 215.81910705566406, 267.0885925292969, 233.84902954101562], [256.7445068359375, 206.11109924316406, 264.1899108886719, 217.86436462402344], [234.2255401611328, 195.43475341796875, 238.80242919921875, 202.66893005371094], [342.3681335449219, 189.80828857421875, 347.607421875, 200.21142578125], [100.65573120117188, 88.0704574584961, 128.7255096435547, 130.012451171875], [255.00088500976562, 205.51646423339844, 265.3789978027344, 222.78207397460938], [434.08038330078125, 180.87686157226562, 449.61468505859375, 198.38304138183594], [258.3233642578125, 217.7083740234375, 266.63720703125, 231.76773071289062], [245.86984252929688, 200.14100646972656, 252.26686096191406, 209.06402587890625], [323.1800842285156, 202.59658813476562, 330.6111755371094, 220.83212280273438], [430.6189880371094, 179.6437530517578, 451.7982482910156, 203.4175567626953], [250.77841186523438, 190.75790405273438, 257.2966003417969, 204.09671020507812], [216.82830810546875, 195.0846710205078, 224.31903076171875, 203.1367950439453], [221.53109741210938, 229.82998657226562, 229.31900024414062, 240.58824157714844], [15.631593704223633, 160.11920166015625, 179.69387817382812, 334.0357666015625], [217.5718536376953, 190.99949645996094, 224.57656860351562, 203.44415283203125], [294.54254150390625, 183.3059844970703, 302.28131103515625, 190.5372314453125], [167.75375366210938, 241.9116668701172, 225.03024291992188, 332.8065185546875], [41.45646667480469, 57.377220153808594, 132.4923095703125, 169.56964111328125], [1.3308227062225342, 160.18479919433594, 185.52752685546875, 334.1348571777344], [1.493886113166809, 0.5263065099716187, 222.9036407470703, 334.5189514160156], [17.391529083251953, 160.01611328125, 100.5964584350586, 334.3028259277344], [325.56011962890625, 192.85874938964844, 331.3193054199219, 202.26641845703125], [321.15325927734375, 180.7435302734375, 375.9211730957031, 222.85079956054688], [296.53619384765625, 208.02651977539062, 302.1326599121094, 215.07505798339844], [325.6771240234375, 203.6451873779297, 330.8079528808594, 212.18214416503906], [246.67953491210938, 195.42477416992188, 251.82696533203125, 208.34176635742188], [43.59465408325195, 56.3236198425293, 127.07316589355469, 160.68490600585938], [404.637451171875, 179.3347625732422, 500.3930358886719, 280.0804748535156], [358.9407958984375, 198.14646911621094, 365.41162109375, 216.02587890625], [257.6705322265625, 204.2411346435547, 265.2555236816406, 217.33116149902344], [315.1966857910156, 181.0269012451172, 320.95648193359375, 192.82562255859375], [345.6429748535156, 172.81256103515625, 499.4923400878906, 332.18438720703125], [349.1170349121094, -0.48881983757019043, 500.8314208984375, 272.502685546875], [13.715706825256348, 164.2864227294922, 262.9817199707031, 333.91693115234375], [248.49546813964844, 197.3902587890625, 254.43930053710938, 215.13621520996094], [41.02906799316406, 57.95669937133789, 85.32874298095703, 136.89007568359375], [39.7598876953125, 57.61225891113281, 128.5684051513672, 136.7239227294922], [251.7222442626953, 205.98204040527344, 258.23809814453125, 216.7894744873047], [325.6602783203125, 190.2859649658203, 330.9508056640625, 200.21678161621094], [-0.2106800675392151, 54.94301986694336, 92.0528335571289, 334.178466796875], [228.74278259277344, 227.36105346679688, 236.55870056152344, 236.1939239501953], [234.2255401611328, 195.43475341796875, 238.80242919921875, 202.66893005371094], [296.2701110839844, 208.24514770507812, 302.4369812011719, 216.93389892578125], [252.9369354248047, 204.16574096679688, 262.4328308105469, 216.8589630126953], [101.15616607666016, 88.16290283203125, 118.00775909423828, 102.36282348632812], [0.7443689107894897, 57.255001068115234, 88.3066177368164, 334.556640625], [221.1951446533203, 227.25784301757812, 236.5127410888672, 240.54910278320312], [221.45556640625, 227.1785125732422, 236.35897827148438, 240.5868377685547], [312.7589111328125, 210.299560546875, 320.18853759765625, 220.44676208496094], [257.6705322265625, 204.2411346435547, 265.2555236816406, 217.33116149902344], [17.391529083251953, 160.01611328125, 100.5964584350586, 334.3028259277344], [18.233901977539062, 162.67393493652344, 222.38502502441406, 334.61248779296875], [295.4069519042969, 183.1983642578125, 303.9822692871094, 195.4019317626953], [257.510009765625, 215.81910705566406, 267.0885925292969, 233.84902954101562], [431.0391540527344, 193.30767822265625, 438.389892578125, 202.8491973876953], [410.99169921875, 172.76766967773438, 499.8987731933594, 332.0262756347656], [18.233901977539062, 162.67393493652344, 222.38502502441406, 334.61248779296875], [254.1918487548828, 195.26536560058594, 260.20965576171875, 205.1964874267578], [323.20770263671875, 203.7993927001953, 331.798583984375, 222.83819580078125], [221.13943481445312, 227.34596252441406, 236.6456756591797, 240.7421417236328], [223.23985290527344, 196.9158935546875, 228.86888122558594, 205.68893432617188], [261.9629211425781, 190.3487091064453, 273.0362854003906, 226.66212463378906], [406.191162109375, 130.14312744140625, 499.44000244140625, 272.258544921875], [221.53109741210938, 229.82998657226562, 229.31900024414062, 240.58824157714844], [431.2218017578125, 183.3551025390625, 440.53826904296875, 202.95196533203125], [300.1640319824219, 193.76524353027344, 307.4983215332031, 211.2667694091797], [323.1029357910156, 212.4229736328125, 331.5023498535156, 224.0132293701172], [11.036910057067871, 1.226250171661377, 123.79407501220703, 332.7462463378906], [299.0816650390625, 212.36488342285156, 330.0185546875, 233.007080078125], [298.8968505859375, 191.88497924804688, 307.1663513183594, 210.1531982421875], [221.45556640625, 227.1785125732422, 236.35897827148438, 240.5868377685547], [230.9961700439453, 189.41595458984375, 236.6825714111328, 202.62779235839844], [221.45556640625, 227.1785125732422, 236.35897827148438, 240.5868377685547], [406.8491516113281, 208.988037109375, 500.0444641113281, 276.56085205078125], [404.19915771484375, 206.67782592773438, 499.77520751953125, 274.7193908691406], [234.2255401611328, 195.43475341796875, 238.80242919921875, 202.66893005371094], [6.170883655548096, 57.22666931152344, 160.44525146484375, 333.0901184082031], [303.3212890625, 211.59677124023438, 316.43438720703125, 220.889404296875], [257.510009765625, 215.81910705566406, 267.0885925292969, 233.84902954101562], [251.7222442626953, 205.98204040527344, 258.23809814453125, 216.7894744873047], [57.86735534667969, 62.72980499267578, 78.45130157470703, 130.4212646484375], [251.7222442626953, 205.98204040527344, 258.23809814453125, 216.7894744873047], [258.1857604980469, 225.7481231689453, 266.7875671386719, 234.86724853515625], [221.66683959960938, 230.9977264404297, 228.22415161132812, 240.4594268798828], [245.86984252929688, 200.14100646972656, 252.26686096191406, 209.06402587890625], [39.7598876953125, 57.61225891113281, 128.5684051513672, 136.7239227294922], [257.6705322265625, 204.2411346435547, 265.2555236816406, 217.33116149902344], [243.8367919921875, 194.55641174316406, 249.38095092773438, 208.1686248779297], [0.6943419575691223, 0.5387887954711914, 128.961181640625, 334.5203857421875], [251.25804138183594, 190.857177734375, 256.52484130859375, 198.6942901611328], [262.5792236328125, 170.350830078125, 323.1985168457031, 227.08685302734375], [256.7445068359375, 206.11109924316406, 264.1899108886719, 217.86436462402344], [254.1918487548828, 195.26536560058594, 260.20965576171875, 205.1964874267578], [40.68275833129883, 58.10470199584961, 85.52883911132812, 136.95997619628906], [41.45646667480469, 57.377220153808594, 132.4923095703125, 169.56964111328125], [0.7443689107894897, 57.255001068115234, 88.3066177368164, 334.556640625], [216.82830810546875, 195.0846710205078, 224.31903076171875, 203.1367950439453], [332.3839111328125, 128.05538940429688, 499.73193359375, 336.0030517578125], [249.70404052734375, 201.05502319335938, 257.0038757324219, 216.4110565185547], [167.75375366210938, 241.9116668701172, 225.03024291992188, 332.8065185546875], [-0.47238171100616455, 3.786074161529541, 128.40370178222656, 337.740478515625], [41.02906799316406, 57.95669937133789, 85.32874298095703, 136.89007568359375], [0.6943419575691223, 0.5387887954711914, 128.961181640625, 334.5203857421875], [251.7222442626953, 205.98204040527344, 258.23809814453125, 216.7894744873047], [315.2144775390625, 209.08680725097656, 324.568603515625, 220.32229614257812]), Score: [0.9729308485984802, 0.8947926759719849, 0.8909732699394226, 0.7923389077186584, 0.6790775656700134, 0.6092051863670349, 0.5904720425605774, 0.5820655226707458, 0.5587654113769531, 0.5385634899139404, 0.48086172342300415, 0.4245757460594177, 0.4215439260005951, 0.40531426668167114, 0.3786914348602295, 0.3713203966617584, 0.35362508893013, 0.3444066047668457, 0.32713058590888977, 0.3178013563156128, 0.31218838691711426, 0.27412956953048706, 0.27194178104400635, 0.2693150043487549, 0.2654770016670227, 0.24934807419776917, 0.24547217786312103, 0.23964720964431763, 0.23489448428153992, 0.233565092086792, 0.21208344399929047, 0.208250030875206, 0.20265311002731323, 0.19466710090637207, 0.19333873689174652, 0.19322066009044647, 0.183344304561615, 0.18129806220531464, 0.18029722571372986, 0.17408694326877594, 0.17300786077976227, 0.17213362455368042, 0.17167775332927704, 0.15241998434066772, 0.15198025107383728, 0.15183164179325104, 0.15145477652549744, 0.1496604084968567, 0.14959527552127838, 0.14594122767448425, 0.14385153353214264, 0.14360745251178741, 0.14212602376937866, 0.14201036095619202, 0.13874214887619019, 0.13822366297245026, 0.13804100453853607, 0.13023455440998077, 0.13016265630722046, 0.12930797040462494, 0.12909844517707825, 0.12165854871273041, 0.1184360459446907, 0.11714576929807663, 0.11589609086513519, 0.11509866267442703, 0.11433099955320358, 0.11372336000204086, 0.11296207457780838, 0.11253062635660172, 0.11146268993616104, 0.11055106669664383, 0.10734069347381592, 0.10670070350170135, 0.10536559671163559, 0.10528916865587234, 0.10509677231311798, 0.10215011239051819, 0.10181345045566559, 0.09950345009565353, 0.09883305430412292, 0.09854526072740555, 0.0974835753440857, 0.09637420624494553, 0.09428180754184723, 0.09292373806238174, 0.09256232529878616, 0.092030368745327, 0.09115169942378998, 0.09074734896421432, 0.09068378806114197, 0.0899800956249237, 0.0899471566081047, 0.08906487375497818, 0.089010089635849, 0.08824305236339569, 0.08800571411848068, 0.08798031508922577, 0.08700913935899734, 0.08614460378885269, 0.08553192019462585, 0.08495642244815826, 0.08397907763719559, 0.08339693397283554, 0.08301106095314026, 0.08247387409210205, 0.08224829286336899, 0.0819939449429512, 0.08102717250585556, 0.08016018569469452, 0.07992904633283615, 0.07860970497131348, 0.07855647802352905, 0.07746945321559906, 0.07694574445486069, 0.07648535072803497, 0.07571413367986679, 0.07492680102586746, 0.0741535946726799, 0.0733543336391449, 0.07323579490184784, 0.07262132316827774, 0.07240156829357147, 0.07225590944290161, 0.07176758348941803, 0.07147230952978134, 0.07091572880744934, 0.07042180001735687, 0.06891345232725143, 0.067193403840065, 0.0671221986413002, 0.0664219930768013, 0.065562903881073, 0.06553147733211517, 0.06492099165916443, 0.06446055322885513, 0.0644158273935318, 0.06439884752035141, 0.06401515752077103, 0.06318314373493195, 0.063009113073349, 0.06287232041358948, 0.062186215072870255, 0.06183027848601341, 0.06168555095791817, 0.06156451255083084, 0.06154267117381096, 0.06123120337724686, 0.0606565997004509, 0.05880998820066452, 0.058694541454315186, 0.05869084224104881, 0.05867362767457962, 0.05846079811453819, 0.05798255279660225, 0.05797876417636871, 0.05782528594136238, 0.0578090138733387, 0.05767247453331947, 0.05725792795419693, 0.05725743994116783, 0.056828439235687256, 0.05647382140159607, 0.05639465153217316, 0.05633814260363579, 0.05631475895643234, 0.05628366395831108, 0.05563829094171524, 0.05562356114387512, 0.0548454150557518, 0.05439390987157822, 0.054354988038539886, 0.05432957410812378, 0.0541861429810524, 0.05416156351566315, 0.05408041179180145, 0.05398619920015335, 0.05365094169974327, 0.05350038781762123, 0.05325782671570778, 0.052508290857076645, 0.052376192063093185, 0.05227992683649063, 0.05180351063609123, 0.05162953957915306, 0.05146828293800354, 0.05146303400397301, 0.05126138776540756, 0.050902415066957474, 0.05045013502240181, 0.050386615097522736, 0.05031116306781769, 0.05029308423399925, 0.04975543171167374, 0.04933900013566017, 0.04849374666810036, 0.04840444028377533, 0.04836650192737579, 0.04820133000612259, 0.04812521114945412, 0.048053331673145294, 0.047892723232507706, 0.04776099696755409, 0.04737243801355362, 0.047334663569927216, 0.04704190790653229, 0.047023531049489975, 0.04690216854214668, 0.04671482741832733, 0.046571649610996246, 0.04648609086871147, 0.04572485387325287, 0.04564492031931877, 0.045613523572683334, 0.04548557847738266, 0.04546047002077103, 0.045361895114183426, 0.04517235979437828, 0.04495516046881676, 0.04492923244833946, 0.04466463252902031, 0.0445561483502388, 0.04448515176773071, 0.04421716555953026, 0.04418916627764702, 0.044181790202856064, 0.043960656970739365, 0.04395481199026108, 0.04393165558576584, 0.04381103813648224, 0.04379711672663689, 0.04375086724758148, 0.04374223202466965, 0.04367615282535553, 0.043607935309410095, 0.043532874435186386, 0.04347943514585495, 0.043075621128082275, 0.04307277500629425, 0.042508624494075775, 0.042006466537714005, 0.04189461097121239, 0.04170507565140724, 0.041621603071689606, 0.04161019250750542, 0.0413215197622776, 0.04106420651078224, 0.04079246148467064, 0.040758226066827774, 0.04059132933616638, 0.04058732092380524, 0.040389955043792725, 0.040247078984975815, 0.04021622613072395, 0.04018721356987953, 0.04007493704557419, 0.03997402638196945, 0.03979106992483139, 0.03965512290596962, 0.03964889794588089, 0.03935723379254341, 0.039024412631988525, 0.03893247991800308, 0.03884931281208992, 0.03883576765656471, 0.03872820734977722, 0.03847457095980644, 0.038466088473796844, 0.038431234657764435, 0.03839636594057083, 0.03835310786962509, 0.03821129351854324, 0.03807925805449486, 0.03798257187008858, 0.037474919110536575, 0.0373312383890152, 0.03710271418094635, 0.037009745836257935, 0.03699147328734398, 0.036933861672878265, 0.03683121129870415, 0.036775413900613785, 0.03638637810945511, 0.03638390451669693, 0.03636495769023895, 0.03628896549344063, 0.03624973073601723, 0.03623312711715698, 0.03615900129079819, 0.036140333861112595, 0.03611767664551735, 0.036098331212997437, 0.03595670685172081, 0.03594830632209778, 0.03585627302527428, 0.03584766760468483, 0.035672515630722046, 0.03564419597387314, 0.03561660647392273, 0.03560733422636986]

Execution time: 0.4070 sec
