Label: tensor([ 8,  0,  0,  0,  0,  0,  0,  0,  0,  0, 26,  0,  0,  0, 26, 26,  0,  0,
         0,  0, 39, 24, 24,  8, 24,  0,  8,  8, 26,  8, 41,  0, 32, 26,  0, 39,
         8, 67, 26, 27, 24,  0, 24,  0, 29, 26,  8, 24, 26, 73,  8,  8,  0, 27,
         0,  0, 24,  2, 39, 24, 14, 24, 14, 41, 28,  0,  0,  2,  0,  8,  0,  0,
         0,  8, 26, 26, 65,  8, 37, 11,  0,  0, 29,  0, 26, 24,  0, 37, 26, 26,
         8,  8, 24, 37, 67,  0,  0, 56,  7, 37,  0,  8,  8,  8,  0,  0, 26,  8,
         0,  0, 26,  2, 26,  8, 26,  0,  0,  8,  0,  8,  8,  8,  0,  0,  8,  0,
        39, 24, 37, 74, 45,  2, 14,  0,  0, 24,  8, 16, 37,  8, 35, 45,  2, 67,
         0,  0,  0,  0, 56,  0,  0, 26,  0, 46,  0, 49, 26,  2, 24,  0, 39, 67,
        32, 17,  0,  8,  2, 27, 24, 14,  8, 28,  0,  8,  0, 73, 67, 14, 73,  8,
         0,  0,  8, 40,  7,  0, 45,  0,  8, 39,  0,  8,  8, 16, 67, 45, 26,  8,
         8, 26, 27, 29,  8, 47, 37, 24,  8,  1, 27, 37,  8,  8,  0, 46, 73, 37,
        14, 24, 25,  8,  2,  8, 26,  8, 67,  0, 14, 39,  0, 16, 24, 28, 16, 63,
        37,  0, 26, 16,  8, 28,  0, 24,  0, 39,  0, 26,  0, 13, 46, 37,  0, 39,
        37, 26,  8, 39, 24, 73, 14, 74,  0,  8,  8, 24, 27, 24, 32,  2, 24,  2,
        26, 27, 63, 39,  8, 56, 26,  8, 46, 37, 26, 30, 32, 59, 24, 14, 67, 39,
         2, 24,  0, 26, 14,  2, 37,  0, 14,  8, 37, 39]), Box: ([30.06780242919922, 186.09390258789062, 361.39398193359375, 239.6982421875], [158.477783203125, 120.32511138916016, 248.95870971679688, 217.86439514160156], [217.9226531982422, 134.0352325439453, 272.521240234375, 220.24923706054688], [209.99171447753906, 120.98470306396484, 248.2178955078125, 218.4442901611328], [237.89842224121094, 134.29083251953125, 272.6651306152344, 213.83338928222656], [209.2094268798828, 123.59983825683594, 228.46229553222656, 194.07203674316406], [209.89173889160156, 120.67015838623047, 247.46266174316406, 195.4582061767578], [211.20033264160156, 122.1882553100586, 272.1623229980469, 216.1247100830078], [158.76100158691406, 185.5118865966797, 222.23776245117188, 212.40768432617188], [159.04937744140625, 125.03778839111328, 230.67613220214844, 212.32614135742188], [216.2745819091797, 182.14820861816406, 235.8536834716797, 195.71714782714844], [211.6243896484375, 123.09098815917969, 227.1019744873047, 169.7217254638672], [211.1233367919922, 120.906494140625, 247.15005493164062, 194.72525024414062], [208.39797973632812, 123.41455841064453, 227.85267639160156, 193.93768310546875], [242.31056213378906, 191.87655639648438, 265.8732604980469, 213.42369079589844], [215.772705078125, 182.189208984375, 236.5686492919922, 211.03053283691406], [210.1295623779297, 152.91433715820312, 236.03323364257812, 195.1981658935547], [160.4291229248047, 183.50941467285156, 236.59234619140625, 212.28366088867188], [158.63478088378906, 183.30908203125, 238.10098266601562, 212.54302978515625], [209.49774169921875, 153.36830139160156, 223.60574340820312, 193.56759643554688], [216.2745819091797, 182.14820861816406, 235.8536834716797, 195.71714782714844], [212.96803283691406, 153.18231201171875, 222.78280639648438, 169.34219360351562], [209.49774169921875, 153.36830139160156, 223.60574340820312, 193.56759643554688], [30.193462371826172, 186.9199676513672, 360.7780456542969, 238.40188598632812], [242.31056213378906, 191.87655639648438, 265.8732604980469, 213.42369079589844], [33.868587493896484, 185.414306640625, 37.7239875793457, 189.63926696777344], [467.0198059082031, 41.89252471923828, 499.546875, 49.42498016357422], [81.38384246826172, 196.3390655517578, 162.98728942871094, 211.95819091796875], [209.49774169921875, 153.36830139160156, 223.60574340820312, 193.56759643554688], [34.56319046020508, 189.74928283691406, 163.49642944335938, 214.04745483398438], [215.16259765625, 123.5992202758789, 224.9927978515625, 133.55992126464844], [217.49154663085938, 120.24576568603516, 246.16204833984375, 150.04075622558594], [215.16259765625, 123.5992202758789, 224.9927978515625, 133.55992126464844], [210.1295623779297, 152.91433715820312, 236.03323364257812, 195.1981658935547], [210.6427764892578, 150.13192749023438, 245.23814392089844, 193.23617553710938], [215.16259765625, 123.5992202758789, 224.9927978515625, 133.55992126464844], [30.775718688964844, 187.40606689453125, 163.3049774169922, 227.14920043945312], [216.2745819091797, 182.14820861816406, 235.8536834716797, 195.71714782714844], [216.02603149414062, 178.1962890625, 247.5222930908203, 211.28924560546875], [212.96803283691406, 153.18231201171875, 222.78280639648438, 169.34219360351562], [215.772705078125, 182.189208984375, 236.5686492919922, 211.03053283691406], [158.705078125, 154.1658935546875, 271.85772705078125, 214.76077270507812], [210.1295623779297, 152.91433715820312, 236.03323364257812, 195.1981658935547], [215.01319885253906, 123.26651763916016, 227.92784118652344, 150.21864318847656], [215.16259765625, 123.5992202758789, 224.9927978515625, 133.55992126464844], [212.96803283691406, 153.18231201171875, 222.78280639648438, 169.34219360351562], [30.702472686767578, 187.88125610351562, 162.4388885498047, 232.4042205810547], [216.2745819091797, 182.14820861816406, 235.8536834716797, 195.71714782714844], [214.36412048339844, 149.93495178222656, 246.92593383789062, 211.76296997070312], [216.2745819091797, 182.14820861816406, 235.8536834716797, 195.71714782714844], [84.28130340576172, 192.6023406982422, 220.5400390625, 213.42849731445312], [83.34857177734375, 194.5088348388672, 218.91111755371094, 213.74273681640625], [159.5491485595703, 150.16897583007812, 247.5614776611328, 215.846923828125], [209.49774169921875, 153.36830139160156, 223.60574340820312, 193.56759643554688], [214.36412048339844, 149.93495178222656, 246.92593383789062, 211.76296997070312], [215.16259765625, 123.5992202758789, 224.9927978515625, 133.55992126464844], [239.13531494140625, 149.38890075683594, 248.30751037597656, 171.89120483398438], [467.0198059082031, 41.89252471923828, 499.546875, 49.42498016357422], [215.772705078125, 182.189208984375, 236.5686492919922, 211.03053283691406], [209.35650634765625, 153.20425415039062, 224.54808044433594, 193.98374938964844], [41.61639404296875, 186.9735870361328, 50.75873565673828, 191.47596740722656], [214.36050415039062, 148.61721801757812, 246.4895782470703, 173.9403533935547], [33.868587493896484, 185.414306640625, 37.7239875793457, 189.63926696777344], [216.2745819091797, 182.14820861816406, 235.8536834716797, 195.71714782714844], [242.31056213378906, 191.87655639648438, 265.8732604980469, 213.42369079589844], [209.35650634765625, 153.20425415039062, 224.54808044433594, 193.98374938964844], [161.09046936035156, 125.34192657470703, 292.2882995605469, 216.8843994140625], [467.30908203125, 42.82571792602539, 483.3663330078125, 48.89200973510742], [81.38384246826172, 196.3390655517578, 162.98728942871094, 211.95819091796875], [99.6840591430664, 206.4334259033203, 360.8419189453125, 238.14915466308594], [83.4837875366211, 186.48822021484375, 230.30409240722656, 214.09803771972656], [242.06031799316406, 148.234375, 261.1794128417969, 192.9326171875], [101.4159164428711, 121.11930847167969, 246.10377502441406, 219.51377868652344], [82.94954681396484, 194.83749389648438, 165.4421844482422, 213.2157745361328], [209.96205139160156, 151.9029998779297, 238.56715393066406, 196.34939575195312], [209.35650634765625, 153.20425415039062, 224.54808044433594, 193.98374938964844], [328.9343566894531, 219.01307678222656, 343.43658447265625, 224.7345428466797], [138.81614685058594, 208.40281677246094, 360.2374572753906, 238.40890502929688], [83.34857177734375, 194.5088348388672, 218.91111755371094, 213.74273681640625], [215.16259765625, 123.5992202758789, 224.9927978515625, 133.55992126464844], [167.68336486816406, 152.1400604248047, 223.05926513671875, 198.69247436523438], [209.984130859375, 131.94277954101562, 246.77664184570312, 193.34080505371094], [216.2745819091797, 182.14820861816406, 235.8536834716797, 195.71714782714844], [258.744140625, 171.63922119140625, 272.6089782714844, 213.3726043701172], [188.38319396972656, 198.9459228515625, 223.14968872070312, 212.30386352539062], [209.96205139160156, 151.9029998779297, 238.56715393066406, 196.34939575195312], [83.34857177734375, 194.5088348388672, 218.91111755371094, 213.74273681640625], [84.28130340576172, 192.6023406982422, 220.5400390625, 213.42849731445312], [210.6427764892578, 150.13192749023438, 245.23814392089844, 193.23617553710938], [216.20431518554688, 182.11019897460938, 271.2607116699219, 213.23114013671875], [80.1698226928711, 195.34713745117188, 221.85137939453125, 214.68975830078125], [104.09162902832031, 207.26698303222656, 326.8444519042969, 237.1647186279297], [210.6427764892578, 150.13192749023438, 245.23814392089844, 193.23617553710938], [81.38384246826172, 196.3390655517578, 162.98728942871094, 211.95819091796875], [219.5760040283203, 131.64593505859375, 228.7667694091797, 149.9560089111328], [219.5760040283203, 131.64593505859375, 228.7667694091797, 149.9560089111328], [188.38319396972656, 198.9459228515625, 223.14968872070312, 212.30386352539062], [216.2745819091797, 182.14820861816406, 235.8536834716797, 195.71714782714844], [30.193462371826172, 186.9199676513672, 360.7780456542969, 238.40188598632812], [34.56319046020508, 189.74928283691406, 163.49642944335938, 214.04745483398438], [170.5350341796875, 160.84510803222656, 277.9099426269531, 214.53738403320312], [224.7715301513672, 209.41323852539062, 360.65789794921875, 238.13304138183594], [81.00093841552734, 197.3776397705078, 163.43698120117188, 216.4301300048828], [188.38319396972656, 198.9459228515625, 223.14968872070312, 212.30386352539062], [41.61639404296875, 186.9735870361328, 50.75873565673828, 191.47596740722656], [238.0361785888672, 134.21669006347656, 249.6278839111328, 151.1546630859375], [188.49166870117188, 192.83236694335938, 234.5104217529297, 212.35133361816406], [62.66692352294922, 46.14008331298828, 83.61161041259766, 50.25885772705078], [242.31056213378906, 191.87655639648438, 265.8732604980469, 213.42369079589844], [223.1380157470703, 150.7764434814453, 270.1224060058594, 216.28582763671875], [219.31695556640625, 194.48080444335938, 235.380859375, 211.69688415527344], [62.66692352294922, 46.14008331298828, 83.61161041259766, 50.25885772705078], [187.0389862060547, 182.38755798339844, 233.17796325683594, 212.47500610351562], [30.83539390563965, 187.40237426757812, 76.56617736816406, 226.1316375732422], [212.9154815673828, 175.05792236328125, 235.88055419921875, 195.6632537841797], [81.00093841552734, 197.3776397705078, 163.43698120117188, 216.4301300048828], [160.98648071289062, 122.79637145996094, 247.12937927246094, 212.72760009765625], [82.42982482910156, 200.20542907714844, 133.32894897460938, 211.5191650390625], [84.28130340576172, 192.6023406982422, 220.5400390625, 213.42849731445312], [80.67135620117188, 197.07455444335938, 163.04220581054688, 214.38360595703125], [67.69378662109375, 46.60935974121094, 83.23994445800781, 50.2072868347168], [31.636093139648438, 186.88412475585938, 133.29505920410156, 212.1212921142578], [242.04115295410156, 148.3371124267578, 263.4210205078125, 193.04727172851562], [78.27922821044922, 17.347883224487305, 85.5592041015625, 32.434146881103516], [154.26727294921875, 209.0443115234375, 359.7956848144531, 238.056640625], [157.68272399902344, 182.4609832763672, 271.3389587402344, 214.27005004882812], [105.85842895507812, 205.9068603515625, 139.70997619628906, 218.00930786132812], [214.36412048339844, 149.93495178222656, 246.92593383789062, 211.76296997070312], [30.193462371826172, 186.9199676513672, 360.7780456542969, 238.40188598632812], [328.9343566894531, 219.01307678222656, 343.43658447265625, 224.7345428466797], [81.38384246826172, 196.3390655517578, 162.98728942871094, 211.95819091796875], [67.69378662109375, 46.60935974121094, 83.23994445800781, 50.2072868347168], [105.85842895507812, 205.9068603515625, 139.70997619628906, 218.00930786132812], [215.772705078125, 182.189208984375, 236.5686492919922, 211.03053283691406], [187.0389862060547, 182.38755798339844, 233.17796325683594, 212.47500610351562], [216.02603149414062, 178.1962890625, 247.5222930908203, 211.28924560546875], [0.8022319674491882, 39.984493255615234, 29.686420440673828, 50.290374755859375], [158.76100158691406, 185.5118865966797, 222.23776245117188, 212.40768432617188], [30.06780242919922, 186.09390258789062, 361.39398193359375, 239.6982421875], [467.30908203125, 42.82571792602539, 483.3663330078125, 48.89200973510742], [215.16259765625, 123.5992202758789, 224.9927978515625, 133.55992126464844], [216.2745819091797, 182.14820861816406, 235.8536834716797, 195.71714782714844], [281.50909423828125, 43.50886917114258, 301.7160949707031, 50.121517181396484], [328.9343566894531, 219.01307678222656, 343.43658447265625, 224.7345428466797], [216.02603149414062, 178.1962890625, 247.5222930908203, 211.28924560546875], [159.77572631835938, 123.7615737915039, 294.5174255371094, 217.79153442382812], [216.2745819091797, 182.14820861816406, 235.8536834716797, 195.71714782714844], [80.31204986572266, 197.22218322753906, 140.7249755859375, 216.05213928222656], [215.772705078125, 182.189208984375, 236.5686492919922, 211.03053283691406], [212.96803283691406, 153.18231201171875, 222.78280639648438, 169.34219360351562], [112.38298797607422, 202.0460205078125, 161.6405792236328, 216.3907470703125], [223.1380157470703, 150.7764434814453, 270.1224060058594, 216.28582763671875], [209.96205139160156, 151.9029998779297, 238.56715393066406, 196.34939575195312], [209.49774169921875, 153.36830139160156, 223.60574340820312, 193.56759643554688], [256.89654541015625, 154.73558044433594, 272.3974609375, 201.36688232421875], [215.16259765625, 123.5992202758789, 224.9927978515625, 133.55992126464844], [239.13531494140625, 149.38890075683594, 248.30751037597656, 171.89120483398438], [290.4324951171875, 45.33575439453125, 301.4339599609375, 50.240196228027344], [188.38319396972656, 198.9459228515625, 223.14968872070312, 212.30386352539062], [188.49166870117188, 192.83236694335938, 234.5104217529297, 212.35133361816406], [130.70925903320312, 204.67214965820312, 139.31700134277344, 209.16064453125], [212.96803283691406, 153.18231201171875, 222.78280639648438, 169.34219360351562], [216.2745819091797, 182.14820861816406, 235.8536834716797, 195.71714782714844], [30.06780242919922, 186.09390258789062, 361.39398193359375, 239.6982421875], [130.70925903320312, 204.67214965820312, 139.31700134277344, 209.16064453125], [159.90591430664062, 208.6179962158203, 358.427001953125, 238.28085327148438], [30.06780242919922, 186.09390258789062, 361.39398193359375, 239.6982421875], [214.18414306640625, 148.99142456054688, 227.64198303222656, 167.39944458007812], [187.0389862060547, 182.38755798339844, 233.17796325683594, 212.47500610351562], [36.89055252075195, 185.98513793945312, 46.334041595458984, 190.9813690185547], [490.352783203125, 40.65968322753906, 500.0252685546875, 49.306941986083984], [215.772705078125, 182.189208984375, 236.5686492919922, 211.03053283691406], [82.42982482910156, 200.20542907714844, 133.32894897460938, 211.5191650390625], [80.82662963867188, 197.6014404296875, 140.2469482421875, 212.8553009033203], [31.06960678100586, 120.1049575805664, 361.442138671875, 238.02903747558594], [216.02603149414062, 178.1962890625, 247.5222930908203, 211.28924560546875], [215.16259765625, 123.5992202758789, 224.9927978515625, 133.55992126464844], [328.9343566894531, 219.01307678222656, 343.43658447265625, 224.7345428466797], [215.772705078125, 182.189208984375, 236.5686492919922, 211.03053283691406], [72.1958999633789, 217.67153930664062, 359.8495178222656, 238.75938415527344], [222.58079528808594, 130.95590209960938, 245.20704650878906, 149.31222534179688], [80.82662963867188, 197.6014404296875, 140.2469482421875, 212.8553009033203], [31.06960678100586, 120.1049575805664, 361.442138671875, 238.02903747558594], [216.2745819091797, 182.14820861816406, 235.8536834716797, 195.71714782714844], [467.0198059082031, 41.89252471923828, 499.546875, 49.42498016357422], [105.85842895507812, 205.9068603515625, 139.70997619628906, 218.00930786132812], [30.06780242919922, 186.09390258789062, 361.39398193359375, 239.6982421875], [83.29131317138672, 203.45880126953125, 138.1269989013672, 217.58238220214844], [67.0741195678711, 215.85079956054688, 356.3590087890625, 239.95379638671875], [218.22454833984375, 183.0482635498047, 232.82664489746094, 194.34506225585938], [238.4503936767578, 133.8304901123047, 246.75621032714844, 146.51727294921875], [32.945438385009766, 187.2340850830078, 218.26885986328125, 232.62899780273438], [30.745681762695312, 186.4839324951172, 117.2150650024414, 210.28384399414062], [210.1295623779297, 152.91433715820312, 236.03323364257812, 195.1981658935547], [218.22454833984375, 183.0482635498047, 232.82664489746094, 194.34506225585938], [215.16259765625, 123.5992202758789, 224.9927978515625, 133.55992126464844], [209.2094268798828, 123.59983825683594, 228.46229553222656, 194.07203674316406], [86.39579010009766, 195.1153564453125, 222.11500549316406, 215.27621459960938], [34.23760223388672, 189.8318634033203, 173.60943603515625, 228.2422637939453], [217.84255981445312, 188.90145874023438, 267.244140625, 215.6575164794922], [209.35650634765625, 153.20425415039062, 224.54808044433594, 193.98374938964844], [105.85842895507812, 205.9068603515625, 139.70997619628906, 218.00930786132812], [83.4837875366211, 186.48822021484375, 230.30409240722656, 214.09803771972656], [215.16259765625, 123.5992202758789, 224.9927978515625, 133.55992126464844], [83.29131317138672, 203.45880126953125, 138.1269989013672, 217.58238220214844], [210.46812438964844, 150.09805297851562, 223.58648681640625, 168.4970245361328], [81.78857421875, 185.4600067138672, 271.837646484375, 217.13157653808594], [81.38384246826172, 196.3390655517578, 162.98728942871094, 211.95819091796875], [239.13531494140625, 149.38890075683594, 248.30751037597656, 171.89120483398438], [209.2094268798828, 123.59983825683594, 228.46229553222656, 194.07203674316406], [80.31204986572266, 197.22218322753906, 140.7249755859375, 216.05213928222656], [83.29131317138672, 203.45880126953125, 138.1269989013672, 217.58238220214844], [80.67135620117188, 197.07455444335938, 163.04220581054688, 214.38360595703125], [105.85842895507812, 205.9068603515625, 139.70997619628906, 218.00930786132812], [188.38319396972656, 198.9459228515625, 223.14968872070312, 212.30386352539062], [216.2745819091797, 182.14820861816406, 235.8536834716797, 195.71714782714844], [80.31204986572266, 197.22218322753906, 140.7249755859375, 216.05213928222656], [216.20431518554688, 182.11019897460938, 271.2607116699219, 213.23114013671875], [215.16259765625, 123.5992202758789, 224.9927978515625, 133.55992126464844], [2.642825126647949, 45.20137405395508, 25.94890594482422, 50.24688720703125], [467.51812744140625, 42.83406448364258, 480.6822204589844, 48.84517288208008], [31.815834045410156, 187.43203735351562, 216.42137145996094, 232.4433135986328], [158.76100158691406, 185.5118865966797, 222.23776245117188, 212.40768432617188], [56.43928909301758, 219.9472198486328, 120.1393051147461, 232.25506591796875], [221.9833984375, 177.6631622314453, 235.56768798828125, 184.9590606689453], [24.778217315673828, 120.93048858642578, 371.3533020019531, 359.21636962890625], [40.35224151611328, 177.2156982421875, 48.267005920410156, 181.18380737304688], [112.38298797607422, 202.0460205078125, 161.6405792236328, 216.3907470703125], [47.57484817504883, 120.8794937133789, 338.9899597167969, 223.91903686523438], [160.4291229248047, 183.50941467285156, 236.59234619140625, 212.28366088867188], [209.2094268798828, 123.59983825683594, 228.46229553222656, 194.07203674316406], [216.2745819091797, 182.14820861816406, 235.8536834716797, 195.71714782714844], [209.89173889160156, 120.67015838623047, 247.46266174316406, 195.4582061767578], [216.2745819091797, 182.14820861816406, 235.8536834716797, 195.71714782714844], [188.38319396972656, 198.9459228515625, 223.14968872070312, 212.30386352539062], [36.89055252075195, 185.98513793945312, 46.334041595458984, 190.9813690185547], [210.46812438964844, 150.09805297851562, 223.58648681640625, 168.4970245361328], [209.2094268798828, 123.59983825683594, 228.46229553222656, 194.07203674316406], [83.22599792480469, 199.1121368408203, 127.82074737548828, 209.3896026611328], [188.49166870117188, 192.83236694335938, 234.5104217529297, 212.35133361816406], [214.81088256835938, 123.07698059082031, 232.237548828125, 138.70489501953125], [214.18414306640625, 148.99142456054688, 227.64198303222656, 167.39944458007812], [34.14946746826172, 185.3115692138672, 37.43895721435547, 189.2476348876953], [33.868587493896484, 185.414306640625, 37.7239875793457, 189.63926696777344], [123.31210327148438, 201.63897705078125, 159.75146484375, 210.01841735839844], [216.13343811035156, 180.03843688964844, 246.04347229003906, 211.9593505859375], [135.462158203125, 203.2259063720703, 162.95787048339844, 212.0956573486328], [467.0198059082031, 41.89252471923828, 499.546875, 49.42498016357422], [30.06780242919922, 186.09390258789062, 361.39398193359375, 239.6982421875], [82.94954681396484, 194.83749389648438, 165.4421844482422, 213.2157745361328], [83.22599792480469, 199.1121368408203, 127.82074737548828, 209.3896026611328], [81.38384246826172, 196.3390655517578, 162.98728942871094, 211.95819091796875], [80.67135620117188, 197.07455444335938, 163.04220581054688, 214.38360595703125], [214.18414306640625, 148.99142456054688, 227.64198303222656, 167.39944458007812], [41.61639404296875, 186.9735870361328, 50.75873565673828, 191.47596740722656], [215.01319885253906, 123.26651763916016, 227.92784118652344, 150.21864318847656], [188.49166870117188, 192.83236694335938, 234.5104217529297, 212.35133361816406], [210.1295623779297, 152.91433715820312, 236.03323364257812, 195.1981658935547], [82.42982482910156, 200.20542907714844, 133.32894897460938, 211.5191650390625], [130.70925903320312, 204.67214965820312, 139.31700134277344, 209.16064453125], [490.352783203125, 40.65968322753906, 500.0252685546875, 49.306941986083984], [158.76100158691406, 185.5118865966797, 222.23776245117188, 212.40768432617188], [33.868587493896484, 185.414306640625, 37.7239875793457, 189.63926696777344], [81.38384246826172, 196.3390655517578, 162.98728942871094, 211.95819091796875], [216.2745819091797, 182.14820861816406, 235.8536834716797, 195.71714782714844], [158.76100158691406, 185.5118865966797, 222.23776245117188, 212.40768432617188], [30.06780242919922, 186.09390258789062, 361.39398193359375, 239.6982421875], [490.352783203125, 40.65968322753906, 500.0252685546875, 49.306941986083984], [81.00093841552734, 197.3776397705078, 163.43698120117188, 216.4301300048828], [476.4755859375, 43.20486831665039, 496.8471984863281, 49.304420471191406], [242.06031799316406, 148.234375, 261.1794128417969, 192.9326171875], [219.5760040283203, 131.64593505859375, 228.7667694091797, 149.9560089111328], [242.31056213378906, 191.87655639648438, 265.8732604980469, 213.42369079589844], [123.31210327148438, 201.63897705078125, 159.75146484375, 210.01841735839844], [233.97927856445312, 216.30569458007812, 359.09222412109375, 238.4615936279297], [217.9226531982422, 134.0352325439453, 272.521240234375, 220.24923706054688], [167.68336486816406, 152.1400604248047, 223.05926513671875, 198.69247436523438], [115.30513000488281, 201.75442504882812, 250.59893798828125, 221.78802490234375], [212.96803283691406, 153.18231201171875, 222.78280639648438, 169.34219360351562], [81.00093841552734, 197.3776397705078, 163.43698120117188, 216.4301300048828], [242.04115295410156, 148.3371124267578, 263.4210205078125, 193.04727172851562], [211.20033264160156, 122.1882553100586, 272.1623229980469, 216.1247100830078], [130.70925903320312, 204.67214965820312, 139.31700134277344, 209.16064453125], [30.06780242919922, 186.09390258789062, 361.39398193359375, 239.6982421875], [211.72032165527344, 148.78887939453125, 246.5442352294922, 175.92733764648438], [81.38384246826172, 196.3390655517578, 162.98728942871094, 211.95819091796875], [238.4503936767578, 133.8304901123047, 246.75621032714844, 146.51727294921875], [212.96803283691406, 153.18231201171875, 222.78280639648438, 169.34219360351562], [0.8022319674491882, 39.984493255615234, 29.686420440673828, 50.290374755859375], [209.984130859375, 131.94277954101562, 246.77664184570312, 193.34080505371094], [30.193462371826172, 186.9199676513672, 360.7780456542969, 238.40188598632812], [160.4291229248047, 183.50941467285156, 236.59234619140625, 212.28366088867188], [80.82662963867188, 197.6014404296875, 140.2469482421875, 212.8553009033203], [385.41510009765625, 41.76845932006836, 403.43133544921875, 49.54924774169922], [30.775718688964844, 187.40606689453125, 163.3049774169922, 227.14920043945312], [80.1698226928711, 195.34713745117188, 221.85137939453125, 214.68975830078125], [83.29131317138672, 203.45880126953125, 138.1269989013672, 217.58238220214844], [188.49166870117188, 192.83236694335938, 234.5104217529297, 212.35133361816406], [209.49774169921875, 153.36830139160156, 223.60574340820312, 193.56759643554688], [221.9833984375, 177.6631622314453, 235.56768798828125, 184.9590606689453]), Score: [0.9213876724243164, 0.8715696930885315, 0.790555477142334, 0.2381001114845276, 0.21105077862739563, 0.20684665441513062, 0.176703542470932, 0.1736195981502533, 0.09145832806825638, 0.0880608931183815, 0.0877244845032692, 0.08342660963535309, 0.0696612149477005, 0.06563074141740799, 0.06446114927530289, 0.06360392272472382, 0.06212679296731949, 0.061165373772382736, 0.06030814349651337, 0.05684458464384079, 0.05504659563302994, 0.05468262732028961, 0.04679199308156967, 0.04641981050372124, 0.04601024463772774, 0.04589314013719559, 0.04554736986756325, 0.044755809009075165, 0.0444113127887249, 0.04316692426800728, 0.041275687515735626, 0.04043900594115257, 0.03992756828665733, 0.03984235227108002, 0.03906954824924469, 0.038418833166360855, 0.03830776736140251, 0.03799569979310036, 0.03781602159142494, 0.037064798176288605, 0.037050358951091766, 0.036769550293684006, 0.03619203716516495, 0.035998065024614334, 0.035058654844760895, 0.035056762397289276, 0.03473716601729393, 0.034140169620513916, 0.03393084928393364, 0.03337197005748749, 0.03300994262099266, 0.03233564645051956, 0.031834833323955536, 0.031231284141540527, 0.030908815562725067, 0.029473310336470604, 0.028138941153883934, 0.028036845847964287, 0.027954580262303352, 0.027085067704319954, 0.025911491364240646, 0.02589268423616886, 0.02574910782277584, 0.025690872222185135, 0.025602752342820168, 0.02551632933318615, 0.0251004621386528, 0.024911291897296906, 0.024757567793130875, 0.024710562080144882, 0.024380356073379517, 0.023843400180339813, 0.023833142593503, 0.023795409128069878, 0.0236518532037735, 0.023608766496181488, 0.023590343073010445, 0.02357855997979641, 0.02349381521344185, 0.023274611681699753, 0.023213978856801987, 0.02307192049920559, 0.022689154371619225, 0.02259739302098751, 0.022559478878974915, 0.02249090000987053, 0.022434473037719727, 0.02214077115058899, 0.022056905552744865, 0.021918905898928642, 0.02188832499086857, 0.02181309647858143, 0.02168312668800354, 0.02161133475601673, 0.021588722243905067, 0.021097693592309952, 0.02104947715997696, 0.020897939801216125, 0.020685961470007896, 0.020651783794164658, 0.020648794248700142, 0.020549055188894272, 0.02050071209669113, 0.020416542887687683, 0.020037313923239708, 0.020000386983156204, 0.019995179027318954, 0.019920818507671356, 0.019837118685245514, 0.01979885995388031, 0.019766714423894882, 0.01972440630197525, 0.01946691982448101, 0.019147220999002457, 0.01910468563437462, 0.01891516149044037, 0.018839765340089798, 0.018837029114365578, 0.018712399527430534, 0.01868147775530815, 0.018663212656974792, 0.01856050081551075, 0.018520768731832504, 0.01851048320531845, 0.0184211153537035, 0.01837805286049843, 0.018327416852116585, 0.018232695758342743, 0.018159162253141403, 0.018106721341609955, 0.01801730878651142, 0.017879266291856766, 0.01779681071639061, 0.017787769436836243, 0.017782622948288918, 0.017568716779351234, 0.01750209368765354, 0.01741326041519642, 0.01735638827085495, 0.017301887273788452, 0.017290985211730003, 0.016957640647888184, 0.01693851128220558, 0.016906168311834335, 0.016776684671640396, 0.016663936898112297, 0.01663653366267681, 0.01647006720304489, 0.016446247696876526, 0.01640177145600319, 0.016362246125936508, 0.016346246004104614, 0.016318727284669876, 0.016268858686089516, 0.016226215288043022, 0.01621127314865589, 0.016195006668567657, 0.015967383980751038, 0.015944167971611023, 0.01593877375125885, 0.01577727310359478, 0.015769395977258682, 0.015714723616838455, 0.015604370273649693, 0.015598759986460209, 0.01559119950979948, 0.015551463700830936, 0.015411298722028732, 0.015376693569123745, 0.015353241004049778, 0.015288484282791615, 0.01523435115814209, 0.015218377113342285, 0.015145202167332172, 0.01513925101608038, 0.015066549181938171, 0.014977972954511642, 0.014925757423043251, 0.014909964054822922, 0.01484096609055996, 0.014769225381314754, 0.014768642373383045, 0.014690970070660114, 0.014658129774034023, 0.014587938785552979, 0.014529542066156864, 0.014487305656075478, 0.014481432735919952, 0.014385141432285309, 0.014337367378175259, 0.014315934851765633, 0.014302141033113003, 0.014286632649600506, 0.014273317530751228, 0.014266637153923512, 0.014179816469550133, 0.01416047289967537, 0.0141271548345685, 0.014019917696714401, 0.01398011390119791, 0.013855859637260437, 0.013722332194447517, 0.013661184348165989, 0.013577161356806755, 0.013566889800131321, 0.013470714911818504, 0.013381500728428364, 0.013351679779589176, 0.013143159449100494, 0.013134379871189594, 0.013131692074239254, 0.013044471852481365, 0.013042335398495197, 0.013035407289862633, 0.013021040707826614, 0.013016066513955593, 0.012961489148437977, 0.012878954410552979, 0.012870222330093384, 0.012855250388383865, 0.012842402793467045, 0.012834788300096989, 0.012805182486772537, 0.012782682664692402, 0.01274515874683857, 0.012741289101541042, 0.012681202031672001, 0.012673496268689632, 0.012612912803888321, 0.012588907964527607, 0.012582543306052685, 0.012449735775589943, 0.012448915280401707, 0.012443838641047478, 0.01244132500141859, 0.012419299222528934, 0.012395062483847141, 0.012369854375720024, 0.012366597540676594, 0.01222681812942028, 0.01222587376832962, 0.01222163625061512, 0.01220275741070509, 0.012171591632068157, 0.012125051580369473, 0.0121103934943676, 0.012079011648893356, 0.0120615903288126, 0.012026536278426647, 0.011992053128778934, 0.011964677833020687, 0.01194476243108511, 0.011927800253033638, 0.0119208674877882, 0.011917290277779102, 0.011915863491594791, 0.011893119663000107, 0.011885792016983032, 0.011855673976242542, 0.011841509491205215, 0.011768627911806107, 0.01176252868026495, 0.011754760518670082, 0.011754157021641731, 0.011752556078135967, 0.011745436117053032, 0.011680159717798233, 0.011663752608001232, 0.011649040505290031, 0.011615035124123096, 0.011599034070968628, 0.01159840077161789, 0.01158895343542099, 0.011576554737985134, 0.01155634131282568, 0.011527981609106064, 0.011512494646012783, 0.011500298045575619, 0.011419561691582203, 0.011395229026675224, 0.011393643915653229, 0.011377676390111446, 0.011359786614775658, 0.011344837956130505, 0.011299526318907738, 0.011285616084933281, 0.011278334073722363, 0.011239339597523212, 0.011237929575145245, 0.011224411427974701, 0.011213197372853756, 0.011178015731275082, 0.011168131604790688, 0.011160620488226414, 0.01115006860345602, 0.011143282987177372, 0.011132034473121166, 0.011127284727990627, 0.011094938032329082, 0.011081191711127758]

Execution time: 0.4010 sec
