Label: tensor([ 2,  7,  0,  0,  0,  7,  2,  0,  0,  2,  0,  0,  0,  0, 12, 12,  7,  2,
         0,  0,  0,  2,  1,  0,  2, 12,  2,  0,  2,  2, 28,  2,  0,  2,  0,  7,
         7, 15,  1,  0,  2,  7, 15,  7, 36, 66, 28, 12, 12,  0,  2,  0,  0, 46,
         2,  0,  2,  0,  2,  0,  2,  0, 37, 13, 12, 12,  2,  0,  2,  2,  2,  0,
        36,  2,  5,  2,  2,  2,  2,  0,  2,  7,  0,  0,  2, 47,  0,  7,  3,  0,
        73,  2,  2, 12,  7,  2,  2, 37,  0,  3,  2,  0,  2,  0,  2,  0,  0,  0,
         0,  2,  0,  0,  2, 45, 52,  0, 79, 63, 42, 66,  0,  2,  5,  0,  2, 12,
         2,  2, 12, 37,  2, 12,  2,  2,  0, 22,  2, 63,  0, 38, 12, 59, 14,  2,
         0,  0,  0,  2,  0, 32,  0, 64,  2,  0,  0,  2,  2, 12,  2,  2,  2, 12,
         0, 26,  2,  2,  0, 37,  7,  2,  2,  0,  2,  0,  2,  2, 12, 54,  2,  2,
        14,  2, 12,  0,  2,  7,  0, 24,  2,  2,  7,  2,  2,  0, 37,  2, 41,  7,
         0,  2,  2,  2,  2,  0, 12,  2,  2, 12,  2, 67,  2,  0,  2,  0,  0,  0,
         7,  2,  0, 12,  2,  2, 18,  7,  2,  0,  7,  2, 13,  0, 28,  8,  2, 11,
         1, 15,  0,  0,  0,  2,  7,  0,  2,  2,  3, 12, 73, 12, 12,  0,  0,  2,
        12,  2,  0,  2,  2, 19, 12, 37,  3,  2,  7,  3,  0,  0, 62,  0,  7, 63,
        12,  0,  2,  0,  2,  0,  2,  0,  7,  0,  0,  2,  2,  0, 11,  3,  2, 12,
        62, 31,  2,  2,  8, 26,  2,  2,  0,  5, 12, 39]), Box: ([121.63606262207031, 0.005230307579040527, 499.5714111328125, 214.01698303222656], [120.61257934570312, -0.2811625599861145, 497.85418701171875, 213.97230529785156], [302.7890625, 0.6764531135559082, 379.1058349609375, 55.27536392211914], [442.2364196777344, 16.12956428527832, 492.5596618652344, 70.52775573730469], [459.3534851074219, 35.4835090637207, 480.9319763183594, 69.85638427734375], [-0.4669949412345886, 118.5088882446289, 125.84716033935547, 191.46861267089844], [120.61257934570312, -0.2811625599861145, 497.85418701171875, 213.97230529785156], [308.5137023925781, 18.437471389770508, 360.32574462890625, 66.174072265625], [442.63531494140625, 31.54551124572754, 483.6271057128906, 70.50973510742188], [124.44635009765625, -0.7690005302429199, 495.13262939453125, 263.21844482421875], [306.71826171875, 0.1546153724193573, 380.71002197265625, 56.22652053833008], [296.92791748046875, 0.03265589475631714, 416.30560302734375, 64.85672760009766], [316.8824157714844, 18.632495880126953, 361.7154541015625, 55.60152053833008], [313.1455078125, -0.02823304384946823, 426.02288818359375, 55.726749420166016], [456.300537109375, 89.7769546508789, 477.76904296875, 105.83113861083984], [407.7581787109375, 24.84085464477539, 500.0746765136719, 288.1624450683594], [122.15802001953125, -0.9900815486907959, 498.37359619140625, 265.5923767089844], [128.302490234375, 166.20968627929688, 303.54425048828125, 262.0708312988281], [458.67681884765625, 35.425628662109375, 479.66448974609375, 65.268310546875], [379.4236755371094, 40.343788146972656, 414.1167297363281, 67.06826782226562], [369.92840576171875, 0.36239856481552124, 427.26104736328125, 34.481422424316406], [407.7581787109375, 24.84085464477539, 500.0746765136719, 288.1624450683594], [240.2140655517578, 207.46507263183594, 304.0856018066406, 250.6182403564453], [294.408447265625, 0.42003393173217773, 422.8634338378906, 67.24574279785156], [128.117919921875, 165.37779235839844, 220.97740173339844, 261.8104553222656], [406.8063049316406, 26.976953506469727, 500.1639709472656, 287.8927001953125], [-0.25516003370285034, 118.91719055175781, 219.3359375, 263.2150573730469], [308.0709533691406, 0.6527546644210815, 377.3716735839844, 55.541168212890625], [0.31813979148864746, -1.931201696395874, 498.4162292480469, 260.0755310058594], [135.79092407226562, 15.494797706604004, 489.6070861816406, 255.17526245117188], [240.2140655517578, 207.46507263183594, 304.0856018066406, 250.6182403564453], [-0.43633580207824707, 118.06571960449219, 304.65191650390625, 263.4923095703125], [379.33721923828125, 40.42317581176758, 414.1266174316406, 66.98509979248047], [406.75067138671875, 18.538267135620117, 500.3017883300781, 293.7596740722656], [318.6160888671875, 15.624845504760742, 375.97930908203125, 55.714595794677734], [-0.10594725608825684, 120.12271118164062, 90.90780639648438, 189.88101196289062], [-0.25516003370285034, 118.91719055175781, 219.3359375, 263.2150573730469], [240.2140655517578, 207.46507263183594, 304.0856018066406, 250.6182403564453], [240.19049072265625, 207.4556121826172, 304.0635070800781, 250.61561584472656], [267.53338623046875, 0.22917520999908447, 378.8601379394531, 66.31282043457031], [-0.7455348968505859, 0.28644874691963196, 499.1771545410156, 342.39599609375], [124.44635009765625, -0.7690005302429199, 495.13262939453125, 263.21844482421875], [240.19049072265625, 207.4556121826172, 304.0635070800781, 250.61561584472656], [-0.42663514614105225, 118.98898315429688, 136.24465942382812, 251.33863830566406], [240.2140655517578, 207.46507263183594, 304.0856018066406, 250.6182403564453], [121.63606262207031, 0.005230307579040527, 499.5714111328125, 214.01698303222656], [240.19049072265625, 207.4556121826172, 304.0635070800781, 250.61561584472656], [119.61827850341797, -1.3026148080825806, 499.0191955566406, 373.6460266113281], [240.2140655517578, 207.46507263183594, 304.0856018066406, 250.6182403564453], [289.726806640625, 0.49772578477859497, 370.3038635253906, 55.3612060546875], [122.15802001953125, -0.9900815486907959, 498.37359619140625, 265.5923767089844], [299.1148376464844, 16.827049255371094, 357.6775207519531, 56.927337646484375], [442.90447998046875, 31.504573822021484, 487.4206848144531, 71.10877227783203], [370.18634033203125, 59.6732063293457, 408.41448974609375, 85.22727966308594], [252.13658142089844, 13.921424865722656, 499.2357482910156, 211.65631103515625], [272.66632080078125, 1.22871994972229, 374.7627868652344, 66.22346496582031], [377.6990051269531, 0.5793291926383972, 499.8988037109375, 69.81568908691406], [442.97430419921875, 32.53750228881836, 479.82672119140625, 65.64594268798828], [119.61827850341797, -1.3026148080825806, 499.0191955566406, 373.6460266113281], [406.75067138671875, 18.538267135620117, 500.3017883300781, 293.7596740722656], [407.16229248046875, 15.494495391845703, 500.5913391113281, 294.9998779296875], [272.2645568847656, 1.9707977771759033, 359.9462890625, 65.48414611816406], [240.2140655517578, 207.46507263183594, 304.0856018066406, 250.6182403564453], [-0.4669949412345886, 118.5088882446289, 125.84716033935547, 191.46861267089844], [370.18634033203125, 59.6732063293457, 408.41448974609375, 85.22727966308594], [240.19049072265625, 207.4556121826172, 304.0635070800781, 250.61561584472656], [124.18518829345703, 60.91828155517578, 484.76934814453125, 213.9026336669922], [362.0823059082031, 1.3692452907562256, 425.608154296875, 78.04856872558594], [455.5008850097656, 28.041702270507812, 500.28961181640625, 239.45223999023438], [482.2237854003906, 29.51903533935547, 500.0206298828125, 83.80601501464844], [335.17803955078125, 16.347270965576172, 500.4573974609375, 223.46725463867188], [432.6081237792969, 16.033742904663086, 488.96759033203125, 71.2048110961914], [240.19049072265625, 207.4556121826172, 304.0635070800781, 250.61561584472656], [0.20532310009002686, -2.649698495864868, 498.2030944824219, 258.65264892578125], [-0.4669949412345886, 118.5088882446289, 125.84716033935547, 191.46861267089844], [123.22179412841797, 108.0854721069336, 304.61297607421875, 261.72943115234375], [3.8073511123657227, 21.0673770904541, 490.3979797363281, 260.98895263671875], [128.7615203857422, 166.99017333984375, 441.76495361328125, 261.7563781738281], [0.5229711532592773, 38.386539459228516, 491.0799560546875, 213.23876953125], [420.2462463378906, 38.91746520996094, 449.8748779296875, 64.23282623291016], [406.8063049316406, 26.976953506469727, 500.1639709472656, 287.8927001953125], [0.31813979148864746, -1.931201696395874, 498.4162292480469, 260.0755310058594], [265.5238342285156, 0.8837459683418274, 416.8262634277344, 70.9232406616211], [461.5493469238281, 46.41127014160156, 483.2606201171875, 71.72795867919922], [245.98886108398438, -0.2927742898464203, 386.73974609375, 60.68272018432617], [370.18634033203125, 59.6732063293457, 408.41448974609375, 85.22727966308594], [461.2085876464844, 35.4951057434082, 478.47467041015625, 61.506839752197266], [121.63606262207031, 0.005230307579040527, 499.5714111328125, 214.01698303222656], [240.2140655517578, 207.46507263183594, 304.0856018066406, 250.6182403564453], [281.26971435546875, -1.0878565311431885, 425.1759033203125, 62.40293502807617], [121.63606262207031, 0.005230307579040527, 499.5714111328125, 214.01698303222656], [462.1195373535156, 29.074310302734375, 499.8347473144531, 117.99301147460938], [402.9950256347656, 11.714235305786133, 501.04998779296875, 305.82366943359375], [406.75067138671875, 18.538267135620117, 500.3017883300781, 293.7596740722656], [-0.43633580207824707, 118.06571960449219, 304.65191650390625, 263.4923095703125], [397.8195495605469, 32.69462585449219, 452.2929992675781, 66.9604263305664], [245.04580688476562, -1.1822842359542847, 376.19708251953125, 62.23557662963867], [240.19049072265625, 207.4556121826172, 304.0635070800781, 250.61561584472656], [369.93408203125, 40.3695068359375, 413.6658935546875, 84.3773422241211], [240.19049072265625, 207.4556121826172, 304.0635070800781, 250.61561584472656], [-0.06909668445587158, 106.09091186523438, 499.9256591796875, 371.7767333984375], [407.16229248046875, 15.494495391845703, 500.5913391113281, 294.9998779296875], [128.14822387695312, 158.4420166015625, 448.9646301269531, 262.060302734375], [283.2823791503906, 10.951730728149414, 353.5665588378906, 58.39136505126953], [456.16204833984375, 75.97631072998047, 482.9010925292969, 106.34905242919922], [478.671142578125, 4.771529674530029, 500.17816162109375, 70.186279296875], [407.7581787109375, 24.84085464477539, 500.0746765136719, 288.1624450683594], [406.8063049316406, 26.976953506469727, 500.1639709472656, 287.8927001953125], [373.54473876953125, 2.2510690689086914, 497.0738830566406, 72.97503662109375], [2.705901861190796, 7.42781925201416, 481.4045104980469, 215.20999145507812], [329.5032043457031, -0.5247741937637329, 380.67987060546875, 46.07218551635742], [397.8195495605469, 32.69462585449219, 452.2929992675781, 66.9604263305664], [-1.0569989681243896, 1.940913438796997, 498.91754150390625, 288.3611755371094], [121.63606262207031, 0.005230307579040527, 499.5714111328125, 214.01698303222656], [214.04110717773438, 262.04107666015625, 333.44036865234375, 329.7301025390625], [310.0611877441406, 1.010723352432251, 488.5322265625, 72.23478698730469], [121.63606262207031, 0.005230307579040527, 499.5714111328125, 214.01698303222656], [214.04110717773438, 262.04107666015625, 333.44036865234375, 329.7301025390625], [121.63606262207031, 0.005230307579040527, 499.5714111328125, 214.01698303222656], [214.04110717773438, 262.04107666015625, 333.44036865234375, 329.7301025390625], [377.6990051269531, 0.5793291926383972, 499.8988037109375, 69.81568908691406], [-0.10594725608825684, 120.12271118164062, 90.90780639648438, 189.88101196289062], [-0.10594725608825684, 120.12271118164062, 90.90780639648438, 189.88101196289062], [245.04580688476562, -1.1822842359542847, 376.19708251953125, 62.23557662963867], [442.2364196777344, 16.12956428527832, 492.5596618652344, 70.52775573730469], [128.117919921875, 165.37779235839844, 220.97740173339844, 261.8104553222656], [478.15960693359375, 29.682294845581055, 499.80157470703125, 109.8910903930664], [243.56182861328125, 0.5851238965988159, 385.6079406738281, 72.0762710571289], [456.16204833984375, 75.97631072998047, 482.9010925292969, 106.34905242919922], [370.18634033203125, 59.6732063293457, 408.41448974609375, 85.22727966308594], [258.6800842285156, -0.36322978138923645, 428.7357482910156, 39.694129943847656], [-0.7455348968505859, 0.28644874691963196, 499.1771545410156, 342.39599609375], [292.65716552734375, 16.485092163085938, 482.00665283203125, 177.17259216308594], [122.58604431152344, 57.4498176574707, 460.9699401855469, 213.89002990722656], [371.6609802246094, 31.618553161621094, 480.14935302734375, 81.39578247070312], [121.63606262207031, 0.005230307579040527, 499.5714111328125, 214.01698303222656], [243.35794067382812, 0.09154435247182846, 377.15447998046875, 66.91915893554688], [-0.4669949412345886, 118.5088882446289, 125.84716033935547, 191.46861267089844], [252.3239288330078, -1.0811285972595215, 380.5909729003906, 59.89812088012695], [121.63606262207031, 0.005230307579040527, 499.5714111328125, 214.01698303222656], [369.93408203125, 40.3695068359375, 413.6658935546875, 84.3773422241211], [121.63606262207031, 0.005230307579040527, 499.5714111328125, 214.01698303222656], [121.63606262207031, 0.005230307579040527, 499.5714111328125, 214.01698303222656], [252.3239288330078, -1.0811285972595215, 380.5909729003906, 59.89812088012695], [399.83013916015625, 35.7120475769043, 432.8490295410156, 66.41289520263672], [317.2992248535156, 29.368797302246094, 353.10699462890625, 55.65089797973633], [318.325439453125, 22.187397003173828, 354.1942443847656, 56.16529083251953], [-0.4669949412345886, 118.5088882446289, 125.84716033935547, 191.46861267089844], [243.56182861328125, 0.5851238965988159, 385.6079406738281, 72.0762710571289], [121.63606262207031, 0.005230307579040527, 499.5714111328125, 214.01698303222656], [245.98886108398438, -0.2927742898464203, 386.73974609375, 60.68272018432617], [121.63606262207031, 0.005230307579040527, 499.5714111328125, 214.01698303222656], [313.1455078125, -0.02823304384946823, 426.02288818359375, 55.726749420166016], [482.2237854003906, 29.51903533935547, 500.0206298828125, 83.80601501464844], [320.8736267089844, 19.723875045776367, 355.2938232421875, 54.195255279541016], [123.25811004638672, 0.4766508936882019, 354.69891357421875, 208.18048095703125], [127.39263153076172, 139.4176025390625, 461.8108215332031, 258.76190185546875], [239.19021606445312, 22.558473587036133, 252.79396057128906, 42.96931076049805], [456.300537109375, 89.7769546508789, 477.76904296875, 105.83113861083984], [276.9068908691406, 0.18276181817054749, 491.0561218261719, 71.65487670898438], [281.26971435546875, -1.0878565311431885, 425.1759033203125, 62.40293502807617], [402.9950256347656, 11.714235305786133, 501.04998779296875, 305.82366943359375], [6.0516743659973145, 140.4190216064453, 43.70326232910156, 180.44117736816406], [121.63606262207031, 0.005230307579040527, 499.5714111328125, 214.01698303222656], [303.5397644042969, 16.80751609802246, 491.0976257324219, 200.3231964111328], [265.5238342285156, 0.8837459683418274, 416.8262634277344, 70.9232406616211], [276.9068908691406, 0.18276181817054749, 491.0561218261719, 71.65487670898438], [134.39779663085938, 227.44972229003906, 417.1562194824219, 348.5022277832031], [123.74152374267578, -0.203792005777359, 495.49102783203125, 263.5595397949219], [-2.101004123687744, -14.753904342651367, 497.8801574707031, 254.85035705566406], [369.92840576171875, 0.36239856481552124, 427.26104736328125, 34.481422424316406], [402.9950256347656, 11.714235305786133, 501.04998779296875, 305.82366943359375], [458.2784729003906, 28.65118408203125, 499.9935607910156, 180.89329528808594], [121.63606262207031, 0.005230307579040527, 499.5714111328125, 214.01698303222656], [-1.1487454175949097, 49.751312255859375, 498.237060546875, 248.40005493164062], [-0.0924430787563324, 49.7787971496582, 64.13394165039062, 125.36707305908203], [379.4236755371094, 40.343788146972656, 414.1167297363281, 67.06826782226562], [121.63606262207031, 0.005230307579040527, 499.5714111328125, 214.01698303222656], [474.9708251953125, 28.894630432128906, 500.1263732910156, 103.2685317993164], [122.82981872558594, 13.560779571533203, 311.69384765625, 210.69097900390625], [370.18634033203125, 59.6732063293457, 408.41448974609375, 85.22727966308594], [294.408447265625, 0.42003393173217773, 422.8634338378906, 67.24574279785156], [442.2364196777344, 16.12956428527832, 492.5596618652344, 70.52775573730469], [244.84352111816406, 0.9449729919433594, 386.5023193359375, 77.0511474609375], [127.1495361328125, 66.61690521240234, 460.0129089355469, 205.1438446044922], [0.20532310009002686, -2.649698495864868, 498.2030944824219, 258.65264892578125], [318.0155334472656, 31.640092849731445, 352.0079040527344, 56.36345291137695], [121.63606262207031, 0.005230307579040527, 499.5714111328125, 214.01698303222656], [80.45339965820312, 2.571425199508667, 87.86548614501953, 7.1884565353393555], [244.669921875, 0.35696569085121155, 490.2474365234375, 73.30192565917969], [128.302490234375, 166.20968627929688, 303.54425048828125, 262.0708312988281], [129.61837768554688, 200.6260986328125, 304.28985595703125, 261.7750549316406], [466.0018615722656, 27.71327018737793, 499.7813720703125, 104.75421142578125], [266.3873596191406, 15.805156707763672, 355.40692138671875, 70.54832458496094], [214.04110717773438, 262.04107666015625, 333.44036865234375, 329.7301025390625], [-0.42663514614105225, 118.98898315429688, 136.24465942382812, 251.33863830566406], [121.63606262207031, 0.005230307579040527, 499.5714111328125, 214.01698303222656], [252.13658142089844, 13.921424865722656, 499.2357482910156, 211.65631103515625], [243.35794067382812, 0.09154435247182846, 377.15447998046875, 66.91915893554688], [150.81869506835938, 0.7108272910118103, 427.8377380371094, 92.84923553466797], [371.6609802246094, 31.618553161621094, 480.14935302734375, 81.39578247070312], [123.74152374267578, -0.203792005777359, 495.49102783203125, 263.5595397949219], [373.54473876953125, 2.2510690689086914, 497.0738830566406, 72.97503662109375], [246.01263427734375, 0.5021039247512817, 416.5641784667969, 85.35614776611328], [357.4947509765625, 55.55397415161133, 419.53948974609375, 144.5968780517578], [333.16302490234375, 7.071454048156738, 486.2891540527344, 112.38011932373047], [-0.17334520816802979, 117.5177001953125, 280.23809814453125, 214.17588806152344], [128.302490234375, 166.20968627929688, 303.54425048828125, 262.0708312988281], [115.88470458984375, -0.37291646003723145, 498.324462890625, 373.4258728027344], [456.300537109375, 89.7769546508789, 477.76904296875, 105.83113861083984], [244.84352111816406, 0.9449729919433594, 386.5023193359375, 77.0511474609375], [245.10533142089844, 4.399090766906738, 441.538818359375, 90.62335968017578], [244.66354370117188, 0.9982595443725586, 414.4120178222656, 84.880859375], [3.596860885620117, 147.19593811035156, 42.786800384521484, 181.42282104492188], [370.18634033203125, 59.6732063293457, 408.41448974609375, 85.22727966308594], [286.67645263671875, 6.851957321166992, 427.85443115234375, 85.67825317382812], [135.79092407226562, 15.494797706604004, 489.6070861816406, 255.17526245117188], [267.53338623046875, 0.22917520999908447, 378.8601379394531, 66.31282043457031], [244.66354370117188, 0.9982595443725586, 414.4120178222656, 84.880859375], [407.16229248046875, 15.494495391845703, 500.5913391113281, 294.9998779296875], [379.4236755371094, 40.343788146972656, 414.1167297363281, 67.06826782226562], [300.85614013671875, -0.4529678225517273, 429.35284423828125, 31.432756423950195], [121.63606262207031, 0.005230307579040527, 499.5714111328125, 214.01698303222656], [-0.6782189011573792, 119.16275787353516, 126.43098449707031, 278.14019775390625], [296.92791748046875, 0.03265589475631714, 416.30560302734375, 64.85672760009766], [459.832763671875, 26.835668563842773, 490.6637268066406, 70.70455932617188], [407.7581787109375, 24.84085464477539, 500.0746765136719, 288.1624450683594], [478.671142578125, 4.771529674530029, 500.17816162109375, 70.186279296875], [-0.10594725608825684, 120.12271118164062, 90.90780639648438, 189.88101196289062], [292.65716552734375, 16.485092163085938, 482.00665283203125, 177.17259216308594], [-0.4669949412345886, 118.5088882446289, 125.84716033935547, 191.46861267089844], [121.63606262207031, 0.005230307579040527, 499.5714111328125, 214.01698303222656], [130.19752502441406, 204.41575622558594, 304.468994140625, 261.9967041015625], [-0.4669949412345886, 118.5088882446289, 125.84716033935547, 191.46861267089844], [121.63606262207031, 0.005230307579040527, 499.5714111328125, 214.01698303222656], [214.04110717773438, 262.04107666015625, 333.44036865234375, 329.7301025390625], [477.9731750488281, 6.2546796798706055, 499.1092224121094, 69.84293365478516], [257.37249755859375, 1.1222474575042725, 424.942626953125, 78.70401763916016], [454.17913818359375, 29.498376846313477, 499.4449768066406, 72.64769744873047], [246.01263427734375, 0.5021039247512817, 416.5641784667969, 85.35614776611328], [75.03166198730469, 149.64990234375, 104.82829284667969, 173.88113403320312], [485.9473876953125, 29.70819664001465, 499.8655700683594, 65.15113830566406], [-0.21752715110778809, 105.91585540771484, 491.7486572265625, 240.8655242919922], [248.07125854492188, 0.3275116980075836, 487.1411437988281, 72.9341049194336], [121.63606262207031, 0.005230307579040527, 499.5714111328125, 214.01698303222656], [455.5008850097656, 28.041702270507812, 500.28961181640625, 239.45223999023438], [379.4236755371094, 40.343788146972656, 414.1167297363281, 67.06826782226562], [397.8195495605469, 32.69462585449219, 452.2929992675781, 66.9604263305664], [35.87725067138672, 155.4496612548828, 46.66791915893555, 167.08456420898438], [350.8563232421875, -0.3409213423728943, 384.3105163574219, 21.52627182006836], [350.39971923828125, -0.39915111660957336, 381.5778503417969, 12.937311172485352], [-1.0649412870407104, 1.0254979133605957, 498.92962646484375, 268.2294921875], [458.67681884765625, 35.425628662109375, 479.66448974609375, 65.268310546875], [370.9657897949219, 17.215333938598633, 497.4832458496094, 98.46829986572266], [295.99114990234375, 1.6172491312026978, 490.71917724609375, 103.8510513305664], [35.87725067138672, 155.4496612548828, 46.66791915893555, 167.08456420898438], [310.0611877441406, 1.010723352432251, 488.5322265625, 72.23478698730469], [442.2364196777344, 16.12956428527832, 492.5596618652344, 70.52775573730469], [379.33721923828125, 40.42317581176758, 414.1266174316406, 66.98509979248047], [-0.4669949412345886, 118.5088882446289, 125.84716033935547, 191.46861267089844], [128.302490234375, 166.20968627929688, 303.54425048828125, 262.0708312988281], [363.80633544921875, 19.967849731445312, 496.5586853027344, 182.26150512695312], [406.75067138671875, 18.538267135620117, 500.3017883300781, 293.7596740722656], [120.61257934570312, -0.2811625599861145, 497.85418701171875, 213.97230529785156], [394.91302490234375, 40.32434844970703, 413.50823974609375, 66.76799011230469], [239.19021606445312, 22.558473587036133, 252.79396057128906, 42.96931076049805], [-0.4669949412345886, 118.5088882446289, 125.84716033935547, 191.46861267089844], [248.11717224121094, -0.2671675682067871, 359.8325500488281, 63.97549057006836], [119.61827850341797, -1.3026148080825806, 499.0191955566406, 373.6460266113281], [134.39779663085938, 227.44972229003906, 417.1562194824219, 348.5022277832031], [129.61837768554688, 200.6260986328125, 304.28985595703125, 261.7750549316406], [455.5008850097656, 28.041702270507812, 500.28961181640625, 239.45223999023438], [248.66831970214844, 1.1746957302093506, 493.2116394042969, 117.24063873291016], [-0.7455348968505859, 0.28644874691963196, 499.1771545410156, 342.39599609375], [-0.3515481948852539, 186.63333129882812, 499.4566955566406, 374.3804626464844], [264.39617919921875, 3.1088032722473145, 376.0464782714844, 97.81394958496094], [129.08641052246094, 196.5605926513672, 222.01824951171875, 261.6049499511719], [370.9657897949219, 17.215333938598633, 497.4832458496094, 98.46829986572266], [-0.17334520816802979, 117.5177001953125, 280.23809814453125, 214.17588806152344], [369.11199951171875, 40.67835998535156, 411.5637512207031, 84.55582427978516], [120.61257934570312, -0.2811625599861145, 497.85418701171875, 213.97230529785156], [459.3534851074219, 35.4835090637207, 480.9319763183594, 69.85638427734375], [-0.035725533962249756, 22.512680053710938, 171.53036499023438, 130.69161987304688], [401.6328125, 37.09611129760742, 447.083984375, 65.4959716796875], [35.87725067138672, 155.4496612548828, 46.66791915893555, 167.08456420898438], [124.44635009765625, -0.7690005302429199, 495.13262939453125, 263.21844482421875], [379.33721923828125, 40.42317581176758, 414.1266174316406, 66.98509979248047], [121.63606262207031, 0.005230307579040527, 499.5714111328125, 214.01698303222656], [121.63606262207031, 0.005230307579040527, 499.5714111328125, 214.01698303222656], [121.63606262207031, 0.005230307579040527, 499.5714111328125, 214.01698303222656], [235.52381896972656, 0.601652979850769, 489.8920593261719, 101.56350708007812], [405.6982727050781, 22.72443389892578, 499.9237365722656, 197.40432739257812], [-0.4669949412345886, 118.5088882446289, 125.84716033935547, 191.46861267089844], [240.2140655517578, 207.46507263183594, 304.0856018066406, 250.6182403564453], [1.7126351594924927, 227.9683837890625, 494.53985595703125, 374.24664306640625], [248.11717224121094, -0.2671675682067871, 359.8325500488281, 63.97549057006836], [344.0052795410156, 35.89365768432617, 448.2049865722656, 81.53983306884766], [121.63606262207031, 0.005230307579040527, 499.5714111328125, 214.01698303222656], [130.19752502441406, 204.41575622558594, 304.468994140625, 261.9967041015625], [121.63606262207031, 0.005230307579040527, 499.5714111328125, 214.01698303222656]), Score: [0.9692148566246033, 0.09489677846431732, 0.04996907338500023, 0.04742032662034035, 0.04165006801486015, 0.038566622883081436, 0.037700194865465164, 0.037022415548563004, 0.03702028468251228, 0.03620798885822296, 0.03382701426744461, 0.03377511724829674, 0.033307209610939026, 0.032758548855781555, 0.03230974078178406, 0.03218558803200722, 0.031934626400470734, 0.03171923756599426, 0.031684234738349915, 0.03124314732849598, 0.030314777046442032, 0.030304038897156715, 0.02979636751115322, 0.029684647917747498, 0.029324159026145935, 0.02909293957054615, 0.02885965257883072, 0.028755513951182365, 0.02859373576939106, 0.028250884264707565, 0.028154507279396057, 0.027902578935027122, 0.027807001024484634, 0.02724207192659378, 0.026911268010735512, 0.026904776692390442, 0.026737570762634277, 0.026618676260113716, 0.026617350056767464, 0.026219889521598816, 0.025689641013741493, 0.02558189071714878, 0.025162670761346817, 0.025036821141839027, 0.024951934814453125, 0.02492586337029934, 0.024910492822527885, 0.02490396797657013, 0.024832656607031822, 0.024606186896562576, 0.024524183943867683, 0.02417626604437828, 0.024142945185303688, 0.023946639150381088, 0.02389685809612274, 0.023890582844614983, 0.02375033125281334, 0.023726796731352806, 0.02371305041015148, 0.023427972570061684, 0.02307235263288021, 0.022949891164898872, 0.022832341492176056, 0.022813381627202034, 0.022407254204154015, 0.022390276193618774, 0.022282345220446587, 0.022063540294766426, 0.02199653349816799, 0.021984335035085678, 0.02191501297056675, 0.021738460287451744, 0.021524082869291306, 0.021478822454810143, 0.021365996450185776, 0.02134658209979534, 0.021235710009932518, 0.021196039393544197, 0.021024590358138084, 0.020949242636561394, 0.020944669842720032, 0.020875418558716774, 0.020864441990852356, 0.020838497206568718, 0.02077612467110157, 0.02077413536608219, 0.020731845870614052, 0.020664311945438385, 0.02065436542034149, 0.020569978281855583, 0.020559554919600487, 0.02053876966238022, 0.020312484353780746, 0.02017153613269329, 0.020065734162926674, 0.019884072244167328, 0.019841022789478302, 0.019740723073482513, 0.019738661125302315, 0.01973719894886017, 0.019463321194052696, 0.019457288086414337, 0.019370349124073982, 0.019344810396432877, 0.019338754937052727, 0.01924225315451622, 0.01887519285082817, 0.018826743587851524, 0.018803315237164497, 0.0187586210668087, 0.018454160541296005, 0.018445750698447227, 0.018442681059241295, 0.01844071038067341, 0.018417829647660255, 0.018397947773337364, 0.018072115257382393, 0.017947684973478317, 0.01792300119996071, 0.017912060022354126, 0.017673920840024948, 0.017638182267546654, 0.017610525712370872, 0.017577005550265312, 0.017562109977006912, 0.01739192195236683, 0.017205139622092247, 0.017178665846586227, 0.01708613522350788, 0.017005009576678276, 0.016899576410651207, 0.016895655542612076, 0.016800645738840103, 0.016791731119155884, 0.01673644594848156, 0.016703341156244278, 0.016695471480488777, 0.016688013449311256, 0.01664632000029087, 0.016481781378388405, 0.016371112316846848, 0.016339676454663277, 0.01633916236460209, 0.0162950549274683, 0.016290301457047462, 0.016264576464891434, 0.01625351794064045, 0.016240600496530533, 0.0162298996001482, 0.016192689538002014, 0.016187729313969612, 0.01615656353533268, 0.016138693317770958, 0.016125230118632317, 0.016114724799990654, 0.016085438430309296, 0.016069388017058372, 0.016057757660746574, 0.016006074845790863, 0.015988705679774284, 0.015982870012521744, 0.01579783484339714, 0.01577536202967167, 0.015717482194304466, 0.01564619690179825, 0.015642981976270676, 0.01563255675137043, 0.015602802857756615, 0.01552435290068388, 0.015506465919315815, 0.015380405820906162, 0.015340558253228664, 0.015335790812969208, 0.01531907357275486, 0.015255783684551716, 0.015245807357132435, 0.015153219923377037, 0.015124761499464512, 0.015083505772054195, 0.01505496259778738, 0.015012569725513458, 0.014969442039728165, 0.014853660948574543, 0.014834561385214329, 0.014824801124632359, 0.014777845703065395, 0.01470986008644104, 0.014687208458781242, 0.01467694342136383, 0.0146394157782197, 0.014636102132499218, 0.014521311037242413, 0.01445787027478218, 0.014448143541812897, 0.014423077926039696, 0.014406283386051655, 0.014401125721633434, 0.014396761544048786, 0.014376132749021053, 0.014354358427226543, 0.014278450049459934, 0.014186810702085495, 0.014132588170468807, 0.014091966673731804, 0.014009354636073112, 0.013988582417368889, 0.013870983384549618, 0.013866914436221123, 0.013843062333762646, 0.013811787590384483, 0.01377914845943451, 0.013772087171673775, 0.013758726418018341, 0.013727928511798382, 0.013706871308386326, 0.013694673776626587, 0.013666409067809582, 0.013638202100992203, 0.013621648773550987, 0.013612310402095318, 0.013563757762312889, 0.013542795553803444, 0.013515914790332317, 0.013513562269508839, 0.013512404635548592, 0.013453426770865917, 0.013399839401245117, 0.013386246748268604, 0.013365318067371845, 0.013357391580939293, 0.01329597644507885, 0.013268505223095417, 0.013240802101790905, 0.013231179676949978, 0.013170400634407997, 0.013145342469215393, 0.013141632080078125, 0.013122586533427238, 0.013106349855661392, 0.013070101849734783, 0.013023530133068562, 0.013017144985496998, 0.01298486813902855, 0.012971588410437107, 0.012949683703482151, 0.012927869334816933, 0.012910516001284122, 0.01290366891771555, 0.012862772680819035, 0.012856834568083286, 0.012774879112839699, 0.012701379135251045, 0.012682455591857433, 0.012665671296417713, 0.012655912898480892, 0.012643817812204361, 0.012628902681171894, 0.012617978267371655, 0.012613262049853802, 0.0125371553003788, 0.012529400177299976, 0.012500055134296417, 0.012456403113901615, 0.012452386319637299, 0.012417052872478962, 0.012402770109474659, 0.01237434707581997, 0.012350458651781082, 0.012336140498518944, 0.012318138033151627, 0.01228292752057314, 0.012272218242287636, 0.01227128691971302, 0.012242492288351059, 0.01216955203562975, 0.012151353992521763, 0.012118262238800526, 0.012082415632903576, 0.0120707917958498, 0.01205702219158411, 0.012055352330207825, 0.012051394209265709, 0.012008707970380783, 0.011989629827439785, 0.011959616094827652, 0.01195630431175232, 0.011806681752204895, 0.01176659855991602, 0.01176482904702425, 0.011730147525668144, 0.011708145961165428, 0.011667650192975998, 0.011656932532787323, 0.01165165938436985, 0.011636721901595592, 0.011631825938820839, 0.01161432359367609, 0.011546405032277107, 0.011537168174982071, 0.011408546939492226]

Execution time: 0.4422 sec
