Label: tensor([66, 62, 39, 39, 64, 39, 56, 73, 73, 73, 73, 73, 73, 65, 41, 73, 73, 65,
        73, 67, 73, 73, 73, 73, 73, 73, 73, 73, 73, 73, 59, 73, 73, 67, 73, 73,
        73, 65, 73, 41, 73, 73, 45, 73, 57, 73, 67, 73, 73, 73, 67, 73, 73, 73,
        73, 73, 73, 73, 73, 65, 73, 73, 74, 73, 73, 73, 73, 41, 73, 73, 73, 56,
        73, 39, 56, 25, 73, 73, 59, 73, 74, 45, 56, 62, 73, 59, 73, 59, 67, 41,
        25, 73, 73, 73, 73, 73, 73, 67, 73, 41, 73, 59, 41, 65, 76, 59, 65, 76,
        65, 73,  0, 73, 73, 73, 73, 73, 63, 57, 73, 73, 73, 73, 73, 65, 73, 73,
        73, 45, 73, 73, 65, 65, 37, 76, 73, 67, 73, 73, 57,  0, 64, 73, 59, 73,
        73, 73,  0, 65, 59, 73, 39, 73,  0, 41, 73, 56, 76, 65, 74, 59, 67, 64,
        56, 73, 73, 73, 73, 41, 39, 73, 67, 30,  2, 62, 62, 66, 57, 56, 73, 73,
        60, 79, 74,  0, 73, 16, 62, 56, 67, 16, 67, 73, 67, 39, 73, 74, 64, 73,
        73,  0, 56, 75, 73, 76, 75, 65, 41, 73, 73, 73, 64,  0, 73, 79, 73, 65,
        75, 39, 62, 64, 75, 41, 73, 73, 16, 44,  3, 63, 41, 41, 65, 74, 65, 75,
        76, 56, 45, 73, 73, 73, 67, 67, 79, 73, 73, 73, 45, 73, 79, 73, 39, 73,
        39, 73, 17, 75, 60,  0, 41, 39, 73, 75, 65,  2, 65, 39, 77, 67, 73, 73,
        43, 39, 65, 24, 75, 73, 65, 39, 73, 26, 63, 41, 56, 55, 73, 39, 64, 43,
        43, 66, 73, 74, 67, 60, 27, 41, 24, 56, 63, 64]), Box: ([152.24549865722656, 275.0151062011719, 274.2567443847656, 315.6630554199219], [144.94677734375, 186.2472381591797, 244.6182098388672, 288.4598693847656], [275.7720031738281, 71.61869812011719, 288.1072998046875, 110.59832000732422], [288.8913269042969, 67.7411117553711, 302.8077392578125, 110.7837905883789], [258.3561096191406, 271.95037841796875, 282.91668701171875, 285.92266845703125], [262.87701416015625, 224.60015869140625, 283.4263000488281, 271.94512939453125], [233.55018615722656, 287.9751892089844, 380.8427429199219, 374.926025390625], [408.52392578125, 206.7969970703125, 433.1666259765625, 255.754150390625], [382.5306701660156, 209.0860137939453, 408.9563903808594, 259.1298522949219], [430.84906005859375, 210.6475067138672, 439.53924560546875, 252.71218872070312], [315.5652770996094, 261.8848571777344, 363.1578674316406, 280.9866943359375], [282.5562438964844, 168.88455200195312, 304.2947692871094, 211.6471405029297], [408.3624572753906, 212.66690063476562, 418.39593505859375, 256.9453430175781], [361.3545837402344, 257.1451416015625, 388.0242004394531, 269.4154052734375], [345.1607971191406, 204.6959991455078, 363.2508850097656, 229.14532470703125], [407.76300048828125, 213.06668090820312, 416.8785095214844, 257.4134826660156], [199.71900939941406, 129.60643005371094, 222.65005493164062, 171.51075744628906], [370.99176025390625, 227.1179656982422, 395.62255859375, 255.37075805664062], [420.65753173828125, 207.43701171875, 431.0948486328125, 254.0704345703125], [296.0797424316406, 271.9004821777344, 320.44921875, 282.48077392578125], [170.00149536132812, 131.64248657226562, 200.1787567138672, 174.99960327148438], [295.3955383300781, 170.76437377929688, 304.2786865234375, 211.531494140625], [416.4399108886719, 212.7012939453125, 424.2972412109375, 255.03553771972656], [413.8746032714844, 212.91098022460938, 422.44329833984375, 255.41773986816406], [219.73150634765625, 130.36135864257812, 238.2952880859375, 172.63726806640625], [419.3857727050781, 212.7893829345703, 425.8655090332031, 254.73931884765625], [428.32769775390625, 207.0012969970703, 435.4371643066406, 253.51071166992188], [282.0869445800781, 221.01095581054688, 327.3134460449219, 238.76852416992188], [405.65185546875, 128.23733520507812, 425.5332946777344, 157.18418884277344], [415.49407958984375, 214.1537322998047, 421.6082763671875, 255.4265899658203], [32.49351119995117, 309.9178161621094, 95.79550170898438, 364.9020080566406], [275.2574157714844, 202.89700317382812, 294.1263427734375, 212.52197265625], [385.4898376464844, 174.9965057373047, 422.4748840332031, 190.97549438476562], [370.99176025390625, 227.1179656982422, 395.62255859375, 255.37075805664062], [380.92840576171875, 205.97268676757812, 439.8609313964844, 257.5949401855469], [236.29312133789062, 128.2774658203125, 267.2323913574219, 172.7181396484375], [424.27850341796875, 207.19630432128906, 432.42926025390625, 253.7510986328125], [372.1086730957031, 227.94424438476562, 388.26373291015625, 246.39682006835938], [381.5108642578125, 216.96041870117188, 389.45806884765625, 245.34213256835938], [110.55985260009766, 348.7361145019531, 145.1695556640625, 375.02703857421875], [413.30487060546875, 213.5996551513672, 420.2414245605469, 255.6512451171875], [426.7253723144531, 207.3257293701172, 432.8633117675781, 253.60165405273438], [434.76611328125, 357.2957458496094, 485.78668212890625, 375.0718078613281], [395.23870849609375, 209.4761199951172, 408.7973937988281, 259.4493713378906], [32.49351119995117, 309.9178161621094, 95.79550170898438, 364.9020080566406], [415.8855285644531, 207.25086975097656, 430.6129455566406, 254.0752716064453], [335.6774597167969, 263.8631286621094, 350.7079162597656, 273.41973876953125], [296.0797424316406, 271.9004821777344, 320.44921875, 282.48077392578125], [163.0042266845703, 134.0547332763672, 174.48538208007812, 176.07681274414062], [386.7010803222656, 222.917724609375, 393.330078125, 247.61595153808594], [361.3545837402344, 257.1451416015625, 388.0242004394531, 269.4154052734375], [385.76214599609375, 127.45828247070312, 425.4534912109375, 156.83949279785156], [388.23101806640625, 223.63534545898438, 394.30810546875, 248.2198028564453], [283.0246276855469, 169.11700439453125, 296.3306579589844, 202.71116638183594], [410.89105224609375, 286.2486572265625, 446.37762451171875, 308.58428955078125], [275.3494873046875, 208.1890106201172, 293.0235900878906, 213.32205200195312], [381.94659423828125, 194.82778930664062, 410.0157775878906, 207.6555938720703], [422.0801086425781, 209.72427368164062, 427.9565734863281, 254.26405334472656], [435.53851318359375, 211.52267456054688, 440.1495056152344, 252.34866333007812], [379.0567321777344, 252.68699645996094, 401.16961669921875, 264.108154296875], [421.593994140625, 213.3893585205078, 426.4205322265625, 254.4150390625], [436.4207458496094, 211.5673065185547, 440.93603515625, 252.1962432861328], [313.19384765625, 79.14962005615234, 340.21185302734375, 107.68270111083984], [275.8468322753906, 201.68186950683594, 293.9105529785156, 207.78245544433594], [275.2995910644531, 168.71900939941406, 297.4754333496094, 213.19183349609375], [143.67164611816406, 135.81065368652344, 164.25540161132812, 180.03501892089844], [404.30157470703125, 209.9393310546875, 409.7602233886719, 258.7071228027344], [385.7328796386719, 127.7489013671875, 406.530029296875, 156.22767639160156], [275.8335876464844, 201.273193359375, 293.93109130859375, 206.5625457763672], [410.9035339355469, 295.50262451171875, 446.597412109375, 308.3715515136719], [482.533447265625, 136.12928771972656, 500.1946105957031, 200.86276245117188], [204.13711547851562, 288.1370544433594, 381.0086669921875, 374.83050537109375], [426.4519348144531, 207.07420349121094, 432.6375732421875, 253.84861755371094], [110.55985260009766, 348.7361145019531, 145.1695556640625, 375.02703857421875], [292.6851501464844, 288.06915283203125, 380.770751953125, 374.786376953125], [91.00575256347656, 88.94264221191406, 152.14234924316406, 362.2611083984375], [199.0509490966797, 127.7304458618164, 267.855224609375, 173.7300567626953], [412.28424072265625, 219.789794921875, 416.75811767578125, 256.2239074707031], [0.43211132287979126, 309.2483825683594, 95.78218078613281, 374.4023132324219], [289.2746276855469, 222.68359375, 322.0142822265625, 233.6319580078125], [145.19654846191406, 84.59026336669922, 163.16490173339844, 105.90740203857422], [326.17205810546875, 217.85203552246094, 342.5658874511719, 229.40292358398438], [434.76611328125, 357.2957458496094, 485.78668212890625, 375.0718078613281], [477.1697998046875, 58.02951431274414, 500.1824951171875, 136.4473876953125], [477.1697998046875, 58.02951431274414, 500.1824951171875, 136.4473876953125], [32.340885162353516, 309.6025695800781, 95.70587921142578, 365.23980712890625], [414.02081298828125, 207.0615234375, 436.69525146484375, 253.04335021972656], [35.011985778808594, 351.5722351074219, 96.77978515625, 374.609375], [381.646484375, 244.4025115966797, 395.4295349121094, 256.0187072753906], [405.65185546875, 128.23733520507812, 425.5332946777344, 157.18418884277344], [372.80810546875, 13.62649917602539, 388.067138671875, 155.74288940429688], [408.7454528808594, 218.2312469482422, 415.8228759765625, 257.1774597167969], [411.13580322265625, 296.0189514160156, 446.6666564941406, 308.0589904785156], [381.4045715332031, 217.05860900878906, 387.3171081542969, 238.24847412109375], [294.0491638183594, 170.70571899414062, 302.86798095703125, 211.60366821289062], [170.95242309570312, 133.20169067382812, 185.15931701660156, 174.1328582763672], [397.8811340332031, 61.08383560180664, 442.6555480957031, 154.8988037109375], [372.1086730957031, 227.94424438476562, 388.26373291015625, 246.39682006835938], [383.5222473144531, 178.0439910888672, 436.8839416503906, 204.7683563232422], [326.17205810546875, 217.85203552246094, 342.5658874511719, 229.40292358398438], [85.15140533447266, 355.5643615722656, 113.69657897949219, 375.125244140625], [30.61338233947754, 294.273193359375, 96.15747833251953, 319.11993408203125], [263.6397399902344, 243.06651306152344, 283.21575927734375, 271.67755126953125], [381.646484375, 244.4025115966797, 395.4295349121094, 256.0187072753906], [357.07757568359375, 197.3498992919922, 362.76171875, 205.61280822753906], [31.535594940185547, 295.4869689941406, 96.3340072631836, 365.0841064453125], [370.307373046875, 226.57310485839844, 401.6435241699219, 262.11224365234375], [346.5047912597656, 197.87344360351562, 352.52197265625, 205.51010131835938], [381.5108642578125, 216.96041870117188, 389.45806884765625, 245.34213256835938], [407.9931640625, 210.94125366210938, 414.4358215332031, 257.6434326171875], [91.00575256347656, 88.94264221191406, 152.14234924316406, 362.2611083984375], [408.0538330078125, 207.7163848876953, 428.75799560546875, 255.8131866455078], [387.08282470703125, 221.0112762451172, 393.3453063964844, 247.89625549316406], [169.47715759277344, 91.68959045410156, 186.63778686523438, 112.35523986816406], [396.8825988769531, 175.04905700683594, 421.607421875, 186.4237518310547], [335.6774597167969, 263.8631286621094, 350.7079162597656, 273.41973876953125], [315.5652770996094, 261.8848571777344, 363.1578674316406, 280.9866943359375], [0.43211132287979126, 309.2483825683594, 95.78218078613281, 374.4023132324219], [388.2907409667969, 223.6578826904297, 395.8887634277344, 254.05718994140625], [200.71438598632812, 150.5362548828125, 222.5714874267578, 171.2657012939453], [385.7328796386719, 127.7489013671875, 406.530029296875, 156.22767639160156], [397.1253662109375, 209.7346649169922, 407.8670654296875, 259.12921142578125], [186.98695373535156, 90.42207336425781, 210.4115447998047, 108.64579010009766], [335.6774597167969, 263.8631286621094, 350.7079162597656, 273.41973876953125], [383.17218017578125, 217.62045288085938, 396.10687255859375, 254.95974731445312], [433.1319885253906, 211.52438354492188, 438.30810546875, 252.4542236328125], [282.5788879394531, 229.4481658935547, 308.7346496582031, 238.73004150390625], [110.55985260009766, 348.7361145019531, 145.1695556640625, 375.02703857421875], [390.202880859375, 223.64466857910156, 398.7327880859375, 253.53846740722656], [427.7574768066406, 212.496337890625, 432.6005859375, 253.72354125976562], [326.17205810546875, 217.85203552246094, 342.5658874511719, 229.40292358398438], [163.0042266845703, 134.0547332763672, 174.48538208007812, 176.07681274414062], [91.00575256347656, 88.94264221191406, 152.14234924316406, 362.2611083984375], [350.04248046875, 197.80751037597656, 354.2145080566406, 205.5322723388672], [185.90892028808594, 89.92771911621094, 255.2041778564453, 113.28951263427734], [381.5108642578125, 216.96041870117188, 389.45806884765625, 245.34213256835938], [386.0115051269531, 180.70611572265625, 422.4853820800781, 191.17031860351562], [200.03472900390625, 129.87095642089844, 220.69285583496094, 150.25164794921875], [32.340885162353516, 309.6025695800781, 95.70587921142578, 365.23980712890625], [28.58868980407715, 199.40176391601562, 44.22365188598633, 228.92666625976562], [369.42138671875, 249.5333251953125, 381.49639892578125, 259.1590881347656], [382.1073303222656, 187.94825744628906, 437.4185791015625, 208.45652770996094], [35.28022384643555, 349.997314453125, 148.40560913085938, 374.565673828125], [411.62835693359375, 286.54278564453125, 433.1116638183594, 300.7935485839844], [398.03778076171875, 209.66644287109375, 408.24102783203125, 259.2594299316406], [370.095703125, 345.2822265625, 411.57177734375, 372.8012390136719], [63.37702178955078, 245.68594360351562, 81.33348846435547, 274.3634948730469], [372.93585205078125, 228.02981567382812, 387.5159912109375, 246.12542724609375], [32.327510833740234, 308.8209228515625, 151.48094177246094, 374.3756408691406], [409.5298767089844, 305.2553405761719, 442.85052490234375, 365.018798828125], [163.0042266845703, 134.0547332763672, 174.48538208007812, 176.07681274414062], [477.4818420410156, 58.10564422607422, 500.4382019042969, 201.29566955566406], [32.49351119995117, 309.9178161621094, 95.79550170898438, 364.9020080566406], [55.659873962402344, 78.15438842773438, 77.41072845458984, 99.4942626953125], [423.41864013671875, 108.29489135742188, 430.1157531738281, 154.3545684814453], [32.49351119995117, 309.9178161621094, 95.79550170898438, 364.9020080566406], [352.08770751953125, 197.87315368652344, 356.2870178222656, 205.53944396972656], [361.61328125, 257.7558288574219, 387.505126953125, 269.3855895996094], [194.49786376953125, 53.32039260864258, 222.31907653808594, 89.68040466308594], [32.46719741821289, 323.5787353515625, 82.26829528808594, 357.8678894042969], [379.0567321777344, 252.68699645996094, 401.16961669921875, 264.108154296875], [251.6957550048828, 246.4700164794922, 263.4263610839844, 261.7787780761719], [142.65306091308594, 287.5235900878906, 381.65771484375, 374.9142150878906], [315.8829345703125, 267.41339111328125, 362.76947021484375, 281.3351135253906], [85.3515396118164, 349.7597961425781, 146.00982666015625, 375.1064758300781], [408.9571533203125, 207.39410400390625, 431.7499084472656, 226.3381805419922], [275.12384033203125, 202.57913208007812, 304.0280456542969, 213.20314025878906], [385.76214599609375, 127.45828247070312, 425.4534912109375, 156.83949279785156], [275.61956787109375, 71.80266571044922, 288.14190673828125, 110.11670684814453], [275.222900390625, 199.82125854492188, 304.2139892578125, 213.7571258544922], [370.307373046875, 226.57310485839844, 401.6435241699219, 262.11224365234375], [372.80810546875, 13.62649917602539, 388.067138671875, 155.74288940429688], [55.659873962402344, 78.15438842773438, 77.41072845458984, 99.4942626953125], [144.72955322265625, 186.61813354492188, 244.7480010986328, 288.5606384277344], [482.533447265625, 136.12928771972656, 500.1946105957031, 200.86276245117188], [30.61338233947754, 294.273193359375, 96.15747833251953, 319.11993408203125], [31.535594940185547, 295.4869689941406, 96.3340072631836, 365.0841064453125], [210.70806884765625, 369.0418395996094, 241.2904052734375, 375.0084533691406], [347.0181884765625, 79.55513763427734, 375.8732604980469, 156.22201538085938], [437.7511901855469, 210.64183044433594, 446.9735412597656, 252.6519317626953], [35.28022384643555, 349.997314453125, 148.40560913085938, 374.565673828125], [357.07757568359375, 197.3498992919922, 362.76171875, 205.61280822753906], [370.99176025390625, 227.1179656982422, 395.62255859375, 255.37075805664062], [51.69036102294922, 54.682586669921875, 81.41226196289062, 99.46644592285156], [410.5539855957031, 211.9358673095703, 422.5373229980469, 225.4784698486328], [28.58868980407715, 199.40176391601562, 44.22365188598633, 228.92666625976562], [372.80810546875, 13.62649917602539, 388.067138671875, 155.74288940429688], [32.340885162353516, 309.6025695800781, 95.70587921142578, 365.23980712890625], [369.42138671875, 249.5333251953125, 381.49639892578125, 259.1590881347656], [32.49351119995117, 309.9178161621094, 95.79550170898438, 364.9020080566406], [257.4831848144531, 271.826171875, 283.5304870605469, 286.5652770996094], [477.7193603515625, 58.16618347167969, 500.26397705078125, 104.20567321777344], [326.17205810546875, 217.85203552246094, 342.5658874511719, 229.40292358398438], [385.7328796386719, 127.7489013671875, 406.530029296875, 156.22767639160156], [414.0205078125, 206.76060485839844, 433.8924560546875, 227.42662048339844], [335.6774597167969, 263.8631286621094, 350.7079162597656, 273.41973876953125], [292.30096435546875, 224.08209228515625, 313.38916015625, 232.43968200683594], [380.96234130859375, 210.04962158203125, 408.1652526855469, 259.91259765625], [372.1086730957031, 227.94424438476562, 388.26373291015625, 246.39682006835938], [479.9768371582031, 92.15464782714844, 499.9230041503906, 118.52119445800781], [0.43211132287979126, 309.2483825683594, 95.78218078613281, 374.4023132324219], [275.61956787109375, 71.80266571044922, 288.14190673828125, 110.11670684814453], [409.4148254394531, 211.93704223632812, 418.7130432128906, 221.29701232910156], [345.5658264160156, 198.13751220703125, 350.1968688964844, 205.5037078857422], [262.8153381347656, 224.53433227539062, 283.4291687011719, 271.9359436035156], [85.15140533447266, 355.5643615722656, 113.69657897949219, 375.125244140625], [434.76611328125, 357.2957458496094, 485.78668212890625, 375.0718078613281], [409.0189208984375, 305.1903076171875, 442.7014465332031, 373.20013427734375], [370.99176025390625, 227.1179656982422, 395.62255859375, 255.37075805664062], [326.17205810546875, 217.85203552246094, 342.5658874511719, 229.40292358398438], [274.48974609375, 280.54718017578125, 284.8268127441406, 287.3065490722656], [53.604888916015625, 54.63067626953125, 76.91399383544922, 74.387939453125], [386.39996337890625, 177.28475952148438, 422.4346618652344, 190.3737335205078], [354.27069091796875, 197.2271270751953, 358.5976867675781, 205.63633728027344], [410.014892578125, 196.97311401367188, 436.6791687011719, 203.28578186035156], [369.42138671875, 249.5333251953125, 381.49639892578125, 259.1590881347656], [419.5906982421875, 97.12767028808594, 431.36822509765625, 154.4530792236328], [295.3955383300781, 170.76437377929688, 304.2786865234375, 211.531494140625], [397.8811340332031, 61.08383560180664, 442.6555480957031, 154.8988037109375], [210.70806884765625, 369.0418395996094, 241.2904052734375, 375.0084533691406], [345.1607971191406, 204.6959991455078, 363.2508850097656, 229.14532470703125], [85.3515396118164, 349.7597961425781, 146.00982666015625, 375.1064758300781], [410.7098693847656, 295.8070068359375, 446.5501403808594, 311.2471923828125], [438.6961669921875, 211.6968536376953, 442.35552978515625, 252.6190948486328], [63.37702178955078, 245.68594360351562, 81.33348846435547, 274.3634948730469], [251.69435119628906, 225.24476623535156, 269.2982177734375, 261.5886535644531], [63.37702178955078, 245.68594360351562, 81.33348846435547, 274.3634948730469], [85.3515396118164, 349.7597961425781, 146.00982666015625, 375.1064758300781], [262.87701416015625, 224.60015869140625, 283.4263000488281, 271.94512939453125], [282.5787353515625, 235.7473907470703, 301.270751953125, 266.27764892578125], [371.9200134277344, 227.7838897705078, 393.555908203125, 254.8436279296875], [50.62860870361328, 148.2405242919922, 72.0364761352539, 181.8985137939453], [362.3276062011719, 257.7740783691406, 384.31475830078125, 267.3599853515625], [110.55985260009766, 348.7361145019531, 145.1695556640625, 375.02703857421875], [354.27069091796875, 197.2271270751953, 358.5976867675781, 205.63633728027344], [91.00575256347656, 88.94264221191406, 152.14234924316406, 362.2611083984375], [379.0567321777344, 252.68699645996094, 401.16961669921875, 264.108154296875], [438.28076171875, 210.95404052734375, 446.4270935058594, 252.66815185546875], [273.5356140136719, 208.10986328125, 328.3914794921875, 222.05520629882812], [401.1711120605469, 209.523681640625, 408.8282775878906, 259.3430480957031], [296.44219970703125, 271.9988708496094, 320.4566345214844, 282.07281494140625], [372.93585205078125, 228.02981567382812, 387.5159912109375, 246.12542724609375], [352.08770751953125, 197.87315368652344, 356.2870178222656, 205.53944396972656], [408.3536071777344, 213.0519256591797, 415.0751647949219, 257.61956787109375], [55.659873962402344, 78.15438842773438, 77.41072845458984, 99.4942626953125], [390.2566833496094, 224.20106506347656, 395.01275634765625, 247.63821411132812], [85.3515396118164, 349.7597961425781, 146.00982666015625, 375.1064758300781], [384.4601745605469, 218.0242919921875, 395.9332275390625, 255.283447265625], [350.04248046875, 197.80751037597656, 354.2145080566406, 205.5322723388672], [417.21661376953125, 214.0645294189453, 422.1493835449219, 226.3258056640625], [381.5108642578125, 216.96041870117188, 389.45806884765625, 245.34213256835938], [283.27880859375, 169.1270751953125, 304.2280578613281, 211.3664093017578], [262.8153381347656, 224.53433227539062, 283.4291687011719, 271.9359436035156], [44.1231575012207, 50.104190826416016, 93.62381744384766, 98.5249252319336], [28.58868980407715, 199.40176391601562, 44.22365188598633, 228.92666625976562], [409.0189208984375, 305.1903076171875, 442.7014465332031, 373.20013427734375], [35.011985778808594, 351.5722351074219, 96.77978515625, 374.609375], [236.29312133789062, 128.2774658203125, 267.2323913574219, 172.7181396484375], [409.5298767089844, 305.2553405761719, 442.85052490234375, 365.018798828125], [388.2907409667969, 223.6578826904297, 395.8887634277344, 254.05718994140625], [384.1049499511719, 186.51646423339844, 423.3372497558594, 201.85316467285156], [288.998046875, 67.82321166992188, 302.6581726074219, 105.94287872314453], [411.62835693359375, 286.54278564453125, 433.1116638183594, 300.7935485839844], [44.1231575012207, 50.104190826416016, 93.62381744384766, 98.5249252319336], [364.96624755859375, 249.37411499023438, 395.48321533203125, 268.04339599609375], [419.5906982421875, 97.12767028808594, 431.36822509765625, 154.4530792236328], [51.69036102294922, 54.682586669921875, 81.41226196289062, 99.46644592285156], [50.62860870361328, 148.2405242919922, 72.0364761352539, 181.8985137939453], [379.0567321777344, 252.68699645996094, 401.16961669921875, 264.108154296875], [294.94744873046875, 171.58880615234375, 301.15240478515625, 211.74679565429688], [354.27069091796875, 197.2271270751953, 358.5976867675781, 205.63633728027344], [288.998046875, 67.82321166992188, 302.6581726074219, 105.94287872314453], [385.4898376464844, 174.9965057373047, 422.4748840332031, 190.97549438476562], [32.49351119995117, 309.9178161621094, 95.79550170898438, 364.9020080566406], [385.7328796386719, 127.7489013671875, 406.530029296875, 156.22767639160156], [296.44219970703125, 271.9988708496094, 320.4566345214844, 282.07281494140625], [257.4831848144531, 271.826171875, 283.5304870605469, 286.5652770996094], [370.99176025390625, 227.1179656982422, 395.62255859375, 255.37075805664062], [405.4671936035156, 210.16017150878906, 410.2347106933594, 258.48651123046875], [91.00575256347656, 88.94264221191406, 152.14234924316406, 362.2611083984375], [85.15140533447266, 355.5643615722656, 113.69657897949219, 375.125244140625], [143.67164611816406, 135.81065368652344, 164.25540161132812, 180.03501892089844], [210.8843536376953, 361.7569274902344, 285.07574462890625, 375.0422058105469], [326.17205810546875, 217.85203552246094, 342.5658874511719, 229.40292358398438], [163.03602600097656, 133.18966674804688, 173.5054168701172, 176.44552612304688], [85.3515396118164, 349.7597961425781, 146.00982666015625, 375.1064758300781], [379.0567321777344, 252.68699645996094, 401.16961669921875, 264.108154296875], [352.08770751953125, 197.87315368652344, 356.2870178222656, 205.53944396972656], [350.04248046875, 197.80751037597656, 354.2145080566406, 205.5322723388672], [30.876544952392578, 296.0315246582031, 84.49131774902344, 310.25738525390625], [345.1607971191406, 204.6959991455078, 363.2508850097656, 229.14532470703125], [149.480224609375, 63.52671813964844, 157.35763549804688, 71.44088745117188], [251.6957550048828, 246.4700164794922, 263.4263610839844, 261.7787780761719], [29.908000946044922, 292.0353088378906, 353.0195617675781, 373.8911437988281], [372.80810546875, 13.62649917602539, 388.067138671875, 155.74288940429688], [282.5562438964844, 168.88455200195312, 304.2947692871094, 211.6471405029297], [91.00575256347656, 88.94264221191406, 152.14234924316406, 362.2611083984375], [31.535594940185547, 295.4869689941406, 96.3340072631836, 365.0841064453125], [477.1697998046875, 58.02951431274414, 500.1824951171875, 136.4473876953125], [272.55120849609375, 280.305419921875, 284.8143310546875, 287.3540344238281]), Score: [0.9376895427703857, 0.933474600315094, 0.8900294899940491, 0.8557510375976562, 0.8352594375610352, 0.7250373363494873, 0.7056260108947754, 0.6174073219299316, 0.5339966416358948, 0.501787543296814, 0.4846281409263611, 0.461579829454422, 0.45175081491470337, 0.43543267250061035, 0.41504713892936707, 0.3846225142478943, 0.36770960688591003, 0.364097535610199, 0.33768177032470703, 0.33746346831321716, 0.33191362023353577, 0.3296022117137909, 0.3280157744884491, 0.29913508892059326, 0.29881465435028076, 0.2984165847301483, 0.2937256097793579, 0.2931154668331146, 0.29238104820251465, 0.28734371066093445, 0.2858840823173523, 0.2814956307411194, 0.27497410774230957, 0.2720155417919159, 0.269572913646698, 0.26927268505096436, 0.26315635442733765, 0.25758907198905945, 0.24743293225765228, 0.24228283762931824, 0.242203950881958, 0.23884233832359314, 0.23689836263656616, 0.23661915957927704, 0.23472970724105835, 0.22591930627822876, 0.2243289351463318, 0.2235860824584961, 0.2211354821920395, 0.2178783118724823, 0.21419395506381989, 0.20467466115951538, 0.20318779349327087, 0.2001279890537262, 0.19711431860923767, 0.19680054485797882, 0.19323769211769104, 0.1921956092119217, 0.18844008445739746, 0.18737277388572693, 0.18580035865306854, 0.1796587109565735, 0.17906107008457184, 0.17845478653907776, 0.17510731518268585, 0.17265355587005615, 0.1724676489830017, 0.1724025309085846, 0.1608567237854004, 0.1603272706270218, 0.16014359891414642, 0.15939640998840332, 0.1578841209411621, 0.1567978858947754, 0.15641096234321594, 0.15394915640354156, 0.15071018040180206, 0.15048488974571228, 0.15041665732860565, 0.1496109515428543, 0.14911791682243347, 0.14870299398899078, 0.1478373259305954, 0.14393728971481323, 0.14302697777748108, 0.13840381801128387, 0.13497009873390198, 0.12964729964733124, 0.12942487001419067, 0.12897682189941406, 0.12875398993492126, 0.1260150671005249, 0.12521851062774658, 0.12285597622394562, 0.12237272411584854, 0.12212201207876205, 0.1216006726026535, 0.11936631053686142, 0.11899641156196594, 0.11621810495853424, 0.11557728052139282, 0.11489241570234299, 0.1140572801232338, 0.11210932582616806, 0.11197898536920547, 0.11145824939012527, 0.1109989583492279, 0.10830625891685486, 0.10710162669420242, 0.10543015599250793, 0.10499937832355499, 0.1046232357621193, 0.10441131144762039, 0.10365856438875198, 0.10300786048173904, 0.10200271755456924, 0.10160857439041138, 0.10093685239553452, 0.10011091828346252, 0.0994841605424881, 0.09948302805423737, 0.09943049401044846, 0.09565381705760956, 0.09515638649463654, 0.09504515677690506, 0.09441724419593811, 0.09416095912456512, 0.09396687895059586, 0.09386081248521805, 0.09368156641721725, 0.09348305314779282, 0.09248320758342743, 0.0919995978474617, 0.09133271872997284, 0.0911819264292717, 0.09102560579776764, 0.09079299867153168, 0.09031503647565842, 0.08941376954317093, 0.08890683203935623, 0.08849446475505829, 0.08841720968484879, 0.08827758580446243, 0.08776724338531494, 0.08766154944896698, 0.08702593296766281, 0.08613916486501694, 0.08599365502595901, 0.08549723774194717, 0.08252431452274323, 0.0825076773762703, 0.0823778510093689, 0.08198556303977966, 0.08150286972522736, 0.08146723359823227, 0.08115088939666748, 0.0811171680688858, 0.0805346816778183, 0.08038517087697983, 0.08037859946489334, 0.07945435494184494, 0.07929738610982895, 0.07795023918151855, 0.07721686363220215, 0.07715622335672379, 0.07714960724115372, 0.07701820135116577, 0.07592944800853729, 0.0758969634771347, 0.0753852128982544, 0.07523840665817261, 0.07458827644586563, 0.07447303831577301, 0.07371692359447479, 0.07310347259044647, 0.07281167805194855, 0.07276126742362976, 0.0723394826054573, 0.07218554615974426, 0.07211927324533463, 0.07187928259372711, 0.07147637754678726, 0.07131950557231903, 0.07111400365829468, 0.07082602381706238, 0.0707281157374382, 0.07066553831100464, 0.07061544805765152, 0.07044050097465515, 0.07030556350946426, 0.070156030356884, 0.07011386007070541, 0.06982499361038208, 0.06942306458950043, 0.06925464421510696, 0.06887226551771164, 0.0688595101237297, 0.06884662806987762, 0.06879787147045135, 0.06872653216123581, 0.06866410374641418, 0.0684988722205162, 0.06772160530090332, 0.06731169670820236, 0.0672667920589447, 0.06686826795339584, 0.06676309555768967, 0.06621259450912476, 0.06610986590385437, 0.06593262404203415, 0.0658334419131279, 0.06574404239654541, 0.06540235877037048, 0.06540228426456451, 0.06501904875040054, 0.06500044465065002, 0.06497306376695633, 0.06434319168329239, 0.06419920176267624, 0.06406008452177048, 0.06326007097959518, 0.06293606758117676, 0.06282676756381989, 0.06262581795454025, 0.06242822855710983, 0.062353137880563736, 0.06221183389425278, 0.06202143058180809, 0.06199846789240837, 0.061915673315525055, 0.061654191464185715, 0.06164998561143875, 0.061643585562705994, 0.06158429756760597, 0.0614648312330246, 0.06139111891388893, 0.0613253116607666, 0.06119547411799431, 0.061172518879175186, 0.061089709401130676, 0.06073610112071037, 0.060542430728673935, 0.06049273535609245, 0.06002352759242058, 0.059760820120573044, 0.05971899628639221, 0.05969218537211418, 0.05936631187796593, 0.05916885286569595, 0.058766212314367294, 0.058560606092214584, 0.05841522663831711, 0.05836242437362671, 0.05826171115040779, 0.05823889747262001, 0.05823417752981186, 0.05813302844762802, 0.058000046759843826, 0.0579199343919754, 0.05762092396616936, 0.0573851615190506, 0.05732457712292671, 0.05721365660429001, 0.05717968940734863, 0.05673912912607193, 0.056687016040086746, 0.05668102204799652, 0.055910468101501465, 0.05541188269853592, 0.05540207400918007, 0.05533447489142418, 0.055287186056375504, 0.05523226782679558, 0.05508400872349739, 0.05481119081377983, 0.05478157103061676, 0.054517026990652084, 0.05430765450000763, 0.054268766194581985, 0.05418118089437485, 0.054056622087955475, 0.054009608924388885, 0.053816258907318115, 0.05357882007956505, 0.05346449092030525, 0.05340825021266937, 0.05312960967421532, 0.05310479924082756, 0.053006839007139206, 0.052865948528051376, 0.05286217853426933, 0.052836593240499496, 0.05264848470687866, 0.05261973664164543, 0.05254841968417168, 0.052541133016347885, 0.05240834131836891, 0.05182018131017685, 0.051555085927248, 0.051417697221040726]

Execution time: 0.4221 sec
