Label: tensor([ 0, 41, 39, 39, 41, 39,  0, 41, 39, 39, 39, 45, 41, 41, 39, 45, 41, 40,
        41, 39, 39, 45, 45, 39, 60, 43, 60, 60, 60, 39, 56, 39, 60, 41, 45, 60,
        40, 45, 41, 39, 41, 41, 41, 60, 39, 43, 39, 60, 43, 72,  0, 41, 40, 44,
        45, 41, 41, 45,  0, 39, 64, 43, 71,  0, 43, 60, 60, 76, 41, 39, 39, 39,
         0, 39, 60, 72, 39, 56, 39, 39, 43,  0, 71, 41, 60, 60, 41, 60, 40, 39,
        45, 39, 74, 67, 60, 45, 39, 43, 60, 45, 56, 43, 75, 39, 39, 39, 40, 41,
        39, 25, 43, 71, 39, 40, 39, 72, 39, 39, 71, 40, 75, 41, 43,  0, 41, 60,
        71, 60, 39, 56, 40, 43, 43, 39, 43, 39, 39, 40, 43, 56, 43, 39, 43, 39,
        39, 43, 45, 60, 41, 41, 53,  0, 60, 40, 45, 74, 41, 41, 41, 40, 71, 40,
        56, 39, 41, 44, 43, 75, 41, 40, 41, 53, 71, 39, 39, 43, 39, 39, 69, 40,
        56, 40, 43, 69, 39, 25, 43, 60, 71, 41, 73,  0, 39, 39, 75, 43, 41, 25,
        48, 41, 45, 40, 44, 45, 60, 41,  0, 39, 39,  0, 41, 43, 39, 60, 41, 60,
        43, 43, 44, 46, 39, 40, 43, 40, 71, 71, 49, 74, 40, 41, 60, 45, 39, 48,
        41, 39, 43, 40,  0, 39, 60, 73, 40, 69, 42, 76, 43, 56, 45, 56, 53, 60,
        56, 44, 40, 60, 75, 44, 40, 41, 45, 41, 56,  0, 55, 60, 55, 71, 41, 75,
        69, 75, 56, 40, 71, 56, 43, 56, 39, 68, 45, 41, 44, 42, 40, 72, 40,  0,
         0, 43, 45, 71, 26, 72, 44, 41, 39, 45, 73, 58]), Box: ([0.8141696453094482, 19.628103256225586, 463.17816162109375, 373.82586669921875], [94.59461975097656, 236.40858459472656, 173.8403778076172, 373.1487731933594], [88.7677001953125, 99.01805114746094, 104.75421905517578, 163.08050537109375], [325.7843322753906, 147.90550231933594, 350.1957702636719, 202.8208465576172], [15.069144248962402, 167.5165557861328, 50.630615234375, 224.01223754882812], [39.679779052734375, 115.10777282714844, 70.19098663330078, 218.0753936767578], [0.045958906412124634, 88.93077087402344, 38.212581634521484, 211.1959686279297], [57.57200622558594, 174.1923370361328, 83.15969848632812, 224.59457397460938], [427.9128723144531, 158.38595581054688, 437.9449768066406, 189.60301208496094], [39.57284164428711, 115.14759063720703, 70.43257141113281, 178.4208526611328], [80.32664489746094, 178.1272735595703, 90.73661041259766, 222.736083984375], [365.410400390625, 203.20436096191406, 400.53265380859375, 218.90904235839844], [120.94406127929688, 141.75987243652344, 136.2259521484375, 165.09518432617188], [60.30461120605469, 190.76864624023438, 80.91294860839844, 224.30694580078125], [298.8789367675781, 156.80288696289062, 313.5558166503906, 176.21192932128906], [350.43402099609375, 188.5186767578125, 438.696533203125, 219.42251586914062], [43.647178649902344, 176.60752868652344, 62.62922286987305, 221.2191925048828], [15.036277770996094, 167.53213500976562, 50.5687370300293, 224.15736389160156], [2.6258602142333984, 200.2398223876953, 19.830413818359375, 223.6493377685547], [57.57200622558594, 174.1923370361328, 83.15969848632812, 224.59457397460938], [298.63818359375, 156.81887817382812, 315.8602294921875, 190.16172790527344], [398.366943359375, 184.07044982910156, 436.62933349609375, 199.42901611328125], [397.9866943359375, 184.0757598876953, 436.4921875, 198.00857543945312], [41.821083068847656, 70.63655090332031, 66.19644927978516, 138.37771606445312], [9.654789924621582, 139.13595581054688, 182.356201171875, 224.8985137939453], [23.364395141601562, 65.1991958618164, 33.23362350463867, 128.06008911132812], [0.09885430335998535, 158.36766052246094, 500.04766845703125, 373.3051452636719], [83.27619934082031, 140.49908447265625, 184.03016662597656, 222.65745544433594], [0.24303793907165527, 145.8642120361328, 500.1849060058594, 372.4064025878906], [70.15626525878906, 139.91619873046875, 83.34455871582031, 161.35833740234375], [-0.03212690353393555, 285.63720703125, 55.319610595703125, 342.663330078125], [63.2425537109375, 138.8177490234375, 85.24475860595703, 223.02919006347656], [13.936385154724121, 172.04193115234375, 443.7056884765625, 233.2065887451172], [46.03840255737305, 189.94284057617188, 61.43899917602539, 221.25875854492188], [362.1710510253906, 200.55572509765625, 436.7284851074219, 219.833251953125], [2.6162266731262207, 136.09068298339844, 183.58409118652344, 223.89158630371094], [2.7817506790161133, 64.23953247070312, 16.93779754638672, 84.375732421875], [405.5263671875, 184.3915252685547, 436.1622619628906, 204.9777374267578], [486.5221252441406, 212.9418182373047, 500.1340637207031, 225.1908416748047], [298.750244140625, 156.81919860839844, 314.40667724609375, 183.07322692871094], [109.86441040039062, 139.86703491210938, 136.86074829101562, 166.52224731445312], [298.8789367675781, 156.80288696289062, 313.5558166503906, 176.21192932128906], [42.126834869384766, 171.69052124023438, 63.34935760498047, 221.09323120117188], [69.36576080322266, 139.64724731445312, 184.36778259277344, 222.90870666503906], [358.9598693847656, 186.2081756591797, 367.1163024902344, 206.38339233398438], [42.2410888671875, 76.95787048339844, 51.4493293762207, 136.80508422851562], [427.15264892578125, 158.38436889648438, 441.0711669921875, 217.1743927001953], [365.8045349121094, 210.8468017578125, 499.7156066894531, 237.44725036621094], [23.4195556640625, 65.38691711425781, 32.614498138427734, 108.16085815429688], [0.07364340126514435, 28.00593376159668, 59.56297302246094, 135.04307556152344], [0.15352293848991394, 88.70446014404297, 51.764137268066406, 228.84335327148438], [74.57077026367188, 175.4643096923828, 87.337158203125, 222.5935821533203], [298.8789367675781, 156.80288696289062, 313.5558166503906, 176.21192932128906], [2.7817506790161133, 64.23953247070312, 16.93779754638672, 84.375732421875], [408.1156921386719, 188.8249053955078, 436.2627868652344, 206.02420043945312], [16.661190032958984, 167.51358032226562, 50.25082778930664, 180.69613647460938], [103.77722930908203, 138.8245849609375, 117.33366394042969, 164.29359436035156], [486.5221252441406, 212.9418182373047, 500.1340637207031, 225.1908416748047], [-0.03212690353393555, 285.63720703125, 55.319610595703125, 342.663330078125], [114.62835693359375, 137.508544921875, 123.48307800292969, 163.37612915039062], [400.84295654296875, 209.98031616210938, 436.16192626953125, 221.34161376953125], [45.989906311035156, 76.43284606933594, 53.213802337646484, 114.36531066894531], [0.3287922739982605, 215.87335205078125, 48.770973205566406, 233.4104766845703], [-0.0021085143089294434, 89.24424743652344, 34.402984619140625, 173.0160675048828], [398.25762939453125, 203.27809143066406, 435.421630859375, 210.08213806152344], [365.0276184082031, 214.1762237548828, 500.287353515625, 373.7731018066406], [349.75189208984375, 187.52655029296875, 500.2378845214844, 225.0292510986328], [2.7817506790161133, 64.23953247070312, 16.93779754638672, 84.375732421875], [45.53086471557617, 189.67898559570312, 82.42865753173828, 224.376220703125], [74.57077026367188, 175.4643096923828, 87.337158203125, 222.5935821533203], [48.804542541503906, 70.13972473144531, 63.07660675048828, 123.1894760131836], [42.126834869384766, 171.69052124023438, 63.34935760498047, 221.09323120117188], [-0.09720027446746826, 88.49437713623047, 84.48990631103516, 341.24884033203125], [74.18279266357422, 175.519775390625, 86.13389587402344, 222.52012634277344], [40.01959991455078, 137.73976135253906, 183.45616149902344, 177.0615234375], [0.019688159227371216, 25.788455963134766, 67.25914764404297, 209.03302001953125], [43.647178649902344, 176.60752868652344, 62.62922286987305, 221.2191925048828], [24.055011749267578, 285.62200927734375, 55.14311218261719, 314.6568908691406], [29.869388580322266, 75.94898223876953, 50.653289794921875, 137.29981994628906], [67.90335845947266, 139.7467041015625, 84.80056762695312, 187.4148406982422], [30.48668670654297, 76.83636474609375, 47.80360412597656, 124.52484130859375], [0.1679249107837677, 88.10861206054688, 71.06493377685547, 222.9794158935547], [435.3783874511719, 190.54147338867188, 499.8480529785156, 222.01156616210938], [74.18279266357422, 175.519775390625, 86.13389587402344, 222.52012634277344], [4.9089789390563965, 188.26943969726562, 498.9840393066406, 372.9576416015625], [1.4072507619857788, 200.43023681640625, 498.7164001464844, 373.8868103027344], [57.208457946777344, 173.89617919921875, 73.50315856933594, 190.11148071289062], [9.046852111816406, 174.0634307861328, 446.7841796875, 326.9842529296875], [94.33199310302734, 236.04844665527344, 174.07321166992188, 373.5660705566406], [30.48668670654297, 76.83636474609375, 47.80360412597656, 124.52484130859375], [419.4329528808594, 183.78961181640625, 436.125244140625, 197.85801696777344], [39.85573196411133, 70.40593719482422, 66.90693664550781, 149.24484252929688], [66.85215759277344, 50.74113082885742, 88.6091537475586, 78.81665802001953], [400.84295654296875, 209.98031616210938, 436.16192626953125, 221.34161376953125], [350.43402099609375, 188.5186767578125, 438.696533203125, 219.42251586914062], [363.1982727050781, 191.8619384765625, 411.1498718261719, 204.9403533935547], [58.83603286743164, 118.09071350097656, 66.72293090820312, 135.902587890625], [41.54997253417969, 77.66084289550781, 49.41142272949219, 112.55228424072266], [0.46896934509277344, 212.6085205078125, 499.92095947265625, 374.2008056640625], [417.1873779296875, 184.15591430664062, 435.8442687988281, 198.97341918945312], [23.887344360351562, 285.5651550292969, 55.28706359863281, 321.6580505371094], [31.061203002929688, 77.30984497070312, 43.94409942626953, 123.23368835449219], [57.57200622558594, 174.1923370361328, 83.15969848632812, 224.59457397460938], [49.572593688964844, 70.27667236328125, 60.69479751586914, 116.63326263427734], [80.4017333984375, 193.0375518798828, 90.16129302978516, 222.373046875], [57.294189453125, 94.22760009765625, 66.30351257324219, 134.9110107421875], [70.15626525878906, 139.91619873046875, 83.34455871582031, 161.35833740234375], [70.15626525878906, 139.91619873046875, 83.34455871582031, 161.35833740234375], [15.036277770996094, 167.53213500976562, 50.5687370300293, 224.15736389160156], [11.867671966552734, 0.37870556116104126, 437.7012023925781, 87.69017791748047], [29.869388580322266, 75.94898223876953, 50.653289794921875, 137.29981994628906], [362.1710510253906, 200.55572509765625, 436.7284851074219, 219.833251953125], [120.94406127929688, 141.75987243652344, 136.2259521484375, 165.09518432617188], [298.750244140625, 156.81919860839844, 314.40667724609375, 183.07322692871094], [325.64306640625, 148.45138549804688, 340.29412841796875, 197.59042358398438], [83.27619934082031, 140.49908447265625, 184.03016662597656, 222.65745544433594], [23.4195556640625, 65.38691711425781, 32.614498138427734, 108.16085815429688], [42.2410888671875, 76.95787048339844, 51.4493293762207, 136.80508422851562], [401.3078308105469, 210.3492431640625, 499.5768127441406, 234.53248596191406], [58.199928283691406, 174.32337951660156, 82.38294982910156, 224.408447265625], [88.81498718261719, 99.25081634521484, 105.00668334960938, 162.7928009033203], [56.88610076904297, 174.03070068359375, 73.41016387939453, 201.0525360107422], [24.03987693786621, 65.4301986694336, 32.747859954833984, 131.4357452392578], [-0.17662346363067627, 72.09994506835938, 69.62798309326172, 210.9425506591797], [35.87958526611328, 167.9641571044922, 50.851593017578125, 181.08738708496094], [402.00604248046875, 190.49887084960938, 499.9701843261719, 223.14859008789062], [402.00604248046875, 190.49887084960938, 499.9701843261719, 223.14859008789062], [331.0514221191406, 183.88282775878906, 440.92047119140625, 220.32505798339844], [58.199928283691406, 174.32337951660156, 82.38294982910156, 224.408447265625], [83.27619934082031, 140.49908447265625, 184.03016662597656, 222.65745544433594], [2.6258602142333984, 200.2398223876953, 19.830413818359375, 223.6493377685547], [49.572593688964844, 70.27667236328125, 60.69479751586914, 116.63326263427734], [38.29703903198242, 75.5637435913086, 46.05540084838867, 91.86917877197266], [60.30461120605469, 190.76864624023438, 80.91294860839844, 224.30694580078125], [40.927066802978516, 76.15833282470703, 48.31809616088867, 91.68578338623047], [29.675777435302734, 83.84876251220703, 37.89516830444336, 123.16321563720703], [23.364395141601562, 65.1991958618164, 33.23362350463867, 128.06008911132812], [68.9281234741211, 140.12185668945312, 83.46824645996094, 175.91136169433594], [29.675777435302734, 83.84876251220703, 37.89516830444336, 123.16321563720703], [62.343109130859375, 242.54214477539062, 86.11392974853516, 274.49285888671875], [46.698341369628906, 76.79399871826172, 54.047969818115234, 119.78523254394531], [56.086280822753906, 174.16978454589844, 71.24220275878906, 221.2896270751953], [38.80061721801758, 76.88136291503906, 49.057674407958984, 147.08302307128906], [23.291696548461914, 66.14471435546875, 40.76675033569336, 167.40724182128906], [325.48345947265625, 148.25242614746094, 347.363037109375, 200.17703247070312], [35.23151397705078, 74.81283569335938, 43.71084213256836, 92.06288146972656], [398.2104797363281, 190.74359130859375, 437.7154235839844, 209.2301788330078], [0.06621703505516052, 240.52023315429688, 87.59012603759766, 342.0648193359375], [56.086280822753906, 174.16978454589844, 71.24220275878906, 221.2896270751953], [126.87246704101562, 143.13742065429688, 135.94203186035156, 164.72958374023438], [363.1982727050781, 191.8619384765625, 411.1498718261719, 204.9403533935547], [39.57284164428711, 115.14759063720703, 70.43257141113281, 178.4208526611328], [401.3078308105469, 210.3492431640625, 499.5768127441406, 234.53248596191406], [0.7132943868637085, 168.5602569580078, 50.713531494140625, 224.6196746826172], [369.8926086425781, 205.21627807617188, 391.0962219238281, 218.53099060058594], [3.619258403778076, 64.3986587524414, 15.150948524475098, 75.93326568603516], [114.62835693359375, 137.508544921875, 123.48307800292969, 163.37612915039062], [47.41339111328125, 200.20779418945312, 60.66211700439453, 221.77919006347656], [298.750244140625, 156.81919860839844, 314.40667724609375, 183.07322692871094], [298.63818359375, 156.81887817382812, 315.8602294921875, 190.16172790527344], [350.43402099609375, 188.5186767578125, 438.696533203125, 219.42251586914062], [74.57077026367188, 175.4643096923828, 87.337158203125, 222.5935821533203], [435.3783874511719, 190.54147338867188, 499.8480529785156, 222.01156616210938], [46.03840255737305, 189.94284057617188, 61.43899917602539, 221.25875854492188], [58.199928283691406, 174.32337951660156, 82.38294982910156, 224.408447265625], [-0.27187541127204895, 198.65158081054688, 16.170879364013672, 208.65406799316406], [114.62835693359375, 137.508544921875, 123.48307800292969, 163.37612915039062], [15.036277770996094, 167.53213500976562, 50.5687370300293, 224.15736389160156], [-0.15908852219581604, 199.11439514160156, 15.840385437011719, 223.98155212402344], [57.57200622558594, 174.1923370361328, 83.15969848632812, 224.59457397460938], [52.37594223022461, 174.58624267578125, 66.80252075195312, 219.59991455078125], [364.0817565917969, 195.84072875976562, 398.3033447265625, 205.17977905273438], [0.4955325126647949, 209.22703552246094, 50.62688064575195, 234.0742645263672], [66.8152084350586, 174.8206329345703, 79.82007598876953, 223.30076599121094], [52.37594223022461, 174.58624267578125, 66.80252075195312, 219.59991455078125], [358.9598693847656, 186.2081756591797, 367.1163024902344, 206.38339233398438], [31.061203002929688, 77.30984497070312, 43.94409942626953, 123.23368835449219], [88.81498718261719, 99.25081634521484, 105.00668334960938, 162.7928009033203], [435.3783874511719, 190.54147338867188, 499.8480529785156, 222.01156616210938], [74.18279266357422, 175.519775390625, 86.13389587402344, 222.52012634277344], [29.869388580322266, 75.94898223876953, 50.653289794921875, 137.29981994628906], [351.10693359375, 186.3248291015625, 366.8149719238281, 207.04539489746094], [43.04146957397461, 80.2852783203125, 50.48927307128906, 137.8992462158203], [402.00604248046875, 190.49887084960938, 499.9701843261719, 223.14859008789062], [67.43838500976562, 152.2799072265625, 74.36024475097656, 175.3592987060547], [17.64959144592285, 0.23042410612106323, 439.9715881347656, 202.58091735839844], [37.97526931762695, 74.74945831298828, 49.5078239440918, 90.97433471679688], [362.1710510253906, 200.55572509765625, 436.7284851074219, 219.833251953125], [400.84295654296875, 209.98031616210938, 436.16192626953125, 221.34161376953125], [351.10693359375, 186.3248291015625, 366.8149719238281, 207.04539489746094], [486.5221252441406, 212.9418182373047, 500.1340637207031, 225.1908416748047], [23.887344360351562, 285.5651550292969, 55.28706359863281, 321.6580505371094], [41.55927276611328, 70.2650375366211, 65.96485900878906, 144.1152801513672], [30.123308181762695, 87.12831115722656, 47.572322845458984, 133.1292724609375], [298.8789367675781, 156.80288696289062, 313.5558166503906, 176.21192932128906], [36.11677932739258, 76.36771392822266, 44.60445022583008, 94.46109771728516], [365.410400390625, 203.20436096191406, 400.53265380859375, 218.90904235839844], [2.6076583862304688, 0.28583407402038574, 440.0092468261719, 214.04534912109375], [363.1982727050781, 191.8619384765625, 411.1498718261719, 204.9403533935547], [128.24961853027344, 143.55442810058594, 136.14883422851562, 164.86679077148438], [265.683349609375, 0.06209174171090126, 350.90399169921875, 34.65227508544922], [358.9598693847656, 186.2081756591797, 367.1163024902344, 206.38339233398438], [398.25762939453125, 203.27809143066406, 435.421630859375, 210.08213806152344], [-0.27187541127204895, 198.65158081054688, 16.170879364013672, 208.65406799316406], [15.085845947265625, 149.048583984375, 356.9220886230469, 230.12814331054688], [15.036277770996094, 167.53213500976562, 50.5687370300293, 224.15736389160156], [66.85215759277344, 50.74113082885742, 88.6091537475586, 78.81665802001953], [10.861953735351562, 105.33356475830078, 35.313777923583984, 215.90139770507812], [43.2263069152832, 70.61531829833984, 66.07461547851562, 138.09959411621094], [24.055011749267578, 285.62200927734375, 55.14311218261719, 314.6568908691406], [80.4017333984375, 193.0375518798828, 90.16129302978516, 222.373046875], [30.123308181762695, 87.12831115722656, 47.572322845458984, 133.1292724609375], [38.80061721801758, 76.88136291503906, 49.057674407958984, 147.08302307128906], [-0.2285689115524292, 233.6656036376953, 499.04656982421875, 374.50579833984375], [16.355457305908203, 187.15162658691406, 48.20227813720703, 222.4953155517578], [435.3783874511719, 190.54147338867188, 499.8480529785156, 222.01156616210938], [23.15215301513672, 65.2604751586914, 32.22819519042969, 87.62205505371094], [41.821083068847656, 70.63655090332031, 66.19644927978516, 138.37771606445312], [94.33199310302734, 236.04844665527344, 174.07321166992188, 373.5660705566406], [-0.27187541127204895, 198.65158081054688, 16.170879364013672, 208.65406799316406], [81.53482818603516, 193.52911376953125, 90.12091827392578, 222.1427001953125], [120.94406127929688, 141.75987243652344, 136.2259521484375, 165.09518432617188], [32.615779876708984, 74.22830963134766, 44.46916961669922, 92.72101593017578], [67.90335845947266, 139.7467041015625, 84.80056762695312, 187.4148406982422], [18.015012741088867, 218.42630004882812, 49.08204650878906, 231.91770935058594], [104.90836334228516, 161.57672119140625, 136.78346252441406, 169.33750915527344], [-0.27187541127204895, 198.65158081054688, 16.170879364013672, 208.65406799316406], [2.7817506790161133, 64.23953247070312, 16.93779754638672, 84.375732421875], [5.417880535125732, 204.1044158935547, 20.107402801513672, 223.42628479003906], [60.9293327331543, 193.0357666015625, 80.89920806884766, 223.81805419921875], [65.44482421875, 138.4326171875, 136.2263946533203, 205.23886108398438], [2.6258602142333984, 200.2398223876953, 19.830413818359375, 223.6493377685547], [126.87246704101562, 143.13742065429688, 135.94203186035156, 164.72958374023438], [364.0817565917969, 195.84072875976562, 398.3033447265625, 205.17977905273438], [0.7132943868637085, 168.5602569580078, 50.713531494140625, 224.6196746826172], [67.0628433227539, 151.68801879882812, 74.69673156738281, 175.56541442871094], [400.84295654296875, 209.98031616210938, 436.16192626953125, 221.34161376953125], [46.03840255737305, 189.94284057617188, 61.43899917602539, 221.25875854492188], [-0.4106387495994568, 89.7947006225586, 104.1923599243164, 221.90228271484375], [2.6258602142333984, 200.2398223876953, 19.830413818359375, 223.6493377685547], [339.6331481933594, 206.53224182128906, 500.0370178222656, 373.3434753417969], [350.43402099609375, 188.5186767578125, 438.696533203125, 219.42251586914062], [60.30461120605469, 190.76864624023438, 80.91294860839844, 224.30694580078125], [83.27619934082031, 140.49908447265625, 184.03016662597656, 222.65745544433594], [408.2630920410156, 192.20069885253906, 421.322509765625, 205.10324096679688], [3.619258403778076, 64.3986587524414, 15.150948524475098, 75.93326568603516], [23.291696548461914, 66.14471435546875, 40.76675033569336, 167.40724182128906], [0.06621703505516052, 240.52023315429688, 87.59012603759766, 342.0648193359375], [395.66552734375, 196.1823272705078, 439.6531066894531, 219.88966369628906], [69.36576080322266, 139.64724731445312, 184.36778259277344, 222.90870666503906], [-0.27187541127204895, 198.65158081054688, 16.170879364013672, 208.65406799316406], [367.00286865234375, 214.43295288085938, 500.45245361328125, 290.4841613769531], [22.736536026000977, 286.1147155761719, 55.08888626098633, 329.8183288574219], [2.0943050384521484, 64.42623901367188, 9.847024917602539, 82.7522964477539], [56.086280822753906, 174.16978454589844, 71.24220275878906, 221.2896270751953], [108.98627471923828, 140.63662719726562, 183.78134155273438, 170.79229736328125], [60.30461120605469, 190.76864624023438, 80.91294860839844, 224.30694580078125], [3.619258403778076, 64.3986587524414, 15.150948524475098, 75.93326568603516], [67.62930297851562, 138.9500274658203, 80.72850799560547, 160.54493713378906], [67.90335845947266, 139.7467041015625, 84.80056762695312, 187.4148406982422], [45.53086471557617, 189.67898559570312, 82.42865753173828, 224.376220703125], [80.32664489746094, 178.1272735595703, 90.73661041259766, 222.736083984375], [-0.2285689115524292, 233.6656036376953, 499.04656982421875, 374.50579833984375], [0.06621703505516052, 240.52023315429688, 87.59012603759766, 342.0648193359375], [363.1982727050781, 191.8619384765625, 411.1498718261719, 204.9403533935547], [364.45050048828125, 211.03392028808594, 500.48284912109375, 366.0340576171875], [364.0817565917969, 195.84072875976562, 398.3033447265625, 205.17977905273438], [349.75189208984375, 187.52655029296875, 500.2378845214844, 225.0292510986328], [298.63818359375, 156.81887817382812, 315.8602294921875, 190.16172790527344], [70.15626525878906, 139.91619873046875, 83.34455871582031, 161.35833740234375], [349.75189208984375, 187.52655029296875, 500.2378845214844, 225.0292510986328], [58.199928283691406, 174.32337951660156, 82.38294982910156, 224.408447265625], [28.4219970703125, 238.99179077148438, 458.8521728515625, 373.9086608886719], [2.0943050384521484, 64.42623901367188, 9.847024917602539, 82.7522964477539], [0.27097201347351074, 220.8038787841797, 41.96347427368164, 233.18763732910156], [365.0276184082031, 214.1762237548828, 500.287353515625, 373.7731018066406], [39.85573196411133, 70.40593719482422, 66.90693664550781, 149.24484252929688], [81.65656280517578, 143.5911407470703, 349.1522216796875, 218.880126953125], [298.6758728027344, 156.66915893554688, 324.2971496582031, 214.54287719726562], [83.27619934082031, 140.49908447265625, 184.03016662597656, 222.65745544433594], [-0.15908852219581604, 199.11439514160156, 15.840385437011719, 223.98155212402344], [358.9598693847656, 186.2081756591797, 367.1163024902344, 206.38339233398438], [45.989906311035156, 76.43284606933594, 53.213802337646484, 114.36531066894531], [2.7817506790161133, 64.23953247070312, 16.93779754638672, 84.375732421875], [-0.15908852219581604, 199.11439514160156, 15.840385437011719, 223.98155212402344], [-0.17662346363067627, 72.09994506835938, 69.62798309326172, 210.9425506591797], [42.126834869384766, 171.69052124023438, 63.34935760498047, 221.09323120117188], [11.867671966552734, 0.37870556116104126, 437.7012023925781, 87.69017791748047], [83.27619934082031, 140.49908447265625, 184.03016662597656, 222.65745544433594], [48.804542541503906, 70.13972473144531, 63.07660675048828, 123.1894760131836], [400.84295654296875, 209.98031616210938, 436.16192626953125, 221.34161376953125], [0.22679008543491364, 216.38714599609375, 32.66581726074219, 232.05316162109375], [350.43402099609375, 188.5186767578125, 438.696533203125, 219.42251586914062], [69.36576080322266, 139.64724731445312, 184.36778259277344, 222.90870666503906], [42.2410888671875, 76.95787048339844, 51.4493293762207, 136.80508422851562], [59.06924057006836, 188.2713165283203, 78.80866241455078, 223.88604736328125], [45.989906311035156, 76.43284606933594, 53.213802337646484, 114.36531066894531], [388.1700744628906, 204.02627563476562, 402.4054260253906, 219.33819580078125], [398.2104797363281, 190.74359130859375, 437.7154235839844, 209.2301788330078], [19.196701049804688, 0.149482861161232, 107.01862335205078, 53.675846099853516]), Score: [0.9683327078819275, 0.9340488910675049, 0.8900924921035767, 0.866511344909668, 0.8452801704406738, 0.6751965880393982, 0.5838067531585693, 0.5581139326095581, 0.5305025577545166, 0.4632307291030884, 0.4505821168422699, 0.41223007440567017, 0.372810423374176, 0.30966782569885254, 0.2569250166416168, 0.25469309091567993, 0.22772066295146942, 0.22561763226985931, 0.22438663244247437, 0.21632260084152222, 0.2116951197385788, 0.18080632388591766, 0.1766573190689087, 0.16936787962913513, 0.16548989713191986, 0.16471587121486664, 0.1599458009004593, 0.15774713456630707, 0.1570654958486557, 0.15468591451644897, 0.1522611826658249, 0.1519468128681183, 0.1511116772890091, 0.15105384588241577, 0.1475483775138855, 0.14715881645679474, 0.14714735746383667, 0.14662711322307587, 0.14496168494224548, 0.14424295723438263, 0.14393728971481323, 0.14376331865787506, 0.14183305203914642, 0.14181473851203918, 0.14076074957847595, 0.1395254284143448, 0.13710060715675354, 0.1367422342300415, 0.1346147507429123, 0.13450393080711365, 0.13251042366027832, 0.1324756145477295, 0.1315939873456955, 0.13154040277004242, 0.13011434674263, 0.12981019914150238, 0.12960520386695862, 0.12931908667087555, 0.12776771187782288, 0.1262776404619217, 0.12570609152317047, 0.124195396900177, 0.12406722456216812, 0.1239456832408905, 0.12376386672258377, 0.12179452925920486, 0.1202053502202034, 0.11865434795618057, 0.11670193821191788, 0.11599987745285034, 0.11397971212863922, 0.11367926746606827, 0.11353663355112076, 0.11220649629831314, 0.1105218455195427, 0.10924558341503143, 0.10895562916994095, 0.10856914520263672, 0.10787459462881088, 0.10680421441793442, 0.10668330639600754, 0.10579834133386612, 0.10571981966495514, 0.10557267814874649, 0.10512100905179977, 0.10474231094121933, 0.104397252202034, 0.10434504598379135, 0.10252062976360321, 0.10222788155078888, 0.10206058621406555, 0.10106271505355835, 0.10076212137937546, 0.09998096525669098, 0.09950650483369827, 0.09929158538579941, 0.09808193892240524, 0.09800713509321213, 0.0972442477941513, 0.09711869806051254, 0.09649429470300674, 0.09501323848962784, 0.0946885496377945, 0.09442176669836044, 0.09228911250829697, 0.09038402885198593, 0.08948744833469391, 0.08840487152338028, 0.08664625883102417, 0.0856655165553093, 0.08515474945306778, 0.08498265594244003, 0.08479651808738708, 0.08389551937580109, 0.083743155002594, 0.08341488242149353, 0.08251330256462097, 0.0823751837015152, 0.08157650381326675, 0.08136071264743805, 0.08096770197153091, 0.08095237612724304, 0.08076459914445877, 0.08021050691604614, 0.07991117984056473, 0.0796719342470169, 0.07927225530147552, 0.07913655787706375, 0.07840501517057419, 0.07824765145778656, 0.07822892814874649, 0.0779513493180275, 0.07784953713417053, 0.07634615898132324, 0.07570293545722961, 0.07558167725801468, 0.07525325566530228, 0.07516340911388397, 0.075045146048069, 0.07445024698972702, 0.07426495105028152, 0.07391183823347092, 0.07344920933246613, 0.07314533740282059, 0.07225781679153442, 0.0720207691192627, 0.07113659381866455, 0.07113339751958847, 0.07073399424552917, 0.07043133676052094, 0.06964193284511566, 0.06950286030769348, 0.06941242516040802, 0.0693681538105011, 0.06936110556125641, 0.06899241358041763, 0.06876888871192932, 0.06818853318691254, 0.06778934597969055, 0.06691817939281464, 0.06673383712768555, 0.06643912941217422, 0.06639248877763748, 0.06623170524835587, 0.06620021909475327, 0.06610913574695587, 0.06598158180713654, 0.06589680910110474, 0.06545323133468628, 0.06467185914516449, 0.06446155905723572, 0.06439398974180222, 0.06436768174171448, 0.06393905729055405, 0.06388460099697113, 0.06360317766666412, 0.06351456046104431, 0.06336458772420883, 0.06306406855583191, 0.06260499358177185, 0.062287867069244385, 0.062107231467962265, 0.06207399442791939, 0.06176774948835373, 0.06167969852685928, 0.06134752929210663, 0.06126972660422325, 0.06125209107995033, 0.06027526408433914, 0.05927228927612305, 0.05846292898058891, 0.05844447761774063, 0.05829276144504547, 0.05794532224535942, 0.05781841278076172, 0.05779125168919563, 0.05773225799202919, 0.05748192220926285, 0.05746405944228172, 0.05721874162554741, 0.057168446481227875, 0.05707467719912529, 0.05694422498345375, 0.056882623583078384, 0.055967263877391815, 0.055866990238428116, 0.05583036690950394, 0.05568454787135124, 0.05558168143033981, 0.05540754273533821, 0.05517564341425896, 0.05513933300971985, 0.055045198649168015, 0.054973259568214417, 0.054639559239149094, 0.05453554168343544, 0.05442049354314804, 0.054396022111177444, 0.05431020259857178, 0.05407043918967247, 0.054049212485551834, 0.05362565070390701, 0.05362056940793991, 0.05358726158738136, 0.053401678800582886, 0.053079914301633835, 0.052989766001701355, 0.05285200849175453, 0.05258828401565552, 0.0525708869099617, 0.052530527114868164, 0.05250231549143791, 0.052473749965429306, 0.05245764181017876, 0.052317071706056595, 0.05208493396639824, 0.05198872089385986, 0.05196967348456383, 0.0518094040453434, 0.05170831084251404, 0.05159285292029381, 0.05138223245739937, 0.051345162093639374, 0.05124317482113838, 0.051060181111097336, 0.050971418619155884, 0.05078433081507683, 0.050716474652290344, 0.05060376971960068, 0.05036038160324097, 0.04926836118102074, 0.049117159098386765, 0.04907975345849991, 0.04857999086380005, 0.04856540262699127, 0.04845234379172325, 0.04830188676714897, 0.048089589923620224, 0.0479869581758976, 0.047846563160419464, 0.04771653935313225, 0.047693751752376556, 0.04765823483467102, 0.047586143016815186, 0.047531358897686005, 0.04751036688685417, 0.04745277389883995, 0.04732559993863106, 0.047268692404031754, 0.04725179448723793, 0.04724033176898956, 0.04719369858503342, 0.0470745824277401, 0.046930622309446335, 0.04689790681004524, 0.04688979312777519, 0.04674452543258667, 0.04636992886662483, 0.04627382010221481, 0.04598559811711311, 0.04593433067202568, 0.04593366011977196, 0.0457674004137516, 0.04567519202828407, 0.04562322050333023, 0.04542781040072441, 0.04532797634601593, 0.04530171677470207, 0.04524040222167969, 0.04490276053547859, 0.044892750680446625, 0.044813476502895355, 0.04476345703005791, 0.0446617528796196, 0.044586341828107834, 0.04421853646636009, 0.04417158663272858, 0.04406344145536423, 0.04392315447330475, 0.04363479092717171]

Execution time: 0.4171 sec
