Label: tensor([63, 56, 62, 59, 74, 66, 56, 56, 60, 62, 57, 60, 62, 26, 73, 57, 73, 67,
        60, 65, 73, 26, 41, 60, 73, 60, 28, 56, 73, 66, 64, 66,  0, 74, 73, 56,
        65, 63, 73, 66, 56, 73, 59, 73, 65, 66, 73, 60, 73, 64, 60,  0, 63, 74,
        73, 73, 65, 59, 63, 65, 74, 28, 59, 62, 60,  0, 59, 59, 41, 64, 73, 56,
        60,  0, 26, 56, 66, 64, 66,  0, 64, 24, 62, 73,  0, 64, 73, 60, 73, 57,
        63, 64, 65, 65, 41, 59, 67, 26, 24,  0, 67, 67, 67, 69,  0, 66, 74, 73,
         0, 66, 73, 67, 56, 73, 74, 60, 63, 67, 60,  0,  0, 65,  0,  0, 19, 66,
        64, 67, 65, 67, 62, 65, 56, 63, 73,  0, 66, 73, 59, 65,  0, 67, 66, 64,
        56, 65,  0, 64, 64, 66,  0, 67, 56, 64,  0, 63, 17, 67, 67, 60, 67, 64,
         0, 24, 64, 66, 24, 28, 13, 66,  2, 73, 63, 66, 56, 63, 56, 59, 66, 57,
        59, 67, 64, 66,  0, 64, 73, 56, 16, 45, 24, 56, 73, 59, 73, 65, 41, 66,
        66,  0, 59, 74, 73, 15,  0, 57, 26, 13,  0, 74, 77, 64, 62, 56, 63, 41,
        60, 67,  0, 70, 56, 59, 69, 73, 56, 56, 26, 56, 63, 63, 67, 69, 39,  0,
        70, 64, 56, 73, 65, 60, 74, 62, 65, 73, 63, 24, 65, 57,  0, 65, 64, 63,
        60, 73,  0, 65, 65, 67, 74, 62, 39,  0,  0, 69, 13, 56, 57, 65, 17, 26,
        15, 44, 73,  0, 73, 41, 65, 59, 56, 65, 73, 57, 13, 65, 60, 16, 15, 56,
        17, 75, 19, 19, 58, 60, 28, 64, 67, 65,  0,  0]), Box: ([55.41712188720703, 174.3319854736328, 115.87049102783203, 213.7637176513672], [80.26771545410156, 205.41067504882812, 188.23988342285156, 324.93701171875], [312.9971923828125, 92.34606170654297, 428.1164855957031, 158.45811462402344], [128.4620819091797, 306.3771667480469, 500.4423828125, 374.5665588378906], [303.3853454589844, 169.3648681640625, 320.8308410644531, 192.7451934814453], [71.64641571044922, 201.79310607910156, 114.04118347167969, 212.81756591796875], [0.2791956067085266, 197.52166748046875, 62.275177001953125, 294.5186767578125], [5.919551372528076, 216.85711669921875, 61.651885986328125, 294.5876770019531], [-0.523887574672699, 198.3482208251953, 134.2515411376953, 302.187744140625], [55.6455192565918, 174.8066864013672, 96.54067993164062, 207.2873077392578], [78.4735107421875, 205.1042938232422, 187.99269104003906, 324.6163024902344], [0.16213953495025635, 175.3546142578125, 121.89411163330078, 302.0881652832031], [55.65924835205078, 174.80308532714844, 96.49573516845703, 207.2724609375], [-0.07696449756622314, 197.44183349609375, 52.248809814453125, 222.41275024414062], [7.202681064605713, 198.27743530273438, 43.90380859375, 211.65289306640625], [131.2510223388672, 306.7406921386719, 500.1680908203125, 374.6223449707031], [324.59173583984375, 205.68994140625, 382.81683349609375, 217.0959930419922], [113.52999877929688, 195.9291534423828, 136.75538635253906, 202.9773712158203], [0.547654926776886, 189.74180603027344, 138.7071075439453, 303.5654296875], [113.52999877929688, 195.9291534423828, 136.75538635253906, 202.9773712158203], [0.20935945212841034, 197.74449157714844, 46.9825325012207, 218.6168212890625], [0.20935945212841034, 197.74449157714844, 46.9825325012207, 218.6168212890625], [52.401123046875, 197.5340576171875, 64.86604309082031, 213.443359375], [3.5987534523010254, 214.79588317871094, 101.07789611816406, 302.4717102050781], [111.76297760009766, 196.16160583496094, 136.83226013183594, 208.7550811767578], [5.230217933654785, 196.29522705078125, 137.27220153808594, 237.49520874023438], [-0.07696449756622314, 197.44183349609375, 52.248809814453125, 222.41275024414062], [0.1416793167591095, 219.14280700683594, 18.56456756591797, 291.3175964355469], [113.08622741699219, 199.66893005371094, 135.68780517578125, 209.02748107910156], [67.22184753417969, 203.1172332763672, 116.71209716796875, 216.70037841796875], [69.97772216796875, 207.99464416503906, 83.97079467773438, 214.56695556640625], [66.06674194335938, 199.23870849609375, 117.38030242919922, 216.69863891601562], [361.8538513183594, 121.3835678100586, 373.1169128417969, 143.3633270263672], [303.7546081542969, 169.94232177734375, 320.5407409667969, 185.72653198242188], [113.52999877929688, 195.9291534423828, 136.75538635253906, 202.9773712158203], [3.5987534523010254, 214.79588317871094, 101.07789611816406, 302.4717102050781], [113.08622741699219, 199.66893005371094, 135.68780517578125, 209.02748107910156], [0.20935945212841034, 197.74449157714844, 46.9825325012207, 218.6168212890625], [-0.08063577115535736, 207.72622680664062, 50.3863525390625, 223.4702606201172], [60.58291244506836, 200.92213439941406, 115.64213562011719, 216.0639190673828], [6.305910587310791, 216.56529235839844, 56.985713958740234, 268.01068115234375], [101.62653350830078, 195.67645263671875, 136.9850616455078, 208.99026489257812], [0.3160536289215088, 288.0599060058594, 499.7151794433594, 374.5012512207031], [113.38520050048828, 201.1615447998047, 134.54010009765625, 209.510986328125], [113.38520050048828, 201.1615447998047, 134.54010009765625, 209.510986328125], [7.202681064605713, 198.27743530273438, 43.90380859375, 211.65289306640625], [-0.19213184714317322, 207.88006591796875, 49.28429412841797, 222.7620849609375], [2.122767210006714, 193.23143005371094, 151.72824096679688, 305.0841064453125], [-0.07696449756622314, 197.44183349609375, 52.248809814453125, 222.41275024414062], [102.78677368164062, 199.58274841308594, 115.0704116821289, 206.79275512695312], [2.62726092338562, 181.27114868164062, 140.5069580078125, 303.3751525878906], [369.7318420410156, 114.30009460449219, 386.9534606933594, 148.9932098388672], [-0.07696449756622314, 197.44183349609375, 52.248809814453125, 222.41275024414062], [307.0320129394531, 187.47325134277344, 318.5065002441406, 193.47579956054688], [67.22184753417969, 203.1172332763672, 116.71209716796875, 216.70037841796875], [66.06674194335938, 199.23870849609375, 117.38030242919922, 216.69863891601562], [111.76297760009766, 196.16160583496094, 136.83226013183594, 208.7550811767578], [97.57856750488281, 204.2217254638672, 499.7644348144531, 374.9864196777344], [7.202681064605713, 198.27743530273438, 43.90380859375, 211.65289306640625], [7.202681064605713, 198.27743530273438, 43.90380859375, 211.65289306640625], [0.20935945212841034, 197.74449157714844, 46.9825325012207, 218.6168212890625], [0.20935945212841034, 197.74449157714844, 46.9825325012207, 218.6168212890625], [-0.09842216968536377, 276.97198486328125, 499.8741760253906, 374.62335205078125], [313.18804931640625, 92.89181518554688, 427.61883544921875, 157.8789520263672], [2.2916719913482666, 195.1127166748047, 145.3827667236328, 303.9520568847656], [70.9503402709961, 183.32371520996094, 83.0255355834961, 198.8470001220703], [77.04623413085938, 204.52381896972656, 499.7728576660156, 374.7617492675781], [-0.1888573169708252, 184.3389892578125, 498.4696044921875, 374.43133544921875], [303.3853454589844, 169.3648681640625, 320.8308410644531, 192.7451934814453], [53.70463562011719, 210.26133728027344, 64.58699035644531, 215.57264709472656], [0.0796690583229065, 209.21041870117188, 49.70682907104492, 222.7617950439453], [0.16213953495025635, 175.3546142578125, 121.89411163330078, 302.0881652832031], [0.2791956067085266, 197.52166748046875, 62.275177001953125, 294.5186767578125], [360.3817443847656, 106.97693634033203, 375.7977294921875, 147.53453063964844], [6.305910587310791, 216.56529235839844, 56.985713958740234, 268.01068115234375], [95.41168975830078, 220.73487854003906, 119.29431915283203, 242.92300415039062], [113.38520050048828, 201.1615447998047, 134.54010009765625, 209.510986328125], [111.32036590576172, 204.0388641357422, 119.53970336914062, 209.01364135742188], [113.08622741699219, 199.66893005371094, 135.68780517578125, 209.02748107910156], [360.5296325683594, 120.87492370605469, 373.956298828125, 148.8935089111328], [105.00933074951172, 202.12844848632812, 116.06143188476562, 208.6373748779297], [-0.07696449756622314, 197.44183349609375, 52.248809814453125, 222.41275024414062], [55.94649887084961, 174.53762817382812, 112.13687133789062, 211.52613830566406], [9.673871040344238, 217.08981323242188, 56.379608154296875, 236.66224670410156], [385.44854736328125, 131.0030975341797, 395.969970703125, 149.59510803222656], [53.13737106323242, 210.214599609375, 65.61628723144531, 216.7138214111328], [71.64641571044922, 201.79310607910156, 114.04118347167969, 212.81756591796875], [1.4718174934387207, 201.46084594726562, 119.50777435302734, 302.6571960449219], [303.3853454589844, 169.3648681640625, 320.8308410644531, 192.7451934814453], [128.4620819091797, 306.3771667480469, 500.4423828125, 374.5665588378906], [66.06674194335938, 199.23870849609375, 117.38030242919922, 216.69863891601562], [95.6768798828125, 195.73532104492188, 114.44520568847656, 204.28704833984375], [8.740194320678711, 199.03424072265625, 41.85232925415039, 209.69552612304688], [307.0320129394531, 187.47325134277344, 318.5065002441406, 193.47579956054688], [45.46833038330078, 192.58303833007812, 64.66175079345703, 214.26699829101562], [131.2510223388672, 306.7406921386719, 500.1680908203125, 374.6223449707031], [69.97772216796875, 207.99464416503906, 83.97079467773438, 214.56695556640625], [0.2791956067085266, 197.52166748046875, 62.275177001953125, 294.5186767578125], [0.2791956067085266, 197.52166748046875, 62.275177001953125, 294.5186767578125], [387.5434265136719, 129.9346160888672, 407.9907531738281, 149.53982543945312], [53.70463562011719, 210.26133728027344, 64.58699035644531, 215.57264709472656], [113.38520050048828, 201.1615447998047, 134.54010009765625, 209.510986328125], [53.13737106323242, 210.214599609375, 65.61628723144531, 216.7138214111328], [324.59173583984375, 205.68994140625, 382.81683349609375, 217.0959930419922], [386.5209045410156, 112.14048767089844, 412.22003173828125, 149.4198455810547], [111.76297760009766, 196.16160583496094, 136.83226013183594, 208.7550811767578], [-0.07696449756622314, 197.44183349609375, 52.248809814453125, 222.41275024414062], [362.7701416015625, 210.02784729003906, 382.2734375, 216.69815063476562], [384.5043640136719, 101.43878936767578, 409.9364318847656, 149.59886169433594], [0.20935945212841034, 197.74449157714844, 46.9825325012207, 218.6168212890625], [326.072998046875, 212.74903869628906, 381.79229736328125, 217.4641876220703], [102.78677368164062, 199.58274841308594, 115.0704116821289, 206.79275512695312], [9.673871040344238, 217.08981323242188, 56.379608154296875, 236.66224670410156], [7.357494831085205, 198.35691833496094, 44.022308349609375, 212.68692016601562], [7.202681064605713, 198.27743530273438, 43.90380859375, 211.65289306640625], [276.4317626953125, 188.84722900390625, 445.77099609375, 312.9928283691406], [-0.08063577115535736, 207.72622680664062, 50.3863525390625, 223.4702606201172], [303.3853454589844, 169.3648681640625, 320.8308410644531, 192.7451934814453], [0.9474754333496094, 190.6674041748047, 448.0169677734375, 314.6370849609375], [384.5022277832031, 113.96798706054688, 394.9976501464844, 149.39942932128906], [392.7746887207031, 129.07838439941406, 411.91070556640625, 148.88848876953125], [303.3853454589844, 169.3648681640625, 320.8308410644531, 192.7451934814453], [376.1031494140625, 114.69715881347656, 384.5494384765625, 124.27384948730469], [354.6565856933594, 103.4816665649414, 406.0151062011719, 149.1875762939453], [361.8538513183594, 121.3835678100586, 373.1169128417969, 143.3633270263672], [71.03585815429688, 200.7693328857422, 95.69962310791016, 207.23121643066406], [43.74076843261719, 199.5830535888672, 53.99361801147461, 212.0118865966797], [113.08622741699219, 199.66893005371094, 135.68780517578125, 209.02748107910156], [81.1371078491211, 204.52545166015625, 116.64083862304688, 213.6976776123047], [7.202681064605713, 198.27743530273438, 43.90380859375, 211.65289306640625], [55.600669860839844, 175.07444763183594, 96.07918548583984, 206.99362182617188], [20.38927459716797, 203.32650756835938, 45.21158981323242, 211.64930725097656], [-0.523887574672699, 198.3482208251953, 134.2515411376953, 302.187744140625], [-0.19213184714317322, 207.88006591796875, 49.28429412841797, 222.7620849609375], [325.8746032714844, 207.84658813476562, 362.6553039550781, 214.4217529296875], [368.9867248535156, 103.5305404663086, 411.944091796875, 150.16818237304688], [52.401123046875, 197.5340576171875, 64.86604309082031, 213.443359375], [8.740194320678711, 199.03424072265625, 41.85232925415039, 209.69552612304688], [0.2791956067085266, 197.52166748046875, 62.275177001953125, 294.5186767578125], [95.6768798828125, 195.73532104492188, 114.44520568847656, 204.28704833984375], [349.323974609375, 114.04731750488281, 367.2886962890625, 144.4906768798828], [307.0320129394531, 187.47325134277344, 318.5065002441406, 193.47579956054688], [324.59173583984375, 205.68994140625, 382.81683349609375, 217.0959930419922], [61.37016677856445, 210.4056854248047, 71.50154876708984, 216.9653778076172], [-0.3889352083206177, 196.3793182373047, 68.0181884765625, 294.5011291503906], [119.46165466308594, 201.73629760742188, 134.3560791015625, 208.54270935058594], [395.0089111328125, 135.31382751464844, 407.5166015625, 148.3635711669922], [20.38927459716797, 203.32650756835938, 45.21158981323242, 211.64930725097656], [124.91797637939453, 200.4832763671875, 135.50283813476562, 206.82366943359375], [69.97772216796875, 207.99464416503906, 83.97079467773438, 214.56695556640625], [369.39129638671875, 112.80387878417969, 412.9006652832031, 149.9027862548828], [126.99666595458984, 195.94967651367188, 136.7872314453125, 201.2715301513672], [67.8543701171875, 225.7481231689453, 98.6918716430664, 241.15634155273438], [61.91657638549805, 210.0764923095703, 70.92887115478516, 216.65151977539062], [358.1737976074219, 107.26917266845703, 393.7943115234375, 149.21414184570312], [67.22184753417969, 203.1172332763672, 116.71209716796875, 216.70037841796875], [361.8538513183594, 121.3835678100586, 373.1169128417969, 143.3633270263672], [95.6768798828125, 195.73532104492188, 114.44520568847656, 204.28704833984375], [111.76297760009766, 196.16160583496094, 136.83226013183594, 208.7550811767578], [0.1781769096851349, 174.09033203125, 122.49092864990234, 302.3631286621094], [105.00933074951172, 202.12844848632812, 116.06143188476562, 208.6373748779297], [307.0320129394531, 187.47325134277344, 318.5065002441406, 193.47579956054688], [330.5517883300781, 114.4721908569336, 338.1972961425781, 123.92599487304688], [6.305910587310791, 216.56529235839844, 56.985713958740234, 268.01068115234375], [119.46165466308594, 201.73629760742188, 134.3560791015625, 208.54270935058594], [113.52999877929688, 195.9291534423828, 136.75538635253906, 202.9773712158203], [0.20935945212841034, 197.74449157714844, 46.9825325012207, 218.6168212890625], [0.2791956067085266, 197.52166748046875, 62.275177001953125, 294.5186767578125], [131.2510223388672, 306.7406921386719, 500.1680908203125, 374.6223449707031], [78.17772674560547, 202.48191833496094, 109.37113189697266, 211.1107635498047], [328.0347900390625, 114.05879211425781, 360.7585754394531, 146.62823486328125], [-0.17910358309745789, 214.98182678222656, 14.269679069519043, 225.1893768310547], [-0.20208582282066345, 198.1254425048828, 47.0340690612793, 219.56996154785156], [-0.07696449756622314, 197.44183349609375, 52.248809814453125, 222.41275024414062], [13.163715362548828, 217.13807678222656, 56.295894622802734, 266.9193420410156], [324.59173583984375, 205.68994140625, 382.81683349609375, 217.0959930419922], [-0.07696449756622314, 197.44183349609375, 52.248809814453125, 222.41275024414062], [0.16213953495025635, 175.3546142578125, 121.89411163330078, 302.0881652832031], [101.62653350830078, 195.67645263671875, 136.9850616455078, 208.99026489257812], [97.57856750488281, 204.2217254638672, 499.7644348144531, 374.9864196777344], [139.58523559570312, 353.0618896484375, 244.5032501220703, 374.8728332519531], [52.401123046875, 197.5340576171875, 64.86604309082031, 213.443359375], [95.2785415649414, 194.55250549316406, 113.3236083984375, 201.98638916015625], [81.1371078491211, 204.52545166015625, 116.64083862304688, 213.6976776123047], [353.7596740722656, 107.06594848632812, 393.2369689941406, 148.59132385253906], [111.31610870361328, 201.86737060546875, 121.53959655761719, 208.00332641601562], [95.6768798828125, 195.73532104492188, 114.44520568847656, 204.28704833984375], [276.4317626953125, 188.84722900390625, 445.77099609375, 312.9928283691406], [361.8538513183594, 121.3835678100586, 373.1169128417969, 143.3633270263672], [52.401123046875, 197.5340576171875, 64.86604309082031, 213.443359375], [5.919551372528076, 216.85711669921875, 61.651885986328125, 294.5876770019531], [7.385827541351318, 234.85598754882812, 59.995269775390625, 293.63543701171875], [363.418701171875, 212.3148193359375, 381.43975830078125, 216.8563232421875], [134.33425903320312, 307.223388671875, 345.3624572753906, 374.58953857421875], [-0.20208582282066345, 198.1254425048828, 47.0340690612793, 219.56996154785156], [78.17772674560547, 202.48191833496094, 109.37113189697266, 211.1107635498047], [111.76297760009766, 196.16160583496094, 136.83226013183594, 208.7550811767578], [52.343814849853516, 197.37852478027344, 63.034610748291016, 203.92996215820312], [95.6768798828125, 195.73532104492188, 114.44520568847656, 204.28704833984375], [370.0161437988281, 114.42778778076172, 391.6275634765625, 149.3107147216797], [64.91680145263672, 91.0221176147461, 492.922119140625, 373.26568603515625], [305.0911865234375, 185.97882080078125, 319.285888671875, 193.04580688476562], [60.58291244506836, 200.92213439941406, 115.64213562011719, 216.0639190673828], [361.8538513183594, 121.3835678100586, 373.1169128417969, 143.3633270263672], [371.15899658203125, 129.2875213623047, 394.9941711425781, 149.87977600097656], [77.04623413085938, 204.52381896972656, 499.7728576660156, 374.7617492675781], [7.202681064605713, 198.27743530273438, 43.90380859375, 211.65289306640625], [0.16213953495025635, 175.3546142578125, 121.89411163330078, 302.0881652832031], [350.1224365234375, 113.74344635009766, 372.36712646484375, 145.44143676757812], [303.6399841308594, 169.59402465820312, 320.7296447753906, 188.526611328125], [303.3853454589844, 169.3648681640625, 320.8308410644531, 192.7451934814453], [113.38520050048828, 201.1615447998047, 134.54010009765625, 209.510986328125], [0.20935945212841034, 197.74449157714844, 46.9825325012207, 218.6168212890625], [131.2510223388672, 306.7406921386719, 500.1680908203125, 374.6223449707031], [9.673871040344238, 217.08981323242188, 56.379608154296875, 236.66224670410156], [45.65370178222656, 191.10488891601562, 64.20697021484375, 213.78538513183594], [95.41168975830078, 220.73487854003906, 119.29431915283203, 242.92300415039062], [111.32036590576172, 204.0388641357422, 119.53970336914062, 209.01364135742188], [359.49273681640625, 106.34646606445312, 374.6773376464844, 148.0447998046875], [-0.07696449756622314, 197.44183349609375, 52.248809814453125, 222.41275024414062], [-1.1596004962921143, 219.40382385253906, 13.09666633605957, 274.5102233886719], [0.14540553092956543, 294.7671813964844, 168.8485870361328, 374.86029052734375], [0.2791956067085266, 197.52166748046875, 62.275177001953125, 294.5186767578125], [326.4978942871094, 210.08029174804688, 381.44757080078125, 216.42178344726562], [0.20935945212841034, 197.74449157714844, 46.9825325012207, 218.6168212890625], [2.62726092338562, 181.27114868164062, 140.5069580078125, 303.3751525878906], [13.163715362548828, 217.13807678222656, 56.295894622802734, 266.9193420410156], [78.4735107421875, 205.1042938232422, 187.99269104003906, 324.6163024902344], [0.0796690583229065, 209.21041870117188, 49.70682907104492, 222.7617950439453], [313.18804931640625, 92.89181518554688, 427.61883544921875, 157.8789520263672], [119.46165466308594, 201.73629760742188, 134.3560791015625, 208.54270935058594], [0.16213953495025635, 175.3546142578125, 121.89411163330078, 302.0881652832031], [303.3853454589844, 169.3648681640625, 320.8308410644531, 192.7451934814453], [390.64483642578125, 101.25244903564453, 404.7939758300781, 121.82658386230469], [0.20935945212841034, 197.74449157714844, 46.9825325012207, 218.6168212890625], [44.78547286987305, 192.013671875, 54.33415222167969, 205.16891479492188], [52.401123046875, 197.5340576171875, 64.86604309082031, 213.443359375], [115.24559020996094, 200.39268493652344, 137.0337371826172, 209.68153381347656], [124.91797637939453, 200.4832763671875, 135.50283813476562, 206.82366943359375], [5.919551372528076, 216.85711669921875, 61.651885986328125, 294.5876770019531], [111.76297760009766, 196.16160583496094, 136.83226013183594, 208.7550811767578], [-0.07696449756622314, 197.44183349609375, 52.248809814453125, 222.41275024414062], [101.62653350830078, 195.67645263671875, 136.9850616455078, 208.99026489257812], [12.52695369720459, 206.1539764404297, 44.79511260986328, 215.93751525878906], [71.64641571044922, 201.79310607910156, 114.04118347167969, 212.81756591796875], [78.4735107421875, 205.1042938232422, 187.99269104003906, 324.6163024902344], [102.78677368164062, 199.58274841308594, 115.0704116821289, 206.79275512695312], [0.3160536289215088, 288.0599060058594, 499.7151794433594, 374.5012512207031], [385.003173828125, 114.3380126953125, 394.5665588378906, 149.43118286132812], [126.99666595458984, 195.94967651367188, 136.7872314453125, 201.2715301513672], [67.75890350341797, 207.32232666015625, 76.14387512207031, 214.54591369628906], [45.46833038330078, 192.58303833007812, 64.66175079345703, 214.26699829101562], [0.6041526794433594, 183.43032836914062, 137.92515563964844, 300.10797119140625], [307.0320129394531, 187.47325134277344, 318.5065002441406, 193.47579956054688], [70.60492706298828, 183.3013458251953, 81.53118896484375, 199.16664123535156], [305.0911865234375, 185.97882080078125, 319.285888671875, 193.04580688476562], [7.357494831085205, 198.35691833496094, 44.022308349609375, 212.68692016601562], [124.91797637939453, 200.4832763671875, 135.50283813476562, 206.82366943359375], [113.52999877929688, 195.9291534423828, 136.75538635253906, 202.9773712158203], [88.11689758300781, 134.6669921875, 140.24838256835938, 159.80563354492188], [44.00836181640625, 193.01577758789062, 54.668914794921875, 212.885009765625], [328.0347900390625, 114.05879211425781, 360.7585754394531, 146.62823486328125], [385.6221008300781, 113.78821563720703, 394.0558166503906, 121.57746124267578], [-0.523887574672699, 198.3482208251953, 134.2515411376953, 302.187744140625], [0.2791956067085266, 197.52166748046875, 62.275177001953125, 294.5186767578125], [0.547654926776886, 189.74180603027344, 138.7071075439453, 303.5654296875], [0.2791956067085266, 197.52166748046875, 62.275177001953125, 294.5186767578125], [324.59173583984375, 205.68994140625, 382.81683349609375, 217.0959930419922], [369.39129638671875, 112.80387878417969, 412.9006652832031, 149.9027862548828], [5.919551372528076, 216.85711669921875, 61.651885986328125, 294.5876770019531], [369.39129638671875, 112.80387878417969, 412.9006652832031, 149.9027862548828], [44.28020095825195, 217.2813262939453, 56.437538146972656, 234.251708984375], [52.401123046875, 197.5340576171875, 64.86604309082031, 213.443359375], [394.8853454589844, 101.86345672607422, 406.4861145019531, 124.53729248046875], [325.560791015625, 205.54165649414062, 382.2714538574219, 210.62274169921875], [95.6768798828125, 195.73532104492188, 114.44520568847656, 204.28704833984375], [71.64641571044922, 201.79310607910156, 114.04118347167969, 212.81756591796875], [-0.523887574672699, 198.3482208251953, 134.2515411376953, 302.187744140625], [2.2916719913482666, 195.1127166748047, 145.3827667236328, 303.9520568847656], [115.24559020996094, 200.39268493652344, 137.0337371826172, 209.68153381347656], [20.38927459716797, 203.32650756835938, 45.21158981323242, 211.64930725097656], [276.4317626953125, 188.84722900390625, 445.77099609375, 312.9928283691406], [-0.523887574672699, 198.3482208251953, 134.2515411376953, 302.187744140625], [113.9796371459961, 197.49415588378906, 135.85989379882812, 202.64932250976562], [-0.3889352083206177, 196.3793182373047, 68.0181884765625, 294.5011291503906], [360.5296325683594, 120.87492370605469, 373.956298828125, 148.8935089111328], [387.5434265136719, 129.9346160888672, 407.9907531738281, 149.53982543945312], [2.122767210006714, 193.23143005371094, 151.72824096679688, 305.0841064453125], [386.5209045410156, 112.14048767089844, 412.22003173828125, 149.4198455810547], [303.3853454589844, 169.3648681640625, 320.8308410644531, 192.7451934814453], [369.39129638671875, 112.80387878417969, 412.9006652832031, 149.9027862548828], [387.5434265136719, 129.9346160888672, 407.9907531738281, 149.53982543945312], [384.5043640136719, 101.43878936767578, 409.9364318847656, 149.59886169433594], [92.09027862548828, 198.25869750976562, 139.16429138183594, 242.39100646972656], [7.202681064605713, 198.27743530273438, 43.90380859375, 211.65289306640625], [95.29395294189453, 201.9245147705078, 110.95977020263672, 207.98143005371094], [81.1371078491211, 204.52545166015625, 116.64083862304688, 213.6976776123047], [69.97772216796875, 207.99464416503906, 83.97079467773438, 214.56695556640625], [396.2815246582031, 103.06786346435547, 404.0752868652344, 118.30721282958984], [371.0824279785156, 130.92330932617188, 386.04754638671875, 149.17282104492188]), Score: [0.9211103320121765, 0.9139407873153687, 0.9099905490875244, 0.9071999788284302, 0.31980857253074646, 0.3092045187950134, 0.268783837556839, 0.2629629671573639, 0.2538205087184906, 0.2225019931793213, 0.21936020255088806, 0.2018224447965622, 0.18491721153259277, 0.17586548626422882, 0.17444822192192078, 0.152166947722435, 0.1439635008573532, 0.13547642529010773, 0.13432075083255768, 0.12930947542190552, 0.12747476994991302, 0.119941845536232, 0.1133357509970665, 0.11242352426052094, 0.1117817685008049, 0.11122387647628784, 0.1109558641910553, 0.10937659442424774, 0.10466063022613525, 0.1037512868642807, 0.10243146866559982, 0.09981667995452881, 0.0993761345744133, 0.09928524494171143, 0.09842399507761002, 0.09548194706439972, 0.09539321810007095, 0.09399355202913284, 0.09336122870445251, 0.09283456951379776, 0.09088771045207977, 0.0893649235367775, 0.0886889174580574, 0.08710870891809464, 0.08706492185592651, 0.08474203199148178, 0.0839802548289299, 0.0837559774518013, 0.08374772220849991, 0.08345755189657211, 0.08111997693777084, 0.08099570870399475, 0.08090952783823013, 0.08040603995323181, 0.079555943608284, 0.07842888683080673, 0.07622410356998444, 0.07622257620096207, 0.07501465082168579, 0.0745052918791771, 0.07388564944267273, 0.07304175943136215, 0.07138355076313019, 0.07044586539268494, 0.07012137025594711, 0.06986869126558304, 0.06912581622600555, 0.06674563884735107, 0.0662403479218483, 0.06489963829517365, 0.06443063169717789, 0.06432108581066132, 0.06431519240140915, 0.06422656774520874, 0.06392543762922287, 0.062347784638404846, 0.06219080463051796, 0.06175573170185089, 0.06093357130885124, 0.060642343014478683, 0.06011318415403366, 0.05881693214178085, 0.058805156499147415, 0.058363765478134155, 0.05830925330519676, 0.05669920891523361, 0.05659081041812897, 0.056520383805036545, 0.056188277900218964, 0.05589777231216431, 0.053965598344802856, 0.05361384153366089, 0.053492285311222076, 0.0533430315554142, 0.05304485186934471, 0.05286071076989174, 0.05254631116986275, 0.05226192623376846, 0.051431793719530106, 0.0509660430252552, 0.050848592072725296, 0.050845324993133545, 0.049149759113788605, 0.04907375946640968, 0.04843352735042572, 0.04837508499622345, 0.048297684639692307, 0.04819052666425705, 0.0480814129114151, 0.04765820503234863, 0.0475449375808239, 0.04751472547650337, 0.047484125941991806, 0.04729194566607475, 0.047290168702602386, 0.04721875116229057, 0.047207605093717575, 0.047050993889570236, 0.04670334234833717, 0.04636220261454582, 0.04634480178356171, 0.046065930277109146, 0.04577029496431351, 0.04553292319178581, 0.04547278210520744, 0.04535427317023277, 0.045274194329977036, 0.044745784252882004, 0.04464944824576378, 0.04439543932676315, 0.04407691955566406, 0.043445926159620285, 0.04342367500066757, 0.04331488907337189, 0.043204449117183685, 0.043038688600063324, 0.042852047830820084, 0.04281255975365639, 0.04275002330541611, 0.042731285095214844, 0.042050257325172424, 0.04198950529098511, 0.04198411852121353, 0.041713375598192215, 0.041433919221162796, 0.04142278805375099, 0.041421886533498764, 0.04136011376976967, 0.04122961312532425, 0.040492117404937744, 0.0403134748339653, 0.04006265103816986, 0.039515845477581024, 0.039336107671260834, 0.03930572792887688, 0.0389120988547802, 0.038628775626420975, 0.038466669619083405, 0.037950895726680756, 0.03790457919239998, 0.037896670401096344, 0.03764937072992325, 0.03762539476156235, 0.037598609924316406, 0.03749605640769005, 0.03748799487948418, 0.03739533945918083, 0.037320513278245926, 0.03697553277015686, 0.036799706518650055, 0.03670250251889229, 0.03654564172029495, 0.03645702078938484, 0.03639271482825279, 0.03638756275177002, 0.036370012909173965, 0.03636089712381363, 0.03626808151602745, 0.03615140542387962, 0.035963188856840134, 0.035957708954811096, 0.03579676151275635, 0.035787079483270645, 0.03564735874533653, 0.03561347723007202, 0.03557851165533066, 0.03544967621564865, 0.03531898558139801, 0.03514636680483818, 0.03513259440660477, 0.03512704744935036, 0.03491181507706642, 0.03470075502991676, 0.03440131992101669, 0.03408540412783623, 0.03406810760498047, 0.03404262661933899, 0.03386973962187767, 0.03371880576014519, 0.033542096614837646, 0.033473238348960876, 0.0334094762802124, 0.0332673154771328, 0.033234573900699615, 0.03322343900799751, 0.03312871605157852, 0.03294403851032257, 0.03293536603450775, 0.03286789357662201, 0.032755158841609955, 0.03273528814315796, 0.0320957750082016, 0.032076697796583176, 0.03205818310379982, 0.031737081706523895, 0.031736329197883606, 0.03154327720403671, 0.03135410323739052, 0.031317342072725296, 0.031287744641304016, 0.031074848026037216, 0.03106742724776268, 0.031057830899953842, 0.0309518501162529, 0.030898749828338623, 0.030861172825098038, 0.03085567057132721, 0.030809082090854645, 0.03079226054251194, 0.030754387378692627, 0.03072340041399002, 0.03069421835243702, 0.030401213094592094, 0.03005598857998848, 0.029786251485347748, 0.0297675970941782, 0.029605459421873093, 0.029585829004645348, 0.029565012082457542, 0.029553715139627457, 0.02934558503329754, 0.029252497479319572, 0.029109051451086998, 0.02910367026925087, 0.029085438698530197, 0.02905917726457119, 0.029042284935712814, 0.028956828638911247, 0.02890774980187416, 0.02888355776667595, 0.028813930228352547, 0.02872135490179062, 0.02860863320529461, 0.02849617972970009, 0.028400657698512077, 0.0283226165920496, 0.028100216761231422, 0.02808775193989277, 0.02803659997880459, 0.028019355610013008, 0.027869727462530136, 0.027869416400790215, 0.02783575840294361, 0.027828190475702286, 0.027763811871409416, 0.02774973399937153, 0.027635453268885612, 0.027578068897128105, 0.02728217840194702, 0.026888737455010414, 0.026829486712813377, 0.02679857611656189, 0.026787661015987396, 0.026766786351799965, 0.026740461587905884, 0.026634180918335915, 0.02655406855046749, 0.02653663419187069, 0.026480313390493393, 0.02645496092736721, 0.02641582302749157, 0.02635621465742588, 0.026262518018484116, 0.02620782144367695, 0.0261556226760149, 0.026147542521357536, 0.026130924001336098, 0.02610692009329796, 0.02606276609003544, 0.02599768526852131, 0.025897691026329994, 0.02586701139807701, 0.025836018845438957, 0.025790374726057053, 0.025749923661351204, 0.02571563795208931, 0.025654368102550507, 0.0256174486130476, 0.025610797107219696, 0.025579527020454407]

Execution time: 0.4121 sec
