Label: tensor([ 0,  0, 74,  0,  0,  0, 74,  0,  0, 67,  0,  0,  0,  0, 74,  0,  0, 74,
         0,  0, 62,  0, 74, 74, 67, 39,  0,  0, 27,  0,  0, 72,  6,  0, 67,  2,
        74, 67,  7, 25,  0,  6, 74,  0,  0, 74, 25, 39,  0, 67,  0, 74, 32,  0,
        72,  0, 17, 35,  0,  0,  2, 67,  0, 13,  9, 38, 65, 62, 25, 67, 74,  2,
        32,  8,  0, 38,  6,  8, 27,  0, 27, 74, 59, 13, 37, 14, 27, 58, 74, 13,
        74, 57,  5,  4,  2, 57,  0, 26, 41,  2, 72, 58, 62, 25,  0, 57,  0, 35,
        17, 39,  0, 74, 57, 13, 72,  0, 58,  7, 37, 39,  0, 62,  0, 56, 67,  5,
         0, 27,  0, 74,  8, 14, 26, 35, 41, 37, 59,  0, 74, 72, 74, 14, 57,  2,
        65,  6,  9, 25, 58,  0, 74, 25,  0, 13,  0, 62, 17, 74, 72, 27,  7, 35,
         8,  0, 32, 50,  0, 19,  0,  7, 32, 62, 17, 62,  2,  0, 27, 25, 74, 72,
        17, 62,  7, 74, 13, 33, 58, 65,  0,  2, 65, 37, 74, 17, 19, 13,  0, 13,
        62, 13, 72, 13,  0,  0, 11,  0, 32, 34, 57, 65,  2, 16,  2, 59,  2, 13,
        76, 72, 26,  0, 23, 16,  2, 17, 27, 13,  0, 62,  0,  0,  0,  4, 40, 29,
        67,  0,  0,  0, 59, 11, 21,  8, 17, 23,  2, 33, 62, 34, 56,  0, 13, 27,
        26, 57, 14, 62, 25,  9, 74,  0, 27,  5, 27, 74, 13, 37,  0, 16,  6, 38,
         8,  9, 13, 16,  6,  0, 26, 65, 16,  0, 37, 17,  6, 59, 27, 65, 38, 17,
        33, 62, 25, 65, 11,  0, 65, 62, 13, 29, 62, 26]), Box: ([233.16558837890625, 73.9624252319336, 454.8347473144531, 306.9853210449219], [233.42616271972656, 0.2654581665992737, 458.08648681640625, 307.256103515625], [437.80670166015625, 90.97308349609375, 452.9325866699219, 113.58316040039062], [337.8730773925781, -0.1764993965625763, 460.5026550292969, 306.8203125], [131.61097717285156, 74.34498596191406, 459.6518859863281, 307.439208984375], [66.15855407714844, 76.21080017089844, 462.5313415527344, 307.09564208984375], [437.7169494628906, 79.12805938720703, 452.911865234375, 113.9662094116211], [-1.0091612339019775, 74.64329528808594, 459.30743408203125, 307.1174621582031], [56.157745361328125, 76.74048614501953, 464.5014343261719, 307.11474609375], [437.80670166015625, 90.97308349609375, 452.9325866699219, 113.58316040039062], [354.56024169921875, 75.63670349121094, 457.6316223144531, 306.5723876953125], [141.67840576171875, 76.82318878173828, 455.70855712890625, 307.1180114746094], [115.91276550292969, 76.57804107666016, 459.72998046875, 306.9602966308594], [364.19378662109375, 0.1282367706298828, 460.85919189453125, 307.12506103515625], [438.49688720703125, 91.71044158935547, 444.3627624511719, 102.31956481933594], [393.0022888183594, 76.97868347167969, 460.4726867675781, 306.6900329589844], [354.9799499511719, 75.91007232666016, 458.1468811035156, 306.6279602050781], [447.9089660644531, 103.89356231689453, 452.8877868652344, 111.96964263916016], [95.22319030761719, 74.81454467773438, 456.24530029296875, 306.7391357421875], [109.50225830078125, 75.8445816040039, 457.84857177734375, 306.87548828125], [1.438267469406128, 0.061922550201416016, 455.40716552734375, 307.058837890625], [1.438267469406128, 0.061922550201416016, 455.40716552734375, 307.058837890625], [442.17218017578125, 78.9914321899414, 452.76922607421875, 104.59577178955078], [438.2693176269531, 89.90501403808594, 444.4248352050781, 100.900634765625], [437.7169494628906, 79.12805938720703, 452.911865234375, 113.9662094116211], [437.7169494628906, 79.12805938720703, 452.911865234375, 113.9662094116211], [89.60741424560547, 76.77873229980469, 458.0495910644531, 306.5111389160156], [437.7169494628906, 79.12805938720703, 452.911865234375, 113.9662094116211], [263.6263427734375, 186.9141082763672, 283.419921875, 219.19439697265625], [328.2460632324219, 71.79454040527344, 457.1435546875, 306.7731018066406], [48.655399322509766, 76.66399383544922, 462.79071044921875, 306.928955078125], [337.8730773925781, -0.1764993965625763, 460.5026550292969, 306.8203125], [1.438267469406128, 0.061922550201416016, 455.40716552734375, 307.058837890625], [40.30943298339844, 71.78007507324219, 457.522705078125, 306.8066711425781], [344.5627746582031, 296.556396484375, 355.0705871582031, 307.03973388671875], [1.438267469406128, 0.061922550201416016, 455.40716552734375, 307.058837890625], [439.74993896484375, 94.96128845214844, 452.2124938964844, 112.46890258789062], [442.17218017578125, 78.9914321899414, 452.76922607421875, 104.59577178955078], [1.438267469406128, 0.061922550201416016, 455.40716552734375, 307.058837890625], [338.9913635253906, 0.1529216170310974, 458.276123046875, 117.2256088256836], [64.96771240234375, 0.21187978982925415, 464.7012939453125, 307.2088317871094], [233.42616271972656, 0.2654581665992737, 458.08648681640625, 307.256103515625], [439.1734924316406, 91.86975860595703, 446.18603515625, 104.07737731933594], [235.46710205078125, 85.3244857788086, 364.7447509765625, 306.75286865234375], [442.17218017578125, 78.9914321899414, 452.76922607421875, 104.59577178955078], [339.3739318847656, 0.015960976481437683, 430.865478515625, 107.46942138671875], [1.438267469406128, 0.061922550201416016, 455.40716552734375, 307.058837890625], [437.80670166015625, 90.97308349609375, 452.9325866699219, 113.58316040039062], [338.67486572265625, 77.55679321289062, 460.51129150390625, 306.83648681640625], [344.0449523925781, 296.3418273925781, 363.2511901855469, 307.2361145019531], [333.6685791015625, 76.81282043457031, 456.5711364746094, 306.2466735839844], [379.15643310546875, 199.9794464111328, 398.61029052734375, 226.31947326660156], [161.43711853027344, 134.92001342773438, 168.71580505371094, 145.947021484375], [300.7609558105469, 0.0711633563041687, 460.94708251953125, 307.0576171875], [233.42616271972656, 0.2654581665992737, 458.08648681640625, 307.256103515625], [338.9913635253906, 0.1529216170310974, 458.276123046875, 117.2256088256836], [337.8730773925781, -0.1764993965625763, 460.5026550292969, 306.8203125], [339.3739318847656, 0.015960976481437683, 430.865478515625, 107.46942138671875], [364.2232360839844, 197.15847778320312, 452.5209655761719, 306.7004089355469], [49.530277252197266, 0.1279439926147461, 461.91790771484375, 307.1248779296875], [0.5834486484527588, 177.46302795410156, 458.3228454589844, 306.7215576171875], [438.2693176269531, 89.90501403808594, 444.4248352050781, 100.900634765625], [338.2893371582031, 0.4640897512435913, 458.7287292480469, 219.9369659423828], [0.5834486484527588, 177.46302795410156, 458.3228454589844, 306.7215576171875], [437.80670166015625, 90.97308349609375, 452.9325866699219, 113.58316040039062], [437.7169494628906, 79.12805938720703, 452.911865234375, 113.9662094116211], [437.80670166015625, 90.97308349609375, 452.9325866699219, 113.58316040039062], [-1.0091612339019775, 74.64329528808594, 459.30743408203125, 307.1174621582031], [339.57257080078125, -0.3166165351867676, 459.0762939453125, 103.88964080810547], [438.49688720703125, 91.71044158935547, 444.3627624511719, 102.31956481933594], [438.0867614746094, 91.2363052368164, 452.3896179199219, 113.05921173095703], [-0.6965057849884033, 174.5080108642578, 460.2740478515625, 306.6335754394531], [437.80670166015625, 90.97308349609375, 452.9325866699219, 113.58316040039062], [-1.0091612339019775, 74.64329528808594, 459.30743408203125, 307.1174621582031], [437.80670166015625, 90.97308349609375, 452.9325866699219, 113.58316040039062], [437.80670166015625, 90.97308349609375, 452.9325866699219, 113.58316040039062], [-1.0091612339019775, 74.64329528808594, 459.30743408203125, 307.1174621582031], [1.438267469406128, 0.061922550201416016, 455.40716552734375, 307.058837890625], [437.80670166015625, 90.97308349609375, 452.9325866699219, 113.58316040039062], [337.1255187988281, -0.29779183864593506, 461.0295715332031, 306.68829345703125], [338.9913635253906, 0.1529216170310974, 458.276123046875, 117.2256088256836], [380.5716247558594, 208.93421936035156, 394.68194580078125, 225.80335998535156], [233.16558837890625, 73.9624252319336, 454.8347473144531, 306.9853210449219], [-0.01644027605652809, 181.30406188964844, 25.90254783630371, 187.52793884277344], [337.8730773925781, -0.1764993965625763, 460.5026550292969, 306.8203125], [338.9913635253906, 0.1529216170310974, 458.276123046875, 117.2256088256836], [339.57257080078125, -0.3166165351867676, 459.0762939453125, 103.88964080810547], [339.3739318847656, 0.015960976481437683, 430.865478515625, 107.46942138671875], [339.57257080078125, -0.3166165351867676, 459.0762939453125, 103.88964080810547], [-0.6965057849884033, 174.5080108642578, 460.2740478515625, 306.6335754394531], [449.8685607910156, 105.40155029296875, 453.765625, 113.39755249023438], [66.15855407714844, 76.21080017089844, 462.5313415527344, 307.09564208984375], [1.438267469406128, 0.061922550201416016, 455.40716552734375, 307.058837890625], [1.438267469406128, 0.061922550201416016, 455.40716552734375, 307.058837890625], [-0.12723568081855774, 199.968994140625, 239.63783264160156, 306.9132995605469], [131.61097717285156, 74.34498596191406, 459.6518859863281, 307.439208984375], [234.1258544921875, 85.55370330810547, 331.8003234863281, 306.044677734375], [344.0449523925781, 296.3418273925781, 363.2511901855469, 307.2361145019531], [437.7169494628906, 79.12805938720703, 452.911865234375, 113.9662094116211], [-1.0091612339019775, 74.64329528808594, 459.30743408203125, 307.1174621582031], [354.56024169921875, 75.63670349121094, 457.6316223144531, 306.5723876953125], [337.8730773925781, -0.1764993965625763, 460.5026550292969, 306.8203125], [338.9913635253906, 0.1529216170310974, 458.276123046875, 117.2256088256836], [233.42616271972656, 0.2654581665992737, 458.08648681640625, 307.256103515625], [338.216796875, 0.6509690284729004, 456.75323486328125, 148.77403259277344], [-1.0091612339019775, 74.64329528808594, 459.30743408203125, 307.1174621582031], [366.5280456542969, 151.3447723388672, 461.60693359375, 306.2762451171875], [339.57257080078125, -0.3166165351867676, 459.0762939453125, 103.88964080810547], [-1.0091612339019775, 74.64329528808594, 459.30743408203125, 307.1174621582031], [442.17218017578125, 78.9914321899414, 452.76922607421875, 104.59577178955078], [0.07672128826379776, 227.83319091796875, 41.72544479370117, 306.99566650390625], [437.8233642578125, 90.48336791992188, 449.0478515625, 111.22222137451172], [233.16558837890625, 73.9624252319336, 454.8347473144531, 306.9853210449219], [-1.0091612339019775, 74.64329528808594, 459.30743408203125, 307.1174621582031], [364.19378662109375, 0.1282367706298828, 460.85919189453125, 307.12506103515625], [337.7428283691406, -0.4222865402698517, 461.53228759765625, 306.57196044921875], [338.9913635253906, 0.1529216170310974, 458.276123046875, 117.2256088256836], [-1.0091612339019775, 74.64329528808594, 459.30743408203125, 307.1174621582031], [233.42616271972656, 0.2654581665992737, 458.08648681640625, 307.256103515625], [344.5627746582031, 296.556396484375, 355.0705871582031, 307.03973388671875], [363.01116943359375, 223.91305541992188, 425.99688720703125, 306.7120361328125], [339.57257080078125, -0.3166165351867676, 459.0762939453125, 103.88964080810547], [311.3703918457031, 0.1351170539855957, 461.8196716308594, 307.0898742675781], [233.16558837890625, 73.9624252319336, 454.8347473144531, 306.9853210449219], [447.9089660644531, 103.89356231689453, 452.8877868652344, 111.96964263916016], [-1.0091612339019775, 74.64329528808594, 459.30743408203125, 307.1174621582031], [134.06741333007812, 262.1791687011719, 162.53285217285156, 305.8763732910156], [337.8730773925781, -0.1764993965625763, 460.5026550292969, 306.8203125], [363.8077697753906, 211.85772705078125, 460.735107421875, 306.7093200683594], [437.306396484375, 88.62224578857422, 454.1964111328125, 132.96014404296875], [0.5834486484527588, 177.46302795410156, 458.3228454589844, 306.7215576171875], [339.3739318847656, 0.015960976481437683, 430.865478515625, 107.46942138671875], [344.5627746582031, 296.556396484375, 355.0705871582031, 307.03973388671875], [437.7169494628906, 79.12805938720703, 452.911865234375, 113.9662094116211], [437.80670166015625, 90.97308349609375, 452.9325866699219, 113.58316040039062], [-1.0091612339019775, 74.64329528808594, 459.30743408203125, 307.1174621582031], [233.42616271972656, 0.2654581665992737, 458.08648681640625, 307.256103515625], [235.93075561523438, 86.3083724975586, 449.84283447265625, 307.3202209472656], [338.9913635253906, 0.1529216170310974, 458.276123046875, 117.2256088256836], [393.0022888183594, 76.97868347167969, 460.4726867675781, 306.6900329589844], [373.0588684082031, 194.46726989746094, 400.89013671875, 227.04600524902344], [339.57257080078125, -0.3166165351867676, 459.0762939453125, 103.88964080810547], [56.157745361328125, 76.74048614501953, 464.5014343261719, 307.11474609375], [437.80670166015625, 90.97308349609375, 452.9325866699219, 113.58316040039062], [437.7169494628906, 79.12805938720703, 452.911865234375, 113.9662094116211], [49.530277252197266, 0.1279439926147461, 461.91790771484375, 307.1248779296875], [339.57257080078125, -0.3166165351867676, 459.0762939453125, 103.88964080810547], [338.216796875, 0.6509690284729004, 456.75323486328125, 148.77403259277344], [339.57257080078125, -0.3166165351867676, 459.0762939453125, 103.88964080810547], [233.14743041992188, -0.1550351083278656, 461.5800476074219, 306.8418884277344], [373.92645263671875, 195.8583526611328, 399.8785095214844, 226.03619384765625], [339.3739318847656, 0.015960976481437683, 430.865478515625, 107.46942138671875], [235.29539489746094, 173.76422119140625, 405.2094421386719, 306.9347839355469], [0.1505625694990158, 180.35296630859375, 38.39796447753906, 188.4267578125], [233.18504333496094, 178.78533935546875, 282.59478759765625, 306.4287414550781], [49.530277252197266, 0.1279439926147461, 461.91790771484375, 307.1248779296875], [233.16558837890625, 73.9624252319336, 454.8347473144531, 306.9853210449219], [437.8167419433594, 90.15770721435547, 453.7303466796875, 116.33859252929688], [1.438267469406128, 0.061922550201416016, 455.40716552734375, 307.058837890625], [354.56024169921875, 75.63670349121094, 457.6316223144531, 306.5723876953125], [233.42616271972656, 0.2654581665992737, 458.08648681640625, 307.256103515625], [338.9913635253906, 0.1529216170310974, 458.276123046875, 117.2256088256836], [-0.6965057849884033, 174.5080108642578, 460.2740478515625, 306.6335754394531], [233.8635711669922, 180.40481567382812, 281.4591369628906, 306.2064514160156], [233.16558837890625, 73.9624252319336, 454.8347473144531, 306.9853210449219], [339.3739318847656, 0.015960976481437683, 430.865478515625, 107.46942138671875], [339.57257080078125, -0.3166165351867676, 459.0762939453125, 103.88964080810547], [-1.0091612339019775, 74.64329528808594, 459.30743408203125, 307.1174621582031], [-0.3801202178001404, -0.06600314378738403, 91.55210876464844, 306.8833312988281], [0.5834486484527588, 177.46302795410156, 458.3228454589844, 306.7215576171875], [437.7169494628906, 79.12805938720703, 452.911865234375, 113.9662094116211], [131.61097717285156, 74.34498596191406, 459.6518859863281, 307.439208984375], [364.19378662109375, 0.1282367706298828, 460.85919189453125, 307.12506103515625], [66.15855407714844, 76.21080017089844, 462.5313415527344, 307.09564208984375], [0.1505625694990158, 180.35296630859375, 38.39796447753906, 188.4267578125], [263.6263427734375, 186.9141082763672, 283.419921875, 219.19439697265625], [339.3739318847656, 0.015960976481437683, 430.865478515625, 107.46942138671875], [338.2893371582031, 0.4640897512435913, 458.7287292480469, 219.9369659423828], [364.7685241699219, 3.675105094909668, 390.1975402832031, 27.76593780517578], [354.9799499511719, 75.91007232666016, 458.1468811035156, 306.6279602050781], [354.56024169921875, 75.63670349121094, 457.6316223144531, 306.5723876953125], [64.96771240234375, 0.21187978982925415, 464.7012939453125, 307.2088317871094], [-0.6965057849884033, 174.5080108642578, 460.2740478515625, 306.6335754394531], [447.4945373535156, 102.92896270751953, 452.4659729003906, 110.80066680908203], [66.15855407714844, 76.21080017089844, 462.5313415527344, 307.09564208984375], [338.9913635253906, 0.1529216170310974, 458.276123046875, 117.2256088256836], [233.42616271972656, 0.2654581665992737, 458.08648681640625, 307.256103515625], [364.7685241699219, 3.675105094909668, 390.1975402832031, 27.76593780517578], [228.0872344970703, 217.4578399658203, 242.12313842773438, 306.8094787597656], [437.7169494628906, 79.12805938720703, 452.911865234375, 113.9662094116211], [338.9913635253906, 0.1529216170310974, 458.276123046875, 117.2256088256836], [-0.1039414256811142, 181.02247619628906, 83.4970932006836, 188.3404998779297], [436.9375915527344, 86.56681823730469, 453.9645080566406, 122.9280014038086], [-0.3801202178001404, -0.06600314378738403, 91.55210876464844, 306.8833312988281], [-0.12723568081855774, 199.968994140625, 239.63783264160156, 306.9132995605469], [0.21284258365631104, 177.8347625732422, 265.80010986328125, 306.8312072753906], [386.0478515625, 1.7591018676757812, 461.5249938964844, 306.0826110839844], [-0.7834453582763672, 176.05108642578125, 460.2119445800781, 307.1488342285156], [233.42616271972656, 0.2654581665992737, 458.08648681640625, 307.256103515625], [-0.12723568081855774, 199.968994140625, 239.63783264160156, 306.9132995605469], [-1.0091612339019775, 74.64329528808594, 459.30743408203125, 307.1174621582031], [56.157745361328125, 76.74048614501953, 464.5014343261719, 307.11474609375], [232.2226104736328, 184.99737548828125, 287.6235046386719, 306.27484130859375], [383.40899658203125, 8.628497123718262, 460.7616882324219, 242.54119873046875], [339.57257080078125, -0.3166165351867676, 459.0762939453125, 103.88964080810547], [368.05291748046875, -0.5601209402084351, 460.86358642578125, 306.1509704589844], [442.17218017578125, 78.9914321899414, 452.76922607421875, 104.59577178955078], [337.8730773925781, -0.1764993965625763, 460.5026550292969, 306.8203125], [115.91276550292969, 76.57804107666016, 459.72998046875, 306.9602966308594], [442.17218017578125, 78.9914321899414, 452.76922607421875, 104.59577178955078], [0.21284258365631104, 177.8347625732422, 265.80010986328125, 306.8312072753906], [66.15855407714844, 76.21080017089844, 462.5313415527344, 307.09564208984375], [-0.7834453582763672, 176.05108642578125, 460.2119445800781, 307.1488342285156], [-1.0091612339019775, 74.64329528808594, 459.30743408203125, 307.1174621582031], [-0.16490595042705536, 180.32855224609375, 39.842681884765625, 194.4267578125], [363.8077697753906, 211.85772705078125, 460.735107421875, 306.7093200683594], [344.5627746582031, 296.556396484375, 355.0705871582031, 307.03973388671875], [311.3703918457031, 0.1351170539855957, 461.8196716308594, 307.0898742675781], [437.7169494628906, 79.12805938720703, 452.911865234375, 113.9662094116211], [132.80093383789062, 269.078857421875, 163.9856414794922, 306.9026794433594], [337.8730773925781, -0.1764993965625763, 460.5026550292969, 306.8203125], [115.91276550292969, 76.57804107666016, 459.72998046875, 306.9602966308594], [-0.01644027605652809, 181.30406188964844, 25.90254783630371, 187.52793884277344], [393.0022888183594, 76.97868347167969, 460.4726867675781, 306.6900329589844], [354.9799499511719, 75.91007232666016, 458.1468811035156, 306.6279602050781], [-0.1039414256811142, 181.02247619628906, 83.4970932006836, 188.3404998779297], [331.137939453125, 0.6736913919448853, 455.252685546875, 181.34524536132812], [339.3739318847656, 0.015960976481437683, 430.865478515625, 107.46942138671875], [-0.9982800483703613, 85.54632568359375, 358.27325439453125, 307.1497802734375], [315.0184631347656, 0.3003673553466797, 456.699462890625, 152.77947998046875], [391.819580078125, -0.9462677240371704, 459.68572998046875, 305.4217834472656], [-1.0091612339019775, 74.64329528808594, 459.30743408203125, 307.1174621582031], [437.7169494628906, 79.12805938720703, 452.911865234375, 113.9662094116211], [-0.01644027605652809, 181.30406188964844, 25.90254783630371, 187.52793884277344], [364.7685241699219, 3.675105094909668, 390.1975402832031, 27.76593780517578], [392.90960693359375, 77.13108825683594, 455.40447998046875, 206.58819580078125], [0.11675979197025299, 218.9365997314453, 106.3954086303711, 307.0292663574219], [391.2859802246094, 77.87687683105469, 457.05181884765625, 213.3594970703125], [131.61097717285156, 74.34498596191406, 459.6518859863281, 307.439208984375], [339.3739318847656, 0.015960976481437683, 430.865478515625, 107.46942138671875], [1.438267469406128, 0.061922550201416016, 455.40716552734375, 307.058837890625], [0.1505625694990158, 180.35296630859375, 38.39796447753906, 188.4267578125], [354.9799499511719, 75.91007232666016, 458.1468811035156, 306.6279602050781], [233.42616271972656, 0.2654581665992737, 458.08648681640625, 307.256103515625], [-0.5074176788330078, 176.7872772216797, 310.30474853515625, 306.6599426269531], [339.57257080078125, -0.3166165351867676, 459.0762939453125, 103.88964080810547], [95.22319030761719, 74.81454467773438, 456.24530029296875, 306.7391357421875], [233.42616271972656, 0.2654581665992737, 458.08648681640625, 307.256103515625], [363.8077697753906, 211.85772705078125, 460.735107421875, 306.7093200683594], [132.89329528808594, 254.16891479492188, 190.984619140625, 306.9172668457031], [0.09934577345848083, 225.7074432373047, 459.10809326171875, 306.81219482421875], [437.7169494628906, 79.12805938720703, 452.911865234375, 113.9662094116211], [233.16558837890625, 73.9624252319336, 454.8347473144531, 306.9853210449219], [354.56024169921875, 75.63670349121094, 457.6316223144531, 306.5723876953125], [380.9619140625, 35.24782943725586, 387.63433837890625, 43.2414665222168], [115.91276550292969, 76.57804107666016, 459.72998046875, 306.9602966308594], [-1.0091612339019775, 74.64329528808594, 459.30743408203125, 307.1174621582031], [437.7169494628906, 79.12805938720703, 452.911865234375, 113.9662094116211], [375.7127380371094, 202.68368530273438, 394.9195251464844, 225.0384979248047], [339.6767272949219, -0.5044748187065125, 461.32373046875, 306.4456787109375], [393.0022888183594, 76.97868347167969, 460.4726867675781, 306.6900329589844], [233.42616271972656, 0.2654581665992737, 458.08648681640625, 307.256103515625], [233.42616271972656, 0.2654581665992737, 458.08648681640625, 307.256103515625], [436.1969909667969, 83.53363037109375, 454.5252990722656, 140.48513793945312], [368.4729309082031, 255.15911865234375, 461.303955078125, 306.935302734375], [125.35260009765625, 179.84396362304688, 147.5773468017578, 185.00048828125], [0.3079705238342285, 84.56214904785156, 314.708251953125, 306.08642578125], [337.8730773925781, -0.1764993965625763, 460.5026550292969, 306.8203125], [233.16558837890625, 73.9624252319336, 454.8347473144531, 306.9853210449219], [338.9913635253906, 0.1529216170310974, 458.276123046875, 117.2256088256836], [56.157745361328125, 76.74048614501953, 464.5014343261719, 307.11474609375], [339.3739318847656, 0.015960976481437683, 430.865478515625, 107.46942138671875], [131.61097717285156, 74.34498596191406, 459.6518859863281, 307.439208984375], [131.61097717285156, 74.34498596191406, 459.6518859863281, 307.439208984375], [64.96771240234375, 0.21187978982925415, 464.7012939453125, 307.2088317871094], [346.7036437988281, -0.28748056292533875, 461.2793273925781, 306.6252136230469], [437.80670166015625, 90.97308349609375, 452.9325866699219, 113.58316040039062], [339.3739318847656, 0.015960976481437683, 430.865478515625, 107.46942138671875], [56.157745361328125, 76.74048614501953, 464.5014343261719, 307.11474609375], [0.42407771944999695, 0.06045866012573242, 273.5608215332031, 307.040283203125], [1.438267469406128, 0.061922550201416016, 455.40716552734375, 307.058837890625], [233.42616271972656, 0.2654581665992737, 458.08648681640625, 307.256103515625], [66.15855407714844, 76.21080017089844, 462.5313415527344, 307.09564208984375], [66.15855407714844, 76.21080017089844, 462.5313415527344, 307.09564208984375], [331.137939453125, 0.6736913919448853, 455.252685546875, 181.34524536132812], [-1.0091612339019775, 74.64329528808594, 459.30743408203125, 307.1174621582031], [442.17218017578125, 78.9914321899414, 452.76922607421875, 104.59577178955078], [66.15855407714844, 76.21080017089844, 462.5313415527344, 307.09564208984375], [339.3739318847656, 0.015960976481437683, 430.865478515625, 107.46942138671875], [56.157745361328125, 76.74048614501953, 464.5014343261719, 307.11474609375], [331.137939453125, 0.6736913919448853, 455.252685546875, 181.34524536132812], [339.57257080078125, -0.3166165351867676, 459.0762939453125, 103.88964080810547], [338.9913635253906, 0.1529216170310974, 458.276123046875, 117.2256088256836], [349.7453918457031, -0.04669809341430664, 461.6126403808594, 306.812744140625], [337.8730773925781, -0.1764993965625763, 460.5026550292969, 306.8203125], [437.80670166015625, 90.97308349609375, 452.9325866699219, 113.58316040039062], [-0.16490595042705536, 180.32855224609375, 39.842681884765625, 194.4267578125], [0.1505625694990158, 180.35296630859375, 38.39796447753906, 188.4267578125], [337.8730773925781, -0.1764993965625763, 460.5026550292969, 306.8203125], [339.57257080078125, -0.3166165351867676, 459.0762939453125, 103.88964080810547]), Score: [0.8844894170761108, 0.2010696828365326, 0.19324326515197754, 0.09535206109285355, 0.08879821747541428, 0.07573327422142029, 0.0755680501461029, 0.07536796480417252, 0.05581752583384514, 0.054481375962495804, 0.05410574749112129, 0.05366326868534088, 0.0531100258231163, 0.051784615963697433, 0.04699224233627319, 0.04540304094552994, 0.04413779452443123, 0.042995303869247437, 0.04299391061067581, 0.041444264352321625, 0.03783688321709633, 0.035745203495025635, 0.0353279709815979, 0.03498326614499092, 0.03344591334462166, 0.03336842358112335, 0.032073672860860825, 0.03135733678936958, 0.0293202493339777, 0.028905680403113365, 0.028834637254476547, 0.02751864306628704, 0.02723989263176918, 0.027190638706088066, 0.027187764644622803, 0.02712877281010151, 0.026408877223730087, 0.026361877098679543, 0.0257236547768116, 0.02424204908311367, 0.023564867675304413, 0.023561010137200356, 0.02347397990524769, 0.0233834870159626, 0.023134281858801842, 0.022910671308636665, 0.02264701947569847, 0.022329343482851982, 0.022215059027075768, 0.022133398801088333, 0.02130136825144291, 0.021132608875632286, 0.02090296521782875, 0.020813539624214172, 0.020700987428426743, 0.020664261654019356, 0.020483972504734993, 0.020415442064404488, 0.020343508571386337, 0.02031465619802475, 0.02030467614531517, 0.020268747583031654, 0.019641749560832977, 0.01945103146135807, 0.01923328824341297, 0.01918296329677105, 0.01907702162861824, 0.019055301323533058, 0.018931247293949127, 0.01892230659723282, 0.018438098952174187, 0.018315644934773445, 0.018279504030942917, 0.01827309839427471, 0.018235811963677406, 0.018091553822159767, 0.018049489706754684, 0.0179945919662714, 0.017901107668876648, 0.017697934061288834, 0.01759939268231392, 0.01759878173470497, 0.017514415085315704, 0.017482999712228775, 0.017372669652104378, 0.01733681559562683, 0.0172658059746027, 0.01705324463546276, 0.017012959346175194, 0.01690937951207161, 0.01690566912293434, 0.016895830631256104, 0.016891688108444214, 0.01676122099161148, 0.016710640862584114, 0.016548162326216698, 0.01640932634472847, 0.016316654160618782, 0.01612687110900879, 0.016102058812975883, 0.016088534146547318, 0.01596461981534958, 0.015949659049510956, 0.01592167094349861, 0.015835124999284744, 0.015827538445591927, 0.015810012817382812, 0.01579589955508709, 0.015701651573181152, 0.015616723336279392, 0.015615483745932579, 0.01556631363928318, 0.015562718734145164, 0.01554510835558176, 0.015507942996919155, 0.015443291515111923, 0.015305944718420506, 0.015208140946924686, 0.015176299959421158, 0.015166225843131542, 0.015075482428073883, 0.015065755695104599, 0.01505762804299593, 0.014883399941027164, 0.014854148961603642, 0.014790145680308342, 0.014754794538021088, 0.014753608033061028, 0.0146388104185462, 0.014628881588578224, 0.014449937269091606, 0.014444539323449135, 0.014437121339142323, 0.014378814958035946, 0.014378685504198074, 0.014360499568283558, 0.01435140985995531, 0.014276430942118168, 0.014263867400586605, 0.014256687834858894, 0.014241144061088562, 0.01421300321817398, 0.01413477398455143, 0.014099647291004658, 0.01395606528967619, 0.013911220245063305, 0.013909237459301949, 0.013858934864401817, 0.01379094086587429, 0.013780301436781883, 0.013759774155914783, 0.013688171282410622, 0.013682371005415916, 0.013649669475853443, 0.013620540499687195, 0.013589735142886639, 0.013571664690971375, 0.013551921583712101, 0.01347518339753151, 0.013466741889715195, 0.013431431725621223, 0.013428198173642159, 0.013422058895230293, 0.013402832671999931, 0.013391828164458275, 0.013281939551234245, 0.013239151798188686, 0.013191507197916508, 0.013182527385652065, 0.013097427785396576, 0.012999567203223705, 0.012987710535526276, 0.012866205535829067, 0.012860750779509544, 0.012840722687542439, 0.01282692514359951, 0.012824468314647675, 0.012797264382243156, 0.0127444202080369, 0.01272391714155674, 0.01264826487749815, 0.012646949850022793, 0.012643049471080303, 0.012621152214705944, 0.01260978914797306, 0.012576531618833542, 0.01247982308268547, 0.01245858520269394, 0.012370174750685692, 0.012266121804714203, 0.012225435115396976, 0.012212664820253849, 0.01216114591807127, 0.012155779637396336, 0.012152636423707008, 0.012126211076974869, 0.012118976563215256, 0.012111409567296505, 0.01210837997496128, 0.012106258422136307, 0.012105494737625122, 0.012093518860638142, 0.012081515975296497, 0.012068967334926128, 0.012059897184371948, 0.012043409049510956, 0.012020096182823181, 0.011877026408910751, 0.011825484223663807, 0.011814573779702187, 0.011801292188465595, 0.01179869007319212, 0.011753879487514496, 0.01172838918864727, 0.0117225656285882, 0.011715679429471493, 0.011712362058460712, 0.011707035824656487, 0.011675180867314339, 0.011673832312226295, 0.011669453233480453, 0.011621792800724506, 0.011602785438299179, 0.011593831703066826, 0.011592121794819832, 0.011581407859921455, 0.011555459350347519, 0.011531219817698002, 0.01151608768850565, 0.01149396225810051, 0.011483716778457165, 0.011438977904617786, 0.011436648666858673, 0.01142771914601326, 0.011423518881201744, 0.011417817324399948, 0.011387715116143227, 0.011387446895241737, 0.011369772255420685, 0.011367805302143097, 0.011361087672412395, 0.011314282193779945, 0.011311626061797142, 0.011311071924865246, 0.01129061821848154, 0.011271541006863117, 0.01127014309167862, 0.011260869912803173, 0.011249799281358719, 0.011246617883443832, 0.011213964782655239, 0.01120927557349205, 0.011195183731615543, 0.011192587204277515, 0.011186872608959675, 0.011186192743480206, 0.011177167296409607, 0.011176117695868015, 0.011174268089234829, 0.01116821076720953, 0.011142116971313953, 0.011136118322610855, 0.011134748347103596, 0.011127583682537079, 0.011107672937214375, 0.011100374162197113, 0.011089789681136608, 0.011056873016059399, 0.01104735117405653, 0.011027957312762737, 0.01102393213659525, 0.01101570576429367, 0.011000546626746655, 0.01099186111241579, 0.010983668267726898, 0.010971932671964169, 0.01095316931605339, 0.010944860987365246, 0.010927521623671055, 0.01092285756021738, 0.010883765295147896, 0.010855814442038536, 0.010842187330126762, 0.01084004994481802, 0.010836027562618256, 0.010816219262778759, 0.010796193033456802, 0.01077958382666111, 0.010774113237857819, 0.010761218145489693, 0.010753266513347626, 0.010746476240456104, 0.010724533349275589, 0.010649791918694973, 0.010637249797582626, 0.010619564913213253, 0.010615682229399681, 0.010611256584525108, 0.010585526004433632, 0.010576065629720688]

Execution time: 0.4055 sec
