Label: tensor([ 0, 67, 73, 26, 73, 13, 13, 13, 73, 13, 26, 26, 26, 26, 67, 67, 67, 56,
        73, 67, 67, 56, 26, 26, 56, 56, 63, 13, 26, 13, 13, 26, 67, 26,  1, 28,
        26, 67, 26, 28,  1, 28, 25, 41, 26,  1, 67,  1,  2, 63,  1, 13, 77, 26,
        26, 26, 26, 67, 13,  2, 39, 25, 67, 28, 67, 26, 77, 13, 73, 73,  1, 26,
        76, 26, 26, 73, 26, 46, 24, 67, 26, 73, 26, 76, 56, 24,  2,  2,  2, 24,
         3, 26, 24, 63, 76, 67, 65,  2, 24, 26, 38, 26, 45, 29, 76, 24,  1, 73,
        33, 39, 25, 60, 26, 24, 13, 24, 26, 71, 38, 24, 24, 26, 28, 38, 63, 76,
         1, 45, 67, 25, 67, 73,  3, 14, 73, 26, 24,  2, 63, 36, 38, 77, 13, 48,
        48, 26, 76, 67, 28, 26, 13, 13, 26, 26, 26, 24, 26, 76, 56, 28, 13, 13,
        24, 27, 16, 39, 43, 74, 13, 74, 25, 46, 46, 73, 26, 38, 29, 73, 67, 33,
        73, 25,  3, 13, 65, 73, 73, 60, 13, 26, 28, 69, 36, 26,  3, 26, 26, 13,
        35, 39, 67,  8,  3, 26, 60,  1, 26, 14, 46, 56, 38, 14, 27,  1, 67,  2,
        33, 26, 13, 76, 73, 73, 76, 18, 76, 41, 56,  3, 13, 67, 61, 61,  9, 73,
        63, 24, 28, 29, 33,  8, 56,  2, 43, 26,  3, 15, 73, 25, 67, 74, 74, 24,
        45, 13, 25, 13, 76, 67, 39, 25, 33, 26, 26, 44, 69,  8, 28, 71, 56, 67,
        45, 56, 13, 43, 73, 74, 73, 25,  2, 26, 67, 78, 74, 48, 13, 41,  2, 69,
        45, 76,  1, 44,  8, 73, 24, 71, 67, 27, 24, 55]), Box: ([158.54010009765625, 50.271034240722656, 429.3083190917969, 374.3177490234375], [359.3029479980469, 304.0072326660156, 395.1920166015625, 350.98126220703125], [276.4083557128906, 304.1033935546875, 405.87786865234375, 374.8275451660156], [214.6927490234375, 303.782470703125, 405.9139709472656, 375.01922607421875], [359.3029479980469, 304.0072326660156, 395.1920166015625, 350.98126220703125], [211.70384216308594, 306.51568603515625, 499.8670349121094, 374.71978759765625], [405.315673828125, 311.6108703613281, 500.020263671875, 374.7168884277344], [273.009765625, 305.9736633300781, 500.02593994140625, 374.58135986328125], [359.0774841308594, 304.0362243652344, 401.0902404785156, 374.99017333984375], [268.01983642578125, 305.6241149902344, 499.97021484375, 374.7668762207031], [276.4083557128906, 304.1033935546875, 405.87786865234375, 374.8275451660156], [213.29945373535156, 307.07818603515625, 368.0301818847656, 374.7886047363281], [273.009765625, 305.9736633300781, 500.02593994140625, 374.58135986328125], [268.01983642578125, 305.6241149902344, 499.97021484375, 374.7668762207031], [359.0774841308594, 304.0362243652344, 401.0902404785156, 374.99017333984375], [378.521484375, 360.5244140625, 405.1364440917969, 374.80230712890625], [381.9843444824219, 340.43902587890625, 405.7810974121094, 374.4462585449219], [405.315673828125, 311.6108703613281, 500.020263671875, 374.7168884277344], [214.6927490234375, 303.782470703125, 405.9139709472656, 375.01922607421875], [381.2788391113281, 334.6772155761719, 407.32183837890625, 374.2297668457031], [373.8395080566406, 360.8458557128906, 405.0577392578125, 375.0710754394531], [273.009765625, 305.9736633300781, 500.02593994140625, 374.58135986328125], [211.70384216308594, 306.51568603515625, 499.8670349121094, 374.71978759765625], [213.6492156982422, 325.7013244628906, 321.7391357421875, 375.04248046875], [211.70384216308594, 306.51568603515625, 499.8670349121094, 374.71978759765625], [268.01983642578125, 305.6241149902344, 499.97021484375, 374.7668762207031], [276.4083557128906, 304.1033935546875, 405.87786865234375, 374.8275451660156], [7.135138034820557, 305.0365295410156, 499.86968994140625, 375.07806396484375], [276.9133605957031, 307.51702880859375, 372.13214111328125, 374.31683349609375], [258.0117492675781, 306.50079345703125, 498.2875061035156, 374.6087646484375], [0.5250871181488037, 187.84396362304688, 500.5146179199219, 375.13043212890625], [244.1847686767578, 326.2125549316406, 322.6478271484375, 374.6845397949219], [370.6272277832031, 350.2883605957031, 405.0087890625, 374.960693359375], [405.315673828125, 311.6108703613281, 500.020263671875, 374.7168884277344], [211.70384216308594, 306.51568603515625, 499.8670349121094, 374.71978759765625], [273.009765625, 305.9736633300781, 500.02593994140625, 374.58135986328125], [278.4459228515625, 308.0063171386719, 367.8188171386719, 374.08575439453125], [373.30194091796875, 364.892578125, 390.6322937011719, 375.177978515625], [213.14608764648438, 250.80555725097656, 399.08587646484375, 374.925537109375], [211.70384216308594, 306.51568603515625, 499.8670349121094, 374.71978759765625], [405.315673828125, 311.6108703613281, 500.020263671875, 374.7168884277344], [268.01983642578125, 305.6241149902344, 499.97021484375, 374.7668762207031], [276.4083557128906, 304.1033935546875, 405.87786865234375, 374.8275451660156], [359.3029479980469, 304.0072326660156, 395.1920166015625, 350.98126220703125], [174.25180053710938, 188.2059783935547, 400.67059326171875, 374.8995666503906], [273.009765625, 305.9736633300781, 500.02593994140625, 374.58135986328125], [360.6643371582031, 343.4544372558594, 405.5433044433594, 374.7037353515625], [7.135138034820557, 305.0365295410156, 499.86968994140625, 375.07806396484375], [0.5250871181488037, 187.84396362304688, 500.5146179199219, 375.13043212890625], [214.6927490234375, 303.782470703125, 405.9139709472656, 375.01922607421875], [268.01983642578125, 305.6241149902344, 499.97021484375, 374.7668762207031], [166.20309448242188, 253.74215698242188, 500.3062438964844, 374.9440612792969], [359.0774841308594, 304.0362243652344, 401.0902404785156, 374.99017333984375], [243.0872039794922, 353.4214172363281, 321.13824462890625, 375.0747985839844], [211.9583740234375, 303.69146728515625, 421.24285888671875, 374.99029541015625], [279.6278991699219, 306.3792724609375, 366.0970764160156, 336.2540283203125], [212.47195434570312, 353.50396728515625, 253.651611328125, 375.09893798828125], [393.3792419433594, 332.9553527832031, 405.9391174316406, 350.2518615722656], [391.8226013183594, 220.28866577148438, 499.53070068359375, 374.5865478515625], [405.315673828125, 311.6108703613281, 500.020263671875, 374.7168884277344], [359.0774841308594, 304.0362243652344, 401.0902404785156, 374.99017333984375], [214.6927490234375, 303.782470703125, 405.9139709472656, 375.01922607421875], [360.0025634765625, 335.8901672363281, 388.7747497558594, 375.0289611816406], [405.315673828125, 311.6108703613281, 500.020263671875, 374.7168884277344], [393.3904724121094, 337.67242431640625, 405.1629943847656, 350.29193115234375], [272.0135498046875, 245.76553344726562, 409.4547119140625, 374.8271789550781], [276.4083557128906, 304.1033935546875, 405.87786865234375, 374.8275451660156], [162.80545043945312, 265.2141418457031, 499.4289855957031, 374.3045959472656], [303.05743408203125, 326.83270263671875, 405.71795654296875, 375.05511474609375], [279.83331298828125, 303.9964294433594, 395.97802734375, 344.441650390625], [0.5250871181488037, 187.84396362304688, 500.5146179199219, 375.13043212890625], [216.2978057861328, 199.47508239746094, 391.9841003417969, 374.5950012207031], [373.30194091796875, 364.892578125, 390.6322937011719, 375.177978515625], [279.0938415527344, 304.60992431640625, 402.3499755859375, 374.2171325683594], [212.00543212890625, 303.84503173828125, 417.4079895019531, 375.00164794921875], [279.0938415527344, 304.60992431640625, 402.3499755859375, 374.2171325683594], [258.0117492675781, 306.50079345703125, 498.2875061035156, 374.6087646484375], [276.4083557128906, 304.1033935546875, 405.87786865234375, 374.8275451660156], [214.6927490234375, 303.782470703125, 405.9139709472656, 375.01922607421875], [363.8185119628906, 344.6292724609375, 390.080810546875, 374.8232421875], [359.3029479980469, 304.0072326660156, 395.1920166015625, 350.98126220703125], [279.6278991699219, 306.3792724609375, 366.0970764160156, 336.2540283203125], [300.3848876953125, 326.1571350097656, 321.37493896484375, 372.2524719238281], [370.6272277832031, 350.2883605957031, 405.0087890625, 374.960693359375], [258.0117492675781, 306.50079345703125, 498.2875061035156, 374.6087646484375], [273.009765625, 305.9736633300781, 500.02593994140625, 374.58135986328125], [268.01983642578125, 305.6241149902344, 499.97021484375, 374.7668762207031], [211.70384216308594, 306.51568603515625, 499.8670349121094, 374.71978759765625], [273.009765625, 305.9736633300781, 500.02593994140625, 374.58135986328125], [268.01983642578125, 305.6241149902344, 499.97021484375, 374.7668762207031], [211.70384216308594, 306.51568603515625, 499.8670349121094, 374.71978759765625], [209.2774200439453, 231.86705017089844, 402.5475158691406, 374.5080261230469], [245.58567810058594, 304.1351013183594, 404.0771789550781, 375.0912780761719], [359.0774841308594, 304.0362243652344, 401.0902404785156, 374.99017333984375], [359.0774841308594, 304.0362243652344, 401.0902404785156, 374.99017333984375], [359.3179626464844, 304.03607177734375, 395.0337219238281, 350.4503173828125], [359.3179626464844, 304.03607177734375, 395.0337219238281, 350.4503173828125], [7.135138034820557, 305.0365295410156, 499.86968994140625, 375.07806396484375], [211.9583740234375, 303.69146728515625, 421.24285888671875, 374.99029541015625], [261.5325927734375, 194.72955322265625, 401.6885681152344, 374.596435546875], [211.70384216308594, 306.51568603515625, 499.8670349121094, 374.71978759765625], [283.8223571777344, 231.38833618164062, 414.49212646484375, 374.9850769042969], [276.4083557128906, 304.1033935546875, 405.87786865234375, 374.8275451660156], [276.4083557128906, 304.1033935546875, 405.87786865234375, 374.8275451660156], [381.2788391113281, 334.6772155761719, 407.32183837890625, 374.2297668457031], [213.29945373535156, 307.07818603515625, 368.0301818847656, 374.7886047363281], [258.0117492675781, 306.50079345703125, 498.2875061035156, 374.6087646484375], [282.7336730957031, 302.0886535644531, 389.8253479003906, 350.62078857421875], [276.4083557128906, 304.1033935546875, 405.87786865234375, 374.8275451660156], [359.3029479980469, 304.0072326660156, 395.1920166015625, 350.98126220703125], [359.0774841308594, 304.0362243652344, 401.0902404785156, 374.99017333984375], [211.70384216308594, 306.51568603515625, 499.8670349121094, 374.71978759765625], [359.0774841308594, 304.0362243652344, 401.0902404785156, 374.99017333984375], [276.4083557128906, 304.1033935546875, 405.87786865234375, 374.8275451660156], [0.13734400272369385, 187.6772918701172, 163.4010009765625, 374.94219970703125], [275.8640441894531, 304.8297424316406, 396.8995056152344, 374.7944030761719], [211.86611938476562, 313.6982421875, 284.3815002441406, 374.75970458984375], [279.6278991699219, 306.3792724609375, 366.0970764160156, 336.2540283203125], [268.01983642578125, 305.6241149902344, 499.97021484375, 374.7668762207031], [279.3365783691406, 304.78778076171875, 397.37957763671875, 373.73333740234375], [212.00543212890625, 303.84503173828125, 417.4079895019531, 375.00164794921875], [210.7132110595703, 268.8682861328125, 319.12689208984375, 375.0378112792969], [258.0117492675781, 306.50079345703125, 498.2875061035156, 374.6087646484375], [273.009765625, 305.9736633300781, 500.02593994140625, 374.58135986328125], [279.0938415527344, 304.60992431640625, 402.3499755859375, 374.2171325683594], [373.8395080566406, 360.8458557128906, 405.0577392578125, 375.0710754394531], [391.8226013183594, 220.28866577148438, 499.53070068359375, 374.5865478515625], [279.6278991699219, 306.3792724609375, 366.0970764160156, 336.2540283203125], [365.98394775390625, 337.42022705078125, 405.3509826660156, 363.9683837890625], [211.70384216308594, 306.51568603515625, 499.8670349121094, 374.71978759765625], [379.92584228515625, 324.9025573730469, 406.6253967285156, 374.012451171875], [366.76800537109375, 303.4397277832031, 406.9153747558594, 373.3298645019531], [405.315673828125, 311.6108703613281, 500.020263671875, 374.7168884277344], [276.4083557128906, 304.1033935546875, 405.87786865234375, 374.8275451660156], [276.9133605957031, 307.51702880859375, 372.13214111328125, 374.31683349609375], [202.60047912597656, 240.71392822265625, 405.0097351074219, 376.049560546875], [211.70384216308594, 306.51568603515625, 499.8670349121094, 374.71978759765625], [258.0117492675781, 306.50079345703125, 498.2875061035156, 374.6087646484375], [359.3179626464844, 304.03607177734375, 395.0337219238281, 350.4503173828125], [276.4083557128906, 304.1033935546875, 405.87786865234375, 374.8275451660156], [214.6927490234375, 303.782470703125, 405.9139709472656, 375.01922607421875], [214.6927490234375, 303.782470703125, 405.9139709472656, 375.01922607421875], [214.6927490234375, 303.782470703125, 405.9139709472656, 375.01922607421875], [359.0774841308594, 304.0362243652344, 401.0902404785156, 374.99017333984375], [359.3029479980469, 304.0072326660156, 395.1920166015625, 350.98126220703125], [216.26663208007812, 212.98330688476562, 395.0457458496094, 374.6592712402344], [381.9843444824219, 340.43902587890625, 405.7810974121094, 374.4462585449219], [331.30419921875, 363.25732421875, 402.0476379394531, 374.9147644042969], [211.9583740234375, 303.69146728515625, 421.24285888671875, 374.99029541015625], [187.54359436035156, 200.74551391601562, 388.63482666015625, 375.0552673339844], [301.5075988769531, 246.74024963378906, 384.6712646484375, 317.4617919921875], [127.03450012207031, 208.9140625, 502.9057312011719, 373.9399108886719], [265.71142578125, 305.08184814453125, 417.8349914550781, 373.2825622558594], [189.83628845214844, 310.9168701171875, 284.7806701660156, 374.82012939453125], [278.9566650390625, 253.14108276367188, 383.25738525390625, 333.1161804199219], [405.315673828125, 311.6108703613281, 500.020263671875, 374.7168884277344], [284.3097839355469, 192.33541870117188, 407.52264404296875, 374.039794921875], [360.6643371582031, 343.4544372558594, 405.5433044433594, 374.7037353515625], [166.20309448242188, 253.74215698242188, 500.3062438964844, 374.9440612792969], [212.00543212890625, 303.84503173828125, 417.4079895019531, 375.00164794921875], [2.8924942016601562, 188.83433532714844, 497.0106201171875, 375.16790771484375], [406.94744873046875, 212.5959930419922, 499.70111083984375, 374.6063537597656], [212.19500732421875, 304.6732482910156, 398.7601623535156, 375.30419921875], [359.0774841308594, 304.0362243652344, 401.0902404785156, 374.99017333984375], [276.4083557128906, 304.1033935546875, 405.87786865234375, 374.8275451660156], [276.4083557128906, 304.1033935546875, 405.87786865234375, 374.8275451660156], [373.30194091796875, 364.892578125, 390.6322937011719, 375.177978515625], [381.9843444824219, 340.43902587890625, 405.7810974121094, 374.4462585449219], [212.2923583984375, 310.5952453613281, 500.43011474609375, 374.77593994140625], [393.3904724121094, 337.67242431640625, 405.1629943847656, 350.29193115234375], [268.01983642578125, 305.6241149902344, 499.97021484375, 374.7668762207031], [279.6278991699219, 306.3792724609375, 366.0970764160156, 336.2540283203125], [214.6927490234375, 303.782470703125, 405.9139709472656, 375.01922607421875], [279.3365783691406, 304.78778076171875, 397.37957763671875, 373.73333740234375], [224.64913940429688, 208.45384216308594, 379.1832275390625, 374.0556945800781], [276.4083557128906, 304.1033935546875, 405.87786865234375, 374.8275451660156], [279.6278991699219, 306.3792724609375, 366.0970764160156, 336.2540283203125], [378.521484375, 360.5244140625, 405.1364440917969, 374.80230712890625], [392.71527099609375, 322.81494140625, 402.85186767578125, 350.2987365722656], [214.6927490234375, 303.782470703125, 405.9139709472656, 375.01922607421875], [278.4459228515625, 308.0063171386719, 367.8188171386719, 374.08575439453125], [273.009765625, 305.9736633300781, 500.02593994140625, 374.58135986328125], [268.01983642578125, 305.6241149902344, 499.97021484375, 374.7668762207031], [0.42635947465896606, 187.92193603515625, 236.94622802734375, 374.6813659667969], [359.0774841308594, 304.0362243652344, 401.0902404785156, 374.99017333984375], [329.6972351074219, 307.1347351074219, 404.6029052734375, 375.4853820800781], [381.9843444824219, 340.43902587890625, 405.7810974121094, 374.4462585449219], [273.009765625, 305.9736633300781, 500.02593994140625, 374.58135986328125], [406.5091857910156, 311.4449768066406, 499.9164733886719, 374.7037353515625], [303.05743408203125, 326.83270263671875, 405.71795654296875, 375.05511474609375], [214.6927490234375, 303.782470703125, 405.9139709472656, 375.01922607421875], [273.009765625, 305.9736633300781, 500.02593994140625, 374.58135986328125], [211.70384216308594, 306.51568603515625, 499.8670349121094, 374.71978759765625], [244.5838165283203, 327.1034851074219, 320.14794921875, 374.8126525878906], [273.009765625, 305.9736633300781, 500.02593994140625, 374.58135986328125], [188.92767333984375, 336.7184143066406, 221.1820831298828, 374.8684997558594], [219.62188720703125, 183.63040161132812, 366.9830627441406, 373.5611572265625], [305.4422912597656, 245.1669158935547, 351.66064453125, 271.909912109375], [276.4083557128906, 304.1033935546875, 405.87786865234375, 374.8275451660156], [381.9843444824219, 340.43902587890625, 405.7810974121094, 374.4462585449219], [276.4083557128906, 304.1033935546875, 405.87786865234375, 374.8275451660156], [211.70384216308594, 306.51568603515625, 499.8670349121094, 374.71978759765625], [7.135138034820557, 305.0365295410156, 499.86968994140625, 375.07806396484375], [279.83331298828125, 303.9964294433594, 395.97802734375, 344.441650390625], [268.01983642578125, 305.6241149902344, 499.97021484375, 374.7668762207031], [166.20309448242188, 253.74215698242188, 500.3062438964844, 374.9440612792969], [215.30101013183594, 327.1820373535156, 320.2593688964844, 375.21832275390625], [214.6927490234375, 303.782470703125, 405.9139709472656, 375.01922607421875], [359.0774841308594, 304.0362243652344, 401.0902404785156, 374.99017333984375], [213.29945373535156, 307.07818603515625, 368.0301818847656, 374.7886047363281], [405.315673828125, 311.6108703613281, 500.020263671875, 374.7168884277344], [359.0774841308594, 304.0362243652344, 401.0902404785156, 374.99017333984375], [359.3029479980469, 304.0072326660156, 395.1920166015625, 350.98126220703125], [406.94744873046875, 212.5959930419922, 499.70111083984375, 374.6063537597656], [279.0938415527344, 304.60992431640625, 402.3499755859375, 374.2171325683594], [391.8226013183594, 220.28866577148438, 499.53070068359375, 374.5865478515625], [273.009765625, 305.9736633300781, 500.02593994140625, 374.58135986328125], [156.4416046142578, 182.8852081298828, 325.4049987792969, 375.6369323730469], [278.9566650390625, 253.14108276367188, 383.25738525390625, 333.1161804199219], [378.521484375, 360.5244140625, 405.1364440917969, 374.80230712890625], [373.8395080566406, 360.8458557128906, 405.0577392578125, 375.0710754394531], [213.29945373535156, 307.07818603515625, 368.0301818847656, 374.7886047363281], [300.3848876953125, 326.1571350097656, 321.37493896484375, 372.2524719238281], [276.4083557128906, 304.1033935546875, 405.87786865234375, 374.8275451660156], [331.30419921875, 363.25732421875, 402.0476379394531, 374.9147644042969], [359.0774841308594, 304.0362243652344, 401.0902404785156, 374.99017333984375], [162.80545043945312, 265.2141418457031, 499.4289855957031, 374.3045959472656], [0.5250871181488037, 187.84396362304688, 500.5146179199219, 375.13043212890625], [213.14608764648438, 250.80555725097656, 399.08587646484375, 374.925537109375], [384.1097717285156, 360.4688720703125, 403.6455383300781, 373.2003173828125], [273.009765625, 305.9736633300781, 500.02593994140625, 374.58135986328125], [268.01983642578125, 305.6241149902344, 499.97021484375, 374.7668762207031], [26.256315231323242, 40.01304626464844, 39.89598846435547, 51.49997329711914], [323.0782775878906, 317.0050354003906, 403.3551940917969, 374.4593200683594], [275.8640441894531, 304.8297424316406, 396.8995056152344, 374.7944030761719], [213.6492156982422, 325.7013244628906, 321.7391357421875, 375.04248046875], [212.2923583984375, 310.5952453613281, 500.43011474609375, 374.77593994140625], [211.70384216308594, 306.51568603515625, 499.8670349121094, 374.71978759765625], [268.01983642578125, 305.6241149902344, 499.97021484375, 374.7668762207031], [405.315673828125, 311.6108703613281, 500.020263671875, 374.7168884277344], [7.135138034820557, 305.0365295410156, 499.86968994140625, 375.07806396484375], [476.0680847167969, 65.45613098144531, 499.832275390625, 87.25411987304688], [381.2788391113281, 334.6772155761719, 407.32183837890625, 374.2297668457031], [214.4136199951172, 305.3239440917969, 398.63519287109375, 375.1927490234375], [258.0117492675781, 306.50079345703125, 498.2875061035156, 374.6087646484375], [276.4083557128906, 304.1033935546875, 405.87786865234375, 374.8275451660156], [265.71142578125, 305.08184814453125, 417.8349914550781, 373.2825622558594], [279.0938415527344, 304.60992431640625, 402.3499755859375, 374.2171325683594], [371.8986511230469, 352.321044921875, 389.735107421875, 375.09039306640625], [381.2788391113281, 334.6772155761719, 407.32183837890625, 374.2297668457031], [373.8395080566406, 360.8458557128906, 405.0577392578125, 375.0710754394531], [258.0117492675781, 306.50079345703125, 498.2875061035156, 374.6087646484375], [276.9133605957031, 307.51702880859375, 372.13214111328125, 374.31683349609375], [213.29945373535156, 307.07818603515625, 368.0301818847656, 374.7886047363281], [213.29945373535156, 307.07818603515625, 368.0301818847656, 374.7886047363281], [276.4083557128906, 304.1033935546875, 405.87786865234375, 374.8275451660156], [214.6927490234375, 303.782470703125, 405.9139709472656, 375.01922607421875], [212.47195434570312, 353.50396728515625, 253.651611328125, 375.09893798828125], [381.2788391113281, 334.6772155761719, 407.32183837890625, 374.2297668457031], [276.9133605957031, 307.51702880859375, 372.13214111328125, 374.31683349609375], [211.70384216308594, 306.51568603515625, 499.8670349121094, 374.71978759765625], [373.8395080566406, 360.8458557128906, 405.0577392578125, 375.0710754394531], [378.521484375, 360.5244140625, 405.1364440917969, 374.80230712890625], [381.2788391113281, 334.6772155761719, 407.32183837890625, 374.2297668457031], [211.70384216308594, 306.51568603515625, 499.8670349121094, 374.71978759765625], [273.009765625, 305.9736633300781, 500.02593994140625, 374.58135986328125], [279.0938415527344, 304.60992431640625, 402.3499755859375, 374.2171325683594], [273.009765625, 305.9736633300781, 500.02593994140625, 374.58135986328125], [0.5250871181488037, 187.84396362304688, 500.5146179199219, 375.13043212890625], [382.6084899902344, 341.51788330078125, 404.10992431640625, 374.1571044921875], [278.4459228515625, 308.0063171386719, 367.8188171386719, 374.08575439453125], [214.6927490234375, 303.782470703125, 405.9139709472656, 375.01922607421875], [304.6276550292969, 245.73182678222656, 373.4454650878906, 295.5655212402344], [359.3029479980469, 304.0072326660156, 395.1920166015625, 350.98126220703125], [381.2788391113281, 334.6772155761719, 407.32183837890625, 374.2297668457031], [300.3848876953125, 326.1571350097656, 321.37493896484375, 372.2524719238281], [275.8640441894531, 304.8297424316406, 396.8995056152344, 374.7944030761719], [211.9583740234375, 303.69146728515625, 421.24285888671875, 374.99029541015625], [2.8924942016601562, 188.83433532714844, 497.0106201171875, 375.16790771484375], [166.20309448242188, 253.74215698242188, 500.3062438964844, 374.9440612792969], [300.3848876953125, 326.1571350097656, 321.37493896484375, 372.2524719238281], [276.4083557128906, 304.1033935546875, 405.87786865234375, 374.8275451660156], [373.30194091796875, 364.892578125, 390.6322937011719, 375.177978515625], [276.4083557128906, 304.1033935546875, 405.87786865234375, 374.8275451660156], [209.2774200439453, 231.86705017089844, 402.5475158691406, 374.5080261230469], [276.4083557128906, 304.1033935546875, 405.87786865234375, 374.8275451660156], [0.036597251892089844, 139.56639099121094, 500.0315856933594, 374.9904479980469], [268.01983642578125, 305.6241149902344, 499.97021484375, 374.7668762207031], [214.6927490234375, 303.782470703125, 405.9139709472656, 375.01922607421875], [379.92584228515625, 324.9025573730469, 406.6253967285156, 374.012451171875], [162.80545043945312, 265.2141418457031, 499.4289855957031, 374.3045959472656], [373.30194091796875, 364.892578125, 390.6322937011719, 375.177978515625], [268.01983642578125, 305.6241149902344, 499.97021484375, 374.7668762207031], [273.009765625, 305.9736633300781, 500.02593994140625, 374.58135986328125], [406.5091857910156, 311.4449768066406, 499.9164733886719, 374.7037353515625], [276.9133605957031, 307.51702880859375, 372.13214111328125, 374.31683349609375], [303.05743408203125, 326.83270263671875, 405.71795654296875, 375.05511474609375], [276.4083557128906, 304.1033935546875, 405.87786865234375, 374.8275451660156], [214.4136199951172, 305.3239440917969, 398.63519287109375, 375.1927490234375], [359.3029479980469, 304.0072326660156, 395.1920166015625, 350.98126220703125]), Score: [0.9656899571418762, 0.40353816747665405, 0.35243871808052063, 0.3410356342792511, 0.3323875963687897, 0.33191946148872375, 0.2622029483318329, 0.25987374782562256, 0.2579326927661896, 0.24001114070415497, 0.22988049685955048, 0.22601819038391113, 0.17650939524173737, 0.15347115695476532, 0.1529695689678192, 0.15102538466453552, 0.15090419352054596, 0.14889812469482422, 0.14759701490402222, 0.14593957364559174, 0.14219149947166443, 0.1388513147830963, 0.13422632217407227, 0.12980172038078308, 0.12807315587997437, 0.12364862859249115, 0.11809636652469635, 0.11547074466943741, 0.10689160972833633, 0.10593485087156296, 0.10074041038751602, 0.09899380803108215, 0.09539416432380676, 0.0945655032992363, 0.0942559689283371, 0.08945732563734055, 0.08921806514263153, 0.08842368423938751, 0.08744817227125168, 0.0870971828699112, 0.0851903110742569, 0.0848068818449974, 0.08355577290058136, 0.08340869843959808, 0.08082017302513123, 0.0807640552520752, 0.08017224073410034, 0.07987846434116364, 0.07922320812940598, 0.0765739157795906, 0.07640845328569412, 0.074827179312706, 0.07303284108638763, 0.07179570198059082, 0.06994528323411942, 0.06980537623167038, 0.06910993903875351, 0.06853929907083511, 0.0676165521144867, 0.06756591796875, 0.06664134562015533, 0.06617074459791183, 0.06604986637830734, 0.06588813662528992, 0.0650225281715393, 0.06437253206968307, 0.06424490362405777, 0.06321298331022263, 0.06083377078175545, 0.060692694038152695, 0.06055827438831329, 0.06006476283073425, 0.06002020463347435, 0.059602733701467514, 0.059342026710510254, 0.05898148939013481, 0.058726824820041656, 0.057252030819654465, 0.057085536420345306, 0.05639292299747467, 0.05577854812145233, 0.055567868053913116, 0.05538848787546158, 0.05508223921060562, 0.05385660380125046, 0.053759679198265076, 0.05319107696413994, 0.05309920012950897, 0.052940674126148224, 0.052856866270303726, 0.05266491696238518, 0.052253808826208115, 0.052152909338474274, 0.051978062838315964, 0.05194444954395294, 0.0502222441136837, 0.04952995106577873, 0.04951879754662514, 0.04933130741119385, 0.04920322448015213, 0.04900917038321495, 0.04899825528264046, 0.04896380752325058, 0.048546601086854935, 0.04820605739951134, 0.04818282648921013, 0.047923967242240906, 0.047666408121585846, 0.047467444092035294, 0.04726392403244972, 0.047176945954561234, 0.047116074711084366, 0.04675019904971123, 0.0467086061835289, 0.046599533408880234, 0.046339839696884155, 0.04610101878643036, 0.046021025627851486, 0.046002041548490524, 0.045957062393426895, 0.045254699885845184, 0.044910918921232224, 0.044702835381031036, 0.04465673863887787, 0.04442182928323746, 0.04433934763073921, 0.04337255284190178, 0.04335393011569977, 0.0429605096578598, 0.04201345145702362, 0.0418512336909771, 0.04179259017109871, 0.0417364202439785, 0.041705045849084854, 0.04139171913266182, 0.04131612554192543, 0.041176360100507736, 0.040939461439847946, 0.04070136696100235, 0.0406351275742054, 0.04047026112675667, 0.040442273020744324, 0.04043960943818092, 0.0402461476624012, 0.040064409375190735, 0.03996226191520691, 0.03990345075726509, 0.039801448583602905, 0.03978997468948364, 0.039780907332897186, 0.03935041278600693, 0.03930402547121048, 0.039255764335393906, 0.038479555398225784, 0.038052998483181, 0.03804460167884827, 0.037671592086553574, 0.037589967250823975, 0.03748513013124466, 0.03740556910634041, 0.037106480449438095, 0.03709172084927559, 0.0369393415749073, 0.03670615330338478, 0.0366206131875515, 0.03660019114613533, 0.036579735577106476, 0.03628845512866974, 0.03602365404367447, 0.03577125445008278, 0.035701196640729904, 0.03533882647752762, 0.03527546674013138, 0.03523189574480057, 0.035129252821207047, 0.035100601613521576, 0.03480949252843857, 0.03469385579228401, 0.03435799479484558, 0.03429422900080681, 0.034163948148489, 0.03412298485636711, 0.03403441235423088, 0.03401125222444534, 0.034006841480731964, 0.03385501354932785, 0.0338536873459816, 0.03383218124508858, 0.03346192464232445, 0.03336121886968613, 0.03335817530751228, 0.033313337713479996, 0.03290475904941559, 0.03278416022658348, 0.03270614519715309, 0.032703597098588943, 0.03254212066531181, 0.03242997080087662, 0.032424915581941605, 0.032289426773786545, 0.03213798999786377, 0.032104119658470154, 0.03200754523277283, 0.0319531112909317, 0.031908538192510605, 0.03183698654174805, 0.031719546765089035, 0.03149258717894554, 0.0314737893640995, 0.031449273228645325, 0.031376052647829056, 0.03136356174945831, 0.03112354874610901, 0.03108837641775608, 0.031081074848771095, 0.03106779232621193, 0.031034480780363083, 0.03090186044573784, 0.03082427568733692, 0.030616803094744682, 0.03054904378950596, 0.030508026480674744, 0.030448798090219498, 0.03039885126054287, 0.03034001775085926, 0.03029627725481987, 0.030270637944340706, 0.03026212938129902, 0.030176939442753792, 0.030130881816148758, 0.029868463054299355, 0.029864661395549774, 0.029835063964128494, 0.029805026948451996, 0.029797419905662537, 0.02977369911968708, 0.029768604785203934, 0.029690491035580635, 0.029687317088246346, 0.02964981459081173, 0.029577795416116714, 0.029569869861006737, 0.029566509649157524, 0.02938644029200077, 0.02932560257613659, 0.02927212603390217, 0.02919008769094944, 0.029093261808156967, 0.029071033000946045, 0.028934631496667862, 0.028907200321555138, 0.028905432671308517, 0.028894199058413506, 0.028863688930869102, 0.02874375507235527, 0.028734199702739716, 0.028689678758382797, 0.028631391003727913, 0.028565745800733566, 0.028511913493275642, 0.028460005298256874, 0.028381070122122765, 0.028346404433250427, 0.028280137106776237, 0.028277454897761345, 0.02826797217130661, 0.028262745589017868, 0.028245974332094193, 0.02822684682905674, 0.02812953107059002, 0.028067609295248985, 0.028053125366568565, 0.028032323345541954, 0.0280176792293787, 0.027900535613298416, 0.02789546735584736, 0.0276234932243824, 0.02759242057800293, 0.027480080723762512, 0.027446547523140907, 0.027436355128884315, 0.02743496745824814, 0.02740343287587166, 0.027342239394783974, 0.027271568775177002, 0.02726658433675766, 0.027254939079284668, 0.027248376980423927, 0.027246268466114998, 0.027236247435212135, 0.027031363919377327, 0.026880677789449692, 0.0268724225461483, 0.0268703643232584, 0.026826286688447, 0.026757357642054558, 0.02672547660768032, 0.026715915650129318, 0.02667110599577427, 0.026661427691578865]

Execution time: 0.4134 sec
