Label: tensor([62, 66, 63, 63, 63, 64,  0, 64, 63, 63, 67, 62, 67, 62, 63, 63, 64, 62,
        65, 66, 63, 63, 65, 63, 63, 63,  0, 63, 64, 60, 66, 62, 62, 66, 64,  0,
        63,  0, 63, 66, 63, 62, 66, 65,  0, 66, 65, 67, 56, 66, 56, 72, 67, 63,
        66, 72, 56, 60,  0,  0, 60, 66, 62, 63, 64, 63, 62, 65, 63, 63, 65, 41,
        60, 63, 66, 67, 62, 56, 66,  0, 62, 62, 73, 73, 60, 64, 66, 66, 64, 73,
        63, 63, 44,  0, 72, 41, 66, 43, 62, 42,  0, 66, 60, 74, 63, 60, 63, 44,
         0, 66, 66, 60, 62, 64,  0, 66, 62, 76,  0, 64, 60, 74, 63, 56,  0, 73,
        63, 39, 63, 66, 62, 65, 60, 60, 73, 66, 65, 63, 39, 66, 66, 63,  0,  0,
        73, 62,  0, 66, 73, 66,  0, 73, 60, 63, 56, 43,  0, 44,  0, 65,  0, 47,
        67, 73, 57, 57,  0, 62, 60, 64, 72, 28, 41, 63, 42, 57, 66, 64, 73,  0,
        27, 60, 60, 67, 66, 64, 39, 73, 59, 63, 44, 73, 53, 63, 74, 67, 56, 63,
        65, 66, 57, 63, 66, 64, 41, 63, 39, 60, 65, 65,  0, 68,  0, 54, 60, 73,
        15, 66, 54, 39, 63, 39, 63, 47,  0, 57,  0, 41, 27, 60, 63, 62,  0, 39,
        63, 56, 63, 26, 66,  0, 64, 59, 63, 76, 64, 63, 62, 66, 60, 63, 67, 73,
        63, 63, 73, 67, 56, 47, 65, 73,  0, 67, 65, 60, 15, 59, 66, 63, 73, 44,
        72, 15, 60, 56, 73, 64, 59, 63, 28, 62, 63, 39, 56, 66, 63, 60, 55, 63,
        60, 68, 73, 76, 63, 73, 47, 63, 62, 60, 74, 60]), Box: ([91.76123046875, 27.525007247924805, 389.0044860839844, 316.2895812988281], [1.8160045146942139, 320.9893798828125, 353.28460693359375, 374.853759765625], [0.8416175842285156, 6.657857418060303, 386.7568664550781, 376.6058349609375], [1.1547207832336426, 32.298187255859375, 388.44488525390625, 374.4370422363281], [1.0872483253479004, 28.938386917114258, 384.53973388671875, 374.70159912109375], [435.8909912109375, 354.42333984375, 500.3157958984375, 375.05865478515625], [-0.10847672820091248, 0.11803116649389267, 71.94712829589844, 16.512353897094727], [395.8539123535156, 353.82269287109375, 500.2138671875, 375.1834716796875], [92.1838607788086, 27.641191482543945, 388.1565856933594, 316.6104431152344], [0.2763420343399048, 21.204986572265625, 388.9625549316406, 354.651611328125], [396.1488037109375, 354.4079895019531, 447.9681396484375, 374.98907470703125], [-0.17815828323364258, 0.8572899103164673, 162.68252563476562, 351.93707275390625], [395.8539123535156, 353.82269287109375, 500.2138671875, 375.1834716796875], [-0.35553425550460815, 1.3520456552505493, 162.72813415527344, 343.27044677734375], [-0.17815828323364258, 0.8572899103164673, 162.68252563476562, 351.93707275390625], [0.908195972442627, 25.652446746826172, 499.20355224609375, 374.3352966308594], [396.1488037109375, 354.4079895019531, 447.9681396484375, 374.98907470703125], [0.2763420343399048, 21.204986572265625, 388.9625549316406, 354.651611328125], [396.1488037109375, 354.4079895019531, 447.9681396484375, 374.98907470703125], [4.3477864265441895, 321.7998046875, 353.68359375, 374.92620849609375], [0.26544928550720215, 0.32258033752441406, 351.6953430175781, 375.3183898925781], [-0.09347498416900635, 0.5723834037780762, 163.28173828125, 374.1786804199219], [395.8539123535156, 353.82269287109375, 500.2138671875, 375.1834716796875], [-0.35553425550460815, 1.3520456552505493, 162.72813415527344, 343.27044677734375], [1.8160045146942139, 320.9893798828125, 353.28460693359375, 374.853759765625], [-0.14741718769073486, 0.08475780487060547, 499.83270263671875, 375.07763671875], [0.5495287179946899, -0.38361597061157227, 121.05239868164062, 16.649826049804688], [91.76123046875, 27.525007247924805, 389.0044860839844, 316.2895812988281], [436.3404235839844, 355.32305908203125, 470.8348083496094, 374.7864074707031], [-0.14741718769073486, 0.08475780487060547, 499.83270263671875, 375.07763671875], [0.14235079288482666, 265.7408752441406, 354.0775146484375, 375.1153869628906], [-0.09347498416900635, 0.5723834037780762, 163.28173828125, 374.1786804199219], [462.7734069824219, -0.16549788415431976, 499.9995422363281, 96.8390121459961], [-0.08915364742279053, 281.5350036621094, 354.12091064453125, 375.0331726074219], [468.08428955078125, 358.2932434082031, 500.18511962890625, 374.94952392578125], [-0.35553425550460815, 1.3520456552505493, 162.72813415527344, 343.27044677734375], [-0.4935413599014282, 1.2560560703277588, 346.7014465332031, 375.4499816894531], [-0.17815828323364258, 0.8572899103164673, 162.68252563476562, 351.93707275390625], [0.22995471954345703, 0.8105523586273193, 162.53189086914062, 374.9200744628906], [67.8635482788086, -0.005493988282978535, 100.22264099121094, 9.55444049835205], [-0.6723850965499878, -0.06752461194992065, 353.278564453125, 374.8828430175781], [92.1838607788086, 27.641191482543945, 388.1565856933594, 316.6104431152344], [67.54051971435547, 0.15052780508995056, 92.82209777832031, 9.524604797363281], [396.27984619140625, 354.27178955078125, 447.7864685058594, 375.12615966796875], [-0.09347498416900635, 0.5723834037780762, 163.28173828125, 374.1786804199219], [0.3952980041503906, 313.0509033203125, 499.5485534667969, 374.7419738769531], [435.8909912109375, 354.42333984375, 500.3157958984375, 375.05865478515625], [462.7734069824219, -0.16549788415431976, 499.9995422363281, 96.8390121459961], [-0.35553425550460815, 1.3520456552505493, 162.72813415527344, 343.27044677734375], [395.8539123535156, 353.82269287109375, 500.2138671875, 375.1834716796875], [-0.17815828323364258, 0.8572899103164673, 162.68252563476562, 351.93707275390625], [-0.17815828323364258, 0.8572899103164673, 162.68252563476562, 351.93707275390625], [435.8909912109375, 354.42333984375, 500.3157958984375, 375.05865478515625], [0.14235079288482666, 265.7408752441406, 354.0775146484375, 375.1153869628906], [462.7734069824219, -0.16549788415431976, 499.9995422363281, 96.8390121459961], [-0.35553425550460815, 1.3520456552505493, 162.72813415527344, 343.27044677734375], [-0.09347498416900635, 0.5723834037780762, 163.28173828125, 374.1786804199219], [0.908195972442627, 25.652446746826172, 499.20355224609375, 374.3352966308594], [395.8539123535156, 353.82269287109375, 500.2138671875, 375.1834716796875], [-0.14741718769073486, 0.08475780487060547, 499.83270263671875, 375.07763671875], [-0.16207993030548096, 254.9042205810547, 499.76080322265625, 374.6700134277344], [65.1871109008789, -0.28555816411972046, 247.2493133544922, 20.513883590698242], [-0.13034045696258545, 0.7934980392456055, 499.8640441894531, 319.2145080566406], [1.1318624019622803, 32.171913146972656, 388.5602111816406, 374.1155090332031], [47.81155014038086, 9.454268455505371, 70.77429962158203, 16.585594177246094], [0.6965696811676025, 0.8780881762504578, 268.5476989746094, 345.8662414550781], [-0.5127117037773132, 1.8315352201461792, 162.18685913085938, 310.7285461425781], [131.4171600341797, 292.87823486328125, 176.9921112060547, 305.75640869140625], [0.8782744407653809, 0.6085820198059082, 268.62762451171875, 350.9614562988281], [-0.9086579084396362, 0.9042620658874512, 211.30068969726562, 373.4168395996094], [462.7734069824219, -0.16549788415431976, 499.9995422363281, 96.8390121459961], [462.7734069824219, -0.16549788415431976, 499.9995422363281, 96.8390121459961], [-0.29562413692474365, 298.19757080078125, 499.6658020019531, 374.7352294921875], [90.15129852294922, 28.303630828857422, 389.50634765625, 318.7579345703125], [64.51173400878906, -0.14930683374404907, 156.44631958007812, 16.954790115356445], [396.27984619140625, 354.27178955078125, 447.7864685058594, 375.12615966796875], [0.03349781036376953, 1.0445640087127686, 500.028076171875, 336.90655517578125], [-0.10847672820091248, 0.11803116649389267, 71.94712829589844, 16.512353897094727], [1.489013433456421, 309.458740234375, 444.44573974609375, 374.8835144042969], [-0.13541430234909058, -0.24204981327056885, 126.01184844970703, 17.042762756347656], [0.22995471954345703, 0.8105523586273193, 162.53189086914062, 374.9200744628906], [1.1547207832336426, 32.298187255859375, 388.44488525390625, 374.4370422363281], [-0.17815828323364258, 0.8572899103164673, 162.68252563476562, 351.93707275390625], [-0.35553425550460815, 1.3520456552505493, 162.72813415527344, 343.27044677734375], [0.8416175842285156, 6.657857418060303, 386.7568664550781, 376.6058349609375], [50.81980514526367, 0.18894486129283905, 72.23567962646484, 12.479464530944824], [5.3365678787231445, 324.3252868652344, 149.5799560546875, 374.7140197753906], [396.1488037109375, 354.4079895019531, 447.9681396484375, 374.98907470703125], [435.0390625, 352.8187561035156, 473.1593933105469, 374.7040710449219], [462.7734069824219, -0.16549788415431976, 499.9995422363281, 96.8390121459961], [-0.08915364742279053, 281.5350036621094, 354.12091064453125, 375.0331726074219], [4.3477864265441895, 321.7998046875, 353.68359375, 374.92620849609375], [395.8539123535156, 353.82269287109375, 500.2138671875, 375.1834716796875], [0.908195972442627, 25.652446746826172, 499.20355224609375, 374.3352966308594], [-0.09347498416900635, 0.5723834037780762, 163.28173828125, 374.1786804199219], [479.42974853515625, -0.11132005602121353, 500.2810363769531, 61.73585891723633], [-0.29562413692474365, 298.19757080078125, 499.6658020019531, 374.7352294921875], [396.1488037109375, 354.4079895019531, 447.9681396484375, 374.98907470703125], [0.8416175842285156, 6.657857418060303, 386.7568664550781, 376.6058349609375], [396.1488037109375, 354.4079895019531, 447.9681396484375, 374.98907470703125], [0.09110197424888611, -0.7420498728752136, 70.77662658691406, 150.80450439453125], [-0.16207993030548096, 254.9042205810547, 499.76080322265625, 374.6700134277344], [-0.29818713665008545, 173.93626403808594, 499.5075378417969, 374.5334167480469], [462.7734069824219, -0.16549788415431976, 499.9995422363281, 96.8390121459961], [-0.13034045696258545, 0.7934980392456055, 499.8640441894531, 319.2145080566406], [-0.1895129680633545, 114.96559143066406, 499.8010559082031, 374.55914306640625], [0.03349781036376953, 1.0445640087127686, 500.028076171875, 336.90655517578125], [435.8909912109375, 354.42333984375, 500.3157958984375, 375.05865478515625], [-0.13034045696258545, 0.7934980392456055, 499.8640441894531, 319.2145080566406], [116.12529754638672, 290.62640380859375, 372.978271484375, 340.0867919921875], [0.05283951759338379, 232.1423797607422, 357.263427734375, 375.3338928222656], [-0.321999192237854, 103.55471801757812, 499.66900634765625, 374.57977294921875], [1.0872483253479004, 28.938386917114258, 384.53973388671875, 374.70159912109375], [444.9534606933594, 253.72055053710938, 500.119384765625, 292.8486022949219], [0.6965696811676025, 0.8780881762504578, 268.5476989746094, 345.8662414550781], [6.785750389099121, 316.92822265625, 497.9302978515625, 374.91644287109375], [0.6965696811676025, 0.8780881762504578, 268.5476989746094, 345.8662414550781], [395.8539123535156, 353.82269287109375, 500.2138671875, 375.1834716796875], [-0.5127117037773132, 1.8315352201461792, 162.18685913085938, 310.7285461425781], [390.20477294921875, 318.3350830078125, 499.9295349121094, 374.8370666503906], [-0.07092952728271484, 97.7793960571289, 499.88775634765625, 374.21875], [396.1488037109375, 354.4079895019531, 447.9681396484375, 374.98907470703125], [0.3952980041503906, 313.0509033203125, 499.5485534667969, 374.7419738769531], [0.22995471954345703, 0.8105523586273193, 162.53189086914062, 374.9200744628906], [0.23819506168365479, 1.4632344245910645, 253.02731323242188, 320.62969970703125], [395.8539123535156, 353.82269287109375, 500.2138671875, 375.1834716796875], [0.05283951759338379, 232.1423797607422, 357.263427734375, 375.3338928222656], [479.42974853515625, -0.11132005602121353, 500.2810363769531, 61.73585891723633], [462.7734069824219, -0.16549788415431976, 499.9995422363281, 96.8390121459961], [59.46620559692383, -0.24123117327690125, 275.3935546875, 26.122535705566406], [0.8782744407653809, 0.6085820198059082, 268.62762451171875, 350.9614562988281], [131.25674438476562, 292.7405090332031, 200.8816375732422, 306.2744140625], [-0.17815828323364258, 0.8572899103164673, 162.68252563476562, 351.93707275390625], [-0.09347498416900635, 0.5723834037780762, 163.28173828125, 374.1786804199219], [64.51173400878906, -0.14930683374404907, 156.44631958007812, 16.954790115356445], [-0.3038942813873291, 282.4310607910156, 353.4490051269531, 375.2715148925781], [1.8160045146942139, 320.9893798828125, 353.28460693359375, 374.853759765625], [-0.5127117037773132, 1.8315352201461792, 162.18685913085938, 310.7285461425781], [462.7734069824219, -0.16549788415431976, 499.9995422363281, 96.8390121459961], [0.10985136032104492, 256.5557556152344, 354.1863098144531, 375.29168701171875], [-0.24193525314331055, 254.33262634277344, 366.286376953125, 375.25482177734375], [-0.09721517562866211, 195.0755157470703, 355.6003112792969, 375.0150146484375], [-0.9086579084396362, 0.9042620658874512, 211.30068969726562, 373.4168395996094], [0.03349781036376953, 1.0445640087127686, 500.028076171875, 336.90655517578125], [65.1871109008789, -0.28555816411972046, 247.2493133544922, 20.513883590698242], [8.740484237670898, 3.000631809234619, 386.82623291015625, 323.50140380859375], [-0.2628117799758911, 0.03159698098897934, 255.90330505371094, 60.34709930419922], [112.05964660644531, 291.0904541015625, 361.1590576171875, 322.5909423828125], [479.42974853515625, -0.11132005602121353, 500.2810363769531, 61.73585891723633], [-0.13541430234909058, -0.24204981327056885, 126.01184844970703, 17.042762756347656], [-0.4935413599014282, 1.2560560703277588, 346.7014465332031, 375.4499816894531], [4.3477864265441895, 321.7998046875, 353.68359375, 374.92620849609375], [0.3952980041503906, 313.0509033203125, 499.5485534667969, 374.7419738769531], [8.740484237670898, 3.000631809234619, 386.82623291015625, 323.50140380859375], [91.76123046875, 27.525007247924805, 389.0044860839844, 316.2895812988281], [395.8539123535156, 353.82269287109375, 500.2138671875, 375.1834716796875], [435.8909912109375, 354.42333984375, 500.3157958984375, 375.05865478515625], [396.1488037109375, 354.4079895019531, 447.9681396484375, 374.98907470703125], [0.26544928550720215, 0.32258033752441406, 351.6953430175781, 375.3183898925781], [173.9524688720703, 298.6802978515625, 239.28115844726562, 317.2530822753906], [0.22995471954345703, 0.8105523586273193, 162.53189086914062, 374.9200744628906], [435.8909912109375, 354.42333984375, 500.3157958984375, 375.05865478515625], [67.54051971435547, 0.15052780508995056, 92.82209777832031, 9.524604797363281], [59.46620559692383, -0.24123117327690125, 275.3935546875, 26.122535705566406], [-0.35553425550460815, 1.3520456552505493, 162.72813415527344, 343.27044677734375], [-0.17815828323364258, 0.8572899103164673, 162.68252563476562, 351.93707275390625], [0.8782744407653809, 0.6085820198059082, 268.62762451171875, 350.9614562988281], [-0.9086579084396362, 0.9042620658874512, 211.30068969726562, 373.4168395996094], [-0.35553425550460815, 1.3520456552505493, 162.72813415527344, 343.27044677734375], [-0.10847672820091248, 0.11803116649389267, 71.94712829589844, 16.512353897094727], [0.22995471954345703, 0.8105523586273193, 162.53189086914062, 374.9200744628906], [0.8416175842285156, 6.657857418060303, 386.7568664550781, 376.6058349609375], [-0.10847672820091248, 0.11803116649389267, 71.94712829589844, 16.512353897094727], [0.5495287179946899, -0.38361597061157227, 121.05239868164062, 16.649826049804688], [395.8539123535156, 353.82269287109375, 500.2138671875, 375.1834716796875], [-0.09347498416900635, 0.5723834037780762, 163.28173828125, 374.1786804199219], [0.5495287179946899, -0.38361597061157227, 121.05239868164062, 16.649826049804688], [462.7734069824219, -0.16549788415431976, 499.9995422363281, 96.8390121459961], [0.5495287179946899, -0.38361597061157227, 121.05239868164062, 16.649826049804688], [-0.4325658082962036, 0.3239801228046417, 482.4917907714844, 56.67440414428711], [1.8160045146942139, 320.9893798828125, 353.28460693359375, 374.853759765625], [-0.13034045696258545, 0.7934980392456055, 499.8640441894531, 319.2145080566406], [368.5632019042969, 0.351928174495697, 499.983642578125, 373.30926513671875], [67.8635482788086, -0.005493988282978535, 100.22264099121094, 9.55444049835205], [-0.09721517562866211, 195.0755157470703, 355.6003112792969, 375.0150146484375], [45.32635498046875, -0.18431594967842102, 71.88343811035156, 15.386028289794922], [-0.10847672820091248, 0.11803116649389267, 71.94712829589844, 16.512353897094727], [116.12529754638672, 290.62640380859375, 372.978271484375, 340.0867919921875], [-0.14741718769073486, 0.08475780487060547, 499.83270263671875, 375.07763671875], [-0.05836784839630127, 306.935546875, 353.80560302734375, 375.0874328613281], [436.3404235839844, 355.32305908203125, 470.8348083496094, 374.7864074707031], [1.8160045146942139, 320.9893798828125, 353.28460693359375, 374.853759765625], [1.8160045146942139, 320.9893798828125, 353.28460693359375, 374.853759765625], [43.796939849853516, 24.60749053955078, 495.1336364746094, 374.05828857421875], [173.9524688720703, 298.6802978515625, 239.28115844726562, 317.2530822753906], [444.9534606933594, 253.72055053710938, 500.119384765625, 292.8486022949219], [-0.5127117037773132, 1.8315352201461792, 162.18685913085938, 310.7285461425781], [-0.16207993030548096, 254.9042205810547, 499.76080322265625, 374.6700134277344], [468.08428955078125, 358.2932434082031, 500.18511962890625, 374.94952392578125], [-0.10847672820091248, 0.11803116649389267, 71.94712829589844, 16.512353897094727], [-0.13034045696258545, 0.7934980392456055, 499.8640441894531, 319.2145080566406], [395.8539123535156, 353.82269287109375, 500.2138671875, 375.1834716796875], [-0.05836784839630127, 306.935546875, 353.80560302734375, 375.0874328613281], [4.3477864265441895, 321.7998046875, 353.68359375, 374.92620849609375], [-0.35553425550460815, 1.3520456552505493, 162.72813415527344, 343.27044677734375], [-0.3038942813873291, 282.4310607910156, 353.4490051269531, 375.2715148925781], [-0.17815828323364258, 0.8572899103164673, 162.68252563476562, 351.93707275390625], [1.1547207832336426, 32.298187255859375, 388.44488525390625, 374.4370422363281], [131.84889221191406, 292.64239501953125, 220.12646484375, 306.44158935546875], [4.3477864265441895, 321.7998046875, 353.68359375, 374.92620849609375], [-0.9840875864028931, 0.4777684807777405, 498.957275390625, 81.0459213256836], [0.2763420343399048, 21.204986572265625, 388.9625549316406, 354.651611328125], [43.796939849853516, 24.60749053955078, 495.1336364746094, 374.05828857421875], [396.1488037109375, 354.4079895019531, 447.9681396484375, 374.98907470703125], [0.03349781036376953, 1.0445640087127686, 500.028076171875, 336.90655517578125], [-0.13541430234909058, -0.24204981327056885, 126.01184844970703, 17.042762756347656], [-0.35553425550460815, 1.3520456552505493, 162.72813415527344, 343.27044677734375], [0.03549829125404358, 304.8762512207031, 91.15389251708984, 353.0369567871094], [395.8539123535156, 353.82269287109375, 500.2138671875, 375.1834716796875], [435.8909912109375, 354.42333984375, 500.3157958984375, 375.05865478515625], [-0.321999192237854, 103.55471801757812, 499.66900634765625, 374.57977294921875], [-0.35553425550460815, 1.3520456552505493, 162.72813415527344, 343.27044677734375], [-0.13541430234909058, -0.24204981327056885, 126.01184844970703, 17.042762756347656], [-0.10847672820091248, 0.11803116649389267, 71.94712829589844, 16.512353897094727], [0.3952980041503906, 313.0509033203125, 499.5485534667969, 374.7419738769531], [0.22995471954345703, 0.8105523586273193, 162.53189086914062, 374.9200744628906], [-1.6027092933654785, 0.4049074053764343, 498.3559265136719, 79.42078399658203], [-0.17815828323364258, 0.8572899103164673, 162.68252563476562, 351.93707275390625], [462.7734069824219, -0.16549788415431976, 499.9995422363281, 96.8390121459961], [0.14235079288482666, 265.7408752441406, 354.0775146484375, 375.1153869628906], [-0.1895129680633545, 114.96559143066406, 499.8010559082031, 374.55914306640625], [0.26544928550720215, 0.32258033752441406, 351.6953430175781, 375.3183898925781], [390.20477294921875, 318.3350830078125, 499.9295349121094, 374.8370666503906], [395.8539123535156, 353.82269287109375, 500.2138671875, 375.1834716796875], [-0.29562413692474365, 298.19757080078125, 499.6658020019531, 374.7352294921875], [0.5495287179946899, -0.38361597061157227, 121.05239868164062, 16.649826049804688], [-0.07092952728271484, 97.7793960571289, 499.88775634765625, 374.21875], [-0.10847672820091248, 0.11803116649389267, 71.94712829589844, 16.512353897094727], [65.88286590576172, 0.03790750727057457, 77.98578643798828, 8.805020332336426], [104.4474105834961, 1.1606812477111816, 497.5647277832031, 369.6581726074219], [67.54051971435547, 0.15052780508995056, 92.82209777832031, 9.524604797363281], [-0.35553425550460815, 1.3520456552505493, 162.72813415527344, 343.27044677734375], [0.10985136032104492, 256.5557556152344, 354.1863098144531, 375.29168701171875], [396.1488037109375, 354.4079895019531, 447.9681396484375, 374.98907470703125], [67.8635482788086, -0.005493988282978535, 100.22264099121094, 9.55444049835205], [92.7071533203125, 32.96294021606445, 386.3842468261719, 312.9106750488281], [0.23819506168365479, 1.4632344245910645, 253.02731323242188, 320.62969970703125], [50.81980514526367, 0.18894486129283905, 72.23567962646484, 12.479464530944824], [-0.43654441833496094, 228.2172088623047, 499.5584411621094, 374.7818603515625], [1.489013433456421, 309.458740234375, 444.44573974609375, 374.8835144042969], [4.3477864265441895, 321.7998046875, 353.68359375, 374.92620849609375], [0.2763420343399048, 21.204986572265625, 388.9625549316406, 354.651611328125], [-0.29818713665008545, 173.93626403808594, 499.5075378417969, 374.5334167480469], [94.89385986328125, 22.65476417541504, 498.1263732910156, 319.2153625488281], [-0.09347498416900635, 0.5723834037780762, 163.28173828125, 374.1786804199219], [1.8160045146942139, 320.9893798828125, 353.28460693359375, 374.853759765625], [1.8160045146942139, 320.9893798828125, 353.28460693359375, 374.853759765625], [436.3404235839844, 355.32305908203125, 470.8348083496094, 374.7864074707031], [112.05964660644531, 291.0904541015625, 361.1590576171875, 322.5909423828125], [-0.05836784839630127, 306.935546875, 353.80560302734375, 375.0874328613281], [0.05367398262023926, 0.0874372199177742, 496.2758483886719, 85.09759521484375], [131.4171600341797, 292.87823486328125, 176.9921112060547, 305.75640869140625], [479.42974853515625, -0.11132005602121353, 500.2810363769531, 61.73585891723633], [-1.6027092933654785, 0.4049074053764343, 498.3559265136719, 79.42078399658203], [-0.17815828323364258, 0.8572899103164673, 162.68252563476562, 351.93707275390625], [-0.17815828323364258, 0.8572899103164673, 162.68252563476562, 351.93707275390625], [-0.13713538646697998, 262.1451721191406, 353.47808837890625, 375.2928161621094], [65.1871109008789, -0.28555816411972046, 247.2493133544922, 20.513883590698242], [131.4171600341797, 292.87823486328125, 176.9921112060547, 305.75640869140625], [468.08428955078125, 358.2932434082031, 500.18511962890625, 374.94952392578125], [0.2763420343399048, 21.204986572265625, 388.9625549316406, 354.651611328125], [-0.10847672820091248, 0.11803116649389267, 71.94712829589844, 16.512353897094727], [-0.44767558574676514, 251.9523468017578, 499.5278625488281, 375.00885009765625], [-0.13034045696258545, 0.7934980392456055, 499.8640441894531, 319.2145080566406], [112.05964660644531, 291.0904541015625, 361.1590576171875, 322.5909423828125], [380.1666564941406, 279.6046142578125, 499.75372314453125, 374.71026611328125], [-0.09347498416900635, 0.5723834037780762, 163.28173828125, 374.1786804199219], [-0.43920427560806274, 0.6465241312980652, 242.35015869140625, 374.799072265625], [1.1547207832336426, 32.298187255859375, 388.44488525390625, 374.4370422363281], [-0.07311254739761353, 0.5529038906097412, 162.0665740966797, 293.1004943847656], [0.0537186861038208, 22.775341033935547, 498.9140625, 375.0203857421875], [482.8645935058594, 28.74339485168457, 500.1135559082031, 61.61666488647461], [0.8416175842285156, 6.657857418060303, 386.7568664550781, 376.6058349609375], [435.8909912109375, 354.42333984375, 500.3157958984375, 375.05865478515625], [59.46620559692383, -0.24123117327690125, 275.3935546875, 26.122535705566406], [380.1666564941406, 279.6046142578125, 499.75372314453125, 374.71026611328125], [396.1488037109375, 354.4079895019531, 447.9681396484375, 374.98907470703125], [3.643333911895752, 9.659003257751465, 389.6430969238281, 349.06890869140625], [63.13890075683594, -0.08225440979003906, 498.6424560546875, 177.49684143066406], [-0.17815828323364258, 0.8572899103164673, 162.68252563476562, 351.93707275390625], [67.54051971435547, 0.15052780508995056, 92.82209777832031, 9.524604797363281], [435.8909912109375, 354.42333984375, 500.3157958984375, 375.05865478515625], [0.16798079013824463, 128.9683380126953, 368.77459716796875, 376.62554931640625], [67.8635482788086, -0.005493988282978535, 100.22264099121094, 9.55444049835205], [395.8539123535156, 353.82269287109375, 500.2138671875, 375.1834716796875], [92.25484466552734, 34.531463623046875, 386.59014892578125, 311.5352783203125], [-0.4935413599014282, 1.2560560703277588, 346.7014465332031, 375.4499816894531], [0.05367398262023926, 0.0874372199177742, 496.2758483886719, 85.09759521484375], [395.8539123535156, 353.82269287109375, 500.2138671875, 375.1834716796875], [0.2763420343399048, 21.204986572265625, 388.9625549316406, 354.651611328125]), Score: [0.7435216903686523, 0.735127866268158, 0.6477622985839844, 0.37318387627601624, 0.3337046205997467, 0.3044920265674591, 0.28420087695121765, 0.27952224016189575, 0.22729507088661194, 0.19898226857185364, 0.18147309124469757, 0.1620449721813202, 0.1617153286933899, 0.15108051896095276, 0.14910921454429626, 0.14792320132255554, 0.1478888839483261, 0.13729898631572723, 0.12627172470092773, 0.12408333271741867, 0.12338539958000183, 0.11930631101131439, 0.1188175156712532, 0.11507971584796906, 0.10226954519748688, 0.09349866956472397, 0.0910196453332901, 0.08807990700006485, 0.08317921310663223, 0.082334965467453, 0.07481928914785385, 0.07105377316474915, 0.0710330381989479, 0.07042000442743301, 0.070247583091259, 0.06985482573509216, 0.06893976777791977, 0.06742610037326813, 0.06716253608465195, 0.06610436737537384, 0.06562799215316772, 0.06273560971021652, 0.06270626187324524, 0.06269395351409912, 0.06241670995950699, 0.06232955679297447, 0.05716561898589134, 0.05712036415934563, 0.0561237595975399, 0.05569519102573395, 0.055681437253952026, 0.05516333878040314, 0.05513207986950874, 0.05477752909064293, 0.05374591425061226, 0.05344893038272858, 0.05134940147399902, 0.051050666719675064, 0.050501398742198944, 0.05020510405302048, 0.04998373985290527, 0.04981696978211403, 0.049665916711091995, 0.04918481409549713, 0.04850218445062637, 0.04838158190250397, 0.04802090674638748, 0.04774437099695206, 0.04758929833769798, 0.04707128554582596, 0.046926483511924744, 0.04673030227422714, 0.046590179204940796, 0.045180097222328186, 0.04496912285685539, 0.044928453862667084, 0.04482950270175934, 0.04449905827641487, 0.0442461334168911, 0.04399507865309715, 0.04377245903015137, 0.043199632316827774, 0.043061479926109314, 0.04280441254377365, 0.04272238537669182, 0.042610637843608856, 0.04246845841407776, 0.042391691356897354, 0.04232407361268997, 0.04206172376871109, 0.04202669486403465, 0.041946932673454285, 0.041431576013565063, 0.04130754992365837, 0.04083072021603584, 0.04078996181488037, 0.040095847100019455, 0.03984904661774635, 0.039765987545251846, 0.03972436860203743, 0.03961542993783951, 0.03957339748740196, 0.03949393332004547, 0.039390090852975845, 0.03894274681806564, 0.03889434412121773, 0.03887750208377838, 0.038857921957969666, 0.03872045874595642, 0.03838533163070679, 0.03838324546813965, 0.03794509172439575, 0.03753925487399101, 0.03715934604406357, 0.0371403731405735, 0.03696603327989578, 0.03682772442698479, 0.03609408438205719, 0.03603673726320267, 0.03600878641009331, 0.03543095663189888, 0.03513071686029434, 0.03489088639616966, 0.03486671298742294, 0.0348208025097847, 0.0347042940557003, 0.03461546078324318, 0.0343719981610775, 0.03435753285884857, 0.034341298043727875, 0.03428572043776512, 0.03413650393486023, 0.03399668633937836, 0.033866774290800095, 0.03383488208055496, 0.03379170224070549, 0.033788278698921204, 0.03364933654665947, 0.03363890200853348, 0.03358190506696701, 0.03337244689464569, 0.033094607293605804, 0.03290485963225365, 0.03283269330859184, 0.03262518346309662, 0.03255681321024895, 0.032055772840976715, 0.032023265957832336, 0.03184801712632179, 0.031838368624448776, 0.03154851496219635, 0.031530119478702545, 0.03148141875863075, 0.03122534230351448, 0.031206293031573296, 0.031130969524383545, 0.03089386224746704, 0.03088860586285591, 0.030829938128590584, 0.030734246596693993, 0.030521908774971962, 0.03046562895178795, 0.030294449999928474, 0.03029041364789009, 0.030250485986471176, 0.03008032590150833, 0.029896510764956474, 0.029867149889469147, 0.02970164641737938, 0.029650678858160973, 0.0295244213193655, 0.02947418950498104, 0.02914663963019848, 0.0291253961622715, 0.029116088524460793, 0.029088184237480164, 0.028689559549093246, 0.028533218428492546, 0.028435586020350456, 0.02835981734097004, 0.028314992785453796, 0.028215469792485237, 0.028211703523993492, 0.028118591755628586, 0.027995334938168526, 0.027906060218811035, 0.027860160917043686, 0.02766922488808632, 0.027665747329592705, 0.027593931183218956, 0.027565987780690193, 0.027323313057422638, 0.027181867510080338, 0.02713788114488125, 0.02709014341235161, 0.027066431939601898, 0.02705918252468109, 0.027058541774749756, 0.02700764127075672, 0.026939544826745987, 0.026725631207227707, 0.02667432464659214, 0.0266127772629261, 0.026556670665740967, 0.02653670124709606, 0.026515724137425423, 0.026489662006497383, 0.026472335681319237, 0.02631356194615364, 0.026303032413125038, 0.026287710294127464, 0.026286741718649864, 0.026264438405632973, 0.02611849084496498, 0.02609855681657791, 0.025979893282055855, 0.02591531351208687, 0.02586057037115097, 0.025763340294361115, 0.02575557492673397, 0.025749897584319115, 0.025740977376699448, 0.025408372282981873, 0.02535218745470047, 0.025172872468829155, 0.02512277476489544, 0.02511044219136238, 0.025098413228988647, 0.025022098794579506, 0.025008492171764374, 0.024981917813420296, 0.024892043322324753, 0.024827398359775543, 0.024813121184706688, 0.024784227833151817, 0.02478134259581566, 0.02476130984723568, 0.02476082183420658, 0.02475808560848236, 0.02475273795425892, 0.024737773463129997, 0.024648921564221382, 0.0246034674346447, 0.02442915178835392, 0.02442539669573307, 0.024398062378168106, 0.024374406784772873, 0.024297961965203285, 0.024264495819807053, 0.024239201098680496, 0.024110352620482445, 0.02406422793865204, 0.02406194433569908, 0.023982027545571327, 0.02381393127143383, 0.023797834292054176, 0.02378113567829132, 0.023756196722388268, 0.023731647059321404, 0.023653848096728325, 0.023617485538125038, 0.023611225187778473, 0.023515643551945686, 0.02342257834970951, 0.023269252851605415, 0.023234030231833458, 0.023135263472795486, 0.02312270551919937, 0.023027993738651276, 0.022974500432610512, 0.0229128859937191, 0.02281261421740055, 0.022681500762701035, 0.02267012558877468, 0.022642116993665695, 0.022565819323062897, 0.02246345393359661, 0.02239280752837658, 0.02235361747443676, 0.022283799946308136, 0.02216961793601513, 0.022107603028416634, 0.02210257388651371, 0.022027039900422096, 0.021971041336655617, 0.021929539740085602, 0.021860335022211075, 0.02181508019566536, 0.02177639678120613, 0.021766245365142822, 0.021667474880814552, 0.021597381681203842, 0.021545730531215668, 0.021531999111175537, 0.021529551595449448, 0.02150152437388897, 0.021476171910762787, 0.02146659418940544, 0.021384350955486298, 0.021367503330111504]

Execution time: 0.4171 sec
