Label: tensor([ 0, 16,  0,  0, 16,  0,  0,  0,  0,  0,  0, 16,  0, 15,  0,  0, 24, 45,
        24,  0, 41, 26, 26, 26,  0, 45, 24, 45,  0, 16, 56,  0, 45, 41, 16,  0,
        16, 24, 56,  0, 16, 26,  0,  0,  0,  0, 56,  0, 26, 15,  0,  0,  0, 24,
        16, 58, 16, 26, 56, 24,  0, 41, 39, 16, 24, 24, 13,  0,  0, 24,  0, 15,
         0, 77,  0, 25, 56, 16, 24,  0, 56, 56, 16, 56,  0, 58, 24, 26, 58,  0,
        56, 41,  0, 26, 15, 39,  0, 24,  0,  0, 26, 16,  0, 56, 26, 16, 15, 28,
        67, 27, 45, 28,  0, 24, 26, 41, 78, 16,  0, 57, 73, 26,  0, 45, 26, 29,
        28,  0, 39,  0, 15, 26, 67, 26, 15, 41, 16, 45, 24, 15, 16, 45,  0,  0,
         0, 24, 41, 26, 57, 56, 29, 13, 78, 16, 26, 25, 56, 26, 13,  0, 27, 16,
        26, 25, 26, 24, 67,  0, 25,  0, 26, 56, 63,  0, 56,  0, 26,  0, 65, 26,
        73,  0, 58,  0,  0, 45, 24, 26, 14, 56, 24,  0, 56, 16, 56, 56, 45, 58,
        13, 24, 60,  0, 60, 56, 48, 67, 45, 56,  0, 26, 32, 16, 26, 16,  0, 56,
        16, 59, 24,  0,  0, 41, 26, 41, 56, 26, 26, 15, 58, 35, 29, 39,  0, 15,
        28, 24, 60, 25, 40,  0, 26, 27, 35, 13, 24, 60, 24, 58, 56, 67, 58, 28,
        13, 16, 56, 24,  0, 56, 56,  0,  0, 56, 56, 45, 26, 56, 56, 39, 58, 15,
        14, 24, 28, 45,  0, 45, 24, 26, 24,  0, 56, 56, 13, 24, 24, 24, 26, 62,
        16,  0, 13, 40, 15, 45, 24, 14, 26, 13, 26, 28]), Box: ([97.22345733642578, 135.9115447998047, 186.3738250732422, 364.8883361816406], [169.01710510253906, 344.6654968261719, 294.21563720703125, 399.9253234863281], [183.96743774414062, 116.14736938476562, 252.00796508789062, 313.58367919921875], [291.79620361328125, 148.1236572265625, 358.81341552734375, 365.3544006347656], [292.13189697265625, 376.5323486328125, 338.3453369140625, 401.3246154785156], [259.16339111328125, 118.38722229003906, 324.2709045410156, 311.8080749511719], [82.51943969726562, 121.53521728515625, 118.02220153808594, 306.51593017578125], [259.2327880859375, 118.85846710205078, 357.8564147949219, 311.90362548828125], [259.32745361328125, 117.43067932128906, 335.79083251953125, 188.72662353515625], [259.32916259765625, 135.7887725830078, 280.9238586425781, 312.0108337402344], [292.261962890625, 155.00729370117188, 358.9775695800781, 306.53741455078125], [81.45642852783203, 380.1875915527344, 107.66139221191406, 406.5267333984375], [83.66886138916016, 121.9699478149414, 117.06283569335938, 253.7512664794922], [292.13189697265625, 376.5323486328125, 338.3453369140625, 401.3246154785156], [82.37825012207031, 248.85113525390625, 114.76254272460938, 306.8624267578125], [324.4708251953125, 256.2817077636719, 363.50506591796875, 292.67572021484375], [105.30379486083984, 364.4515686035156, 144.57118225097656, 387.60693359375], [334.6142272949219, 278.45013427734375, 370.8407897949219, 302.98406982421875], [127.44886016845703, 390.9801025390625, 170.7272491455078, 411.0162048339844], [309.8580627441406, 255.62069702148438, 363.8159484863281, 363.5289306640625], [97.76016235351562, 291.2562255859375, 113.28113555908203, 306.7716979980469], [105.30379486083984, 364.4515686035156, 144.57118225097656, 387.60693359375], [127.31095886230469, 390.61767578125, 162.6643829345703, 410.2524719238281], [127.44886016845703, 390.9801025390625, 170.7272491455078, 411.0162048339844], [258.97882080078125, 117.95008850097656, 326.6139831542969, 240.09434509277344], [311.8923034667969, 288.1683044433594, 334.4549865722656, 297.1708068847656], [127.31095886230469, 390.61767578125, 162.6643829345703, 410.2524719238281], [336.975341796875, 278.3787841796875, 369.9791564941406, 300.1050109863281], [81.01739501953125, 248.96795654296875, 115.31514739990234, 405.8581848144531], [333.2648010253906, 383.5478820800781, 380.532958984375, 403.4139099121094], [80.92144775390625, 306.1302185058594, 113.74846649169922, 405.5697937011719], [258.9775390625, 117.12580108642578, 358.4384460449219, 189.90357971191406], [311.8367614746094, 288.33056640625, 336.85931396484375, 301.4614562988281], [98.74253845214844, 289.29473876953125, 113.34718322753906, 307.0070495605469], [343.1075134277344, 383.65606689453125, 380.85479736328125, 403.2951965332031], [82.33258056640625, 251.02499389648438, 91.78202056884766, 282.43634033203125], [81.53263092041016, 380.2020263671875, 111.21150970458984, 416.7286071777344], [198.7879638671875, 124.06011962890625, 239.13568115234375, 163.3992919921875], [309.8580627441406, 255.62069702148438, 363.8159484863281, 363.5289306640625], [98.93153381347656, 159.22828674316406, 170.90914916992188, 362.5920104980469], [324.4708251953125, 256.2817077636719, 363.50506591796875, 292.67572021484375], [333.2648010253906, 383.5478820800781, 380.532958984375, 403.4139099121094], [143.1365203857422, 149.2520294189453, 181.06727600097656, 319.4868469238281], [82.29373931884766, 250.74696350097656, 98.84566497802734, 306.5999755859375], [141.650390625, 138.38795471191406, 184.37693786621094, 320.2263488769531], [259.2816162109375, 139.02301025390625, 280.1438903808594, 178.7738494873047], [81.04067993164062, 305.54351806640625, 144.2516632080078, 404.09014892578125], [151.2129669189453, 276.97900390625, 169.14749145507812, 320.626220703125], [343.1075134277344, 383.65606689453125, 380.85479736328125, 403.2951965332031], [81.45642852783203, 380.1875915527344, 107.66139221191406, 406.5267333984375], [263.8642883300781, 165.04725646972656, 358.6152648925781, 312.2068176269531], [293.6607666015625, 118.31774139404297, 357.447509765625, 189.08192443847656], [84.20249938964844, 121.37931060791016, 117.43045043945312, 208.615966796875], [104.39306640625, 364.5162658691406, 146.12432861328125, 400.517333984375], [451.7523193359375, 361.1531066894531, 499.70294189453125, 403.5026550292969], [399.587158203125, 77.13089752197266, 475.4952087402344, 143.62220764160156], [82.37825012207031, 248.85113525390625, 114.76254272460938, 306.8624267578125], [82.37825012207031, 248.85113525390625, 114.76254272460938, 306.8624267578125], [293.4912414550781, 254.48388671875, 340.82550048828125, 363.8160705566406], [191.28123474121094, 119.02763366699219, 246.95062255859375, 177.0430908203125], [82.34638977050781, 251.1760711669922, 92.85206604003906, 306.40283203125], [106.22747802734375, 289.2072448730469, 112.26575469970703, 298.43914794921875], [98.74253845214844, 289.29473876953125, 113.34718322753906, 307.0070495605469], [335.3883361816406, 383.64898681640625, 401.1224670410156, 411.2877197265625], [333.2648010253906, 383.5478820800781, 380.532958984375, 403.4139099121094], [81.70878601074219, 364.4988098144531, 145.0509490966797, 405.5064392089844], [80.92144775390625, 306.1302185058594, 113.74846649169922, 405.5697937011719], [310.05029296875, 159.37835693359375, 335.2115478515625, 189.14590454101562], [115.44580841064453, 135.8638153076172, 185.1223602294922, 221.16143798828125], [82.37825012207031, 248.85113525390625, 114.76254272460938, 306.8624267578125], [115.65673065185547, 135.6981201171875, 154.66514587402344, 187.15231323242188], [333.2648010253906, 383.5478820800781, 380.532958984375, 403.4139099121094], [123.95268249511719, 136.0533905029297, 154.4159393310547, 171.74658203125], [324.4708251953125, 256.2817077636719, 363.50506591796875, 292.67572021484375], [81.70878601074219, 364.4988098144531, 145.0509490966797, 405.5064392089844], [395.5497131347656, 168.7591552734375, 411.5169677734375, 277.486328125], [324.4708251953125, 256.2817077636719, 363.50506591796875, 292.67572021484375], [169.01519775390625, 344.7995910644531, 294.63275146484375, 399.9774169921875], [292.13189697265625, 376.5323486328125, 338.3453369140625, 401.3246154785156], [451.7523193359375, 361.1531066894531, 499.70294189453125, 403.5026550292969], [81.24669647216797, 302.48614501953125, 116.38628387451172, 405.8472595214844], [393.86328125, 349.8203125, 444.3437805175781, 406.2118225097656], [82.33258056640625, 251.02499389648438, 91.78202056884766, 282.43634033203125], [81.01739501953125, 248.96795654296875, 115.31514739990234, 405.8581848144531], [81.04067993164062, 305.54351806640625, 144.2516632080078, 404.09014892578125], [425.8666687011719, 77.20597839355469, 475.1905822753906, 135.7379608154297], [343.1075134277344, 383.65606689453125, 380.85479736328125, 403.2951965332031], [127.11064147949219, 391.5257568359375, 147.37890625, 409.1728210449219], [0.16492605209350586, 0.611931324005127, 128.4051971435547, 94.6962890625], [314.2808532714844, 158.39401245117188, 358.3673095703125, 258.48541259765625], [81.12950134277344, 306.9662780761719, 109.69752502441406, 400.62548828125], [82.96438598632812, 251.03236389160156, 91.65536499023438, 266.22271728515625], [266.73529052734375, 195.31600952148438, 280.57012939453125, 311.8288269042969], [292.13189697265625, 376.5323486328125, 338.3453369140625, 401.3246154785156], [292.0780944824219, 376.42425537109375, 339.3248596191406, 401.4749450683594], [97.76016235351562, 291.2562255859375, 113.28113555908203, 306.7716979980469], [81.45642852783203, 380.1875915527344, 107.66139221191406, 406.5267333984375], [127.11064147949219, 391.5257568359375, 147.37890625, 409.1728210449219], [82.21928405761719, 250.3908233642578, 125.54389190673828, 361.1415710449219], [265.8014831542969, 234.08883666992188, 278.7969055175781, 311.5740051269531], [97.08146667480469, 244.83853149414062, 116.47449493408203, 284.4881591796875], [81.66937255859375, 380.12921142578125, 145.91098022460938, 406.4518127441406], [140.97113037109375, 138.2918701171875, 183.56198120117188, 320.25799560546875], [394.9859313964844, 353.6855163574219, 498.9553527832031, 406.7086181640625], [259.2816162109375, 139.02301025390625, 280.1438903808594, 178.7738494873047], [81.70878601074219, 364.4988098144531, 145.0509490966797, 405.5064392089844], [343.1075134277344, 383.65606689453125, 380.85479736328125, 403.2951965332031], [105.30379486083984, 364.4515686035156, 144.57118225097656, 387.60693359375], [161.1373291015625, 404.7644348144531, 171.12583923339844, 410.9568176269531], [293.5236511230469, 137.16929626464844, 323.8594970703125, 187.22047424316406], [323.58526611328125, 277.97332763671875, 375.26690673828125, 306.4662170410156], [104.39306640625, 364.5162658691406, 146.12432861328125, 400.517333984375], [266.65435791015625, 180.63198852539062, 296.748046875, 311.4250793457031], [108.94868469238281, 187.9593963623047, 144.8462677001953, 248.2594757080078], [271.0307312011719, 194.3817596435547, 280.0508728027344, 240.7623291015625], [82.33258056640625, 251.02499389648438, 91.78202056884766, 282.43634033203125], [127.44886016845703, 390.9801025390625, 170.7272491455078, 411.0162048339844], [292.0780944824219, 376.42425537109375, 339.3248596191406, 401.4749450683594], [252.7628173828125, 132.86923217773438, 268.9765319824219, 156.3253936767578], [324.4708251953125, 256.2817077636719, 363.50506591796875, 292.67572021484375], [311.8923034667969, 288.1683044433594, 334.4549865722656, 297.1708068847656], [324.4708251953125, 256.2817077636719, 363.50506591796875, 292.67572021484375], [83.76200103759766, 121.19300842285156, 144.40721130371094, 374.2184753417969], [320.3584289550781, 332.641357421875, 339.2151184082031, 345.2107849121094], [198.7879638671875, 124.06011962890625, 239.13568115234375, 163.3992919921875], [324.0084228515625, 294.03515625, 379.4377136230469, 307.32318115234375], [81.70878601074219, 364.4988098144531, 145.0509490966797, 405.5064392089844], [293.8772888183594, 117.5994873046875, 322.9812927246094, 161.26324462890625], [106.22747802734375, 289.2072448730469, 112.26575469970703, 298.43914794921875], [99.25922393798828, 247.71487426757812, 168.20513916015625, 320.3741760253906], [81.53263092041016, 380.2020263671875, 111.21150970458984, 416.7286071777344], [104.39306640625, 364.5162658691406, 146.12432861328125, 400.517333984375], [106.22747802734375, 289.2072448730469, 112.26575469970703, 298.43914794921875], [232.42591857910156, 126.66478729248047, 247.71575927734375, 176.5218963623047], [292.1149597167969, 376.9826965332031, 326.6851806640625, 400.9350891113281], [334.6142272949219, 278.45013427734375, 370.8407897949219, 302.98406982421875], [127.44886016845703, 390.9801025390625, 170.7272491455078, 411.0162048339844], [324.4708251953125, 256.2817077636719, 363.50506591796875, 292.67572021484375], [81.45642852783203, 380.1875915527344, 107.66139221191406, 406.5267333984375], [169.01519775390625, 344.7995910644531, 294.63275146484375, 399.9774169921875], [0.17792639136314392, 397.74432373046875, 17.45238494873047, 430.59979248046875], [97.76016235351562, 291.2562255859375, 113.28113555908203, 306.7716979980469], [81.66937255859375, 380.12921142578125, 145.91098022460938, 406.4518127441406], [265.573486328125, 262.0896911621094, 278.2110290527344, 311.3740539550781], [330.1344909667969, 160.64610290527344, 358.1592712402344, 189.97781372070312], [97.08146667480469, 244.83853149414062, 116.47449493408203, 284.4881591796875], [336.975341796875, 278.3787841796875, 369.9791564941406, 300.1050109863281], [293.5236511230469, 137.16929626464844, 323.8594970703125, 187.22047424316406], [82.37825012207031, 248.85113525390625, 114.76254272460938, 306.8624267578125], [394.14862060546875, 369.2116394042969, 409.4879455566406, 404.5172424316406], [311.8923034667969, 288.1683044433594, 334.4549865722656, 297.1708068847656], [164.11727905273438, 275.521728515625, 223.5372314453125, 289.5305480957031], [127.31095886230469, 390.61767578125, 162.6643829345703, 410.2524719238281], [314.0765075683594, 377.1953430175781, 338.3316650390625, 399.87371826171875], [82.33258056640625, 251.02499389648438, 91.78202056884766, 282.43634033203125], [394.6304931640625, 168.2578887939453, 424.0958557128906, 375.2250061035156], [291.79620361328125, 148.1236572265625, 358.81341552734375, 365.3544006347656], [191.28123474121094, 119.02763366699219, 246.95062255859375, 177.0430908203125], [81.12950134277344, 306.9662780761719, 109.69752502441406, 400.62548828125], [293.5236511230469, 137.16929626464844, 323.8594970703125, 187.22047424316406], [232.42591857910156, 126.66478729248047, 247.71575927734375, 176.5218963623047], [168.7894744873047, 345.3398132324219, 336.20556640625, 401.4551086425781], [100.92778015136719, 187.75299072265625, 157.07785034179688, 273.6443176269531], [2.472832679748535, 0.9515699148178101, 497.8068542480469, 402.6748046875], [81.45642852783203, 380.1875915527344, 107.66139221191406, 406.5267333984375], [81.66937255859375, 380.12921142578125, 145.91098022460938, 406.4518127441406], [312.60821533203125, 288.4114685058594, 331.8336181640625, 294.47576904296875], [324.7481384277344, 257.7996520996094, 344.25732421875, 290.30029296875], [0.8084923028945923, 0.48713135719299316, 500.4895935058594, 410.1759033203125], [103.8253173828125, 250.98439025878906, 168.43106079101562, 322.9002380371094], [90.17789459228516, 245.96575927734375, 115.61770629882812, 282.6849670410156], [270.80157470703125, 251.052001953125, 359.140380859375, 367.3563537597656], [105.30379486083984, 364.4515686035156, 144.57118225097656, 387.60693359375], [107.6146011352539, 300.0837707519531, 166.21031188964844, 362.20367431640625], [268.5235290527344, 178.5444793701172, 360.7013244628906, 355.6330261230469], [80.92144775390625, 306.1302185058594, 113.74846649169922, 405.5697937011719], [108.94868469238281, 187.9593963623047, 144.8462677001953, 248.2594757080078], [394.6304931640625, 168.2578887939453, 424.0958557128906, 375.2250061035156], [161.1373291015625, 404.7644348144531, 171.12583923339844, 410.9568176269531], [106.03177642822266, 188.1795654296875, 155.40122985839844, 273.1127014160156], [311.8367614746094, 288.33056640625, 336.85931396484375, 301.4614562988281], [97.60497283935547, 184.4944610595703, 167.90785217285156, 322.9971923828125], [128.28562927246094, 14.847173690795898, 146.69908142089844, 39.91449737548828], [82.96438598632812, 251.03236389160156, 91.65536499023438, 266.22271728515625], [105.30379486083984, 364.4515686035156, 144.57118225097656, 387.60693359375], [312.60821533203125, 288.4114685058594, 331.8336181640625, 294.47576904296875], [191.12950134277344, 121.57759094238281, 246.5572967529297, 198.99842834472656], [81.70878601074219, 364.4988098144531, 145.0509490966797, 405.5064392089844], [81.45642852783203, 380.1875915527344, 107.66139221191406, 406.5267333984375], [104.39306640625, 364.5162658691406, 146.12432861328125, 400.517333984375], [105.4453125, 365.68548583984375, 144.2428436279297, 387.440185546875], [293.6184387207031, 140.41824340820312, 341.7965087890625, 189.08438110351562], [289.4458923339844, 301.0086669921875, 309.2325134277344, 363.8533630371094], [292.1149597167969, 376.9826965332031, 326.6851806640625, 400.9350891113281], [82.21928405761719, 250.3908233642578, 125.54389190673828, 361.1415710449219], [394.0339660644531, 362.6144104003906, 443.9020690917969, 405.9964294433594], [343.1075134277344, 383.65606689453125, 380.85479736328125, 403.2951965332031], [0.9963288903236389, 0.3209281265735626, 215.81500244140625, 94.8279037475586], [289.4458923339844, 301.0086669921875, 309.2325134277344, 363.8533630371094], [232.42591857910156, 126.66478729248047, 247.71575927734375, 176.5218963623047], [80.92144775390625, 306.1302185058594, 113.74846649169922, 405.5697937011719], [33.06312561035156, 113.2961196899414, 115.90547943115234, 407.3298645019531], [317.4245910644531, 278.2543029785156, 380.44927978515625, 397.9808044433594], [417.7728576660156, 357.75225830078125, 444.96734619140625, 405.2397155761719], [311.8923034667969, 288.1683044433594, 334.4549865722656, 297.1708068847656], [311.8923034667969, 288.1683044433594, 334.4549865722656, 297.1708068847656], [321.21649169921875, 292.9898681640625, 336.7554931640625, 301.4414367675781], [451.7523193359375, 361.1531066894531, 499.70294189453125, 403.5026550292969], [311.83197021484375, 140.33973693847656, 358.4728088378906, 198.3578338623047], [95.83490753173828, 248.60084533691406, 116.02645874023438, 305.98468017578125], [324.4708251953125, 256.2817077636719, 363.50506591796875, 292.67572021484375], [127.31095886230469, 390.61767578125, 162.6643829345703, 410.2524719238281], [335.3883361816406, 383.64898681640625, 401.1224670410156, 411.2877197265625], [82.29373931884766, 250.74696350097656, 98.84566497802734, 306.5999755859375], [157.47976684570312, 172.4747314453125, 185.69224548339844, 221.1704864501953], [82.37825012207031, 248.85113525390625, 114.76254272460938, 306.8624267578125], [105.30379486083984, 364.4515686035156, 144.57118225097656, 387.60693359375], [81.01739501953125, 248.96795654296875, 115.31514739990234, 405.8581848144531], [90.17789459228516, 245.96575927734375, 115.61770629882812, 282.6849670410156], [335.3883361816406, 383.64898681640625, 401.1224670410156, 411.2877197265625], [187.54664611816406, 116.61590576171875, 247.4088897705078, 310.85040283203125], [311.8367614746094, 288.33056640625, 336.85931396484375, 301.4614562988281], [80.92144775390625, 306.1302185058594, 113.74846649169922, 405.5697937011719], [311.8923034667969, 288.1683044433594, 334.4549865722656, 297.1708068847656], [103.8253173828125, 250.98439025878906, 168.43106079101562, 322.9002380371094], [109.68370819091797, 289.0076599121094, 127.35166931152344, 329.00921630859375], [127.63951873779297, 390.89202880859375, 161.8513641357422, 409.9878234863281], [335.3883361816406, 383.64898681640625, 401.1224670410156, 411.2877197265625], [307.8807067871094, 0.7066918611526489, 499.1926574707031, 144.44595336914062], [127.44886016845703, 390.9801025390625, 170.7272491455078, 411.0162048339844], [311.8367614746094, 288.33056640625, 336.85931396484375, 301.4614562988281], [82.33258056640625, 251.02499389648438, 91.78202056884766, 282.43634033203125], [292.0526428222656, 182.237548828125, 356.9820251464844, 305.8183288574219], [314.0765075683594, 377.1953430175781, 338.3316650390625, 399.87371826171875], [80.92144775390625, 306.1302185058594, 113.74846649169922, 405.5697937011719], [127.63951873779297, 390.89202880859375, 161.8513641357422, 409.9878234863281], [81.24669647216797, 302.48614501953125, 116.38628387451172, 405.8472595214844], [82.51943969726562, 121.53521728515625, 118.02220153808594, 306.51593017578125], [98.74253845214844, 289.29473876953125, 113.34718322753906, 307.0070495605469], [293.4912414550781, 254.48388671875, 340.82550048828125, 363.8160705566406], [191.4689178466797, 123.30082702636719, 246.55899047851562, 204.05474853515625], [271.0307312011719, 194.3817596435547, 280.0508728027344, 240.7623291015625], [127.31095886230469, 390.61767578125, 162.6643829345703, 410.2524719238281], [81.04067993164062, 305.54351806640625, 144.2516632080078, 404.09014892578125], [191.4689178466797, 123.30082702636719, 246.55899047851562, 204.05474853515625], [81.01739501953125, 248.96795654296875, 115.31514739990234, 405.8581848144531], [335.3883361816406, 383.64898681640625, 401.1224670410156, 411.2877197265625], [442.1259765625, 77.71434783935547, 474.8340148925781, 119.5074462890625], [324.7481384277344, 257.7996520996094, 344.25732421875, 290.30029296875], [320.0437316894531, 288.32708740234375, 331.253173828125, 293.64776611328125], [397.2868347167969, 78.06803894042969, 476.0171813964844, 149.2299041748047], [127.44886016845703, 390.9801025390625, 170.7272491455078, 411.0162048339844], [81.24669647216797, 302.48614501953125, 116.38628387451172, 405.8472595214844], [472.42547607421875, 356.3145751953125, 499.9383544921875, 386.6651611328125], [263.16241455078125, 179.8567352294922, 358.32830810546875, 363.9881286621094], [293.6184387207031, 140.41824340820312, 341.7965087890625, 189.08438110351562], [333.2648010253906, 383.5478820800781, 380.532958984375, 403.4139099121094], [1.3570152521133423, 300.8448486328125, 110.1971435546875, 408.5121765136719], [317.4245910644531, 278.2543029785156, 380.44927978515625, 397.9808044433594], [82.4631576538086, 250.3619384765625, 141.10308837890625, 318.7402038574219], [101.98333740234375, 265.91973876953125, 167.92494201660156, 321.35101318359375], [82.34638977050781, 251.1760711669922, 92.85206604003906, 306.40283203125], [101.98333740234375, 265.91973876953125, 167.92494201660156, 321.35101318359375], [317.1499938964844, 322.5794677734375, 339.57867431640625, 344.6858825683594], [293.6184387207031, 140.41824340820312, 341.7965087890625, 189.08438110351562], [316.57257080078125, 277.9701232910156, 379.22265625, 344.94915771484375], [393.8262023925781, 295.58489990234375, 445.1389465332031, 406.08624267578125], [0.17792639136314392, 397.74432373046875, 17.45238494873047, 430.59979248046875], [346.2456970214844, 1.1805046796798706, 498.8188171386719, 143.1311492919922], [127.44886016845703, 390.9801025390625, 170.7272491455078, 411.0162048339844], [343.1075134277344, 383.65606689453125, 380.85479736328125, 403.2951965332031], [145.78228759765625, 394.0245056152344, 161.7602081298828, 409.3733825683594], [81.04067993164062, 305.54351806640625, 144.2516632080078, 404.09014892578125], [127.31095886230469, 390.61767578125, 162.6643829345703, 410.2524719238281], [395.5497131347656, 168.7591552734375, 411.5169677734375, 277.486328125], [324.0084228515625, 294.03515625, 379.4377136230469, 307.32318115234375], [100.92778015136719, 187.75299072265625, 157.07785034179688, 273.6443176269531], [259.40692138671875, 155.4671173095703, 278.6042785644531, 177.62937927246094], [451.7523193359375, 361.1531066894531, 499.70294189453125, 403.5026550292969], [0.17792639136314392, 397.74432373046875, 17.45238494873047, 430.59979248046875], [81.70878601074219, 364.4988098144531, 145.0509490966797, 405.5064392089844], [99.25922393798828, 247.71487426757812, 168.20513916015625, 320.3741760253906], [80.32990264892578, 294.84326171875, 311.80279541015625, 396.299072265625], [190.23182678222656, 126.96529388427734, 209.97213745117188, 175.50717163085938], [106.03177642822266, 188.1795654296875, 155.40122985839844, 273.1127014160156], [293.5236511230469, 137.16929626464844, 323.8594970703125, 187.22047424316406], [313.16693115234375, 145.7314910888672, 338.4914245605469, 177.3452911376953], [0.8084923028945923, 0.48713135719299316, 500.4895935058594, 410.1759033203125], [169.13011169433594, 378.2156677246094, 338.7149353027344, 401.48431396484375], [421.5402526855469, 249.51605224609375, 439.2895202636719, 314.0293884277344], [419.16302490234375, 233.29986572265625, 440.0564880371094, 314.09039306640625], [97.76016235351562, 291.2562255859375, 113.28113555908203, 306.7716979980469], [127.31095886230469, 390.61767578125, 162.6643829345703, 410.2524719238281], [82.96438598632812, 251.03236389160156, 91.65536499023438, 266.22271728515625], [293.0436096191406, 178.63308715820312, 353.4051208496094, 260.8338317871094], [81.53263092041016, 380.2020263671875, 111.21150970458984, 416.7286071777344], [191.12950134277344, 121.57759094238281, 246.5572967529297, 198.99842834472656], [0.4162639379501343, 388.2573547363281, 50.99323272705078, 416.4959716796875], [145.78228759765625, 394.0245056152344, 161.7602081298828, 409.3733825683594], [82.37825012207031, 248.85113525390625, 114.76254272460938, 306.8624267578125]), Score: [0.9344860315322876, 0.9325660467147827, 0.9258208274841309, 0.5363668203353882, 0.5249870419502258, 0.48312196135520935, 0.3806966543197632, 0.3785826861858368, 0.2961418926715851, 0.2950506806373596, 0.26269838213920593, 0.25931206345558167, 0.25246700644493103, 0.24983714520931244, 0.2474157065153122, 0.2430725246667862, 0.23211334645748138, 0.21970273554325104, 0.21327997744083405, 0.20614784955978394, 0.20384761691093445, 0.1943955421447754, 0.19074870645999908, 0.184921994805336, 0.18343304097652435, 0.17580945789813995, 0.17505782842636108, 0.16998037695884705, 0.16962884366512299, 0.1689734309911728, 0.16879425942897797, 0.15616731345653534, 0.15424980223178864, 0.15220960974693298, 0.15187698602676392, 0.1467503309249878, 0.14243629574775696, 0.13597984611988068, 0.13482902944087982, 0.13053765892982483, 0.12839949131011963, 0.12768007814884186, 0.12710174918174744, 0.12565962970256805, 0.1253741830587387, 0.12531785666942596, 0.12529730796813965, 0.12464436888694763, 0.1238919347524643, 0.12380165606737137, 0.12345889210700989, 0.12019620835781097, 0.12001477181911469, 0.11838262528181076, 0.11826356500387192, 0.11817164719104767, 0.114021435379982, 0.1129860207438469, 0.10650372505187988, 0.10531751066446304, 0.10301052778959274, 0.10267652571201324, 0.102611243724823, 0.10211340337991714, 0.09725438058376312, 0.09650839120149612, 0.09647469967603683, 0.09620940685272217, 0.09511318057775497, 0.09333106130361557, 0.09289438277482986, 0.09149165451526642, 0.09089632332324982, 0.09045153856277466, 0.09022388607263565, 0.08877164870500565, 0.08861687779426575, 0.08854126930236816, 0.08734654635190964, 0.08652452379465103, 0.08640587329864502, 0.08599667251110077, 0.08579248934984207, 0.08558382838964462, 0.08488985896110535, 0.08484642952680588, 0.08459240198135376, 0.08436855673789978, 0.08404817432165146, 0.08379391580820084, 0.08333784341812134, 0.08237668126821518, 0.08198396861553192, 0.08181582391262054, 0.08168859034776688, 0.0809289738535881, 0.07952152192592621, 0.07939324527978897, 0.07918544113636017, 0.07887021452188492, 0.07771435379981995, 0.07752251625061035, 0.07727828621864319, 0.07685046643018723, 0.07669638097286224, 0.07630785554647446, 0.07611468434333801, 0.07600348442792892, 0.07545468956232071, 0.07485096901655197, 0.07458754628896713, 0.07390506565570831, 0.07366205006837845, 0.07356990873813629, 0.07281012088060379, 0.07238653302192688, 0.07233047485351562, 0.07202435284852982, 0.07172318547964096, 0.07135500013828278, 0.07122138142585754, 0.07099203020334244, 0.07099132239818573, 0.07077338546514511, 0.07018925994634628, 0.07012674957513809, 0.06990946829319, 0.06940779834985733, 0.06801227480173111, 0.06784573942422867, 0.06723008304834366, 0.06680484861135483, 0.06679564714431763, 0.06599031388759613, 0.06571058183908463, 0.06552117317914963, 0.06547564268112183, 0.06537169963121414, 0.0650072768330574, 0.06476227194070816, 0.06382995843887329, 0.06365632265806198, 0.06361161172389984, 0.0635199025273323, 0.06316903233528137, 0.06262367218732834, 0.06202024221420288, 0.061860181391239166, 0.06163253262639046, 0.06158042699098587, 0.061487119644880295, 0.06139872223138809, 0.06124359741806984, 0.06100303307175636, 0.06063297390937805, 0.060460686683654785, 0.06039673089981079, 0.059276316314935684, 0.059211768209934235, 0.059091564267873764, 0.059042178094387054, 0.058812521398067474, 0.05877434089779854, 0.05861997976899147, 0.058454759418964386, 0.05827745050191879, 0.05801883339881897, 0.05799908563494682, 0.05785992741584778, 0.057490769773721695, 0.057269975543022156, 0.05688910931348801, 0.05687464401125908, 0.056842297315597534, 0.056231096386909485, 0.056053441017866135, 0.05586843565106392, 0.05574668571352959, 0.055495791137218475, 0.05533934012055397, 0.0552307553589344, 0.05517243593931198, 0.054493214935064316, 0.054190538823604584, 0.0539553239941597, 0.053794458508491516, 0.053763825446367264, 0.05375880375504494, 0.05353006720542908, 0.05322708562016487, 0.053209856152534485, 0.052993401885032654, 0.05296256020665169, 0.05286243185400963, 0.05284847319126129, 0.052824147045612335, 0.0525161437690258, 0.052411552518606186, 0.05223056301474571, 0.052183691412210464, 0.051819127053022385, 0.05170271173119545, 0.05154184624552727, 0.05147766321897507, 0.05144854635000229, 0.05134272202849388, 0.051157839596271515, 0.051070164889097214, 0.051054660230875015, 0.05076590180397034, 0.05072253569960594, 0.05042628198862076, 0.05039236322045326, 0.05017610266804695, 0.05015971139073372, 0.05007551237940788, 0.05007143318653107, 0.049790069460868835, 0.04974570497870445, 0.04973674565553665, 0.04946986958384514, 0.04939858987927437, 0.04929804056882858, 0.04917307570576668, 0.04903782531619072, 0.04901226609945297, 0.04888996481895447, 0.0488283708691597, 0.04857683926820755, 0.04771439731121063, 0.047515567392110825, 0.047475818544626236, 0.047460589557886124, 0.04745308682322502, 0.047356728464365005, 0.04721169173717499, 0.047202832996845245, 0.04709019139409065, 0.04698296636343002, 0.0468413271009922, 0.046773023903369904, 0.04676492512226105, 0.04673776775598526, 0.04669777676463127, 0.04661726579070091, 0.04655227065086365, 0.04653824120759964, 0.0464787557721138, 0.04644230753183365, 0.046432215720415115, 0.04606331139802933, 0.04591905698180199, 0.04585162550210953, 0.045644357800483704, 0.04527870938181877, 0.045079100877046585, 0.04505031183362007, 0.04494505748152733, 0.04470231011509895, 0.04466290399432182, 0.04461641237139702, 0.044371526688337326, 0.04435478895902634, 0.044290538877248764, 0.04408111423254013, 0.04391847923398018, 0.043916285037994385, 0.04377616196870804, 0.0436943881213665, 0.043652623891830444, 0.04363598674535751, 0.04359126463532448, 0.0433160774409771, 0.04318586736917496, 0.04317077621817589, 0.04316256195306778, 0.04303574189543724, 0.04298907518386841, 0.04296000301837921, 0.04286707192659378, 0.042479757219552994, 0.04243849217891693, 0.04235830157995224, 0.042269762605428696, 0.042219437658786774, 0.0421629324555397, 0.04202516749501228, 0.0419062040746212, 0.04150330275297165, 0.04144255071878433, 0.04134085401892662, 0.04128319397568703, 0.04116867855191231, 0.04115517437458038, 0.041113629937171936, 0.041091661900281906, 0.04108259454369545, 0.04103618487715721, 0.041004858911037445, 0.04095994681119919]

Execution time: 0.4001 sec
