Label: tensor([ 8, 13,  8,  8, 13, 13,  8,  8, 13, 13, 13, 13, 14,  8,  8, 13, 56, 13,
         0, 14,  8,  2,  8,  8, 13,  2,  8, 13, 13, 60,  8,  0, 13, 13,  8,  8,
         0,  8,  8,  0, 13, 56,  0, 13, 13, 13, 13, 13, 58, 13, 60,  8,  8,  0,
        13,  8,  8,  8,  8, 16,  8,  8,  8,  8,  0,  8,  8, 58,  0,  8, 13, 60,
         0, 60, 13,  0,  0,  2,  2,  8,  8, 13,  8, 13,  8, 13, 13,  0,  0, 60,
         8,  8,  8,  0,  8,  2,  8, 13,  8, 13,  8, 56,  0, 13, 56, 14,  8,  8,
         0, 60,  8, 13,  8,  7,  8,  0,  0,  0,  7, 60,  2,  8,  0,  8, 13,  8,
         0,  7,  8, 13,  8, 13,  7, 60, 14,  8, 13, 13, 13, 56,  8, 71,  8,  7,
         8, 13,  8,  8,  8, 13, 13, 13,  7,  8, 13,  8, 56,  7, 71,  8, 13,  8,
         8,  0, 60,  0, 13, 72,  8,  8,  0,  7, 60, 39, 13, 71, 15,  8, 71,  8,
         7,  0,  7,  0, 13, 13, 13, 58,  7, 56, 56,  7,  8,  8,  6,  6,  8, 71,
        13, 14,  6,  7, 13,  7,  8,  0,  7,  7, 13, 13, 13, 60,  8,  2, 60,  8,
         8, 56, 14, 71,  6,  8, 46, 71, 56,  0, 13,  0, 58,  8,  8, 56,  0,  0,
         8,  0,  0, 14,  8, 45,  8,  0, 58,  8,  2, 60, 59,  8,  8, 13,  0,  8,
         0, 56,  8,  8,  2, 56,  7, 13,  0, 13,  8,  7,  0,  8, 56,  7, 56, 71,
        56, 58, 13, 60, 58,  7,  8,  0,  7,  2, 13,  7, 58, 58,  8, 13,  8,  0,
         8,  6, 25, 60,  7,  7,  8,  0,  8, 60,  7, 58]), Box: ([16.761497497558594, 52.34962463378906, 409.8468322753906, 269.43524169921875], [357.0284423828125, 279.14080810546875, 432.6190185546875, 314.6797790527344], [433.6547546386719, 246.99676513671875, 448.076171875, 259.1320495605469], [433.171630859375, 244.23728942871094, 448.1139221191406, 259.20013427734375], [306.76507568359375, 278.2592468261719, 432.6112976074219, 314.79278564453125], [390.2637023925781, 279.4096374511719, 432.89349365234375, 314.8307800292969], [430.3818054199219, 240.38711547851562, 448.37603759765625, 259.6681213378906], [370.2539367675781, 243.7255096435547, 455.9221496582031, 294.0770568847656], [356.1730651855469, 283.0481872558594, 398.238037109375, 312.28546142578125], [356.03778076171875, 283.0131530761719, 398.7529602050781, 312.5848693847656], [358.0826721191406, 279.5329895019531, 425.4609069824219, 288.5660400390625], [390.12457275390625, 279.2920227050781, 425.4821472167969, 287.9380187988281], [443.8931579589844, 302.906005859375, 460.44769287109375, 313.0268249511719], [259.5938415527344, 67.50433349609375, 409.34039306640625, 246.35008239746094], [7.971420764923096, 251.12940979003906, 387.8900451660156, 291.0946960449219], [378.4141845703125, 272.7887268066406, 424.45733642578125, 284.2535400390625], [390.2637023925781, 279.4096374511719, 432.89349365234375, 314.8307800292969], [378.4859924316406, 272.46990966796875, 411.2776794433594, 283.8977355957031], [334.4714660644531, 114.9864273071289, 356.01092529296875, 150.36671447753906], [26.359272003173828, 20.31525421142578, 32.980587005615234, 36.565120697021484], [342.76666259765625, 253.80130004882812, 386.50665283203125, 282.41143798828125], [433.6547546386719, 246.99676513671875, 448.076171875, 259.1320495605469], [434.64520263671875, 252.5983123779297, 448.0897521972656, 259.2422180175781], [101.45015716552734, 252.91648864746094, 286.3369445800781, 282.75872802734375], [0.4982799291610718, 271.2362060546875, 428.82293701171875, 322.1481018066406], [433.171630859375, 244.23728942871094, 448.1139221191406, 259.20013427734375], [0.017434358596801758, 253.94992065429688, 390.9093933105469, 321.7342834472656], [220.5703582763672, 274.8773498535156, 432.3822021484375, 316.12078857421875], [378.3258972167969, 273.6968994140625, 425.7452697753906, 289.3116149902344], [357.0284423828125, 279.14080810546875, 432.6190185546875, 314.6797790527344], [-1.0957568883895874, 254.923583984375, 386.3384704589844, 330.4159240722656], [92.3258285522461, 67.18901062011719, 133.91954040527344, 92.74003601074219], [1.134142279624939, 270.70556640625, 429.4129638671875, 316.1173095703125], [357.92449951171875, 282.0536193847656, 395.237548828125, 287.915283203125], [-0.09308755397796631, 206.2086639404297, 388.648681640625, 327.2762756347656], [215.80628967285156, 257.0538330078125, 286.165771484375, 273.44342041015625], [341.2789306640625, 137.93362426757812, 355.5953674316406, 150.91004943847656], [0.2593696117401123, 54.7188606262207, 402.6058654785156, 330.2554931640625], [-0.05450844764709473, 82.94583129882812, 110.37842559814453, 295.4571838378906], [84.68638610839844, 62.122440338134766, 133.61724853515625, 93.16160583496094], [305.33001708984375, 270.79443359375, 431.2457275390625, 315.00164794921875], [357.0284423828125, 279.14080810546875, 432.6190185546875, 314.6797790527344], [1.32864248752594, 278.0126953125, 27.229673385620117, 297.469482421875], [238.9137420654297, 274.5187072753906, 432.8412170410156, 315.38555908203125], [345.65277099609375, 262.8213195800781, 386.2305908203125, 282.42156982421875], [309.1835632324219, 245.91163635253906, 440.8292541503906, 314.8332824707031], [390.4981384277344, 279.3158264160156, 426.1628112792969, 293.6228332519531], [101.45015716552734, 252.91648864746094, 286.3369445800781, 282.75872802734375], [0.11051073670387268, 84.84835052490234, 52.34651565551758, 188.42269897460938], [0.895962119102478, 299.774658203125, 151.23426818847656, 332.09783935546875], [306.76507568359375, 278.2592468261719, 432.6112976074219, 314.79278564453125], [1.1563152074813843, 251.31619262695312, 387.0909729003906, 288.5985412597656], [-0.26097893714904785, 201.2187957763672, 396.8191833496094, 330.72491455078125], [349.86492919921875, 253.96475219726562, 376.3311767578125, 280.6562194824219], [0.018417835235595703, 278.6884765625, 347.163330078125, 331.1466369628906], [-0.4370063543319702, 247.17051696777344, 445.70660400390625, 330.2967529296875], [305.9320983886719, 253.8761444091797, 386.7738952636719, 284.7671203613281], [0.40426105260849, 34.38319778442383, 116.38653564453125, 297.1615905761719], [407.4835510253906, 239.96847534179688, 430.9139099121094, 247.8922119140625], [443.8931579589844, 302.906005859375, 460.44769287109375, 313.0268249511719], [1.4116168022155762, 250.37232971191406, 387.2355651855469, 291.5118713378906], [0.6868690252304077, 126.79702758789062, 408.3956604003906, 327.4901123046875], [370.759765625, 189.09091186523438, 499.9648742675781, 312.18475341796875], [345.65277099609375, 262.8213195800781, 386.2305908203125, 282.42156982421875], [302.3374328613281, 112.86737823486328, 355.1969299316406, 151.88412475585938], [0.32825767993927, 56.995731353759766, 449.81890869140625, 325.6805114746094], [100.13186645507812, 212.8180694580078, 393.5766906738281, 287.8319091796875], [-0.05450844764709473, 82.94583129882812, 110.37842559814453, 295.4571838378906], [0.11051073670387268, 84.84835052490234, 52.34651565551758, 188.42269897460938], [1.1515319347381592, 252.95240783691406, 388.40655517578125, 292.4524841308594], [306.8036193847656, 280.3284912109375, 356.6716003417969, 286.9091796875], [358.0826721191406, 279.5329895019531, 425.4609069824219, 288.5660400390625], [342.76666259765625, 253.80130004882812, 386.50665283203125, 282.41143798828125], [390.2637023925781, 279.4096374511719, 432.89349365234375, 314.8307800292969], [-1.0957568883895874, 254.923583984375, 386.3384704589844, 330.4159240722656], [353.1279602050781, 254.2978057861328, 368.9864196777344, 272.1549377441406], [443.8931579589844, 302.906005859375, 460.44769287109375, 313.0268249511719], [407.4835510253906, 239.96847534179688, 430.9139099121094, 247.8922119140625], [430.3818054199219, 240.38711547851562, 448.37603759765625, 259.6681213378906], [2.3714451789855957, 187.65304565429688, 409.40374755859375, 314.9557189941406], [0.4982799291610718, 271.2362060546875, 428.82293701171875, 322.1481018066406], [206.99143981933594, 283.03167724609375, 344.71136474609375, 323.2012023925781], [344.8765869140625, 251.556640625, 425.9906311035156, 286.1120910644531], [125.29471588134766, 257.97265625, 283.557861328125, 273.03338623046875], [122.1015625, 255.99415588378906, 287.3400573730469, 273.9125671386719], [0.07714331150054932, 277.9947509765625, 216.37841796875, 331.0248718261719], [-0.4370063543319702, 247.17051696777344, 445.70660400390625, 330.2967529296875], [26.359272003173828, 20.31525421142578, 32.980587005615234, 36.565120697021484], [-0.09072665125131607, 84.5905990600586, 16.5180721282959, 106.40836334228516], [378.4141845703125, 272.7887268066406, 424.45733642578125, 284.2535400390625], [435.199951171875, 255.12176513671875, 447.8638610839844, 259.4052429199219], [370.55474853515625, 245.75201416015625, 409.68341064453125, 275.1581115722656], [215.77816772460938, 244.05552673339844, 287.1311950683594, 273.7581481933594], [357.29193115234375, 254.81826782226562, 364.9410705566406, 263.8025207519531], [309.1835632324219, 245.91163635253906, 440.8292541503906, 314.8332824707031], [342.76666259765625, 253.80130004882812, 386.50665283203125, 282.41143798828125], [300.2762756347656, 229.93255615234375, 446.3559265136719, 288.6416015625], [275.4976806640625, 67.29842376708984, 359.6667785644531, 110.3117904663086], [370.5580139160156, 243.75439453125, 449.3215026855469, 274.57659912109375], [130.39329528808594, 258.3596496582031, 216.70306396484375, 271.5890808105469], [1.134142279624939, 270.70556640625, 429.4129638671875, 316.1173095703125], [356.03778076171875, 283.0131530761719, 398.7529602050781, 312.5848693847656], [122.1153793334961, 82.94974517822266, 133.5741729736328, 92.54730987548828], [370.2539367675781, 243.7255096435547, 455.9221496582031, 294.0770568847656], [356.1730651855469, 283.0481872558594, 398.238037109375, 312.28546142578125], [84.68638610839844, 62.122440338134766, 133.61724853515625, 93.16160583496094], [224.9853057861328, 67.57998657226562, 408.3033752441406, 250.2780303955078], [-1.2003034353256226, 247.60289001464844, 319.24749755859375, 328.6973876953125], [264.89605712890625, 105.89448547363281, 355.7811584472656, 151.72776794433594], [390.12457275390625, 279.2920227050781, 425.4821472167969, 287.9380187988281], [19.044891357421875, 53.48573303222656, 407.3019104003906, 264.2137451171875], [215.80628967285156, 257.0538330078125, 286.165771484375, 273.44342041015625], [0.48467516899108887, 19.22992706298828, 117.66699981689453, 296.8702087402344], [433.6547546386719, 246.99676513671875, 448.076171875, 259.1320495605469], [93.78195190429688, 211.50125122070312, 399.5357971191406, 290.0579528808594], [0.4176143407821655, 84.46273803710938, 45.661190032958984, 108.48600769042969], [285.3305358886719, 83.28438568115234, 295.6755065917969, 106.69017028808594], [350.62353515625, 253.4376220703125, 382.00836181640625, 273.4950256347656], [-1.0957568883895874, 254.923583984375, 386.3384704589844, 330.4159240722656], [357.92449951171875, 282.0536193847656, 395.237548828125, 287.915283203125], [345.65277099609375, 262.8213195800781, 386.2305908203125, 282.42156982421875], [-0.24139881134033203, -1.30055570602417, 499.75335693359375, 330.6724548339844], [317.29888916015625, 114.5779037475586, 355.55078125, 150.49081420898438], [-0.27962401509284973, 183.0559539794922, 111.71704864501953, 294.8864440917969], [342.76666259765625, 253.80130004882812, 386.50665283203125, 282.41143798828125], [275.4976806640625, 67.29842376708984, 359.6667785644531, 110.3117904663086], [302.76513671875, 111.81749725341797, 355.8893737792969, 156.78529357910156], [433.171630859375, 244.23728942871094, 448.1139221191406, 259.20013427734375], [370.70745849609375, 243.8426513671875, 448.91363525390625, 273.70111083984375], [-0.3196299076080322, 277.63409423828125, 154.25204467773438, 331.8660888671875], [306.8036193847656, 280.3284912109375, 356.6716003417969, 286.9091796875], [354.19732666015625, 272.4499816894531, 422.4325866699219, 282.50555419921875], [0.017434358596801758, 253.94992065429688, 390.9093933105469, 321.7342834472656], [378.4859924316406, 272.46990966796875, 411.2776794433594, 283.8977355957031], [92.3258285522461, 67.18901062011719, 133.91954040527344, 92.74003601074219], [0.2531707286834717, 196.17982482910156, 401.48052978515625, 310.2358093261719], [103.0398178100586, 255.28005981445312, 217.0247039794922, 282.7144470214844], [149.67990112304688, 284.3525390625, 310.76934814453125, 326.6724853515625], [433.6547546386719, 246.99676513671875, 448.076171875, 259.1320495605469], [390.12457275390625, 279.2920227050781, 425.4821472167969, 287.9380187988281], [125.29471588134766, 257.97265625, 283.557861328125, 273.03338623046875], [1.0174736976623535, 278.0995788574219, 155.6061553955078, 296.5899353027344], [212.20449829101562, 207.24046325683594, 403.82861328125, 282.2859802246094], [0.2593696117401123, 54.7188606262207, 402.6058654785156, 330.2554931640625], [194.48318481445312, 67.20624542236328, 408.0046691894531, 269.259765625], [2.3076086044311523, 275.2358093261719, 424.50225830078125, 310.1759338378906], [0.018417835235595703, 278.6884765625, 347.163330078125, 331.1466369628906], [443.5071105957031, 191.43231201171875, 499.8472595214844, 312.18231201171875], [1.6071498394012451, 137.89817810058594, 408.27978515625, 302.85693359375], [0.017434358596801758, 253.94992065429688, 390.9093933105469, 321.7342834472656], [131.16958618164062, 257.4236145019531, 179.78524780273438, 271.34197998046875], [219.91781616210938, 288.3695983886719, 279.8992614746094, 321.1565856933594], [370.2539367675781, 243.7255096435547, 455.9221496582031, 294.0770568847656], [260.6783752441406, 68.36909484863281, 400.7508544921875, 188.3160400390625], [361.3388977050781, 268.8446350097656, 455.903564453125, 290.860595703125], [207.84146118164062, 67.1797103881836, 406.2900390625, 282.28887939453125], [306.76507568359375, 278.2592468261719, 432.6112976074219, 314.79278564453125], [-0.4370063543319702, 247.17051696777344, 445.70660400390625, 330.2967529296875], [130.39329528808594, 258.3596496582031, 216.70306396484375, 271.5890808105469], [0.9734779596328735, 56.957828521728516, 474.4144592285156, 318.33380126953125], [122.1015625, 255.99415588378906, 287.3400573730469, 273.9125671386719], [145.47177124023438, 208.35711669921875, 397.26776123046875, 283.4124450683594], [207.26290893554688, 68.11600494384766, 409.99176025390625, 281.3641662597656], [-0.05450844764709473, 82.94583129882812, 110.37842559814453, 295.4571838378906], [378.3258972167969, 273.6968994140625, 425.7452697753906, 289.3116149902344], [285.96087646484375, 83.34904479980469, 295.57470703125, 106.56507873535156], [149.09814453125, 297.8215026855469, 207.38687133789062, 327.6723327636719], [443.5071105957031, 191.43231201171875, 499.8472595214844, 312.18231201171875], [0.3411620855331421, 55.099090576171875, 474.94305419921875, 326.58856201171875], [26.359272003173828, 20.31525421142578, 32.980587005615234, 36.565120697021484], [-0.1005781814455986, 84.70378112792969, 17.11998176574707, 110.31106567382812], [342.76666259765625, 253.80130004882812, 386.50665283203125, 282.41143798828125], [358.373046875, 280.4346008300781, 432.7328796386719, 314.6044006347656], [443.8931579589844, 302.906005859375, 460.44769287109375, 313.0268249511719], [358.08538818359375, 281.46923828125, 393.4847717285156, 287.03228759765625], [101.45015716552734, 252.91648864746094, 286.3369445800781, 282.75872802734375], [443.8931579589844, 302.906005859375, 460.44769287109375, 313.0268249511719], [48.61397933959961, 149.62457275390625, 405.32965087890625, 284.5868835449219], [0.39408355951309204, 277.4971618652344, 155.09637451171875, 298.7306213378906], [160.43284606933594, 244.17449951171875, 287.24163818359375, 274.0999450683594], [443.5071105957031, 191.43231201171875, 499.8472595214844, 312.18231201171875], [270.2919006347656, 85.22880554199219, 321.9405212402344, 131.31031799316406], [259.5938415527344, 67.50433349609375, 409.34039306640625, 246.35008239746094], [82.55862426757812, 61.35082244873047, 133.67648315429688, 97.02259063720703], [0.39408355951309204, 277.4971618652344, 155.09637451171875, 298.7306213378906], [344.8765869140625, 251.556640625, 425.9906311035156, 286.1120910644531], [370.55474853515625, 245.75201416015625, 409.68341064453125, 275.1581115722656], [0.299062579870224, 123.56826782226562, 50.283260345458984, 188.289306640625], [101.45015716552734, 252.91648864746094, 286.3369445800781, 282.75872802734375], [275.4976806640625, 67.29842376708984, 359.6667785644531, 110.3117904663086], [378.4859924316406, 272.46990966796875, 411.2776794433594, 283.8977355957031], [-0.27962401509284973, 183.0559539794922, 111.71704864501953, 294.8864440917969], [359.4991455078125, 142.69509887695312, 501.9651794433594, 306.6352233886719], [-0.5845874547958374, 257.0622863769531, 353.4147644042969, 330.7413635253906], [0.017434358596801758, 253.94992065429688, 390.9093933105469, 321.7342834472656], [0.4982799291610718, 271.2362060546875, 428.82293701171875, 322.1481018066406], [26.12137794494629, 125.87523651123047, 406.53656005859375, 287.8862609863281], [125.29471588134766, 257.97265625, 283.557861328125, 273.03338623046875], [407.4835510253906, 239.96847534179688, 430.9139099121094, 247.8922119140625], [122.1153793334961, 82.94974517822266, 133.5741729736328, 92.54730987548828], [-1.0957568883895874, 254.923583984375, 386.3384704589844, 330.4159240722656], [0.9734779596328735, 56.957828521728516, 474.4144592285156, 318.33380126953125], [1.0174736976623535, 278.0995788574219, 155.6061553955078, 296.5899353027344], [-0.09308755397796631, 206.2086639404297, 388.648681640625, 327.2762756347656], [364.56689453125, 71.11382293701172, 500.1622314453125, 310.90631103515625], [433.171630859375, 244.23728942871094, 448.1139221191406, 259.20013427734375], [7.971420764923096, 251.12940979003906, 387.8900451660156, 291.0946960449219], [0.32825767993927, 56.995731353759766, 449.81890869140625, 325.6805114746094], [7.971420764923096, 251.12940979003906, 387.8900451660156, 291.0946960449219], [358.373046875, 280.4346008300781, 432.7328796386719, 314.6044006347656], [3.587320327758789, 277.131591796875, 346.19451904296875, 309.28118896484375], [306.8036193847656, 280.3284912109375, 356.6716003417969, 286.9091796875], [-0.37205591797828674, 70.7175064086914, 120.39415740966797, 296.7578125], [370.2539367675781, 243.7255096435547, 455.9221496582031, 294.0770568847656], [358.5317077636719, 280.0158386230469, 431.75994873046875, 314.2386169433594], [34.22382354736328, 119.78995513916016, 406.2643737792969, 286.535888671875], [211.01795959472656, 67.52545928955078, 408.52056884765625, 271.1466369628906], [358.373046875, 280.4346008300781, 432.7328796386719, 314.6044006347656], [1.32864248752594, 278.0126953125, 27.229673385620117, 297.469482421875], [131.16958618164062, 257.4236145019531, 179.78524780273438, 271.34197998046875], [-0.4370063543319702, 247.17051696777344, 445.70660400390625, 330.2967529296875], [264.89605712890625, 105.89448547363281, 355.7811584472656, 151.72776794433594], [16.761497497558594, 52.34962463378906, 409.8468322753906, 269.43524169921875], [433.6547546386719, 246.99676513671875, 448.076171875, 259.1320495605469], [378.4141845703125, 272.7887268066406, 424.45733642578125, 284.2535400390625], [305.9320983886719, 253.8761444091797, 386.7738952636719, 284.7671203613281], [433.171630859375, 244.23728942871094, 448.1139221191406, 259.20013427734375], [302.31549072265625, 115.79109191894531, 351.90936279296875, 153.1709747314453], [443.8931579589844, 302.906005859375, 460.44769287109375, 313.0268249511719], [0.9172111749649048, 227.5912322998047, 384.2095031738281, 294.1994934082031], [261.81842041015625, 67.7383804321289, 391.95062255859375, 160.67568969726562], [433.171630859375, 244.23728942871094, 448.1139221191406, 259.20013427734375], [-0.14053377509117126, 87.44324493408203, 27.975618362426758, 185.010009765625], [341.73687744140625, 138.36448669433594, 355.1072692871094, 150.75518798828125], [306.76507568359375, 278.2592468261719, 432.6112976074219, 314.79278564453125], [275.4976806640625, 67.29842376708984, 359.6667785644531, 110.3117904663086], [302.5041198730469, 123.15033721923828, 353.5732116699219, 151.63221740722656], [433.6547546386719, 246.99676513671875, 448.076171875, 259.1320495605469], [131.16958618164062, 257.4236145019531, 179.78524780273438, 271.34197998046875], [433.6547546386719, 246.99676513671875, 448.076171875, 259.1320495605469], [-0.14325976371765137, 3.992358922958374, 413.1260681152344, 329.1687927246094], [345.65277099609375, 262.8213195800781, 386.2305908203125, 282.42156982421875], [0.25167316198349, 36.673892974853516, 58.38205337524414, 189.90602111816406], [17.738283157348633, 53.498741149902344, 277.3714294433594, 197.24249267578125], [-0.27962401509284973, 183.0559539794922, 111.71704864501953, 294.8864440917969], [433.6547546386719, 246.99676513671875, 448.076171875, 259.1320495605469], [101.45015716552734, 252.91648864746094, 286.3369445800781, 282.75872802734375], [267.22784423828125, 67.1046142578125, 380.2875061035156, 132.15892028808594], [317.32891845703125, 73.10069274902344, 502.1017150878906, 313.6142883300781], [0.9553730487823486, 268.2726135253906, 359.5762939453125, 305.71783447265625], [300.6086120605469, 116.83346557617188, 338.5874328613281, 149.95225524902344], [72.69163513183594, 166.87808227539062, 407.7923278808594, 271.4581298828125], [0.299062579870224, 123.56826782226562, 50.283260345458984, 188.289306640625], [433.6547546386719, 246.99676513671875, 448.076171875, 259.1320495605469], [0.07714331150054932, 277.9947509765625, 216.37841796875, 331.0248718261719], [0.0464022159576416, 181.9902801513672, 212.21878051757812, 328.61614990234375], [-1.0957568883895874, 254.923583984375, 386.3384704589844, 330.4159240722656], [358.5317077636719, 280.0158386230469, 431.75994873046875, 314.2386169433594], [-0.26097893714904785, 201.2187957763672, 396.8191833496094, 330.72491455078125], [305.9320983886719, 253.8761444091797, 386.7738952636719, 284.7671203613281], [21.010805130004883, 53.45860290527344, 134.39463806152344, 95.83013916015625], [1.1515319347381592, 252.95240783691406, 388.40655517578125, 292.4524841308594], [210.21229553222656, 65.854736328125, 410.28369140625, 252.32437133789062], [260.6783752441406, 68.36909484863281, 400.7508544921875, 188.3160400390625], [80.08969116210938, 60.503684997558594, 134.40298461914062, 93.64189910888672], [34.16636657714844, 112.97481536865234, 408.4197998046875, 257.8598327636719], [378.3258972167969, 273.6968994140625, 425.7452697753906, 289.3116149902344], [0.6868690252304077, 126.79702758789062, 408.3956604003906, 327.4901123046875], [131.16958618164062, 257.4236145019531, 179.78524780273438, 271.34197998046875], [0.895962119102478, 299.774658203125, 151.23426818847656, 332.09783935546875], [358.0826721191406, 279.5329895019531, 425.4609069824219, 288.5660400390625], [0.40426105260849, 34.38319778442383, 116.38653564453125, 297.1615905761719], [358.5317077636719, 280.0158386230469, 431.75994873046875, 314.2386169433594], [356.1730651855469, 283.0481872558594, 398.238037109375, 312.28546142578125], [0.22568181157112122, 21.295576095581055, 75.07464599609375, 191.45118713378906], [0.018417835235595703, 278.6884765625, 347.163330078125, 331.1466369628906], [0.895962119102478, 299.774658203125, 151.23426818847656, 332.09783935546875], [0.40426105260849, 34.38319778442383, 116.38653564453125, 297.1615905761719], [370.759765625, 189.09091186523438, 499.9648742675781, 312.18475341796875], [264.89605712890625, 105.89448547363281, 355.7811584472656, 151.72776794433594], [380.255859375, 273.3347473144531, 422.21734619140625, 281.2324523925781], [430.3818054199219, 240.38711547851562, 448.37603759765625, 259.6681213378906], [433.171630859375, 244.23728942871094, 448.1139221191406, 259.20013427734375], [345.65277099609375, 262.8213195800781, 386.2305908203125, 282.42156982421875], [378.4141845703125, 272.7887268066406, 424.45733642578125, 284.2535400390625], [-0.5845874547958374, 257.0622863769531, 353.4147644042969, 330.7413635253906], [130.39329528808594, 258.3596496582031, 216.70306396484375, 271.5890808105469], [80.6584243774414, 61.492557525634766, 134.5332489013672, 93.15373229980469], [361.3388977050781, 268.8446350097656, 455.903564453125, 290.860595703125], [7.971420764923096, 251.12940979003906, 387.8900451660156, 291.0946960449219], [16.761497497558594, 52.34962463378906, 409.8468322753906, 269.43524169921875], [356.03778076171875, 283.0131530761719, 398.7529602050781, 312.5848693847656], [345.65277099609375, 262.8213195800781, 386.2305908203125, 282.42156982421875], [0.3411620855331421, 55.099090576171875, 474.94305419921875, 326.58856201171875], [365.05084228515625, 23.172014236450195, 500.1519470214844, 312.8560791015625], [-0.37205591797828674, 70.7175064086914, 120.39415740966797, 296.7578125], [357.0284423828125, 279.14080810546875, 432.6190185546875, 314.6797790527344], [390.4981384277344, 279.3158264160156, 426.1628112792969, 293.6228332519531], [0.4982799291610718, 271.2362060546875, 428.82293701171875, 322.1481018066406], [342.76666259765625, 253.80130004882812, 386.50665283203125, 282.41143798828125]), Score: [0.9079049825668335, 0.3334347903728485, 0.2814216613769531, 0.2618856132030487, 0.25803154706954956, 0.15884247422218323, 0.11628084629774094, 0.10671058297157288, 0.09977960586547852, 0.09770066291093826, 0.08814781904220581, 0.08553982526063919, 0.08148545026779175, 0.07925847917795181, 0.07671000808477402, 0.07272826880216599, 0.07252630591392517, 0.07162535190582275, 0.0685962364077568, 0.06796631962060928, 0.06667173653841019, 0.06332014501094818, 0.06331498175859451, 0.061824023723602295, 0.06135117635130882, 0.06060679629445076, 0.060548197478055954, 0.05854532867670059, 0.058119531720876694, 0.05780000239610672, 0.05724117532372475, 0.056950271129608154, 0.056161068379879, 0.05549108237028122, 0.054577670991420746, 0.05450546368956566, 0.05445608124136925, 0.05359639599919319, 0.05349874123930931, 0.05234501138329506, 0.05168317258358002, 0.05132317170500755, 0.05063043162226677, 0.05060935020446777, 0.04898737370967865, 0.04886715114116669, 0.04735027626156807, 0.04672136902809143, 0.045944005250930786, 0.04591493308544159, 0.045677606016397476, 0.044694215059280396, 0.044255319982767105, 0.04395141825079918, 0.043037399649620056, 0.042963650077581406, 0.04270229488611221, 0.04260685294866562, 0.04253203794360161, 0.042426470667123795, 0.04187605902552605, 0.041529279202222824, 0.041501566767692566, 0.04142991825938225, 0.03985599800944328, 0.03973059356212616, 0.03956281393766403, 0.03922193497419357, 0.039088860154151917, 0.03873526304960251, 0.03868846222758293, 0.03842666372656822, 0.03828411549329758, 0.037955641746520996, 0.03777548670768738, 0.037772513926029205, 0.03775080293416977, 0.037376437336206436, 0.037234384566545486, 0.03630490228533745, 0.03629310056567192, 0.03620806336402893, 0.03597554937005043, 0.03553512319922447, 0.03547164425253868, 0.034993257373571396, 0.03480865806341171, 0.03445484861731529, 0.034178540110588074, 0.03400599583983421, 0.03377459570765495, 0.03375690057873726, 0.03295568376779556, 0.03280159831047058, 0.03246542066335678, 0.03221404552459717, 0.032162632793188095, 0.032027509063482285, 0.03169982507824898, 0.03158014267683029, 0.03129653260111809, 0.03126513212919235, 0.031100112944841385, 0.03100193291902542, 0.030942756682634354, 0.03084028884768486, 0.030820781365036964, 0.030562816187739372, 0.030311692506074905, 0.0303020216524601, 0.029901940375566483, 0.029796048998832703, 0.029726078733801842, 0.029666295275092125, 0.029664402827620506, 0.02953348122537136, 0.029467331245541573, 0.029455944895744324, 0.02925451472401619, 0.029232146218419075, 0.02916245348751545, 0.029033249244093895, 0.02899889647960663, 0.028883183375000954, 0.028828423470258713, 0.02871064655482769, 0.028539663180708885, 0.02829275093972683, 0.028193891048431396, 0.027995167300105095, 0.027869785204529762, 0.027658989652991295, 0.02756262570619583, 0.027382705360651016, 0.027346692979335785, 0.0272847767919302, 0.027216168120503426, 0.02708435244858265, 0.02703975699841976, 0.02701258473098278, 0.02700492925941944, 0.026978660374879837, 0.026969900354743004, 0.026760971173644066, 0.02664918452501297, 0.026575634256005287, 0.026353467255830765, 0.02625766396522522, 0.026237471029162407, 0.026230862364172935, 0.026201780885457993, 0.02613827958703041, 0.02612251602113247, 0.02610534429550171, 0.025801073759794235, 0.025668911635875702, 0.02543025091290474, 0.025405528023838997, 0.02536957710981369, 0.025239920243620872, 0.025190934538841248, 0.025051956996321678, 0.025000715628266335, 0.024992313235998154, 0.024937447160482407, 0.02483733370900154, 0.02479410730302334, 0.02477169595658779, 0.024743054062128067, 0.02460714802145958, 0.02460155263543129, 0.02451419085264206, 0.024116653949022293, 0.02392135187983513, 0.023885631933808327, 0.023868557065725327, 0.02384048141539097, 0.023669408634305, 0.02364228293299675, 0.02357158251106739, 0.023505276069045067, 0.02343389205634594, 0.023412005975842476, 0.0231555737555027, 0.02314847707748413, 0.02295338362455368, 0.02294456772506237, 0.02265923097729683, 0.02262403815984726, 0.022278405725955963, 0.022252654656767845, 0.02224157191812992, 0.02209286577999592, 0.02193799987435341, 0.02184990793466568, 0.02180543728172779, 0.021766090765595436, 0.0217219777405262, 0.02166101150214672, 0.021611686795949936, 0.021571148186922073, 0.021565662696957588, 0.021429914981126785, 0.02127266302704811, 0.021253272891044617, 0.021244173869490623, 0.021012192592024803, 0.021001042798161507, 0.020946744829416275, 0.020893875509500504, 0.02077653259038925, 0.020672157406806946, 0.02065161243081093, 0.020633775740861893, 0.02059558592736721, 0.020586762577295303, 0.020564742386341095, 0.020535975694656372, 0.02052013948559761, 0.02038644440472126, 0.020246446132659912, 0.020243877544999123, 0.020129263401031494, 0.020041437819600105, 0.02003350295126438, 0.020007742568850517, 0.020001837983727455, 0.019938047975301743, 0.019895724952220917, 0.019891489297151566, 0.019695788621902466, 0.019674906507134438, 0.019602132961153984, 0.019549043849110603, 0.019448906183242798, 0.019413402304053307, 0.01939859800040722, 0.01933382637798786, 0.0193182323127985, 0.01929338276386261, 0.01927199400961399, 0.01921817846596241, 0.019069157540798187, 0.01903856173157692, 0.018950358033180237, 0.01885983720421791, 0.018760474398732185, 0.01875928044319153, 0.018615998327732086, 0.01860641874372959, 0.01859809271991253, 0.018389124423265457, 0.01825641840696335, 0.018193185329437256, 0.01816222444176674, 0.018157334998250008, 0.018150050193071365, 0.018051831051707268, 0.018027186393737793, 0.017942005768418312, 0.01788187026977539, 0.017855443060398102, 0.01785305142402649, 0.017775552347302437, 0.017773354426026344, 0.017729679122567177, 0.017656443640589714, 0.017653631046414375, 0.017647191882133484, 0.01762082427740097, 0.017616532742977142, 0.0176102202385664, 0.017546024173498154, 0.017473967745900154, 0.017457839101552963, 0.01743297465145588, 0.017424458637833595, 0.01741531677544117, 0.01737019419670105, 0.017330966889858246, 0.017303986474871635, 0.017266662791371346, 0.017175637185573578, 0.017168492078781128, 0.017166199162602425, 0.017166053876280785, 0.01704661175608635, 0.016978511586785316, 0.016960255801677704, 0.016918163746595383, 0.016917793080210686, 0.016908500343561172, 0.016805119812488556, 0.016717081889510155, 0.01668357662856579, 0.016650309786200523, 0.01658809743821621, 0.016576185822486877, 0.01657324656844139, 0.016547705978155136]

Execution time: 0.4069 sec
