Label: tensor([ 0,  2, 26,  7,  2,  2,  7,  2,  2,  7,  2,  9,  2,  2,  2,  7,  9, 67,
        62,  9,  7,  7,  7, 25,  2,  2,  7,  2,  0,  7,  2,  2, 58,  7,  2,  7,
         2, 67,  2,  2,  7, 12,  2,  2, 58,  9, 67,  0, 12,  2,  2, 26, 12, 58,
        11,  2,  2, 58,  5,  2,  7, 13, 11, 58,  2, 58, 67, 12,  2, 26, 12,  7,
        58, 11, 25,  2, 30,  2,  5, 58,  0, 12, 12, 24,  0, 26,  7,  7,  7, 26,
        58, 12,  5, 24, 24, 72, 58, 11,  7, 67, 69,  2,  7,  6,  2,  0,  1,  2,
        58, 12,  5,  7, 58,  9,  2,  2, 58, 12, 58,  2,  2, 24,  2, 24,  2,  9,
         2,  2, 30, 30, 60,  2,  0,  0, 58, 12, 58,  2, 10, 72, 58, 12, 67,  2,
         0,  7,  2, 58, 12, 72, 58, 11,  7,  5,  0, 67,  0,  7,  2,  7,  2,  2,
        12,  7,  2,  2,  7, 11,  5, 58,  9,  2, 58,  7,  0, 39,  2, 75,  2, 58,
         2, 13, 13, 58, 58,  0,  2,  2, 68, 62, 30,  0, 62,  7,  9, 58, 12,  0,
         7,  7,  0, 24, 58,  0,  7, 13,  7, 11,  7,  0, 11,  0, 38,  0, 12, 58,
         5,  0,  7,  0, 72, 26, 58,  7,  7,  1,  2,  2,  7,  7,  7, 27,  5, 13,
         2,  2,  2,  7,  5, 58, 28,  7,  7, 25, 12,  2,  0, 12, 58,  0,  2, 58,
         7,  2, 72,  0, 58, 73,  7,  0, 58, 11,  2, 41, 56, 12, 12, 24, 74,  0,
         6,  5, 73,  9, 12, 57,  0, 12, 58, 10, 56,  7,  0, 24,  9, 58, 30, 13,
        26,  3,  5,  2, 12,  2, 56, 58,  2, 26,  7,  7]), Box: ([412.2731628417969, 58.05375289916992, 499.83917236328125, 353.28271484375], [223.2510223388672, 83.75944519042969, 390.22125244140625, 186.43824768066406], [475.77398681640625, 232.93844604492188, 500.01483154296875, 300.20745849609375], [221.67372131347656, 84.01891326904297, 390.0896301269531, 186.22593688964844], [225.0189666748047, 83.8323745727539, 389.1029968261719, 138.75625610351562], [225.62844848632812, 84.07733917236328, 333.73736572265625, 137.3204345703125], [223.2510223388672, 83.75944519042969, 390.22125244140625, 186.43824768066406], [375.951171875, 102.22441864013672, 389.1153869628906, 138.18614196777344], [223.0367431640625, 84.0251235961914, 334.0052795410156, 156.2276611328125], [225.2842254638672, 84.05752563476562, 389.309814453125, 138.9897003173828], [356.0577392578125, 101.98516082763672, 389.66192626953125, 186.3142852783203], [450.7409973144531, -0.07239449769258499, 462.77056884765625, 24.10658073425293], [358.2032165527344, 102.11267852783203, 389.71319580078125, 186.3671417236328], [223.0130157470703, 83.76072692871094, 336.6592102050781, 191.74172973632812], [41.63155746459961, 30.519996643066406, 62.47055435180664, 44.130218505859375], [356.0577392578125, 101.98516082763672, 389.66192626953125, 186.3142852783203], [451.0667419433594, -0.1284414827823639, 462.005859375, 7.428572177886963], [419.3306884765625, 212.99513244628906, 425.2095031738281, 221.98348999023438], [61.519989013671875, 15.52279281616211, 158.4938507080078, 94.83663940429688], [452.81103515625, 14.87237548828125, 461.3871765136719, 24.093252182006836], [223.0367431640625, 84.0251235961914, 334.0052795410156, 156.2276611328125], [225.0189666748047, 83.8323745727539, 389.1029968261719, 138.75625610351562], [358.2032165527344, 102.11267852783203, 389.71319580078125, 186.3671417236328], [475.77398681640625, 232.93844604492188, 500.01483154296875, 300.20745849609375], [306.38995361328125, 93.79728698730469, 336.3529052734375, 192.41514587402344], [313.93646240234375, 94.39079284667969, 389.4001770019531, 138.5828857421875], [225.01100158691406, 84.02334594726562, 389.4522705078125, 139.00990295410156], [305.3590087890625, 120.78390502929688, 333.9989929199219, 156.23797607421875], [375.951171875, 102.22441864013672, 389.1153869628906, 138.18614196777344], [224.39662170410156, 84.03104400634766, 389.56573486328125, 139.02667236328125], [305.7649841308594, 92.74237823486328, 334.35516357421875, 155.90560913085938], [305.98370361328125, 121.31329345703125, 330.0268859863281, 137.17124938964844], [0.9324625134468079, 64.52323150634766, 214.48416137695312, 155.1776885986328], [225.62844848632812, 84.07733917236328, 333.73736572265625, 137.3204345703125], [375.7427062988281, 102.62681579589844, 389.5207824707031, 185.07150268554688], [223.0130157470703, 83.76072692871094, 336.6592102050781, 191.74172973632812], [308.4620361328125, 89.2416000366211, 390.2249450683594, 186.54266357421875], [466.02728271484375, 99.88352966308594, 474.02032470703125, 108.30155181884766], [29.55675506591797, 30.925823211669922, 62.67873764038086, 94.7887954711914], [493.4596862792969, 125.97647094726562, 500.2503356933594, 166.39266967773438], [29.55675506591797, 30.925823211669922, 62.67873764038086, 94.7887954711914], [334.37298583984375, 126.64596557617188, 355.5770568847656, 189.7155303955078], [306.0697326660156, 94.2567367553711, 333.9234619140625, 137.3550262451172], [375.7271423339844, 102.30638885498047, 405.39471435546875, 138.67774963378906], [0.2596937119960785, 89.337646484375, 82.5921859741211, 155.32293701171875], [263.5168762207031, 1.9007306098937988, 272.95782470703125, 16.717069625854492], [466.442626953125, 100.05378723144531, 473.1434326171875, 106.63008880615234], [271.5843505859375, 103.35234069824219, 286.095458984375, 114.411376953125], [202.13356018066406, 114.21263885498047, 334.3681335449219, 270.6987609863281], [200.41368103027344, 82.9751968383789, 335.02081298828125, 271.20697021484375], [5.0302863121032715, 88.80689239501953, 33.395572662353516, 102.40166473388672], [476.4310607910156, 128.50570678710938, 500.3749694824219, 300.1646728515625], [29.55675506591797, 30.925823211669922, 62.67873764038086, 94.7887954711914], [130.16566467285156, 51.1401481628418, 218.08924865722656, 142.62171936035156], [352.0450439453125, 76.35193634033203, 379.8054504394531, 139.28196716308594], [41.80249786376953, 30.844003677368164, 62.56819534301758, 75.7609634399414], [203.64210510253906, 113.15153503417969, 333.0793762207031, 158.79844665527344], [0.870727002620697, 68.65882873535156, 132.48593139648438, 154.7214813232422], [223.2510223388672, 83.75944519042969, 390.22125244140625, 186.43824768066406], [0.9536389112472534, 88.35165405273438, 33.09931564331055, 102.76919555664062], [27.712696075439453, 15.570720672607422, 158.3665008544922, 99.30860900878906], [374.1648254394531, 137.74423217773438, 421.8379211425781, 169.1158447265625], [352.3502197265625, 75.62649536132812, 375.8505554199219, 118.59587097167969], [103.43767547607422, 51.272850036621094, 218.4608154296875, 144.63198852539062], [0.25798940658569336, 47.93477249145508, 32.96532440185547, 102.52491760253906], [0.40135160088539124, 67.213623046875, 91.32050323486328, 154.89300537109375], [419.9164123535156, 212.24029541015625, 424.36859130859375, 218.6867218017578], [205.5203857421875, 116.32823181152344, 310.5864562988281, 271.3326416015625], [356.84326171875, 138.18528747558594, 389.98748779296875, 186.16970825195312], [413.8666076660156, 238.65945434570312, 426.5523986816406, 251.043701171875], [61.519989013671875, 15.52279281616211, 158.4938507080078, 94.83663940429688], [198.22061157226562, 114.7295913696289, 334.4471435546875, 298.788818359375], [0.1058969646692276, 54.332054138183594, 18.620075225830078, 96.96166229248047], [356.0577392578125, 101.98516082763672, 389.66192626953125, 186.3142852783203], [375.951171875, 102.22441864013672, 389.1153869628906, 138.18614196777344], [337.0561828613281, 101.47019958496094, 390.0701599121094, 186.3690948486328], [367.9357604980469, 242.0696258544922, 426.3426818847656, 271.7577209472656], [202.721923828125, 113.81839752197266, 334.2992248535156, 191.5482177734375], [221.67372131347656, 84.01891326904297, 390.0896301269531, 186.22593688964844], [85.9394760131836, 63.4079704284668, 216.4322509765625, 145.8094024658203], [375.7427062988281, 102.62681579589844, 389.5207824707031, 185.07150268554688], [206.6828155517578, 117.69854736328125, 308.5470275878906, 268.7716064453125], [352.0450439453125, 76.35193634033203, 379.8054504394531, 139.28196716308594], [427.71527099609375, 108.72492980957031, 495.43572998046875, 185.87420654296875], [476.4310607910156, 128.50570678710938, 500.3749694824219, 300.1646728515625], [375.951171875, 102.22441864013672, 389.1153869628906, 138.18614196777344], [200.41368103027344, 82.9751968383789, 335.02081298828125, 271.20697021484375], [41.63155746459961, 30.519996643066406, 62.47055435180664, 44.130218505859375], [200.75604248046875, 83.33647155761719, 391.1262512207031, 291.4156494140625], [305.98370361328125, 121.31329345703125, 330.0268859863281, 137.17124938964844], [0.824660062789917, 15.234925270080566, 217.5216827392578, 154.1289520263672], [310.99981689453125, 119.433349609375, 361.5377502441406, 191.68405151367188], [356.0577392578125, 101.98516082763672, 389.66192626953125, 186.3142852783203], [422.9554748535156, 108.66848754882812, 493.98126220703125, 207.46453857421875], [417.55364990234375, 110.89445495605469, 498.04449462890625, 204.09950256347656], [61.519989013671875, 15.52279281616211, 158.4938507080078, 94.83663940429688], [0.1031048595905304, 48.21136474609375, 18.80967903137207, 97.60081481933594], [61.519989013671875, 15.52279281616211, 158.4938507080078, 94.83663940429688], [202.721923828125, 113.81839752197266, 334.2992248535156, 191.5482177734375], [413.8666076660156, 238.65945434570312, 426.5523986816406, 251.043701171875], [61.519989013671875, 15.52279281616211, 158.4938507080078, 94.83663940429688], [29.906591415405273, 42.66120147705078, 61.85958480834961, 76.69786834716797], [375.7427062988281, 102.62681579589844, 389.5207824707031, 185.07150268554688], [223.2510223388672, 83.75944519042969, 390.22125244140625, 186.43824768066406], [96.94941711425781, 51.616943359375, 133.00804138183594, 84.54676055908203], [493.4596862792969, 125.97647094726562, 500.2503356933594, 166.39266967773438], [410.8366394042969, 46.512115478515625, 455.5349426269531, 76.48567962646484], [391.6222839355469, 130.68142700195312, 405.19586181640625, 138.24903869628906], [0.33788010478019714, 42.71241760253906, 85.86677551269531, 155.1887969970703], [325.3558349609375, 78.72484588623047, 378.49127197265625, 283.19964599609375], [225.0189666748047, 83.8323745727539, 389.1029968261719, 138.75625610351562], [308.4620361328125, 89.2416000366211, 390.2249450683594, 186.54266357421875], [50.13065719604492, 70.53559112548828, 86.26028442382812, 103.9377212524414], [61.519989013671875, 15.52279281616211, 158.4938507080078, 94.83663940429688], [374.8970642089844, 75.66732788085938, 445.1236267089844, 138.49266052246094], [0.1031048595905304, 48.21136474609375, 18.80967903137207, 97.60081481933594], [0.25798940658569336, 47.93477249145508, 32.96532440185547, 102.52491760253906], [198.22061157226562, 114.7295913696289, 334.4471435546875, 298.788818359375], [-0.002942979335784912, 43.05786895751953, 213.98207092285156, 325.76629638671875], [389.81439208984375, 128.70864868164062, 405.38140869140625, 138.47305297851562], [0.1058969646692276, 54.332054138183594, 18.620075225830078, 96.96166229248047], [475.9077453613281, 232.9722442626953, 499.74322509765625, 300.0545959472656], [386.4029846191406, 118.58551025390625, 405.7132873535156, 138.28616333007812], [375.951171875, 102.22441864013672, 389.1153869628906, 138.18614196777344], [360.2873229980469, 165.9879608154297, 388.54754638671875, 186.4840850830078], [355.2683410644531, 32.09510040283203, 370.88934326171875, 69.54084777832031], [0.8791377544403076, 45.498382568359375, 31.25450325012207, 81.33364868164062], [200.75604248046875, 83.33647155761719, 391.1262512207031, 291.4156494140625], [365.19854736328125, 245.31468200683594, 426.1761169433594, 282.92010498046875], [391.58160400390625, 241.7012939453125, 426.8968200683594, 254.1043243408203], [475.77398681640625, 232.93844604492188, 500.01483154296875, 300.20745849609375], [27.712696075439453, 15.570720672607422, 158.3665008544922, 99.30860900878906], [313.1617431640625, 95.0854721069336, 333.72943115234375, 120.16683197021484], [105.63540649414062, 63.497398376464844, 129.1409454345703, 92.58891296386719], [-0.49518048763275146, 72.41368865966797, 202.15907287597656, 154.84860229492188], [356.0577392578125, 101.98516082763672, 389.66192626953125, 186.3142852783203], [0.3373734652996063, 92.20549774169922, 93.78473663330078, 155.38380432128906], [61.519989013671875, 15.52279281616211, 158.4938507080078, 94.83663940429688], [475.77398681640625, 232.93844604492188, 500.01483154296875, 300.20745849609375], [198.22061157226562, 114.7295913696289, 334.4471435546875, 298.788818359375], [83.57991027832031, 60.670169830322266, 135.3133544921875, 101.55508422851562], [352.3502197265625, 75.62649536132812, 375.8505554199219, 118.59587097167969], [489.9578857421875, 229.8330841064453, 496.78656005859375, 235.50698852539062], [217.21238708496094, 82.46541595458984, 500.539306640625, 190.53204345703125], [150.8979949951172, 66.81991577148438, 160.75830078125, 85.02178192138672], [0.33705681562423706, 16.091951370239258, 160.6681365966797, 154.82957458496094], [221.67372131347656, 84.01891326904297, 390.0896301269531, 186.22593688964844], [149.00782775878906, 51.877777099609375, 216.76864624023438, 108.12212371826172], [59.22146987915039, 14.464432716369629, 159.2704620361328, 129.30227661132812], [202.13356018066406, 114.21263885498047, 334.3681335449219, 270.6987609863281], [80.75003051757812, 62.84560012817383, 143.94789123535156, 142.61480712890625], [375.951171875, 102.22441864013672, 389.1153869628906, 138.18614196777344], [0.25798940658569336, 47.93477249145508, 32.96532440185547, 102.52491760253906], [358.2032165527344, 102.11267852783203, 389.71319580078125, 186.3671417236328], [306.0697326660156, 94.2567367553711, 333.9234619140625, 137.3550262451172], [461.0906982421875, 103.10337829589844, 473.9294738769531, 118.65625762939453], [413.8666076660156, 238.65945434570312, 426.5523986816406, 251.043701171875], [0.8791377544403076, 45.498382568359375, 31.25450325012207, 81.33364868164062], [305.6246643066406, 133.3851776123047, 333.7746276855469, 156.3034210205078], [61.18711853027344, 16.054719924926758, 158.77816772460938, 94.83351135253906], [313.1617431640625, 95.0854721069336, 333.72943115234375, 120.16683197021484], [61.10942459106445, 15.551408767700195, 215.26461791992188, 100.09146118164062], [202.721923828125, 113.81839752197266, 334.2992248535156, 191.5482177734375], [374.8970642089844, 75.66732788085938, 445.1236267089844, 138.49266052246094], [190.5442657470703, 51.98125457763672, 238.8965606689453, 97.95104217529297], [225.2842254638672, 84.05752563476562, 389.309814453125, 138.9897003173828], [218.5041046142578, 83.7818832397461, 337.2273254394531, 193.4348602294922], [358.2032165527344, 102.11267852783203, 389.71319580078125, 186.3671417236328], [29.55675506591797, 30.925823211669922, 62.67873764038086, 94.7887954711914], [0.11189281940460205, 64.7264633178711, 208.6906280517578, 264.4058532714844], [329.8205261230469, -0.0902772843837738, 349.1498718261719, 30.474063873291016], [228.52793884277344, 86.92852020263672, 292.79705810546875, 117.64429473876953], [151.15768432617188, 47.76042938232422, 215.5031280517578, 97.74605560302734], [61.519989013671875, 15.52279281616211, 158.4938507080078, 94.83663940429688], [104.83692169189453, 64.57848358154297, 130.6472625732422, 94.5799331665039], [475.77398681640625, 232.93844604492188, 500.01483154296875, 300.20745849609375], [216.59625244140625, 82.40898895263672, 500.9034729003906, 190.08541870117188], [475.77398681640625, 232.93844604492188, 500.01483154296875, 300.20745849609375], [60.53358459472656, 15.936249732971191, 230.70191955566406, 110.97427368164062], [-0.04636496305465698, 43.869972229003906, 217.48245239257812, 152.25360107421875], [229.02224731445312, 97.23284912109375, 259.1136779785156, 117.58847045898438], [202.721923828125, 113.81839752197266, 334.2992248535156, 191.5482177734375], [198.22061157226562, 114.7295913696289, 334.4471435546875, 298.788818359375], [-0.00622868537902832, 63.663997650146484, 392.14990234375, 350.55633544921875], [0.8291453123092651, 74.38104248046875, 393.5227355957031, 300.53533935546875], [35.59534454345703, 53.1953125, 51.27729034423828, 93.12519836425781], [208.9316864013672, 83.14263153076172, 391.9590148925781, 270.4920654296875], [266.92974853515625, 103.53606414794922, 330.9012756347656, 137.24835205078125], [61.519989013671875, 15.52279281616211, 158.4938507080078, 94.83663940429688], [27.712696075439453, 15.570720672607422, 158.3665008544922, 99.30860900878906], [370.4102783203125, 243.92034912109375, 426.0592346191406, 259.29840087890625], [273.77618408203125, 101.24610137939453, 293.3046875, 114.23673248291016], [59.22146987915039, 14.464432716369629, 159.2704620361328, 129.30227661132812], [203.64210510253906, 113.15153503417969, 333.0793762207031, 158.79844665527344], [450.4971923828125, -1.7841321229934692, 461.62322998046875, 20.520694732666016], [0.22897310554981232, 48.71966552734375, 35.511260986328125, 154.64599609375], [336.0580749511719, 151.48500061035156, 355.4249267578125, 183.67681884765625], [475.77398681640625, 232.93844604492188, 500.01483154296875, 300.20745849609375], [375.951171875, 102.22441864013672, 389.1153869628906, 138.18614196777344], [59.22146987915039, 14.464432716369629, 159.2704620361328, 129.30227661132812], [358.2032165527344, 102.11267852783203, 389.71319580078125, 186.3671417236328], [416.8100891113281, 113.30055236816406, 497.31732177734375, 237.3370361328125], [410.8366394042969, 46.512115478515625, 455.5349426269531, 76.48567962646484], [288.9998474121094, 22.603464126586914, 302.25390625, 44.16587829589844], [306.38995361328125, 93.79728698730469, 336.3529052734375, 192.41514587402344], [0.25798940658569336, 47.93477249145508, 32.96532440185547, 102.52491760253906], [225.9549560546875, 84.53247833251953, 333.3780822753906, 136.93052673339844], [305.98370361328125, 121.31329345703125, 330.0268859863281, 137.17124938964844], [61.10942459106445, 15.551408767700195, 215.26461791992188, 100.09146118164062], [305.98370361328125, 121.31329345703125, 330.0268859863281, 137.17124938964844], [202.13356018066406, 114.21263885498047, 334.3681335449219, 270.6987609863281], [415.8850402832031, 91.21601867675781, 499.2259216308594, 324.1807556152344], [375.951171875, 102.22441864013672, 389.1153869628906, 138.18614196777344], [287.7033996582031, 19.8038387298584, 306.638671875, 53.95594787597656], [195.50753784179688, 114.76628875732422, 319.522216796875, 300.7612609863281], [-0.07814168930053711, 78.3886947631836, 396.1537170410156, 332.25115966796875], [27.712696075439453, 15.570720672607422, 158.3665008544922, 99.30860900878906], [356.0577392578125, 101.98516082763672, 389.66192626953125, 186.3142852783203], [202.13356018066406, 114.21263885498047, 334.3681335449219, 270.6987609863281], [151.3303985595703, 66.88008880615234, 160.182373046875, 81.19075775146484], [59.22146987915039, 14.464432716369629, 159.2704620361328, 129.30227661132812], [472.713623046875, 117.51978302001953, 500.31500244140625, 299.43389892578125], [104.83692169189453, 64.57848358154297, 130.6472625732422, 94.5799331665039], [313.93646240234375, 94.39079284667969, 389.4001770019531, 138.5828857421875], [41.80249786376953, 30.844003677368164, 62.56819534301758, 75.7609634399414], [410.88623046875, 47.69684982299805, 432.1961364746094, 76.31733703613281], [194.38909912109375, 84.1871337890625, 334.87469482421875, 166.0526580810547], [124.3890380859375, 80.44026947021484, 144.1852264404297, 92.6826171875], [217.21238708496094, 82.46541595458984, 500.539306640625, 190.53204345703125], [60.53358459472656, 15.936249732971191, 230.70191955566406, 110.97427368164062], [22.656736373901367, 42.190433502197266, 69.38275909423828, 94.9555435180664], [441.4999084472656, 109.4721450805664, 468.6792297363281, 126.24693298339844], [223.0367431640625, 84.0251235961914, 334.0052795410156, 156.2276611328125], [223.2510223388672, 83.75944519042969, 390.22125244140625, 186.43824768066406], [0.33705681562423706, 16.091951370239258, 160.6681365966797, 154.82957458496094], [0.9697778224945068, 46.892913818359375, 24.218503952026367, 66.73424530029297], [198.22061157226562, 114.7295913696289, 334.4471435546875, 298.788818359375], [201.5621795654297, 82.52692413330078, 501.61444091796875, 292.7441101074219], [223.0130157470703, 83.76072692871094, 336.6592102050781, 191.74172973632812], [-0.21755695343017578, 74.00993347167969, 127.4640884399414, 210.71827697753906], [475.9077453613281, 232.9722442626953, 499.74322509765625, 300.0545959472656], [194.38909912109375, 84.1871337890625, 334.87469482421875, 166.0526580810547], [352.7657470703125, 0.34354066848754883, 499.776611328125, 138.85879516601562], [41.63155746459961, 30.519996643066406, 62.47055435180664, 44.130218505859375], [329.8205261230469, -0.0902772843837738, 349.1498718261719, 30.474063873291016], [59.22146987915039, 14.464432716369629, 159.2704620361328, 129.30227661132812], [159.88865661621094, 41.472110748291016, 179.359619140625, 73.42350006103516], [330.0346374511719, 29.779664993286133, 350.6347961425781, 85.54769134521484], [9.95213508605957, -0.2755194306373596, 107.43009948730469, 21.40948486328125], [239.7810516357422, 98.69682312011719, 258.0216064453125, 115.67511749267578], [83.57991027832031, 60.670169830322266, 135.3133544921875, 101.55508422851562], [190.5442657470703, 51.98125457763672, 238.8965606689453, 97.95104217529297], [337.0561828613281, 101.47019958496094, 390.0701599121094, 186.3690948486328], [22.656736373901367, 42.190433502197266, 69.38275909423828, 94.9555435180664], [29.55675506591797, 30.925823211669922, 62.67873764038086, 94.7887954711914], [380.2953186035156, 117.6548080444336, 389.05999755859375, 138.0843048095703], [305.3590087890625, 120.78390502929688, 333.9989929199219, 156.23797607421875], [475.77398681640625, 232.93844604492188, 500.01483154296875, 300.20745849609375], [59.85734558105469, 15.973451614379883, 159.05296325683594, 107.95467376708984], [0.1058969646692276, 54.332054138183594, 18.620075225830078, 96.96166229248047], [-0.12302398681640625, 80.04842376708984, 390.92120361328125, 285.3191223144531], [450.7409973144531, -0.07239449769258499, 462.77056884765625, 24.10658073425293], [260.56280517578125, 112.92162322998047, 332.50311279296875, 185.7512664794922], [475.77398681640625, 232.93844604492188, 500.01483154296875, 300.20745849609375], [375.951171875, 102.22441864013672, 389.1153869628906, 138.18614196777344], [0.8791377544403076, 45.498382568359375, 31.25450325012207, 81.33364868164062], [339.7073974609375, 159.8380889892578, 355.21337890625, 199.85801696777344], [413.8666076660156, 238.65945434570312, 426.5523986816406, 251.043701171875], [419.3306884765625, 212.99513244628906, 425.2095031738281, 221.98348999023438], [0.1031048595905304, 48.21136474609375, 18.80967903137207, 97.60081481933594], [27.712696075439453, 15.570720672607422, 158.3665008544922, 99.30860900878906], [225.62844848632812, 84.07733917236328, 333.73736572265625, 137.3204345703125], [413.8666076660156, 238.65945434570312, 426.5523986816406, 251.043701171875], [59.22146987915039, 14.464432716369629, 159.2704620361328, 129.30227661132812], [196.15257263183594, 116.4310073852539, 316.4388427734375, 301.9765319824219], [221.67372131347656, 84.01891326904297, 390.0896301269531, 186.22593688964844], [151.24290466308594, 67.17505645751953, 160.42477416992188, 81.99463653564453], [35.59534454345703, 53.1953125, 51.27729034423828, 93.12519836425781], [105.63540649414062, 63.497398376464844, 129.1409454345703, 92.58891296386719], [356.0577392578125, 101.98516082763672, 389.66192626953125, 186.3142852783203], [356.0577392578125, 101.98516082763672, 389.66192626953125, 186.3142852783203], [141.3325958251953, 114.11331939697266, 335.9488525390625, 321.7958679199219], [86.54052734375, 1.454921007156372, 106.41899108886719, 16.208053588867188], [475.77398681640625, 232.93844604492188, 500.01483154296875, 300.20745849609375], [451.39404296875, -0.1225818395614624, 461.8507995605469, 7.42429780960083], [0.7036924362182617, 68.29598999023438, 211.17092895507812, 152.5464324951172], [366.51080322265625, 275.4477233886719, 382.3629150390625, 283.46051025390625], [203.64210510253906, 113.15153503417969, 333.0793762207031, 158.79844665527344], [343.3634948730469, 164.1356964111328, 354.9444885253906, 182.057373046875], [360.2873229980469, 165.9879608154297, 388.54754638671875, 186.4840850830078], [374.8970642089844, 75.66732788085938, 445.1236267089844, 138.49266052246094], [201.5621795654297, 82.52692413330078, 501.61444091796875, 292.7441101074219], [200.41368103027344, 82.9751968383789, 335.02081298828125, 271.20697021484375], [-1.0387152433395386, 50.507503509521484, 332.1529541015625, 158.05404663085938], [0.25798940658569336, 47.93477249145508, 32.96532440185547, 102.52491760253906], [200.41368103027344, 82.9751968383789, 335.02081298828125, 271.20697021484375], [312.4373474121094, 85.64053344726562, 388.4915771484375, 139.07176208496094], [482.0345764160156, 233.15879821777344, 499.91595458984375, 278.4024353027344], [208.9316864013672, 83.14263153076172, 391.9590148925781, 270.4920654296875], [217.0205535888672, 84.69783782958984, 335.3434753417969, 155.83953857421875]), Score: [0.9651390910148621, 0.6889291405677795, 0.5772978067398071, 0.40436607599258423, 0.39644506573677063, 0.30540895462036133, 0.25105491280555725, 0.2093883603811264, 0.18777643144130707, 0.18618029356002808, 0.18273217976093292, 0.17660675942897797, 0.16581463813781738, 0.163383349776268, 0.1600702404975891, 0.15286168456077576, 0.150913804769516, 0.14439955353736877, 0.143070250749588, 0.13859574496746063, 0.13116708397865295, 0.121075838804245, 0.11777006089687347, 0.1168329268693924, 0.11167621612548828, 0.10830862820148468, 0.10378599166870117, 0.10135673731565475, 0.10008388012647629, 0.09898655861616135, 0.09805897623300552, 0.09741353988647461, 0.09733988344669342, 0.09705165773630142, 0.09607601910829544, 0.09394805878400803, 0.08813861757516861, 0.08416047692298889, 0.08032526820898056, 0.07743271440267563, 0.0768609493970871, 0.07678339630365372, 0.0755213126540184, 0.07436782121658325, 0.07415736466646194, 0.07341603934764862, 0.07335162162780762, 0.07310640811920166, 0.07213329523801804, 0.0718165934085846, 0.06877681612968445, 0.06873104721307755, 0.0683436244726181, 0.06737549602985382, 0.06688226759433746, 0.06572967022657394, 0.06544845551252365, 0.06377769261598587, 0.06369878351688385, 0.06354911625385284, 0.06339926272630692, 0.06313182413578033, 0.06304819881916046, 0.062004297971725464, 0.061895404011011124, 0.06181264668703079, 0.06105044111609459, 0.059768352657556534, 0.05960087850689888, 0.05770809203386307, 0.05698779970407486, 0.056201010942459106, 0.05575453117489815, 0.05562043935060501, 0.05541463941335678, 0.05508321523666382, 0.05507795512676239, 0.054786887019872665, 0.05442998930811882, 0.0542612299323082, 0.05420782417058945, 0.05346980318427086, 0.05330478027462959, 0.05324718728661537, 0.052992064505815506, 0.052782900631427765, 0.05197392776608467, 0.05178229883313179, 0.05167084559798241, 0.04996415972709656, 0.04976995289325714, 0.04954501613974571, 0.04931587725877762, 0.04913472756743431, 0.04882143810391426, 0.04841671139001846, 0.04822581261396408, 0.04817209392786026, 0.048044439405202866, 0.04799618571996689, 0.04769548401236534, 0.047454770654439926, 0.04724494740366936, 0.04681010916829109, 0.04643164202570915, 0.04604359716176987, 0.045407734811306, 0.04525642842054367, 0.04505964741110802, 0.044909149408340454, 0.04489936679601669, 0.04477177932858467, 0.04425821080803871, 0.04422174021601677, 0.044181760400533676, 0.04410547390580177, 0.04404839873313904, 0.04392750933766365, 0.04387248307466507, 0.04376238211989403, 0.04362409561872482, 0.04347999021410942, 0.04338214173913002, 0.04312822222709656, 0.0430414043366909, 0.04301759973168373, 0.04274037852883339, 0.04264630377292633, 0.04255934804677963, 0.04243823140859604, 0.042289264500141144, 0.04215991869568825, 0.04194416478276253, 0.04169211536645889, 0.041449662297964096, 0.04140634834766388, 0.04038842022418976, 0.03998372703790665, 0.039507970213890076, 0.03947320953011513, 0.039357878267765045, 0.039327654987573624, 0.0392686165869236, 0.03917965665459633, 0.039133165031671524, 0.03902514651417732, 0.03893560171127319, 0.03871707618236542, 0.03857383877038956, 0.03850702568888664, 0.03847409412264824, 0.03836512193083763, 0.038319628685712814, 0.0381585992872715, 0.03801899403333664, 0.03789489343762398, 0.03786710649728775, 0.03781554475426674, 0.03778493031859398, 0.037765972316265106, 0.037284329533576965, 0.03714689612388611, 0.03698195144534111, 0.0367862731218338, 0.03674351051449776, 0.03667092323303223, 0.036537669599056244, 0.03650877624750137, 0.03643300384283066, 0.03641644865274429, 0.036411967128515244, 0.036395300179719925, 0.0363798588514328, 0.036343928426504135, 0.036148373037576675, 0.03585733845829964, 0.035639360547065735, 0.03562743216753006, 0.03550998866558075, 0.03540397062897682, 0.03538524731993675, 0.035331740975379944, 0.035170502960681915, 0.035032544285058975, 0.035025693476200104, 0.03491480275988579, 0.03490402549505234, 0.03483559191226959, 0.034826911985874176, 0.034826476126909256, 0.03454361855983734, 0.034424278885126114, 0.03439592570066452, 0.03407517075538635, 0.03404014930129051, 0.03399723023176193, 0.03389691561460495, 0.03363795578479767, 0.03359511122107506, 0.03356190398335457, 0.03321247547864914, 0.03319302573800087, 0.032911963760852814, 0.03281865268945694, 0.03277524188160896, 0.03265270218253136, 0.03260813653469086, 0.03259842097759247, 0.03232265263795853, 0.03229963406920433, 0.03226253017783165, 0.03211840242147446, 0.03209447115659714, 0.03206944465637207, 0.03175041824579239, 0.031731016933918, 0.03142620250582695, 0.03137631341814995, 0.03131617233157158, 0.031245872378349304, 0.031223468482494354, 0.03119847923517227, 0.03106844052672386, 0.030962323769927025, 0.030907772481441498, 0.03085314668715, 0.030807843431830406, 0.030645843595266342, 0.030432680621743202, 0.03036610223352909, 0.030262919142842293, 0.03025897778570652, 0.03024166449904442, 0.030234433710575104, 0.030193742364645004, 0.03017374500632286, 0.03010612167418003, 0.03009038418531418, 0.03006243333220482, 0.03000500798225403, 0.02997516095638275, 0.02991895005106926, 0.029912715777754784, 0.029858984053134918, 0.02983975037932396, 0.029829522594809532, 0.029821522533893585, 0.029762491583824158, 0.02960142493247986, 0.029534216970205307, 0.029523489996790886, 0.02951948158442974, 0.02940957061946392, 0.02939816564321518, 0.02925805002450943, 0.02916627749800682, 0.02909630723297596, 0.02906082570552826, 0.02871091477572918, 0.02869817242026329, 0.028696415945887566, 0.028680194169282913, 0.028660034760832787, 0.02828444167971611, 0.028233295306563377, 0.028085127472877502, 0.028080226853489876, 0.0279866810888052, 0.027960503473877907, 0.027911491692066193, 0.027901001274585724, 0.027763832360506058, 0.027751479297876358, 0.027745161205530167, 0.027696004137396812, 0.02765730954706669, 0.027544571086764336, 0.027529537677764893, 0.02731211483478546, 0.027280298992991447, 0.027216212823987007, 0.02711101621389389, 0.027077078819274902, 0.0270746648311615, 0.026901880279183388, 0.02690107934176922, 0.026713520288467407, 0.026709331199526787, 0.02659834735095501, 0.026490110903978348, 0.026488708332180977, 0.026467585936188698, 0.026441626250743866, 0.02636849135160446, 0.026308277621865273, 0.02623736299574375, 0.02617681585252285, 0.02610595151782036, 0.02604532428085804, 0.02599986456334591]

Execution time: 0.4221 sec
