Label: tensor([18, 14, 19, 18, 18, 18, 18, 18, 18, 16,  0, 18,  0,  0, 14,  0, 18, 17,
         0,  0, 18, 18,  0, 71, 18,  0, 18, 18,  0, 18,  0, 18, 18,  0, 21, 18,
        18,  0, 18, 61, 18, 18, 18, 18, 18, 18,  2, 17,  2,  0, 14,  0, 59, 18,
        14, 18, 18, 54, 18, 18, 18, 18,  0, 18, 55, 18, 18,  0, 33,  0, 56, 18,
        10, 18, 15, 18, 18,  0, 18, 19, 18, 18, 18, 15, 18, 18, 18, 18, 18, 18,
        18,  0, 12, 18, 18, 18, 18, 18, 11,  0, 76,  0,  0, 18, 18, 18, 18,  1,
         0, 18, 18,  0, 18, 14, 18, 11, 29, 18, 28, 18, 39, 18,  0, 18, 18, 18,
        18, 49, 18, 18, 75, 20, 69, 18,  9, 18, 18, 18,  0, 77, 18, 14, 18, 12,
        79, 18, 18, 18, 22, 18, 18, 18, 18, 18, 18,  0,  7,  0, 18, 18, 18, 18,
        18, 18, 18, 18, 18, 18, 18, 18, 18, 10,  2, 18, 18, 21, 18, 18, 18,  0,
        56,  7,  6, 18, 18, 18, 18, 18,  0, 14, 16,  0, 18, 74, 18, 13, 18, 18,
        14, 18,  0, 18, 18, 18, 18, 14, 18, 18, 53, 46,  4, 73,  0, 18, 12, 18,
        18, 18, 18, 18, 71, 41, 76, 19,  0,  0, 18,  2, 18,  0, 23,  2,  2,  0,
        18, 18, 18, 17, 18,  0, 16, 18, 18, 18, 20, 18, 47, 18,  2, 18, 16, 61,
        18, 11, 45, 18, 14, 18, 44, 17,  0, 18, 18, 22, 18, 13,  0, 12,  2, 18,
         7,  0, 41, 43, 14,  0,  0, 18, 18, 12, 18,  0, 18, 18, 12, 18,  0, 18,
        61, 14, 14, 16, 14, 18, 72, 18, 61,  0, 61, 18]), Box: ([140.9036865234375, 220.78604125976562, 260.0646667480469, 293.7109069824219], [20.13643455505371, 6.58319091796875, 28.377723693847656, 23.5575008392334], [140.6239776611328, 220.7206268310547, 260.03558349609375, 293.6316223144531], [141.297607421875, 230.9008026123047, 201.08714294433594, 285.4240417480469], [10.787420272827148, 93.15642547607422, 33.495479583740234, 120.27070617675781], [140.6239776611328, 220.7206268310547, 260.03558349609375, 293.6316223144531], [252.3043975830078, 228.44187927246094, 259.9759521484375, 235.64352416992188], [145.6499786376953, 220.78970336914062, 259.137939453125, 257.02581787109375], [140.22482299804688, 219.1797332763672, 499.95111083984375, 322.4366149902344], [140.6239776611328, 220.7206268310547, 260.03558349609375, 293.6316223144531], [395.19757080078125, -0.19805341958999634, 499.4112243652344, 159.92791748046875], [139.75347900390625, 217.4418182373047, 499.9507141113281, 360.0285949707031], [393.8885803222656, 0.07290959358215332, 499.9136962890625, 188.10813903808594], [375.237060546875, 0.06480485200881958, 499.8294677734375, 175.8067169189453], [317.8481750488281, 311.42657470703125, 323.01458740234375, 316.99468994140625], [381.9493103027344, 0.5186152458190918, 500.97357177734375, 312.0689392089844], [7.419686794281006, 93.22817993164062, 36.05466842651367, 158.75546264648438], [140.6239776611328, 220.7206268310547, 260.03558349609375, 293.6316223144531], [378.6130676269531, 0.6568920612335205, 500.6640625, 359.8387451171875], [398.29339599609375, -0.5210080742835999, 499.63763427734375, 162.93276977539062], [140.35023498535156, 217.3224639892578, 499.5487365722656, 308.1239318847656], [140.39353942871094, 220.0779571533203, 499.0730285644531, 307.7953186035156], [326.47918701171875, 0.20969778299331665, 500.9653625488281, 336.0163269042969], [140.9036865234375, 220.78604125976562, 260.0646667480469, 293.7109069824219], [-0.444609671831131, 214.7287139892578, 72.8020248413086, 258.2298889160156], [250.53536987304688, 0.5009612441062927, 500.1918640136719, 328.9465637207031], [207.3376922607422, 251.60902404785156, 252.639892578125, 293.3106689453125], [139.7752685546875, 258.1551818847656, 146.1973114013672, 281.5198669433594], [253.67015075683594, 0.2934357523918152, 500.3061218261719, 317.4311828613281], [4.638835906982422, 168.9423370361328, 137.41111755371094, 224.54835510253906], [375.6704406738281, -1.9682502746582031, 500.966796875, 367.7139892578125], [153.61514282226562, 220.5417938232422, 258.3792724609375, 241.34979248046875], [140.37294006347656, 219.1534881591797, 489.8203125, 302.8436584472656], [233.37457275390625, 0.4741990566253662, 500.1564025878906, 325.0962829589844], [140.6239776611328, 220.7206268310547, 260.03558349609375, 293.6316223144531], [7.499385833740234, 124.94036102294922, 35.32734680175781, 158.82431030273438], [249.9342041015625, 227.66384887695312, 260.44970703125, 253.4065704345703], [288.4861755371094, 0.32676994800567627, 499.5049743652344, 179.74124145507812], [145.81529235839844, 220.49241638183594, 258.9962158203125, 259.91796875], [140.9036865234375, 220.78604125976562, 260.0646667480469, 293.7109069824219], [221.06295776367188, 222.2375030517578, 259.943603515625, 294.14599609375], [134.5926971435547, 1.0109645128250122, 499.9368896484375, 319.0521545410156], [-0.31617283821105957, 215.490966796875, 146.2994384765625, 280.8217468261719], [434.737548828125, 220.74444580078125, 500.1905517578125, 310.04168701171875], [249.5415496826172, 264.57818603515625, 326.60003662109375, 316.94580078125], [197.8293914794922, 220.81224060058594, 260.1154479980469, 292.61944580078125], [140.9036865234375, 220.78604125976562, 260.0646667480469, 293.7109069824219], [140.9036865234375, 220.78604125976562, 260.0646667480469, 293.7109069824219], [10.787420272827148, 93.15642547607422, 33.495479583740234, 120.27070617675781], [134.5926971435547, 1.0109645128250122, 499.9368896484375, 319.0521545410156], [19.839006423950195, 0.05731899291276932, 40.585548400878906, 23.6643123626709], [20.13643455505371, 6.58319091796875, 28.377723693847656, 23.5575008392334], [140.9036865234375, 220.78604125976562, 260.0646667480469, 293.7109069824219], [401.5777282714844, 0.05715083330869675, 464.3436279296875, 29.834325790405273], [252.3043975830078, 228.44187927246094, 259.9759521484375, 235.64352416992188], [0.8905380964279175, -0.36598145961761475, 500.2128601074219, 354.3996276855469], [401.4580993652344, -0.00975877046585083, 444.9530029296875, 28.234769821166992], [140.9036865234375, 220.78604125976562, 260.0646667480469, 293.7109069824219], [3.1091718673706055, 0.2818024158477783, 496.746826171875, 305.8937072753906], [159.77340698242188, 230.7374267578125, 199.12338256835938, 241.84324645996094], [227.25048828125, 251.9531707763672, 252.53033447265625, 277.90484619140625], [141.2688446044922, 255.01223754882812, 191.58822631835938, 287.2191467285156], [7.419686794281006, 93.22817993164062, 36.05466842651367, 158.75546264648438], [156.96888732910156, -0.25783899426460266, 181.8015899658203, 8.591306686401367], [140.6239776611328, 220.7206268310547, 260.03558349609375, 293.6316223144531], [162.7840576171875, 230.56088256835938, 198.64283752441406, 237.92471313476562], [140.99981689453125, 258.5428771972656, 169.34182739257812, 284.4159851074219], [126.94124603271484, -1.5159285068511963, 499.65374755859375, 367.2834777832031], [140.9036865234375, 220.78604125976562, 260.0646667480469, 293.7109069824219], [325.6717224121094, 0.44600337743759155, 500.264892578125, 239.5842742919922], [140.9036865234375, 220.78604125976562, 260.0646667480469, 293.7109069824219], [126.94124603271484, -1.5159285068511963, 499.65374755859375, 367.2834777832031], [140.9036865234375, 220.78604125976562, 260.0646667480469, 293.7109069824219], [224.0342559814453, 246.17613220214844, 348.8465576171875, 317.8882141113281], [140.9036865234375, 220.78604125976562, 260.0646667480469, 293.7109069824219], [221.84228515625, 220.6382598876953, 260.381591796875, 253.8286590576172], [88.79008483886719, 181.6024627685547, 135.21343994140625, 215.48977661132812], [400.04132080078125, -0.0810694694519043, 481.93731689453125, 99.00868225097656], [133.825439453125, 0.5641892552375793, 500.1553955078125, 309.0169677734375], [140.9036865234375, 220.78604125976562, 260.0646667480469, 293.7109069824219], [-0.42760372161865234, 214.8747100830078, 146.94886779785156, 272.4390563964844], [140.99485778808594, 257.1558532714844, 177.6976776123047, 285.4476013183594], [-0.5932562351226807, 211.34373474121094, 24.048015594482422, 254.3635711669922], [140.6239776611328, 220.7206268310547, 260.03558349609375, 293.6316223144531], [206.4625244140625, 220.55807495117188, 261.6802978515625, 285.448974609375], [146.28994750976562, 225.53707885742188, 229.08595275878906, 255.27862548828125], [140.08912658691406, 221.4859619140625, 453.067138671875, 306.3974609375], [240.31484985351562, 227.52777099609375, 260.5918273925781, 254.38204956054688], [141.14735412597656, 231.31875610351562, 196.49676513671875, 274.3167724609375], [140.83070373535156, 238.2445831298828, 161.15771484375, 281.9349670410156], [7.983077526092529, 92.9831314086914, 36.295616149902344, 141.20802307128906], [336.0647277832031, 1.0991132259368896, 502.1195983886719, 333.7113952636719], [140.9036865234375, 220.78604125976562, 260.0646667480469, 293.7109069824219], [1.7654411792755127, 236.77613830566406, 48.695411682128906, 260.03375244140625], [32.29593276977539, 248.6702117919922, 41.296112060546875, 260.901123046875], [1.8790662288665771, 174.10153198242188, 496.0579833984375, 311.39990234375], [140.82208251953125, 258.27294921875, 155.845458984375, 282.276611328125], [1.7208009958267212, 1.9394481182098389, 498.7959899902344, 306.8677978515625], [10.787420272827148, 93.15642547607422, 33.495479583740234, 120.27070617675781], [264.60760498046875, 0.8759406208992004, 502.6637268066406, 345.4189147949219], [140.9036865234375, 220.78604125976562, 260.0646667480469, 293.7109069824219], [3.1091718673706055, 0.2818024158477783, 496.746826171875, 305.8937072753906], [133.825439453125, 0.5641892552375793, 500.1553955078125, 309.0169677734375], [253.67015075683594, 0.2934357523918152, 500.3061218261719, 317.4311828613281], [142.2404327392578, 220.62045288085938, 258.8764953613281, 273.7670593261719], [155.9317169189453, 220.555419921875, 257.4632568359375, 241.02418518066406], [182.26116943359375, 230.8465118408203, 197.35366821289062, 235.22955322265625], [10.787420272827148, 93.15642547607422, 33.495479583740234, 120.27070617675781], [206.59266662597656, 0.5296531319618225, 501.0235290527344, 359.70391845703125], [141.03785705566406, 220.89295959472656, 350.4601135253906, 315.0574951171875], [288.4861755371094, 0.32676994800567627, 499.5049743652344, 179.74124145507812], [-0.2128221094608307, 0.1791120320558548, 39.60093688964844, 50.592872619628906], [249.8940887451172, 263.3797607421875, 294.9074401855469, 309.6319274902344], [10.787420272827148, 93.15642547607422, 33.495479583740234, 120.27070617675781], [0.6445646286010742, 195.57083129882812, 500.6148681640625, 356.016357421875], [20.13643455505371, 6.58319091796875, 28.377723693847656, 23.5575008392334], [140.9036865234375, 220.78604125976562, 260.0646667480469, 293.7109069824219], [159.01499938964844, 279.1753845214844, 171.6083526611328, 286.19403076171875], [140.9036865234375, 220.78604125976562, 260.0646667480469, 293.7109069824219], [144.35362243652344, 239.01559448242188, 158.59625244140625, 257.269287109375], [20.13643455505371, 6.58319091796875, 28.377723693847656, 23.5575008392334], [405.814697265625, 298.6537780761719, 499.6523132324219, 362.4806213378906], [0.8905380964279175, -0.36598145961761475, 500.2128601074219, 354.3996276855469], [3.0933170318603516, 218.50242614746094, 262.7392272949219, 296.64178466796875], [395.19757080078125, -0.19805341958999634, 499.4112243652344, 159.92791748046875], [141.62559509277344, 230.20335388183594, 217.28445434570312, 276.2279052734375], [-0.2128221094608307, 0.1791120320558548, 39.60093688964844, 50.592872619628906], [140.9036865234375, 220.78604125976562, 260.0646667480469, 293.7109069824219], [8.400134086608887, 130.73907470703125, 34.68918228149414, 158.88706970214844], [250.53536987304688, 0.5009612441062927, 500.1918640136719, 328.9465637207031], [140.6239776611328, 220.7206268310547, 260.03558349609375, 293.6316223144531], [140.6239776611328, 220.7206268310547, 260.03558349609375, 293.6316223144531], [140.9036865234375, 220.78604125976562, 260.0646667480469, 293.7109069824219], [222.63746643066406, 252.86317443847656, 251.3095703125, 279.79913330078125], [20.13643455505371, 6.58319091796875, 28.377723693847656, 23.5575008392334], [141.2384490966797, 258.9903259277344, 166.0828857421875, 282.7122497558594], [140.76963806152344, 251.62290954589844, 156.5308074951172, 281.736328125], [246.07281494140625, 218.5813751220703, 499.85736083984375, 354.6096496582031], [272.08087158203125, 0.25927454233169556, 500.0928039550781, 192.84738159179688], [140.6239776611328, 220.7206268310547, 260.03558349609375, 293.6316223144531], [317.8481750488281, 311.42657470703125, 323.01458740234375, 316.99468994140625], [140.6239776611328, 220.7206268310547, 260.03558349609375, 293.6316223144531], [144.8526153564453, 230.42929077148438, 210.30523681640625, 271.76873779296875], [20.13643455505371, 6.58319091796875, 28.377723693847656, 23.5575008392334], [20.13643455505371, 6.58319091796875, 28.377723693847656, 23.5575008392334], [211.91407775878906, 220.79861450195312, 259.7057800292969, 293.7524108886719], [316.9482421875, 309.0912780761719, 335.55633544921875, 318.6954345703125], [375.237060546875, 0.06480485200881958, 499.8294677734375, 175.8067169189453], [140.9036865234375, 220.78604125976562, 260.0646667480469, 293.7109069824219], [130.3300323486328, 141.58876037597656, 151.98948669433594, 162.36524963378906], [1.6885101795196533, 218.55343627929688, 501.0478515625, 324.80889892578125], [251.31419372558594, 220.7739715576172, 499.5522766113281, 320.0476379394531], [229.9082489013672, 224.72811889648438, 260.44024658203125, 255.16061401367188], [233.37457275390625, 0.4741990566253662, 500.1564025878906, 325.0962829589844], [145.40013122558594, 220.84397888183594, 259.1103820800781, 266.1056213378906], [259.7344665527344, -0.4400378465652466, 501.9864501953125, 367.8257141113281], [140.6239776611328, 220.7206268310547, 260.03558349609375, 293.6316223144531], [213.70407104492188, 0.7678663730621338, 500.9014587402344, 241.0775146484375], [461.125732421875, 136.7424774169922, 500.1470947265625, 226.7064666748047], [20.13643455505371, 6.58319091796875, 28.377723693847656, 23.5575008392334], [30.441213607788086, 253.6117401123047, 40.24570083618164, 261.4233093261719], [2.3922176361083984, 0.5492919683456421, 447.3866271972656, 315.7548522949219], [170.9385223388672, 220.684326171875, 261.8243103027344, 264.72021484375], [39.750152587890625, 95.06421661376953, 62.51008987426758, 116.11226654052734], [378.6130676269531, 0.6568920612335205, 500.6640625, 359.8387451171875], [144.76873779296875, 231.20059204101562, 203.93905639648438, 274.5914306640625], [145.1648712158203, 275.1692199707031, 345.8731994628906, 320.80877685546875], [252.13536071777344, 233.2334747314453, 343.57342529296875, 263.70245361328125], [214.55511474609375, 221.41917419433594, 259.7497863769531, 294.2770690917969], [141.4134521484375, 217.3075714111328, 491.9683837890625, 288.7679138183594], [210.8144989013672, 220.71388244628906, 259.8902282714844, 243.62716674804688], [140.6239776611328, 220.7206268310547, 260.03558349609375, 293.6316223144531], [20.13643455505371, 6.58319091796875, 28.377723693847656, 23.5575008392334], [84.40428161621094, 181.58633422851562, 137.21942138671875, 223.6301727294922], [238.56468200683594, 72.28570556640625, 279.6160583496094, 105.45508575439453], [140.9036865234375, 220.78604125976562, 260.0646667480469, 293.7109069824219], [149.1768341064453, 232.1131591796875, 196.13975524902344, 255.73855590820312], [2.0140297412872314, 93.17927551269531, 77.00699615478516, 161.32162475585938], [250.15240478515625, 264.7283020019531, 290.2444152832031, 307.8912048339844], [140.9036865234375, 220.78604125976562, 260.0646667480469, 293.7109069824219], [10.787420272827148, 93.15642547607422, 33.495479583740234, 120.27070617675781], [140.9036865234375, 220.78604125976562, 260.0646667480469, 293.7109069824219], [140.9036865234375, 220.78604125976562, 260.0646667480469, 293.7109069824219], [137.43765258789062, 0.3903508186340332, 435.10174560546875, 318.0898132324219], [398.29339599609375, -0.5210080742835999, 499.63763427734375, 162.93276977539062], [139.4359588623047, 222.52001953125, 242.82675170898438, 284.8377685546875], [-0.25790509581565857, 242.0360107421875, 7.837075710296631, 255.34869384765625], [393.8885803222656, 0.07290959358215332, 499.9136962890625, 188.10813903808594], [136.5936737060547, 1.0801801681518555, 499.7399597167969, 321.0603332519531], [140.9036865234375, 220.78604125976562, 260.0646667480469, 293.7109069824219], [140.9036865234375, 220.78604125976562, 260.0646667480469, 293.7109069824219], [365.28460693359375, 1.372755765914917, 499.8872985839844, 318.9787902832031], [0.785142183303833, 215.71954345703125, 500.7791442871094, 361.6203308105469], [20.13643455505371, 6.58319091796875, 28.377723693847656, 23.5575008392334], [235.7569122314453, 220.59291076660156, 260.0754699707031, 235.51437377929688], [140.9036865234375, 220.78604125976562, 260.0646667480469, 293.7109069824219], [149.69349670410156, 229.49986267089844, 244.93963623046875, 260.0982971191406], [225.22991943359375, 221.06283569335938, 259.85418701171875, 254.10494995117188], [249.9342041015625, 227.66384887695312, 260.44970703125, 253.4065704345703], [104.52455139160156, 79.98900604248047, 127.67252349853516, 85.35147857666016], [1.7208009958267212, 1.9394481182098389, 498.7959899902344, 306.8677978515625], [130.0597381591797, 0.3964817523956299, 437.4499206542969, 305.85064697265625], [375.6704406738281, -1.9682502746582031, 500.966796875, 367.7139892578125], [130.47470092773438, 232.41880798339844, 198.12484741210938, 282.0461120605469], [381.9493103027344, 0.5186152458190918, 500.97357177734375, 312.0689392089844], [474.39959716796875, 0.14099079370498657, 493.2967224121094, 31.298675537109375], [236.6899871826172, 220.98265075683594, 255.64878845214844, 231.8421173095703], [24.321208953857422, 170.12350463867188, 137.88336181640625, 224.75167846679688], [140.9036865234375, 220.78604125976562, 260.0646667480469, 293.7109069824219], [140.9036865234375, 220.78604125976562, 260.0646667480469, 293.7109069824219], [20.13643455505371, 6.58319091796875, 28.377723693847656, 23.5575008392334], [140.9036865234375, 220.78604125976562, 260.0646667480469, 293.7109069824219], [400.643310546875, -0.26434415578842163, 481.6551513671875, 70.99656677246094], [4.839733123779297, 1.1790249347686768, 440.1608581542969, 295.7140197753906], [10.787420272827148, 93.15642547607422, 33.495479583740234, 120.27070617675781], [19.839006423950195, 0.05731899291276932, 40.585548400878906, 23.6643123626709], [325.6717224121094, 0.44600337743759155, 500.264892578125, 239.5842742919922], [347.0593566894531, 219.4767608642578, 500.5680847167969, 361.03125], [54.86366653442383, 203.2910614013672, 64.01713562011719, 216.658447265625], [304.4857177734375, 310.2089538574219, 323.7759704589844, 317.74151611328125], [238.56468200683594, 72.28570556640625, 279.6160583496094, 105.45508575439453], [238.56468200683594, 72.28570556640625, 279.6160583496094, 105.45508575439453], [20.13643455505371, 6.58319091796875, 28.377723693847656, 23.5575008392334], [10.787420272827148, 93.15642547607422, 33.495479583740234, 120.27070617675781], [137.43765258789062, 0.3903508186340332, 435.10174560546875, 318.0898132324219], [128.26512145996094, 0.8233314752578735, 500.8257141113281, 361.0735778808594], [326.47918701171875, 0.20969778299331665, 500.9653625488281, 336.0163269042969], [-0.2128221094608307, 0.1791120320558548, 39.60093688964844, 50.592872619628906], [324.39215087890625, 219.2602996826172, 500.5223083496094, 362.295654296875], [474.39959716796875, 0.14099079370498657, 493.2967224121094, 31.298675537109375], [140.9036865234375, 220.78604125976562, 260.0646667480469, 293.7109069824219], [252.3043975830078, 228.44187927246094, 259.9759521484375, 235.64352416992188], [4.638835906982422, 168.9423370361328, 137.41111755371094, 224.54835510253906], [2.3922176361083984, 0.5492919683456421, 447.3866271972656, 315.7548522949219], [400.643310546875, -0.26434415578842163, 481.6551513671875, 70.99656677246094], [197.71749877929688, 221.17039489746094, 260.1965637207031, 271.8830871582031], [142.7661895751953, 226.80599975585938, 224.7281494140625, 272.3357238769531], [4.638835906982422, 168.9423370361328, 137.41111755371094, 224.54835510253906], [255.64300537109375, 233.25247192382812, 343.0556640625, 263.80615234375], [277.7884521484375, -1.8423125743865967, 500.699951171875, 321.8214111328125], [7.419686794281006, 93.22817993164062, 36.05466842651367, 158.75546264648438], [64.46888732910156, 0.32037436962127686, 443.6912841796875, 323.6169738769531], [401.8033142089844, -0.3263040781021118, 497.8653869628906, 71.8621597290039], [460.97344970703125, 96.71649169921875, 500.1546630859375, 227.61080932617188], [140.9036865234375, 220.78604125976562, 260.0646667480469, 293.7109069824219], [341.524658203125, 216.83560180664062, 499.6036376953125, 296.632080078125], [140.9036865234375, 220.78604125976562, 260.0646667480469, 293.7109069824219], [67.18397521972656, 168.8172149658203, 133.5617218017578, 208.5758819580078], [0.8905380964279175, -0.36598145961761475, 500.2128601074219, 354.3996276855469], [400.04132080078125, -0.0810694694519043, 481.93731689453125, 99.00868225097656], [3.1091718673706055, 0.2818024158477783, 496.746826171875, 305.8937072753906], [434.737548828125, 220.74444580078125, 500.1905517578125, 310.04168701171875], [136.5936737060547, 1.0801801681518555, 499.7399597167969, 321.0603332519531], [-0.2128221094608307, 0.1791120320558548, 39.60093688964844, 50.592872619628906], [10.787420272827148, 93.15642547607422, 33.495479583740234, 120.27070617675781], [175.58033752441406, 231.71240234375, 211.36607360839844, 238.79080200195312], [240.31484985351562, 227.52777099609375, 260.5918273925781, 254.38204956054688], [0.3198273479938507, 74.01499938964844, 76.39095306396484, 174.62197875976562], [20.13643455505371, 6.58319091796875, 28.377723693847656, 23.5575008392334], [7.419686794281006, 93.22817993164062, 36.05466842651367, 158.75546264648438], [130.0597381591797, 0.3964817523956299, 437.4499206542969, 305.85064697265625], [259.82916259765625, 232.38592529296875, 342.692138671875, 281.472900390625], [70.41230773925781, 169.17398071289062, 130.39584350585938, 203.174560546875], [20.13643455505371, 6.58319091796875, 28.377723693847656, 23.5575008392334], [474.2521667480469, -0.016843527555465698, 495.5894470214844, 31.74063491821289], [140.6239776611328, 220.7206268310547, 260.03558349609375, 293.6316223144531], [-0.19149482250213623, 0.8846794366836548, 43.6702880859375, 175.0221710205078], [252.3043975830078, 228.44187927246094, 259.9759521484375, 235.64352416992188], [7.419686794281006, 93.22817993164062, 36.05466842651367, 158.75546264648438], [213.70407104492188, 0.7678663730621338, 500.9014587402344, 241.0775146484375], [0.8905380964279175, -0.36598145961761475, 500.2128601074219, 354.3996276855469], [85.43570709228516, -0.3568953275680542, 502.7500305175781, 367.1402893066406], [140.9036865234375, 220.78604125976562, 260.0646667480469, 293.7109069824219], [20.13643455505371, 6.58319091796875, 28.377723693847656, 23.5575008392334], [-0.2128221094608307, 0.1791120320558548, 39.60093688964844, 50.592872619628906], [304.30047607421875, 0.5944579839706421, 497.6482849121094, 153.0222930908203], [189.34762573242188, 0.43498754501342773, 439.0106201171875, 317.6475524902344], [0.9740069508552551, 360.6220397949219, 31.7480411529541, 370.0129699707031], [172.30227661132812, -0.08878344297409058, 195.867919921875, 17.648584365844727], [249.9342041015625, 227.66384887695312, 260.44970703125, 253.4065704345703], [5.315080165863037, -0.7765665650367737, 443.3326721191406, 316.44866943359375], [4.839733123779297, 1.1790249347686768, 440.1608581542969, 295.7140197753906], [117.87604522705078, 0.37839770317077637, 334.33563232421875, 296.5216064453125], [248.9917755126953, 261.5133056640625, 279.06884765625, 305.3016357421875], [-0.2128221094608307, 0.1791120320558548, 39.60093688964844, 50.592872619628906], [20.855255126953125, 168.4568634033203, 128.2726287841797, 204.84373474121094], [10.787420272827148, 93.15642547607422, 33.495479583740234, 120.27070617675781], [259.07684326171875, 234.40943908691406, 342.7588195800781, 281.250244140625], [461.125732421875, 136.7424774169922, 500.1470947265625, 226.7064666748047], [19.660547256469727, 0.9436290264129639, 41.63445281982422, 24.71690559387207], [7.499385833740234, 124.94036102294922, 35.32734680175781, 158.82431030273438], [10.787420272827148, 93.15642547607422, 33.495479583740234, 120.27070617675781], [7.419686794281006, 93.22817993164062, 36.05466842651367, 158.75546264648438], [206.59266662597656, 0.5296531319618225, 501.0235290527344, 359.70391845703125], [140.6239776611328, 220.7206268310547, 260.03558349609375, 293.6316223144531], [140.4625701904297, 221.68154907226562, 252.22647094726562, 284.4071044921875], [4.638835906982422, 168.9423370361328, 137.41111755371094, 224.54835510253906], [432.7530822753906, -0.6938210129737854, 500.5999755859375, 359.82159423828125], [378.6130676269531, 0.6568920612335205, 500.6640625, 359.8387451171875], [474.39959716796875, 0.14099079370498657, 493.2967224121094, 31.298675537109375]), Score: [0.9363957047462463, 0.05993625894188881, 0.057007499039173126, 0.04816349968314171, 0.04719887673854828, 0.039700184017419815, 0.037308190017938614, 0.033445555716753006, 0.03170180320739746, 0.030625509098172188, 0.02913408726453781, 0.02860996685922146, 0.028016244992613792, 0.027724632993340492, 0.027110889554023743, 0.026707274839282036, 0.026117738336324692, 0.025965387001633644, 0.025557689368724823, 0.025408001616597176, 0.025268996134400368, 0.024635517969727516, 0.02409609779715538, 0.023309726268053055, 0.0231016892939806, 0.022756002843379974, 0.02215895615518093, 0.02174326218664646, 0.02159140072762966, 0.021547287702560425, 0.02086755447089672, 0.020730149000883102, 0.020638536661863327, 0.0201845895498991, 0.02007930725812912, 0.019998209550976753, 0.01984386518597603, 0.019601110368967056, 0.01940908096730709, 0.01898295059800148, 0.01894894428551197, 0.018947327509522438, 0.01867673173546791, 0.01851441152393818, 0.018319498747587204, 0.018315190449357033, 0.01800685189664364, 0.01760394498705864, 0.017444608733057976, 0.017360592260956764, 0.017292864620685577, 0.01721782796084881, 0.017074519768357277, 0.017064165323972702, 0.01697450876235962, 0.016913605853915215, 0.016776613891124725, 0.016639474779367447, 0.016467008739709854, 0.016300911083817482, 0.016203951090574265, 0.016170743852853775, 0.016127565875649452, 0.016106177121400833, 0.016099633648991585, 0.015769248828291893, 0.01572820544242859, 0.015668723732233047, 0.015494429506361485, 0.015404418110847473, 0.015397094190120697, 0.015334099531173706, 0.015142563730478287, 0.015001954510807991, 0.014777150936424732, 0.014641815796494484, 0.014469364657998085, 0.01439862884581089, 0.014372086152434349, 0.014323883689939976, 0.01430421695113182, 0.014231540262699127, 0.014228550717234612, 0.014225219376385212, 0.014217480085790157, 0.014143673703074455, 0.014094622805714607, 0.013896091841161251, 0.013826402835547924, 0.013792178593575954, 0.013758311979472637, 0.013752768747508526, 0.013752277009189129, 0.013630173169076443, 0.013542808592319489, 0.013485481031239033, 0.013459433801472187, 0.013410055078566074, 0.01337765995413065, 0.01328642200678587, 0.013147978112101555, 0.013133298605680466, 0.013072045519948006, 0.013031352311372757, 0.012920551933348179, 0.012887535616755486, 0.012886976823210716, 0.012849955819547176, 0.012813521549105644, 0.012806984595954418, 0.012770532630383968, 0.012766318395733833, 0.012764840386807919, 0.012718839570879936, 0.012657932937145233, 0.012638592161238194, 0.012570600025355816, 0.012508964166045189, 0.012435579672455788, 0.012428296729922295, 0.012370536103844643, 0.012328794226050377, 0.012256176210939884, 0.01225576177239418, 0.012246356345713139, 0.012221140787005424, 0.012208661995828152, 0.012140964157879353, 0.012067602947354317, 0.01205476839095354, 0.011988918296992779, 0.01195545308291912, 0.011936059221625328, 0.011871005408465862, 0.011842970736324787, 0.011810616590082645, 0.011798323132097721, 0.011783210560679436, 0.011742204427719116, 0.011714547872543335, 0.01171144563704729, 0.01170347910374403, 0.011678994633257389, 0.011663900688290596, 0.011573243886232376, 0.011556885205209255, 0.01155087910592556, 0.011542889289557934, 0.011487993411719799, 0.01140287984162569, 0.011350738815963268, 0.011342554353177547, 0.011310821399092674, 0.011308128945529461, 0.011272232048213482, 0.011269691400229931, 0.011252452619373798, 0.01114345621317625, 0.01113924290984869, 0.01112875435501337, 0.010972283780574799, 0.010936223901808262, 0.010928650386631489, 0.01090127881616354, 0.010874714702367783, 0.010762380436062813, 0.010725746862590313, 0.010698586702346802, 0.010691477917134762, 0.010679884813725948, 0.010670090094208717, 0.01063732523471117, 0.010559248737990856, 0.01040137279778719, 0.010360072366893291, 0.010306627489626408, 0.010305343195796013, 0.010264934040606022, 0.010245424695312977, 0.010236125439405441, 0.010192858055233955, 0.010177373886108398, 0.01014524046331644, 0.010130086913704872, 0.010117538273334503, 0.010038834996521473, 0.00990215316414833, 0.00988662987947464, 0.00988252367824316, 0.009825991466641426, 0.009806936606764793, 0.00977023970335722, 0.009763026610016823, 0.00975767057389021, 0.00974678061902523, 0.009725550189614296, 0.009686422534286976, 0.009580537676811218, 0.00955524668097496, 0.009549999609589577, 0.009538297541439533, 0.009511792100965977, 0.009446591138839722, 0.009394622407853603, 0.009379984810948372, 0.009377132169902325, 0.00935602281242609, 0.009330063126981258, 0.009321643970906734, 0.009311715140938759, 0.009297833777964115, 0.009292173199355602, 0.009282021783292294, 0.00911813322454691, 0.00911075621843338, 0.00909646786749363, 0.009092174470424652, 0.009039971977472305, 0.008995328098535538, 0.008935690857470036, 0.008928254246711731, 0.008925342932343483, 0.008922032080590725, 0.008917192928493023, 0.008913354948163033, 0.008904176764190197, 0.008854985237121582, 0.008837011642754078, 0.008825112134218216, 0.008656580001115799, 0.008656359277665615, 0.008649192750453949, 0.008644002489745617, 0.008635670877993107, 0.008616505190730095, 0.008596333675086498, 0.008577590808272362, 0.008566495031118393, 0.008565094321966171, 0.008546116761863232, 0.00850522518157959, 0.008491146378219128, 0.008438203483819962, 0.008422971703112125, 0.008392690680921078, 0.008380208164453506, 0.008374313823878765, 0.008366460911929607, 0.00825534202158451, 0.00825019832700491, 0.00824207067489624, 0.008235704153776169, 0.00820406898856163, 0.0081937899813056, 0.008183829486370087, 0.00816955603659153, 0.008164503611624241, 0.008164017461240292, 0.008157946169376373, 0.008150746114552021, 0.008136237040162086, 0.008132274262607098, 0.008127253502607346, 0.008124281652271748, 0.008095192722976208, 0.00809179712086916, 0.008086666464805603, 0.008063852787017822, 0.008061320520937443, 0.008053279481828213, 0.00804862566292286, 0.008039109408855438, 0.008029157295823097, 0.008016061037778854, 0.007998025044798851, 0.007984315045177937, 0.007982997223734856, 0.007978598587214947, 0.007915117777884007, 0.007911317050457, 0.007870351895689964, 0.007868665270507336, 0.007854009047150612, 0.007848251610994339, 0.00783446989953518, 0.007805327884852886, 0.0078028542920947075, 0.007788310293108225, 0.007766494061797857, 0.007766464725136757, 0.007725198287516832, 0.00772219430655241, 0.00771863991394639, 0.007711152546107769, 0.007710032165050507, 0.00767498416826129, 0.0076444195583462715, 0.007626055274158716, 0.007608529645949602, 0.0076084439642727375]

Execution time: 0.4075 sec
