Label: tensor([ 0, 63, 62,  0, 39,  0, 56,  0, 56, 60, 65, 56, 56, 56, 67,  0, 62, 56,
        65, 56, 65, 73, 60, 65, 65, 60, 64,  0,  0, 56, 65, 47, 65, 65, 66, 60,
        56, 64,  0, 60, 39, 73, 56,  0, 62, 65, 60, 56, 27, 39, 63, 56, 56, 65,
        65, 65, 67, 56, 63, 56, 64, 56, 39, 41, 56, 65, 65, 67, 60, 56, 73, 56,
        62, 64, 65, 56, 60, 63, 56, 65, 39, 65, 63, 56, 60, 64, 39, 60, 56, 41,
        65,  0, 67, 65, 56, 62, 65, 56, 60, 65, 60, 60, 65, 65, 64, 65, 60, 56,
        65, 66, 67, 67, 73, 65, 67, 66, 65, 41, 39, 65, 65, 64, 60, 73, 56, 56,
        56, 65, 27, 56, 56, 62, 41, 66, 67, 39, 60, 73, 56, 27, 64, 63, 65, 73,
        56, 65, 63, 56, 60, 66, 64, 39, 56, 60, 41, 26, 45, 26, 64, 60, 60, 62,
        60, 27, 63, 56, 67, 56, 64, 56, 65, 63, 41, 56, 60, 76, 65, 66, 65, 56,
        73, 65, 39, 27,  0,  0, 67, 24, 24, 39, 56, 74, 56, 63, 56, 60, 56, 24,
        66, 67, 47, 60, 63, 39, 67, 63, 26, 63, 63, 24, 62, 56, 56, 73, 62, 56,
        62, 63, 66, 73, 65, 56, 39, 56, 66, 65, 66, 26, 63,  0, 56, 60, 60, 63,
        63, 67, 65, 45, 26, 73, 62, 66, 63, 65, 63, 65, 39,  0, 66, 24, 67, 56,
        60, 73, 56, 56, 56, 67, 39, 65, 73, 67, 66, 64, 73, 63, 63, 27, 64, 39,
        67, 41, 65, 62, 41, 67, 66, 63, 39, 56, 39, 62, 67, 57, 66, 39, 24, 62,
        63, 66, 56, 40, 64, 60, 62, 72, 28, 73, 63, 67]), Box: ([142.78378295898438, 36.16232681274414, 250.6135711669922, 267.20050048828125], [307.978515625, 247.83921813964844, 415.3830871582031, 318.8771667480469], [15.711337089538574, 37.30028533935547, 158.2296905517578, 156.07276916503906], [245.6796112060547, 150.9803924560547, 342.0244445800781, 279.52166748046875], [429.9625244140625, 257.38433837890625, 453.0403137207031, 320.9140930175781], [57.16722106933594, 57.908592224121094, 122.10162353515625, 133.1981964111328], [451.42681884765625, 238.01217651367188, 478.1326904296875, 309.67572021484375], [335.4907531738281, 143.00575256347656, 460.2018737792969, 273.1654052734375], [3.62713623046875, 169.97988891601562, 114.41461944580078, 332.458740234375], [74.22518920898438, 244.92652893066406, 477.228759765625, 332.3434143066406], [205.5326385498047, 197.40396118164062, 233.4840850830078, 211.2942657470703], [6.192412376403809, 169.45184326171875, 59.70090103149414, 294.3425598144531], [12.831356048583984, 169.6348114013672, 60.47004699707031, 254.0095672607422], [14.280067443847656, 169.2263641357422, 58.90703201293945, 206.33432006835938], [300.0820007324219, 204.70657348632812, 324.2392883300781, 230.944580078125], [333.41168212890625, 142.49107360839844, 459.5223083496094, 314.2280578613281], [104.5636215209961, 197.85496520996094, 156.02552795410156, 225.17105102539062], [14.385969161987305, 169.5832977294922, 45.12882995605469, 204.21327209472656], [203.13790893554688, 192.3212890625, 231.1689910888672, 211.70050048828125], [1.500831961631775, 169.6385955810547, 56.16157531738281, 296.4399719238281], [206.0446014404297, 196.24789428710938, 231.0385284423828, 224.8900909423828], [246.63580322265625, 280.7794189453125, 283.4642028808594, 305.20416259765625], [75.09571838378906, 249.75685119628906, 287.5273742675781, 332.4493103027344], [212.6310272216797, 190.9623565673828, 228.7277374267578, 203.47816467285156], [470.86328125, 306.5639953613281, 499.8999938964844, 332.9075622558594], [1.8662363290786743, 192.67611694335938, 157.24844360351562, 332.0337829589844], [263.3957824707031, 310.85540771484375, 276.3316650390625, 325.1708068847656], [308.74200439453125, 142.82138061523438, 459.3027038574219, 320.7227783203125], [163.44430541992188, 142.7369384765625, 460.4726257324219, 331.1567687988281], [329.321044921875, 191.98684692382812, 345.5167236328125, 225.96511840820312], [213.88465881347656, 197.47923278808594, 233.91119384765625, 208.49630737304688], [353.45550537109375, 273.1130676269531, 367.5328674316406, 287.26885986328125], [207.45779418945312, 197.63796997070312, 234.4130096435547, 224.98390197753906], [205.40139770507812, 194.58497619628906, 232.940673828125, 224.77716064453125], [51.10506820678711, 206.57899475097656, 90.90271759033203, 220.06597900390625], [75.71056365966797, 199.69149780273438, 476.4503479003906, 332.0821533203125], [3.384158134460449, 168.93618774414062, 68.49810791015625, 319.6227722167969], [24.516090393066406, 207.95413208007812, 37.011863708496094, 216.43397521972656], [298.3222961425781, 142.4371795654297, 459.5866394042969, 279.8102111816406], [10.551437377929688, 196.0797576904297, 156.04498291015625, 228.14352416992188], [84.68232727050781, 92.70088958740234, 97.03617095947266, 126.38809967041016], [401.9480285644531, 267.49859619140625, 432.93450927734375, 332.98907470703125], [1.1629518270492554, 170.02420043945312, 47.308349609375, 298.44677734375], [141.73623657226562, 36.9499397277832, 252.15870666503906, 332.19378662109375], [360.0578918457031, 39.61222839355469, 469.2633056640625, 238.80519104003906], [184.3905029296875, 197.67098999023438, 233.8551788330078, 213.4724578857422], [75.23059844970703, 248.24147033691406, 413.53741455078125, 332.77093505859375], [256.7295837402344, 187.0777587890625, 279.7473449707031, 212.74977111816406], [202.55010986328125, 99.6947021484375, 211.0946502685547, 114.86771392822266], [301.88128662109375, 223.30140686035156, 316.02838134765625, 253.77035522460938], [104.5636215209961, 197.85496520996094, 156.02552795410156, 225.17105102539062], [11.551356315612793, 170.80116271972656, 64.5416259765625, 253.0872802734375], [245.90090942382812, 192.47792053222656, 270.5164794921875, 271.0791015625], [471.59637451171875, 318.30633544921875, 499.7648010253906, 333.108642578125], [188.39041137695312, 200.16412353515625, 218.05531311035156, 212.1732940673828], [189.57867431640625, 195.12887573242188, 232.95054626464844, 212.71876525878906], [306.0772705078125, 223.33238220214844, 315.7555847167969, 230.70953369140625], [62.490203857421875, 196.5408477783203, 158.47731018066406, 332.2183837890625], [246.63580322265625, 280.7794189453125, 283.4642028808594, 305.20416259765625], [9.778825759887695, 169.0880584716797, 58.10968017578125, 262.8097839355469], [453.4623107910156, 307.07403564453125, 471.20697021484375, 329.863037109375], [152.79226684570312, 213.22354125976562, 160.15029907226562, 251.75454711914062], [281.5863342285156, 217.32728576660156, 306.1251220703125, 278.4075622558594], [432.7535400390625, 306.4989318847656, 471.6765441894531, 332.1674499511719], [0.38209372758865356, 248.6228485107422, 42.92266845703125, 295.6384582519531], [37.1899528503418, 191.09188842773438, 65.53864288330078, 200.34275817871094], [201.53074645996094, 202.24942016601562, 217.22789001464844, 212.07473754882812], [246.63580322265625, 280.7794189453125, 283.4642028808594, 305.20416259765625], [75.41999053955078, 248.43634033203125, 409.1089172363281, 332.7852478027344], [12.907855033874512, 169.6729736328125, 64.56758880615234, 289.0259704589844], [51.10506820678711, 206.57899475097656, 90.90271759033203, 220.06597900390625], [233.4687957763672, 193.24249267578125, 258.9234924316406, 267.1082458496094], [260.9880676269531, 42.628746032714844, 359.21484375, 201.2924041748047], [471.59637451171875, 318.30633544921875, 499.7648010253906, 333.108642578125], [160.9190673828125, 257.3513488769531, 202.22695922851562, 273.3072814941406], [75.77758026123047, 251.60711669921875, 135.78656005859375, 332.91510009765625], [2.2926628589630127, 191.27645874023438, 271.82415771484375, 332.24639892578125], [51.10506820678711, 206.57899475097656, 90.90271759033203, 220.06597900390625], [0.5109310150146484, 249.26463317871094, 116.66758728027344, 332.3743896484375], [56.75956726074219, 191.72918701171875, 65.93160247802734, 198.6812286376953], [304.6925354003906, 223.22592163085938, 316.25726318359375, 249.52899169921875], [126.96214294433594, 156.9871368408203, 150.0509490966797, 164.2857208251953], [1.9516050815582275, 39.12771224975586, 479.2139892578125, 331.4508056640625], [104.5636215209961, 197.85496520996094, 156.02552795410156, 225.17105102539062], [6.229653835296631, 190.25233459472656, 256.6363220214844, 259.671142578125], [37.05402755737305, 193.8787078857422, 60.3142204284668, 207.3612518310547], [401.9480285644531, 267.49859619140625, 432.93450927734375, 332.98907470703125], [2.9828622341156006, 171.0896453857422, 244.8094482421875, 332.4571838378906], [0.7444843649864197, 215.44085693359375, 44.55369567871094, 296.83135986328125], [453.4623107910156, 307.07403564453125, 471.20697021484375, 329.863037109375], [181.39114379882812, 199.6373748779297, 222.1699676513672, 225.4287872314453], [59.7600212097168, 58.786067962646484, 120.1788330078125, 133.42306518554688], [249.43380737304688, 303.5084228515625, 266.2151184082031, 314.23974609375], [202.89402770996094, 193.38714599609375, 232.96934509277344, 225.24917602539062], [429.007080078125, 238.8019561767578, 477.8235778808594, 322.62518310546875], [15.941336631774902, 37.7053337097168, 157.67262268066406, 155.70997619628906], [203.06582641601562, 202.23927307128906, 218.90841674804688, 225.20416259765625], [77.41649627685547, 248.3570556640625, 192.28292846679688, 332.84088134765625], [2.9494614601135254, 178.19198608398438, 475.45880126953125, 332.0785217285156], [182.6864776611328, 199.96621704101562, 221.32333374023438, 225.45265197753906], [163.085205078125, 251.63525390625, 476.7550964355469, 332.470703125], [74.9583969116211, 188.83033752441406, 467.1674499511719, 332.3857727050781], [84.68232727050781, 92.70088958740234, 97.03617095947266, 126.38809967041016], [159.76759338378906, 254.89578247070312, 201.63780212402344, 272.712890625], [470.86328125, 306.5639953613281, 499.8999938964844, 332.9075622558594], [37.05402755737305, 193.8787078857422, 60.3142204284668, 207.3612518310547], [10.80444049835205, 205.35794067382812, 91.05311584472656, 222.81495666503906], [244.76060485839844, 189.6304168701172, 275.6297302246094, 270.32965087890625], [196.1456756591797, 200.39369201660156, 218.7208709716797, 225.64694213867188], [330.5255126953125, 304.955810546875, 402.13580322265625, 318.9743347167969], [304.01556396484375, 206.4014892578125, 323.45391845703125, 223.37841796875], [84.68232727050781, 92.70088958740234, 97.03617095947266, 126.38809967041016], [300.0820007324219, 204.70657348632812, 324.2392883300781, 230.944580078125], [432.7535400390625, 306.4989318847656, 471.6765441894531, 332.1674499511719], [291.36224365234375, 202.6928253173828, 324.94207763671875, 264.15667724609375], [337.471435546875, 290.2803955078125, 392.32379150390625, 309.7395935058594], [51.10506820678711, 206.57899475097656, 90.90271759033203, 220.06597900390625], [84.68232727050781, 92.70088958740234, 97.03617095947266, 126.38809967041016], [433.6593933105469, 257.3638916015625, 454.1728210449219, 274.5867004394531], [483.4189758300781, 307.22723388671875, 500.018310546875, 332.7183837890625], [486.83502197265625, 306.92462158203125, 500.0712890625, 321.3534240722656], [432.7535400390625, 306.4989318847656, 471.6765441894531, 332.1674499511719], [76.92418670654297, 195.6114501953125, 256.6116943359375, 332.22039794921875], [246.6819305419922, 268.7840270996094, 287.4978332519531, 282.54864501953125], [256.78173828125, 192.2137908935547, 266.8738098144531, 213.99493408203125], [11.096592903137207, 161.75758361816406, 75.14305114746094, 241.8480224609375], [14.44518756866455, 168.97035217285156, 58.845333099365234, 204.28103637695312], [251.05711364746094, 277.19122314453125, 287.53521728515625, 282.6018371582031], [201.37059020996094, 90.7124252319336, 216.92306518554688, 115.10649871826172], [153.74020385742188, 223.22491455078125, 160.0987091064453, 251.79989624023438], [13.206575393676758, 226.95542907714844, 45.90160369873047, 253.63136291503906], [401.9480285644531, 267.49859619140625, 432.93450927734375, 332.98907470703125], [429.8467102050781, 257.80828857421875, 453.29779052734375, 320.2131042480469], [104.5636215209961, 197.85496520996094, 156.02552795410156, 225.17105102539062], [263.3957824707031, 310.85540771484375, 276.3316650390625, 325.1708068847656], [441.0362854003906, 257.4994201660156, 453.8638000488281, 273.3885192871094], [74.83695220947266, 142.9855499267578, 464.40179443359375, 332.1995544433594], [284.31585693359375, 203.212158203125, 325.0704040527344, 270.2646484375], [75.09571838378906, 249.75685119628906, 287.5273742675781, 332.4493103027344], [84.68232727050781, 92.70088958740234, 97.03617095947266, 126.38809967041016], [263.2325439453125, 303.2030334472656, 278.47479248046875, 325.2167663574219], [329.321044921875, 191.98684692382812, 345.5167236328125, 225.96511840820312], [208.022705078125, 215.61520385742188, 220.56044006347656, 225.0106964111328], [291.36224365234375, 202.6928253173828, 324.94207763671875, 264.15667724609375], [236.41387939453125, 232.06118774414062, 246.73316955566406, 267.8429260253906], [188.0851593017578, 263.4595031738281, 204.77352905273438, 276.19158935546875], [310.6488037109375, 240.5880889892578, 475.6728515625, 332.02294921875], [54.50897216796875, 219.70053100585938, 157.70364379882812, 253.9410400390625], [161.3410186767578, 249.6834259033203, 419.35443115234375, 332.6408386230469], [308.5454406738281, 247.9934844970703, 414.5559387207031, 318.5464172363281], [188.0851593017578, 263.4595031738281, 204.77352905273438, 276.19158935546875], [431.5041198730469, 257.134765625, 453.0216369628906, 290.9369812011719], [211.84967041015625, 192.9481201171875, 258.9559631347656, 265.3922119140625], [243.49057006835938, 237.9392547607422, 474.0262145996094, 332.8518371582031], [203.2129364013672, 258.92315673828125, 223.79855346679688, 276.5329895019531], [401.9480285644531, 267.49859619140625, 432.93450927734375, 332.98907470703125], [432.7535400390625, 306.4989318847656, 471.6765441894531, 332.1674499511719], [37.05402755737305, 193.8787078857422, 60.3142204284668, 207.3612518310547], [24.728015899658203, 200.91651916503906, 38.082115173339844, 216.1021728515625], [1.9516050815582275, 39.12771224975586, 479.2139892578125, 331.4508056640625], [-0.21371990442276, 215.594482421875, 151.34588623046875, 331.8856201171875], [308.5454406738281, 247.9934844970703, 414.5559387207031, 318.5464172363281], [147.98568725585938, 262.3279113769531, 447.75152587890625, 332.69342041015625], [285.0703125, 203.46531677246094, 308.4247131347656, 274.9178161621094], [401.9480285644531, 267.49859619140625, 432.93450927734375, 332.98907470703125], [9.629118919372559, 202.97564697265625, 47.07551574707031, 254.1719970703125], [453.4623107910156, 307.07403564453125, 471.20697021484375, 329.863037109375], [77.36268615722656, 249.1427459716797, 208.3397216796875, 333.130126953125], [56.75956726074219, 191.72918701171875, 65.93160247802734, 198.6812286376953], [154.20327758789062, 226.8421173095703, 229.49070739746094, 332.08184814453125], [24.516090393066406, 207.95413208007812, 37.011863708496094, 216.43397521972656], [161.3410186767578, 249.6834259033203, 419.35443115234375, 332.6408386230469], [401.9480285644531, 267.49859619140625, 432.93450927734375, 332.98907470703125], [-0.21371990442276, 215.594482421875, 151.34588623046875, 331.8856201171875], [156.93336486816406, 196.91590881347656, 463.0160827636719, 330.48626708984375], [263.2325439453125, 303.2030334472656, 278.47479248046875, 325.2167663574219], [300.0820007324219, 204.70657348632812, 324.2392883300781, 230.944580078125], [309.49688720703125, 285.9100646972656, 404.24639892578125, 319.25994873046875], [470.5526123046875, 318.7486572265625, 499.6524963378906, 333.1546936035156], [0.8587390184402466, 288.6304931640625, 114.22481536865234, 332.6919860839844], [159.76759338378906, 254.89578247070312, 201.63780212402344, 272.712890625], [401.9480285644531, 267.49859619140625, 432.93450927734375, 332.98907470703125], [449.79986572265625, 285.7581787109375, 456.8858947753906, 315.6768493652344], [281.5863342285156, 217.32728576660156, 306.1251220703125, 278.4075622558594], [74.83695220947266, 142.9855499267578, 464.40179443359375, 332.1995544433594], [77.9032974243164, 142.75022888183594, 452.0824279785156, 332.2099609375], [263.2325439453125, 303.2030334472656, 278.47479248046875, 325.2167663574219], [284.31585693359375, 203.212158203125, 325.0704040527344, 270.2646484375], [280.4700927734375, 202.62828063964844, 324.9026794433594, 274.8490295410156], [282.3150329589844, 242.2696533203125, 301.9075622558594, 277.6654357910156], [308.6563720703125, 238.70140075683594, 477.23504638671875, 322.0694885253906], [304.01556396484375, 206.4014892578125, 323.45391845703125, 223.37841796875], [260.5684814453125, 253.06671142578125, 281.34234619140625, 272.55755615234375], [284.31585693359375, 203.212158203125, 325.0704040527344, 270.2646484375], [335.5522155761719, 186.84292602539062, 441.42913818359375, 228.4006805419922], [77.3065414428711, 256.3955078125, 434.6116943359375, 332.68853759765625], [255.87135314941406, 191.8631134033203, 267.51959228515625, 216.9564666748047], [280.52435302734375, 202.60458374023438, 325.3519287109375, 276.0721130371094], [51.39970016479492, 197.02435302734375, 155.97608947753906, 228.13453674316406], [251.05711364746094, 277.19122314453125, 287.53521728515625, 282.6018371582031], [453.4623107910156, 307.07403564453125, 471.20697021484375, 329.863037109375], [76.2770767211914, 197.83306884765625, 327.4076232910156, 332.42852783203125], [360.0578918457031, 39.61222839355469, 469.2633056640625, 238.80519104003906], [280.557373046875, 245.01449584960938, 304.3467102050781, 278.3906555175781], [225.51710510253906, 109.54206085205078, 233.3687744140625, 119.83611297607422], [243.49057006835938, 237.9392547607422, 474.0262145996094, 332.8518371582031], [245.90090942382812, 192.47792053222656, 270.5164794921875, 271.0791015625], [246.6819305419922, 268.7840270996094, 287.4978332519531, 282.54864501953125], [14.280067443847656, 169.2263641357422, 58.90703201293945, 206.33432006835938], [132.8533172607422, 307.1884460449219, 196.30934143066406, 332.9330139160156], [106.85753631591797, 198.64517211914062, 155.34425354003906, 220.72811889648438], [51.10506820678711, 206.57899475097656, 90.90271759033203, 220.06597900390625], [76.83248901367188, 244.98760986328125, 160.38523864746094, 333.07366943359375], [10.80444049835205, 205.35794067382812, 91.05311584472656, 222.81495666503906], [259.8489685058594, 42.23170471191406, 360.13861083984375, 227.4398651123047], [0.5704835057258606, 207.37850952148438, 116.21552276611328, 333.0902404785156], [14.280067443847656, 169.2263641357422, 58.90703201293945, 206.33432006835938], [308.5454406738281, 247.9934844970703, 414.5559387207031, 318.5464172363281], [13.732634544372559, 205.48379516601562, 91.19668579101562, 221.0819854736328], [246.7870635986328, 280.3482971191406, 283.63043212890625, 315.3282165527344], [24.728015899658203, 200.91651916503906, 38.082115173339844, 216.1021728515625], [112.99532318115234, 300.32659912109375, 166.06265258789062, 333.0279846191406], [432.7535400390625, 306.4989318847656, 471.6765441894531, 332.1674499511719], [250.13363647460938, 194.4874267578125, 339.3511657714844, 271.76702880859375], [37.05402755737305, 193.8787078857422, 60.3142204284668, 207.3612518310547], [225.51710510253906, 109.54206085205078, 233.3687744140625, 119.83611297607422], [10.551437377929688, 196.0797576904297, 156.04498291015625, 228.14352416992188], [281.5863342285156, 217.32728576660156, 306.1251220703125, 278.4075622558594], [246.7870635986328, 280.3482971191406, 283.63043212890625, 315.3282165527344], [296.3809814453125, 139.4641876220703, 324.2164306640625, 164.5225830078125], [69.66004943847656, 161.0764617919922, 178.5902557373047, 331.7005310058594], [74.3271255493164, 250.41746520996094, 435.8987731933594, 332.75982666015625], [13.732634544372559, 205.48379516601562, 91.19668579101562, 221.0819854736328], [10.80444049835205, 205.35794067382812, 91.05311584472656, 222.81495666503906], [142.04208374023438, 39.10833740234375, 471.4118347167969, 331.1703796386719], [160.9190673828125, 257.3513488769531, 202.22695922851562, 273.3072814941406], [221.75424194335938, 196.83523559570312, 233.5084228515625, 202.384765625], [37.05402755737305, 193.8787078857422, 60.3142204284668, 207.3612518310547], [284.31585693359375, 203.212158203125, 325.0704040527344, 270.2646484375], [311.88800048828125, 307.5061340332031, 401.98095703125, 333.07501220703125], [1.9516050815582275, 39.12771224975586, 479.2139892578125, 331.4508056640625], [104.30541229248047, 218.6438751220703, 154.70814514160156, 228.32371520996094], [306.482421875, 201.02362060546875, 460.181640625, 316.15875244140625], [301.88128662109375, 223.30140686035156, 316.02838134765625, 253.77035522460938], [311.88800048828125, 307.5061340332031, 401.98095703125, 333.07501220703125], [203.2129364013672, 258.92315673828125, 223.79855346679688, 276.5329895019531], [429.8467102050781, 257.80828857421875, 453.29779052734375, 320.2131042480469], [103.2894515991211, 33.161563873291016, 251.7867431640625, 330.9385681152344], [311.88800048828125, 307.5061340332031, 401.98095703125, 333.07501220703125], [281.5863342285156, 217.32728576660156, 306.1251220703125, 278.4075622558594], [304.6925354003906, 223.22592163085938, 316.25726318359375, 249.52899169921875], [196.5301055908203, 196.25160217285156, 240.91050720214844, 264.80218505859375], [3.62713623046875, 169.97988891601562, 114.41461944580078, 332.458740234375], [251.05711364746094, 277.19122314453125, 287.53521728515625, 282.6018371582031], [243.49057006835938, 237.9392547607422, 474.0262145996094, 332.8518371582031], [76.92418670654297, 195.6114501953125, 256.6116943359375, 332.22039794921875], [401.9480285644531, 267.49859619140625, 432.93450927734375, 332.98907470703125], [432.7535400390625, 306.4989318847656, 471.6765441894531, 332.1674499511719], [292.3377380371094, 225.3395538330078, 303.88043212890625, 269.17193603515625], [162.26480102539062, 259.469970703125, 183.0453338623047, 270.68011474609375], [470.86328125, 306.5639953613281, 499.8999938964844, 332.9075622558594], [401.9480285644531, 267.49859619140625, 432.93450927734375, 332.98907470703125], [159.76759338378906, 254.89578247070312, 201.63780212402344, 272.712890625], [51.10506820678711, 206.57899475097656, 90.90271759033203, 220.06597900390625], [126.96214294433594, 156.9871368408203, 150.0509490966797, 164.2857208251953], [126.96214294433594, 156.9871368408203, 150.0509490966797, 164.2857208251953], [51.39970016479492, 197.02435302734375, 155.97608947753906, 228.13453674316406], [199.2928009033203, 91.46336364746094, 214.6145782470703, 115.16796875], [24.292226791381836, 209.95790100097656, 33.32521438598633, 216.40467834472656], [284.31585693359375, 203.212158203125, 325.0704040527344, 270.2646484375], [284.31585693359375, 203.212158203125, 325.0704040527344, 270.2646484375], [301.88128662109375, 223.30140686035156, 316.02838134765625, 253.77035522460938], [453.4623107910156, 307.07403564453125, 471.20697021484375, 329.863037109375], [361.2933654785156, 38.406795501708984, 468.6573181152344, 202.83709716796875], [429.8322448730469, 275.819580078125, 452.79840087890625, 320.4877624511719], [188.0851593017578, 263.4595031738281, 204.77352905273438, 276.19158935546875], [126.96214294433594, 156.9871368408203, 150.0509490966797, 164.2857208251953], [10.551437377929688, 196.0797576904297, 156.04498291015625, 228.14352416992188], [453.4623107910156, 307.07403564453125, 471.20697021484375, 329.863037109375], [76.02365112304688, 268.4666748046875, 134.56256103515625, 332.7869873046875], [424.7210388183594, 271.9576721191406, 456.66839599609375, 320.31219482421875], [248.6941375732422, 42.6819953918457, 360.157470703125, 277.2648620605469], [301.88128662109375, 223.30140686035156, 316.02838134765625, 253.77035522460938], [451.51483154296875, 237.79721069335938, 478.029296875, 309.5646667480469], [401.9480285644531, 267.49859619140625, 432.93450927734375, 332.98907470703125], [290.61505126953125, 220.65863037109375, 301.50006103515625, 265.953857421875], [291.36224365234375, 202.6928253173828, 324.94207763671875, 264.15667724609375], [159.59718322753906, 38.03956985473633, 245.34078979492188, 108.3113784790039], [385.57757568359375, 267.7826232910156, 454.2560729980469, 331.99652099609375], [10.80444049835205, 205.35794067382812, 91.05311584472656, 222.81495666503906], [310.6488037109375, 240.5880889892578, 475.6728515625, 332.02294921875], [84.68232727050781, 92.70088958740234, 97.03617095947266, 126.38809967041016], [353.45550537109375, 273.1130676269531, 367.5328674316406, 287.26885986328125], [246.3723602294922, 236.13494873046875, 476.19854736328125, 333.04833984375], [46.735435485839844, 161.9498291015625, 155.81314086914062, 199.48817443847656], [360.0578918457031, 39.61222839355469, 469.2633056640625, 238.80519104003906], [451.42681884765625, 238.01217651367188, 478.1326904296875, 309.67572021484375], [160.9190673828125, 257.3513488769531, 202.22695922851562, 273.3072814941406], [308.6563720703125, 238.70140075683594, 477.23504638671875, 322.0694885253906], [353.45550537109375, 273.1130676269531, 367.5328674316406, 287.26885986328125]), Score: [0.9356096982955933, 0.9339084029197693, 0.9318397641181946, 0.921917736530304, 0.8310328722000122, 0.817557156085968, 0.7494252324104309, 0.6861509680747986, 0.45319637656211853, 0.43538662791252136, 0.38858866691589355, 0.3456664979457855, 0.3447553515434265, 0.3398800492286682, 0.33096393942832947, 0.3085077702999115, 0.30812594294548035, 0.3043540418148041, 0.2954048812389374, 0.28891614079475403, 0.27625685930252075, 0.27431243658065796, 0.2731853425502777, 0.2708737552165985, 0.2662586569786072, 0.2585737407207489, 0.25735995173454285, 0.24251405894756317, 0.23731285333633423, 0.22823575139045715, 0.22691330313682556, 0.22577431797981262, 0.22162173688411713, 0.2146899253129959, 0.21235179901123047, 0.21028298139572144, 0.20937837660312653, 0.1991012841463089, 0.18945005536079407, 0.18548665940761566, 0.17719198763370514, 0.17695091664791107, 0.17541205883026123, 0.17026400566101074, 0.16712135076522827, 0.16643202304840088, 0.16604964435100555, 0.1635478436946869, 0.1620037704706192, 0.15935230255126953, 0.15735872089862823, 0.15488749742507935, 0.15139362215995789, 0.14887474477291107, 0.14752183854579926, 0.14670513570308685, 0.14638690650463104, 0.14487509429454803, 0.14120574295520782, 0.14073729515075684, 0.1403733640909195, 0.13654372096061707, 0.13646717369556427, 0.13587959110736847, 0.13565833866596222, 0.13401827216148376, 0.13291338086128235, 0.12932394444942474, 0.1291273683309555, 0.1285751312971115, 0.1278170943260193, 0.1274706870317459, 0.12704801559448242, 0.12698747217655182, 0.12689435482025146, 0.12686049938201904, 0.12680953741073608, 0.12604542076587677, 0.12587474286556244, 0.1246793195605278, 0.12466932833194733, 0.12291326373815536, 0.12090253829956055, 0.12035135924816132, 0.11972618103027344, 0.11921575665473938, 0.11853749305009842, 0.11793114989995956, 0.11753778904676437, 0.11596115678548813, 0.11574424803256989, 0.1149505227804184, 0.11478742212057114, 0.11404559016227722, 0.11340299248695374, 0.11324094980955124, 0.11246319115161896, 0.11241622269153595, 0.11217010021209717, 0.11133471876382828, 0.10950350761413574, 0.1086096316576004, 0.10857848823070526, 0.10806448012590408, 0.10746593028306961, 0.10675164312124252, 0.1063816100358963, 0.10589585453271866, 0.10531909018754959, 0.10334674268960953, 0.10326237976551056, 0.1026705726981163, 0.10157828778028488, 0.10132569074630737, 0.09913090616464615, 0.09892299026250839, 0.09867167472839355, 0.09835363179445267, 0.0973668023943901, 0.09681783616542816, 0.09630997478961945, 0.0950903668999672, 0.09474853426218033, 0.09467120468616486, 0.09421876072883606, 0.09209934622049332, 0.09105867892503738, 0.09101414680480957, 0.09096137434244156, 0.0907125174999237, 0.0888914093375206, 0.08816201984882355, 0.0878363698720932, 0.08674511313438416, 0.08642345666885376, 0.08544003218412399, 0.08543799817562103, 0.08447438478469849, 0.08443500846624374, 0.08405434340238571, 0.08363542705774307, 0.08312579244375229, 0.08206317573785782, 0.08183431625366211, 0.08153116703033447, 0.08111276477575302, 0.08069677650928497, 0.08031998574733734, 0.07958114147186279, 0.07873227447271347, 0.07859713584184647, 0.0780455470085144, 0.07673165947198868, 0.07647626101970673, 0.07635372877120972, 0.07630988955497742, 0.07577458769083023, 0.07511044293642044, 0.07448136806488037, 0.07438246160745621, 0.07433842867612839, 0.07288230955600739, 0.07275543361902237, 0.07225879281759262, 0.07175910472869873, 0.07152758538722992, 0.07134229689836502, 0.07119125127792358, 0.07096415758132935, 0.07041993737220764, 0.06966514140367508, 0.06965763121843338, 0.06954294443130493, 0.06908152252435684, 0.06864684075117111, 0.0686081051826477, 0.06841293722391129, 0.06810200959444046, 0.0679495707154274, 0.06784576922655106, 0.06748178601264954, 0.06724781543016434, 0.06717508286237717, 0.06717400252819061, 0.06698636710643768, 0.06698274612426758, 0.06686282902956009, 0.0668250247836113, 0.06672441959381104, 0.06665549427270889, 0.06641627103090286, 0.06619918346405029, 0.06593005359172821, 0.06592313200235367, 0.06586426496505737, 0.06573641300201416, 0.06567391753196716, 0.0656692311167717, 0.06565694510936737, 0.06552887707948685, 0.06548696011304855, 0.06545846909284592, 0.06499315053224564, 0.06466741859912872, 0.06464996933937073, 0.06454255431890488, 0.06446262449026108, 0.0640384778380394, 0.06403638422489166, 0.06392593681812286, 0.0633651539683342, 0.06314894556999207, 0.06292853504419327, 0.06292597204446793, 0.06281325966119766, 0.06271550804376602, 0.06262965500354767, 0.06240160018205643, 0.06206613779067993, 0.061378367245197296, 0.0613248385488987, 0.06124723702669144, 0.06115800514817238, 0.06110502406954765, 0.06106327474117279, 0.061005849391222, 0.0607883483171463, 0.06068924441933632, 0.06004427373409271, 0.059858523309230804, 0.05975637212395668, 0.059744156897068024, 0.059702396392822266, 0.059455178678035736, 0.0594150610268116, 0.05934479460120201, 0.05914609134197235, 0.05905982479453087, 0.05882754176855087, 0.058627817779779434, 0.05841459706425667, 0.05812675133347511, 0.057971835136413574, 0.057849686592817307, 0.05784785374999046, 0.05743248388171196, 0.057115957140922546, 0.05704435706138611, 0.056764259934425354, 0.05668211728334427, 0.05645197257399559, 0.056411225348711014, 0.05636142939329147, 0.05621517822146416, 0.055963218212127686, 0.055765412747859955, 0.055713389068841934, 0.05554287135601044, 0.055373162031173706, 0.05513283982872963, 0.0549711212515831, 0.054909851402044296, 0.054753437638282776, 0.05470042675733566, 0.05445537716150284, 0.0544167123734951, 0.05402759090065956, 0.053915835916996, 0.053764764219522476, 0.053763825446367264, 0.05373770371079445, 0.053688894957304, 0.05361287295818329, 0.053459592163562775, 0.05340741574764252, 0.05340692028403282, 0.05330713465809822, 0.05330402031540871, 0.052919887006282806, 0.05264696478843689, 0.05243264511227608, 0.05240263417363167, 0.052217997610569, 0.05221714451909065, 0.05170337110757828, 0.051388561725616455, 0.05134381353855133, 0.05105782672762871, 0.05086357519030571, 0.05082821100950241, 0.05081829056143761, 0.050809506326913834, 0.05075199902057648, 0.05072027072310448, 0.050470300018787384, 0.05021986737847328, 0.050136882811784744, 0.05009361729025841, 0.04995796084403992, 0.04990394040942192]

Execution time: 0.4022 sec
