Label: tensor([17,  0,  0,  0,  0,  0, 17,  2,  0,  0,  0, 17,  0, 17,  0, 17, 13, 17,
         0,  0,  0,  2,  2, 17, 13,  0, 56, 17, 17, 17, 17, 56,  0,  2,  0,  0,
         0, 17, 58, 17, 58,  7, 58,  0,  2,  0,  0,  0, 58, 17,  0, 58, 17,  0,
         0, 17, 17, 56, 13, 17, 13,  0,  0,  0,  0, 58, 17, 58,  0,  2,  0, 60,
        17,  0, 17, 58,  0,  0, 17, 17, 58,  2, 17, 58, 58,  1, 17, 58, 17,  1,
         0, 25,  2,  0, 58,  5, 17,  0,  0,  0,  0, 17, 58, 56,  0, 17, 25,  0,
         0,  0, 58,  0, 19, 17,  7, 17,  8,  9, 13, 17, 17, 17, 13,  0, 60,  0,
        19, 17, 58,  7,  0, 17,  0, 45,  3,  7, 43,  1, 17, 17, 58,  7, 58,  0,
        17,  7,  0,  5, 17, 56,  2, 60,  0,  7,  0,  0, 51, 56, 17, 17,  0,  0,
        17,  0, 58, 58, 17, 17, 17, 17,  2,  2,  5,  0,  2,  7,  0,  0, 19, 17,
        13, 56, 17, 58, 58, 17, 17,  2,  0,  7,  1,  1,  0,  2,  7,  2,  2, 13,
         2,  0,  0, 17, 58, 58,  0,  5,  2, 56, 17,  5,  0, 14,  2,  0,  0, 58,
         2,  0,  0,  2, 17, 26, 17,  0,  7,  5, 58, 19, 17, 17, 17, 17,  2, 19,
         7, 10,  2,  0,  9, 17, 13, 16,  0, 14, 17,  7,  0, 12,  9, 17,  0, 60,
        17,  0, 58,  2,  5,  0, 17,  0, 56, 17, 58, 17,  0, 17, 17, 33, 17,  0,
         2, 17,  2, 17, 13, 13, 19,  0,  0,  2, 17, 17,  2,  0, 17, 13,  9,  0,
         7, 17, 17,  0,  1,  5, 13,  0,  9,  0,  0, 17]), Box: ([27.831846237182617, 15.498766899108887, 263.90863037109375, 498.89508056640625], [178.07972717285156, 207.69065856933594, 264.1046447753906, 309.0078125], [30.84952163696289, 144.49032592773438, 262.59234619140625, 303.05401611328125], [141.05702209472656, 205.7853546142578, 263.8110656738281, 498.8445129394531], [173.86875915527344, 206.54769897460938, 263.97283935546875, 498.7103576660156], [176.2230224609375, 206.4964141845703, 264.0184020996094, 366.24407958984375], [141.05702209472656, 205.7853546142578, 263.8110656738281, 498.8445129394531], [223.08551025390625, 76.2574691772461, 263.9372863769531, 133.18441772460938], [157.6793670654297, 204.3150177001953, 263.6896057128906, 369.687744140625], [96.17793273925781, 195.91494750976562, 264.0220642089844, 498.6132507324219], [157.89073181152344, 207.60186767578125, 296.4698486328125, 499.06610107421875], [173.86875915527344, 206.54769897460938, 263.97283935546875, 498.7103576660156], [139.02304077148438, 193.99085998535156, 264.1489562988281, 348.8808898925781], [163.61724853515625, 136.93359375, 263.9076232910156, 498.2689514160156], [0.40660858154296875, 207.5242462158203, 264.05499267578125, 499.34716796875], [0.40660858154296875, 207.5242462158203, 264.05499267578125, 499.34716796875], [-0.042171478271484375, 112.31900024414062, 29.30537986755371, 133.50440979003906], [111.74134063720703, 140.3650665283203, 264.0491638183594, 497.592041015625], [176.79624938964844, 206.2766876220703, 263.7815856933594, 386.9305725097656], [144.64602661132812, 208.43727111816406, 263.452880859375, 377.5628662109375], [104.80203247070312, 146.8638458251953, 264.2899475097656, 497.68609619140625], [-0.01963314414024353, 111.9964599609375, 29.68026351928711, 150.29891967773438], [-0.042171478271484375, 112.31900024414062, 29.30537986755371, 133.50440979003906], [141.12278747558594, 132.53140258789062, 263.7088928222656, 348.08612060546875], [-0.01963314414024353, 111.9964599609375, 29.68026351928711, 150.29891967773438], [106.76510620117188, 150.1063995361328, 264.5952453613281, 495.71295166015625], [-0.07594406604766846, 111.71076202392578, 29.65399932861328, 236.33631896972656], [104.80203247070312, 146.8638458251953, 264.2899475097656, 497.68609619140625], [106.76510620117188, 150.1063995361328, 264.5952453613281, 495.71295166015625], [27.898313522338867, 16.671878814697266, 263.70159912109375, 302.491943359375], [96.17793273925781, 195.91494750976562, 264.0220642089844, 498.6132507324219], [-0.042171478271484375, 112.31900024414062, 29.30537986755371, 133.50440979003906], [177.0970916748047, 205.88328552246094, 263.8805847167969, 415.93939208984375], [226.61314392089844, 60.6134147644043, 264.0857238769531, 131.16368103027344], [-0.0027379989624023438, 1.2771522998809814, 263.99456787109375, 499.0497741699219], [139.9742431640625, 181.89010620117188, 262.12945556640625, 368.3451232910156], [-0.37461018562316895, 185.09442138671875, 263.6226501464844, 498.2398986816406], [28.84611701965332, 126.42655181884766, 263.4265441894531, 497.6707458496094], [0.8015885353088379, 47.19400405883789, 67.13030242919922, 131.69390869140625], [-0.26225781440734863, 132.3568115234375, 263.6961669921875, 497.4224548339844], [19.765228271484375, 72.89458465576172, 65.79093933105469, 131.58859252929688], [223.08551025390625, 76.2574691772461, 263.9372863769531, 133.18441772460938], [0.0033870935440063477, 0.3309026062488556, 70.15382385253906, 133.04879760742188], [163.61724853515625, 136.93359375, 263.9076232910156, 498.2689514160156], [228.75845336914062, 78.69584655761719, 258.33795166015625, 111.69857788085938], [27.898313522338867, 16.671878814697266, 263.70159912109375, 302.491943359375], [141.12278747558594, 132.53140258789062, 263.7088928222656, 348.08612060546875], [140.9846649169922, 187.3831024169922, 270.98565673828125, 365.6157531738281], [0.1686544418334961, 34.75079345703125, 95.36394500732422, 132.01254272460938], [217.19403076171875, 130.96426391601562, 263.125732421875, 156.2450714111328], [111.74134063720703, 140.3650665283203, 264.0491638183594, 497.592041015625], [-0.042171478271484375, 112.31900024414062, 29.30537986755371, 133.50440979003906], [140.73251342773438, 84.33025360107422, 264.3810119628906, 498.86639404296875], [175.4014434814453, 65.21411895751953, 263.90142822265625, 317.5303039550781], [145.57139587402344, 177.46888732910156, 273.79644775390625, 341.9261474609375], [29.66597557067871, 17.67998695373535, 263.0815734863281, 240.53848266601562], [44.0345458984375, 121.8791275024414, 262.05340576171875, 495.450927734375], [-0.01963314414024353, 111.9964599609375, 29.68026351928711, 150.29891967773438], [-0.07594406604766846, 111.71076202392578, 29.65399932861328, 236.33631896972656], [-0.37461018562316895, 185.09442138671875, 263.6226501464844, 498.2398986816406], [-0.10585355758666992, 129.2706298828125, 263.2196960449219, 235.1590118408203], [27.5394229888916, 18.184221267700195, 264.4136962890625, 379.0900573730469], [28.84611701965332, 126.42655181884766, 263.4265441894531, 497.6707458496094], [-0.1832708716392517, 0.8125710487365723, 30.04267120361328, 237.6569366455078], [158.48670959472656, 47.41447067260742, 264.2356872558594, 496.3656311035156], [-0.08490943908691406, 0.540023684501648, 64.744873046875, 135.3111114501953], [-0.013863086700439453, 115.27301788330078, 263.9399108886719, 486.617919921875], [27.161144256591797, 107.67080688476562, 46.62127685546875, 131.97027587890625], [-0.1371910572052002, 135.3411407470703, 18.220468521118164, 236.91725158691406], [189.095458984375, 53.72925567626953, 264.15228271484375, 135.8183135986328], [122.96454620361328, 194.11325073242188, 265.8578186035156, 500.2614440917969], [-0.07594406604766846, 111.71076202392578, 29.65399932861328, 236.33631896972656], [30.84952163696289, 144.49032592773438, 262.59234619140625, 303.05401611328125], [176.24655151367188, 135.9896697998047, 264.84564208984375, 322.0349426269531], [178.07972717285156, 207.69065856933594, 264.1046447753906, 309.0078125], [0.030794620513916016, 0.6683486104011536, 171.0595245361328, 133.62747192382812], [238.90078735351562, 79.1730728149414, 257.87200927734375, 111.14818572998047], [25.334484100341797, 7.824877738952637, 263.9476623535156, 501.5635986328125], [151.37318420410156, 80.56758117675781, 264.3409729003906, 497.1095275878906], [176.24655151367188, 135.9896697998047, 264.84564208984375, 322.0349426269531], [25.03279685974121, 76.4651870727539, 51.517112731933594, 131.85093688964844], [238.90078735351562, 79.1730728149414, 257.87200927734375, 111.14818572998047], [104.2432861328125, 138.5595703125, 264.9200439453125, 317.4498596191406], [-0.01963314414024353, 111.9964599609375, 29.68026351928711, 150.29891967773438], [0.09131777286529541, 0.8621224164962769, 70.228271484375, 236.83468627929688], [-0.1371910572052002, 135.3411407470703, 18.220468521118164, 236.91725158691406], [176.2230224609375, 206.4964141845703, 264.0184020996094, 366.24407958984375], [25.394609451293945, 90.62808990478516, 53.75019073486328, 131.5526580810547], [158.48670959472656, 47.41447067260742, 264.2356872558594, 496.3656311035156], [-0.07594406604766846, 111.71076202392578, 29.65399932861328, 236.33631896972656], [228.8533477783203, 86.78496551513672, 241.34548950195312, 110.43374633789062], [0.1822972297668457, 0.6704975366592407, 264.17962646484375, 136.7845001220703], [220.07476806640625, 107.1369857788086, 263.885009765625, 139.47793579101562], [-0.19614458084106445, 199.6023712158203, 263.8011474609375, 498.8514099121094], [171.1924285888672, 0.6865363121032715, 264.14056396484375, 135.74363708496094], [223.08551025390625, 76.2574691772461, 263.9372863769531, 133.18441772460938], [94.78340911865234, 40.6746826171875, 265.7156066894531, 496.9243469238281], [254.34793090820312, 59.807437896728516, 264.12353515625, 120.97565460205078], [152.62648010253906, 33.3731575012207, 264.9541015625, 319.6542663574219], [116.15927124023438, 188.0706787109375, 264.58636474609375, 497.7108459472656], [151.37318420410156, 80.56758117675781, 264.3409729003906, 497.1095275878906], [30.236305236816406, 17.537094116210938, 262.5950012207031, 235.45973205566406], [188.72784423828125, 0.6528601050376892, 263.8481750488281, 134.1219024658203], [-0.1371910572052002, 135.3411407470703, 18.220468521118164, 236.91725158691406], [140.73251342773438, 84.33025360107422, 264.3810119628906, 498.86639404296875], [122.96454620361328, 194.11325073242188, 265.8578186035156, 500.2614440917969], [0.15081024169921875, 0.6418329477310181, 264.1476135253906, 137.75582885742188], [239.633544921875, 60.43325424194336, 264.026611328125, 112.83352661132812], [104.2432861328125, 138.5595703125, 264.9200439453125, 317.4498596191406], [187.21530151367188, 59.43791198730469, 216.35560607910156, 112.65308380126953], [223.08551025390625, 76.2574691772461, 263.9372863769531, 133.18441772460938], [180.49937438964844, 210.13841247558594, 264.5986633300781, 415.8495788574219], [27.831846237182617, 15.498766899108887, 263.90863037109375, 498.89508056640625], [24.726011276245117, 130.5717315673828, 263.57476806640625, 498.3938293457031], [226.61314392089844, 60.6134147644043, 264.0857238769531, 131.16368103027344], [157.89073181152344, 207.60186767578125, 296.4698486328125, 499.06610107421875], [27.831846237182617, 15.498766899108887, 263.90863037109375, 498.89508056640625], [255.0003204345703, 59.26625442504883, 263.9888610839844, 75.90397644042969], [-0.7102904319763184, 125.359619140625, 48.63377380371094, 236.48927307128906], [28.135976791381836, 133.05613708496094, 264.4203186035156, 235.13075256347656], [29.052852630615234, 84.7480239868164, 263.7889099121094, 498.29742431640625], [157.6793670654297, 204.3150177001953, 263.6896057128906, 369.687744140625], [-0.10856205224990845, 155.6244354248047, 38.60602951049805, 236.36585998535156], [226.61314392089844, 60.6134147644043, 264.0857238769531, 131.16368103027344], [-0.042171478271484375, 112.31900024414062, 29.30537986755371, 133.50440979003906], [155.63626098632812, 79.93199157714844, 263.54693603515625, 340.6856384277344], [0.40660858154296875, 207.5242462158203, 264.05499267578125, 499.34716796875], [144.64602661132812, 208.43727111816406, 263.452880859375, 377.5628662109375], [0.1822972297668457, 0.6704975366592407, 264.17962646484375, 136.7845001220703], [-0.042171478271484375, 112.31900024414062, 29.30537986755371, 133.50440979003906], [0.45740318298339844, 193.5788116455078, 264.11895751953125, 487.1171875], [174.54183959960938, 322.3999938964844, 264.30816650390625, 499.0260009765625], [0.09131777286529541, 0.8621224164962769, 70.228271484375, 236.83468627929688], [-0.042171478271484375, 112.31900024414062, 29.30537986755371, 133.50440979003906], [27.831846237182617, 15.498766899108887, 263.90863037109375, 498.89508056640625], [189.095458984375, 53.72925567626953, 264.15228271484375, 135.8183135986328], [27.831846237182617, 15.498766899108887, 263.90863037109375, 498.89508056640625], [-0.7102904319763184, 125.359619140625, 48.63377380371094, 236.48927307128906], [27.5394229888916, 18.184221267700195, 264.4136962890625, 379.0900573730469], [177.0970916748047, 205.88328552246094, 263.8805847167969, 415.93939208984375], [0.010366827249526978, 0.5102735161781311, 30.32313346862793, 132.6742706298828], [227.60321044921875, 77.17766571044922, 263.2972106933594, 125.840576171875], [0.30617594718933105, 8.974411964416504, 149.96983337402344, 236.54856872558594], [-0.12430751323699951, 158.5087890625, 16.71991539001465, 236.73269653320312], [180.69357299804688, 321.7757568359375, 264.4164733886719, 498.1500244140625], [0.1822972297668457, 0.6704975366592407, 264.17962646484375, 136.7845001220703], [26.495325088500977, 16.733356475830078, 264.2103576660156, 380.2822265625], [188.72784423828125, 0.6528601050376892, 263.8481750488281, 134.1219024658203], [0.39153385162353516, 109.5198974609375, 264.3695373535156, 406.9026184082031], [-0.12430751323699951, 158.5087890625, 16.71991539001465, 236.73269653320312], [188.72784423828125, 0.6528601050376892, 263.8481750488281, 134.1219024658203], [-0.7102904319763184, 125.359619140625, 48.63377380371094, 236.48927307128906], [174.20492553710938, 206.8900909423828, 263.88616943359375, 257.4173583984375], [0.15081024169921875, 0.6418329477310181, 264.1476135253906, 137.75582885742188], [187.40188598632812, 59.51800537109375, 209.3780059814453, 106.93923950195312], [223.08551025390625, 76.2574691772461, 263.9372863769531, 133.18441772460938], [27.831846237182617, 15.498766899108887, 263.90863037109375, 498.89508056640625], [-0.7102904319763184, 125.359619140625, 48.63377380371094, 236.48927307128906], [-0.0027379989624023438, 1.2771522998809814, 263.99456787109375, 499.0497741699219], [26.535301208496094, 16.54091453552246, 187.66506958007812, 234.2394561767578], [-0.07594406604766846, 111.71076202392578, 29.65399932861328, 236.33631896972656], [0.010366827249526978, 0.5102735161781311, 30.32313346862793, 132.6742706298828], [155.63626098632812, 79.93199157714844, 263.54693603515625, 340.6856384277344], [157.2294464111328, 13.234869956970215, 264.60797119140625, 497.7383117675781], [0.15081024169921875, 0.6418329477310181, 264.1476135253906, 137.75582885742188], [161.08277893066406, 0.2088831067085266, 264.024658203125, 142.74562072753906], [116.15927124023438, 188.0706787109375, 264.58636474609375, 497.7108459472656], [25.334484100341797, 7.824877738952637, 263.9476623535156, 501.5635986328125], [-0.10585355758666992, 129.2706298828125, 263.2196960449219, 235.1590118408203], [176.79624938964844, 206.2766876220703, 263.7815856933594, 386.9305725097656], [-0.10585355758666992, 129.2706298828125, 263.2196960449219, 235.1590118408203], [171.1924285888672, 0.6865363121032715, 264.14056396484375, 135.74363708496094], [171.1924285888672, 0.6865363121032715, 264.14056396484375, 135.74363708496094], [150.02015686035156, 23.325042724609375, 264.6142578125, 498.413330078125], [213.36392211914062, 106.84854888916016, 263.9012145996094, 142.48712158203125], [188.72784423828125, 0.6528601050376892, 263.8481750488281, 134.1219024658203], [93.56572723388672, 26.635704040527344, 264.8371276855469, 311.2315368652344], [-0.26225781440734863, 132.3568115234375, 263.6961669921875, 497.4224548339844], [141.05702209472656, 205.7853546142578, 263.8110656738281, 498.8445129394531], [-0.07594406604766846, 111.71076202392578, 29.65399932861328, 236.33631896972656], [223.08551025390625, 76.2574691772461, 263.9372863769531, 133.18441772460938], [-0.10856205224990845, 155.6244354248047, 38.60602951049805, 236.36585998535156], [109.89308166503906, 110.24286651611328, 265.46795654296875, 338.77984619140625], [213.514404296875, 2.3426480293273926, 264.4140319824219, 139.61326599121094], [189.095458984375, 53.72925567626953, 264.15228271484375, 135.8183135986328], [93.56572723388672, 26.635704040527344, 264.8371276855469, 311.2315368652344], [27.700878143310547, 15.912398338317871, 263.7069091796875, 499.6543884277344], [0.1822972297668457, 0.6704975366592407, 264.17962646484375, 136.7845001220703], [228.75845336914062, 78.69584655761719, 258.33795166015625, 111.69857788085938], [171.1924285888672, 0.6865363121032715, 264.14056396484375, 135.74363708496094], [-0.12430751323699951, 158.5087890625, 16.71991539001465, 236.73269653320312], [-0.10856205224990845, 155.6244354248047, 38.60602951049805, 236.36585998535156], [88.2975845336914, 44.69155502319336, 264.1575927734375, 298.1863708496094], [217.19403076171875, 130.96426391601562, 263.125732421875, 156.2450714111328], [0.38700199127197266, 0.8810015916824341, 264.3843078613281, 239.42230224609375], [221.953369140625, 107.2611312866211, 263.8959045410156, 135.81300354003906], [239.633544921875, 60.43325424194336, 264.026611328125, 112.83352661132812], [220.07476806640625, 107.1369857788086, 263.885009765625, 139.47793579101562], [220.7062225341797, 108.07664489746094, 263.8761291503906, 138.0422821044922], [177.17320251464844, 217.2723846435547, 287.71990966796875, 494.5946350097656], [199.0673828125, 62.92451095581055, 216.79522705078125, 114.30603790283203], [180.49937438964844, 210.13841247558594, 264.5986633300781, 415.8495788574219], [188.03973388671875, -0.18520046770572662, 264.29437255859375, 138.25709533691406], [-0.2502593994140625, 14.90025806427002, 146.09205627441406, 134.31178283691406], [28.670303344726562, 18.066068649291992, 263.85723876953125, 317.0614013671875], [226.61314392089844, 60.6134147644043, 264.0857238769531, 131.16368103027344], [0.1686544418334961, 34.75079345703125, 95.36394500732422, 132.01254272460938], [223.08551025390625, 76.2574691772461, 263.9372863769531, 133.18441772460938], [-0.1371910572052002, 135.3411407470703, 18.220468521118164, 236.91725158691406], [0.1822972297668457, 0.6704975366592407, 264.17962646484375, 136.7845001220703], [29.66597557067871, 17.67998695373535, 263.0815734863281, 240.53848266601562], [118.12960815429688, 196.83937072753906, 148.14773559570312, 214.91990661621094], [0.030794620513916016, 0.6683486104011536, 171.0595245361328, 133.62747192382812], [-0.013863086700439453, 115.27301788330078, 263.9399108886719, 486.617919921875], [87.59781646728516, 23.45824432373047, 263.2212829589844, 302.4562072753906], [226.61314392089844, 60.6134147644043, 264.0857238769531, 131.16368103027344], [220.39129638671875, 106.841796875, 263.8228759765625, 136.30252075195312], [109.89308166503906, 110.24286651611328, 265.46795654296875, 338.77984619140625], [246.01251220703125, 84.15774536132812, 257.5660400390625, 109.63397979736328], [0.15081024169921875, 0.6418329477310181, 264.1476135253906, 137.75582885742188], [111.15245056152344, 31.126705169677734, 265.2033996582031, 497.55499267578125], [27.831846237182617, 15.498766899108887, 263.90863037109375, 498.89508056640625], [139.9742431640625, 181.89010620117188, 262.12945556640625, 368.3451232910156], [128.58935546875, 28.112445831298828, 264.9258728027344, 497.53057861328125], [-0.01963314414024353, 111.9964599609375, 29.68026351928711, 150.29891967773438], [0.15081024169921875, 0.6418329477310181, 264.1476135253906, 137.75582885742188], [158.095703125, 23.802074432373047, 263.7847900390625, 136.6457977294922], [217.19403076171875, 130.96426391601562, 263.125732421875, 156.2450714111328], [159.0069122314453, 126.29338073730469, 263.43060302734375, 319.6290283203125], [-0.3532884120941162, 259.81170654296875, 263.6440734863281, 499.00469970703125], [128.58935546875, 28.112445831298828, 264.9258728027344, 497.53057861328125], [139.02304077148438, 193.99085998535156, 264.1489562988281, 348.8808898925781], [158.095703125, 23.802074432373047, 263.7847900390625, 136.6457977294922], [173.86875915527344, 206.54769897460938, 263.97283935546875, 498.7103576660156], [158.095703125, 23.802074432373047, 263.7847900390625, 136.6457977294922], [-0.1371910572052002, 135.3411407470703, 18.220468521118164, 236.91725158691406], [19.765228271484375, 72.89458465576172, 65.79093933105469, 131.58859252929688], [227.80422973632812, 85.72772979736328, 243.61265563964844, 124.24209594726562], [-0.15712809562683105, -0.01849067583680153, 89.03620910644531, 36.050418853759766], [0.45740318298339844, 193.5788116455078, 264.11895751953125, 487.1171875], [-0.1371910572052002, 135.3411407470703, 18.220468521118164, 236.91725158691406], [178.07972717285156, 207.69065856933594, 264.1046447753906, 309.0078125], [188.72784423828125, 0.6528601050376892, 263.8481750488281, 134.1219024658203], [27.831846237182617, 15.498766899108887, 263.90863037109375, 498.89508056640625], [28.488548278808594, 15.243663787841797, 263.3119201660156, 500.2519836425781], [-0.10585355758666992, 129.2706298828125, 263.2196960449219, 235.1590118408203], [28.488548278808594, 15.243663787841797, 263.3119201660156, 500.2519836425781], [-0.1371910572052002, 135.3411407470703, 18.220468521118164, 236.91725158691406], [27.831846237182617, 15.498766899108887, 263.90863037109375, 498.89508056640625], [27.970779418945312, 145.85906982421875, 155.80563354492188, 233.989013671875], [0.30617594718933105, 8.974411964416504, 149.96983337402344, 236.54856872558594], [-0.01963314414024353, 111.9964599609375, 29.68026351928711, 150.29891967773438], [29.69948387145996, 169.83636474609375, 263.65081787109375, 499.4996643066406], [94.78340911865234, 40.6746826171875, 265.7156066894531, 496.9243469238281], [-0.1832708716392517, 0.8125710487365723, 30.04267120361328, 237.6569366455078], [0.38700199127197266, 0.8810015916824341, 264.3843078613281, 239.42230224609375], [189.095458984375, 53.72925567626953, 264.15228271484375, 135.8183135986328], [117.6760025024414, 191.36021423339844, 158.62554931640625, 211.20851135253906], [117.6760025024414, 191.36021423339844, 158.62554931640625, 211.20851135253906], [44.0345458984375, 121.8791275024414, 262.05340576171875, 495.450927734375], [27.161144256591797, 107.67080688476562, 46.62127685546875, 131.97027587890625], [88.2975845336914, 44.69155502319336, 264.1575927734375, 298.1863708496094], [228.75845336914062, 78.69584655761719, 258.33795166015625, 111.69857788085938], [25.14609718322754, 16.656843185424805, 193.24667358398438, 234.3502197265625], [26.122886657714844, 16.377038955688477, 263.56976318359375, 380.27630615234375], [145.57139587402344, 177.46888732910156, 273.79644775390625, 341.9261474609375], [131.4069366455078, 103.77754974365234, 264.954345703125, 301.6640625], [27.831846237182617, 15.498766899108887, 263.90863037109375, 498.89508056640625], [175.4014434814453, 65.21411895751953, 263.90142822265625, 317.5303039550781], [253.00045776367188, 73.67281341552734, 264.02313232421875, 112.81710052490234], [117.6760025024414, 191.36021423339844, 158.62554931640625, 211.20851135253906], [117.85823822021484, 102.49142456054688, 270.892333984375, 504.9312438964844], [-0.07594406604766846, 111.71076202392578, 29.65399932861328, 236.33631896972656], [87.59781646728516, 23.45824432373047, 263.2212829589844, 302.4562072753906], [-0.12430751323699951, 158.5087890625, 16.71991539001465, 236.73269653320312], [220.7062225341797, 108.07664489746094, 263.8761291503906, 138.0422821044922], [-0.07594406604766846, 111.71076202392578, 29.65399932861328, 236.33631896972656], [229.3614044189453, 86.40929412841797, 246.07679748535156, 110.76586151123047], [0.38700199127197266, 0.8810015916824341, 264.3843078613281, 239.42230224609375], [227.54168701171875, 106.81680297851562, 259.54376220703125, 126.55902862548828], [216.42648315429688, 128.80221557617188, 263.9129638671875, 216.3455352783203], [157.2294464111328, 13.234869956970215, 264.60797119140625, 497.7383117675781], [27.831846237182617, 15.498766899108887, 263.90863037109375, 498.89508056640625], [171.1924285888672, 0.6865363121032715, 264.14056396484375, 135.74363708496094], [-0.038796186447143555, 346.665771484375, 263.91070556640625, 498.1831359863281], [221.953369140625, 107.2611312866211, 263.8959045410156, 135.81300354003906], [187.21530151367188, 59.43791198730469, 216.35560607910156, 112.65308380126953], [219.8803253173828, 219.4726104736328, 262.1755676269531, 300.7367858886719], [213.514404296875, 2.3426480293273926, 264.4140319824219, 139.61326599121094], [0.30617594718933105, 8.974411964416504, 149.96983337402344, 236.54856872558594], [150.02015686035156, 23.325042724609375, 264.6142578125, 498.413330078125], [27.700878143310547, 15.912398338317871, 263.7069091796875, 499.6543884277344], [-0.042171478271484375, 112.31900024414062, 29.30537986755371, 133.50440979003906], [213.514404296875, 2.3426480293273926, 264.4140319824219, 139.61326599121094], [213.36392211914062, 106.84854888916016, 263.9012145996094, 142.48712158203125], [29.052852630615234, 84.7480239868164, 263.7889099121094, 498.29742431640625], [205.58538818359375, 63.98845291137695, 215.686279296875, 88.07960510253906], [159.0069122314453, 126.29338073730469, 263.43060302734375, 319.6290283203125], [255.0003204345703, 59.26625442504883, 263.9888610839844, 75.90397644042969], [27.98252296447754, 154.804443359375, 263.4642028808594, 497.9765625]), Score: [0.9751523733139038, 0.28523722290992737, 0.18090681731700897, 0.1532788723707199, 0.15018992125988007, 0.11224500834941864, 0.10993775725364685, 0.1085350513458252, 0.10817787051200867, 0.10220733284950256, 0.10084446519613266, 0.10059989243745804, 0.09956462681293488, 0.09747669100761414, 0.08928702771663666, 0.08257749676704407, 0.07755104452371597, 0.0743289440870285, 0.07389382272958755, 0.07103254646062851, 0.06913825869560242, 0.06829769909381866, 0.06738824397325516, 0.06657702475786209, 0.06477759033441544, 0.06397797167301178, 0.0621650330722332, 0.06196170672774315, 0.06192578747868538, 0.061104148626327515, 0.060627296566963196, 0.05980193614959717, 0.05887170135974884, 0.05865326151251793, 0.058464474976062775, 0.05787628889083862, 0.05772757902741432, 0.0573258101940155, 0.057277876883745193, 0.05679112672805786, 0.055793337523937225, 0.05542954429984093, 0.05493541061878204, 0.05491318181157112, 0.054902415722608566, 0.05377783998847008, 0.053370751440525055, 0.05336609110236168, 0.051581718027591705, 0.0515022911131382, 0.050622787326574326, 0.05036521703004837, 0.050059035420417786, 0.049436964094638824, 0.04897645488381386, 0.04878462851047516, 0.046179015189409256, 0.045740190893411636, 0.04530060663819313, 0.0437738373875618, 0.043018218129873276, 0.04283378645777702, 0.04280069097876549, 0.04257602244615555, 0.0416034497320652, 0.041551072150468826, 0.0410563163459301, 0.04059658572077751, 0.040425270795822144, 0.03998776897788048, 0.0398283526301384, 0.03941091522574425, 0.03890864923596382, 0.03889235481619835, 0.03811940550804138, 0.03807827830314636, 0.0375099703669548, 0.03729412332177162, 0.037187714129686356, 0.037160489708185196, 0.036709610372781754, 0.0364159494638443, 0.0364086776971817, 0.03636252507567406, 0.03601747751235962, 0.035990916192531586, 0.0358937606215477, 0.03542441502213478, 0.03495485335588455, 0.034617308527231216, 0.03440149500966072, 0.03406641632318497, 0.034059301018714905, 0.03404892981052399, 0.03384517505764961, 0.03365999087691307, 0.03346531093120575, 0.03317481279373169, 0.033106014132499695, 0.03309926018118858, 0.032991789281368256, 0.03273467719554901, 0.032690808176994324, 0.03261610120534897, 0.03228561207652092, 0.03221544250845909, 0.032189272344112396, 0.03218613937497139, 0.03215493634343147, 0.03209098428487778, 0.032019417732954025, 0.03194689378142357, 0.03170398250222206, 0.0314033068716526, 0.03138528764247894, 0.031343020498752594, 0.03109125606715679, 0.03107782080769539, 0.03069389797747135, 0.030679432675242424, 0.030536450445652008, 0.03034675307571888, 0.030306365340948105, 0.030255936086177826, 0.03025285340845585, 0.029939895495772362, 0.02921324223279953, 0.029072796925902367, 0.028975585475564003, 0.02891133539378643, 0.028579000383615494, 0.02845560945570469, 0.02842537686228752, 0.028339456766843796, 0.028283163905143738, 0.028260983526706696, 0.02817465178668499, 0.02802262082695961, 0.028009317815303802, 0.02795839123427868, 0.02786429598927498, 0.027708565816283226, 0.027568619698286057, 0.02745090052485466, 0.027348367497324944, 0.027078067883849144, 0.0270386915653944, 0.026741517707705498, 0.02659463882446289, 0.026471100747585297, 0.02634909376502037, 0.026344111189246178, 0.02625689096748829, 0.02611168660223484, 0.025990260764956474, 0.025977395474910736, 0.025928571820259094, 0.02592393569648266, 0.02587973326444626, 0.0258734580129385, 0.02586928755044937, 0.02584785968065262, 0.025817308574914932, 0.02571331523358822, 0.02561531960964203, 0.02553735300898552, 0.025474978610873222, 0.025440191850066185, 0.025382734835147858, 0.025360478088259697, 0.025164134800434113, 0.025123704224824905, 0.025111543014645576, 0.024977775290608406, 0.024896806105971336, 0.02481786347925663, 0.02457396686077118, 0.02451292611658573, 0.02436995692551136, 0.024259934201836586, 0.024145765230059624, 0.024118073284626007, 0.02405020035803318, 0.024033403024077415, 0.023775700479745865, 0.02368779666721821, 0.02365141361951828, 0.02362976036965847, 0.023577576503157616, 0.02356732450425625, 0.023497655987739563, 0.023455414921045303, 0.023443039506673813, 0.02340816706418991, 0.02336026541888714, 0.02330966666340828, 0.023293664678931236, 0.023222068324685097, 0.023210622370243073, 0.02316451258957386, 0.023163244128227234, 0.023124849423766136, 0.02307509444653988, 0.023055074736475945, 0.023053180426359177, 0.02282005175948143, 0.022568343207240105, 0.02252333052456379, 0.022504789754748344, 0.02242550440132618, 0.022416651248931885, 0.02236003987491131, 0.02235203981399536, 0.022344913333654404, 0.022299500182271004, 0.022254301235079765, 0.022157277911901474, 0.022151773795485497, 0.02212790958583355, 0.022063540294766426, 0.021997841075062752, 0.02191244065761566, 0.02184385433793068, 0.021672388538718224, 0.021646130830049515, 0.021496614441275597, 0.02143736556172371, 0.021293260157108307, 0.02128348872065544, 0.021271606907248497, 0.021243177354335785, 0.021223803982138634, 0.021175455302000046, 0.02110636793076992, 0.021098624914884567, 0.021071622148156166, 0.021010499447584152, 0.021008769050240517, 0.020998885855078697, 0.02098741941154003, 0.020939165726304054, 0.020938312634825706, 0.020909396931529045, 0.020861826837062836, 0.02085566520690918, 0.02085096761584282, 0.0207990612834692, 0.020697010681033134, 0.020581671968102455, 0.020446348935365677, 0.020439716055989265, 0.020321836695075035, 0.02028035558760166, 0.020227551460266113, 0.020199881866574287, 0.020194493234157562, 0.02016548067331314, 0.020029131323099136, 0.020024623721837997, 0.02000916190445423, 0.019870037212967873, 0.01983698457479477, 0.019827866926789284, 0.019805490970611572, 0.019716907292604446, 0.019687602296471596, 0.01964002288877964, 0.019622894003987312, 0.01960999146103859, 0.019580809399485588, 0.019532449543476105, 0.019390230998396873, 0.019327381625771523, 0.019312366843223572, 0.019245224073529243, 0.019213005900382996, 0.01918301172554493, 0.019116489216685295, 0.01908312737941742, 0.01894472911953926, 0.01894316077232361, 0.01892813853919506, 0.018924590200185776, 0.018923308700323105, 0.018921731039881706, 0.018917877227067947, 0.018883517012000084, 0.018858972936868668, 0.01885896362364292, 0.018854491412639618, 0.01884596422314644, 0.018756086006760597, 0.018740957602858543, 0.01867103949189186, 0.018651068210601807, 0.018535396084189415, 0.018473168835043907, 0.01844509318470955, 0.01833653450012207, 0.01833433471620083]

Execution time: 0.4159 sec
