Label: tensor([ 2,  2,  2,  0,  2,  2,  0,  0,  2,  0,  2,  2,  2,  7,  7,  7,  7,  7,
         0,  2,  2,  7,  2,  2,  7,  5,  0,  0,  7,  7,  2,  2,  2,  2,  7, 12,
         2,  2,  2, 62,  7,  2, 62,  2,  2,  2,  0,  2, 62,  0,  5,  2,  2,  2,
         2,  7,  2,  7, 62,  2,  7,  7,  7,  7,  2,  2,  2,  7,  2,  7,  2,  2,
         0,  2,  7,  2,  2,  3,  0,  2,  7,  2,  2,  2,  7,  2,  7,  7,  2,  2,
         2,  2,  5,  2,  0,  7,  2, 12,  0, 12,  7,  7,  2,  2,  2,  2,  2, 56,
         7,  2,  2,  5, 12,  2,  7,  3,  2,  7,  7, 12,  2,  2,  2,  2, 62,  2,
         7, 28,  7, 58,  0,  2,  2, 58,  7,  2,  7,  2,  7,  2, 45,  2, 56,  2,
        58,  0,  9,  2, 58,  0,  2,  0,  2,  0,  7,  2,  9,  7,  7,  2,  2,  7,
         7, 25,  7, 25,  7,  7, 39, 56,  0,  2,  7,  0,  2,  0,  9,  7,  0,  5,
        13, 12,  5,  2,  2, 26,  3, 12,  2,  2,  2,  7,  5,  7,  0,  2,  2,  5,
        12,  7, 26, 72,  7,  0,  0,  7, 12,  0,  7,  7,  2,  2,  9,  7,  2,  5,
         2,  2,  0,  0,  2,  2, 72, 58, 12,  9,  2,  2,  2, 54,  2,  2,  7,  2,
         9, 56,  2,  3,  9,  3,  2, 28,  7, 37, 19,  7,  5, 39, 56,  2,  7,  7,
         2,  3,  5,  5, 58,  9, 11, 39, 25,  2,  0,  2, 12,  2,  7, 26, 28,  9,
        25, 12,  2,  5, 12, 12, 25, 58,  0,  7,  7,  9, 62, 11, 56, 62,  0,  5,
        62, 28, 58,  8,  7, 72, 56,  5, 73, 39, 12, 12]), Box: ([222.94590759277344, 32.47358322143555, 499.73309326171875, 374.7513122558594], [7.3747782707214355, 78.21115112304688, 253.23123168945312, 302.91375732421875], [5.602746963500977, 32.40054702758789, 499.9817199707031, 375.2388916015625], [49.43479537963867, 57.410160064697266, 68.61287689208984, 84.2282485961914], [178.660400390625, 72.64216613769531, 260.2521057128906, 118.60005187988281], [178.8201446533203, 79.10159301757812, 236.9813232421875, 117.22344970703125], [95.05924224853516, 40.38748550415039, 106.21874237060547, 55.02629089355469], [28.69301986694336, 30.931835174560547, 45.25895309448242, 48.48745346069336], [-0.19683875143527985, 195.01939392089844, 29.32987403869629, 250.93177795410156], [54.55788803100586, 57.487606048583984, 67.92569732666016, 78.0107192993164], [0.010288320481777191, 153.39427185058594, 29.968433380126953, 251.17152404785156], [233.09317016601562, 72.66254425048828, 260.2784423828125, 85.99718475341797], [207.48953247070312, 72.5477294921875, 260.21112060546875, 118.84359741210938], [0.3033410906791687, 51.42832946777344, 28.822067260742188, 250.9738006591797], [7.186517238616943, 76.53632354736328, 252.36630249023438, 301.28271484375], [7.210232257843018, 77.69595336914062, 250.2217559814453, 302.2503662109375], [3.130748748779297, 31.25316619873047, 501.269287109375, 375.341796875], [7.283039569854736, 79.59135437011719, 247.05917358398438, 301.83343505859375], [54.715736389160156, 57.550872802734375, 67.47989654541016, 68.8582534790039], [179.1281280517578, 81.17784881591797, 216.9733123779297, 110.94902801513672], [178.6584014892578, 77.67144012451172, 262.2174072265625, 186.96160888671875], [0.11430308222770691, 43.19174575805664, 64.83112335205078, 248.0274200439453], [46.12138366699219, 62.768104553222656, 69.21570587158203, 83.8041000366211], [6.64237117767334, 38.33906936645508, 444.302490234375, 301.39617919921875], [0.1700427383184433, 45.19968032836914, 47.192230224609375, 149.43609619140625], [0.3033410906791687, 51.42832946777344, 28.822067260742188, 250.9738006591797], [54.53432846069336, 57.7010612487793, 68.3736572265625, 84.17840576171875], [94.59386444091797, 40.246971130371094, 107.41230773925781, 87.09064483642578], [224.14138793945312, 31.846359252929688, 500.0323181152344, 375.22235107421875], [0.010288320481777191, 153.39427185058594, 29.968433380126953, 251.17152404785156], [46.455162048339844, 66.0396957397461, 68.4749755859375, 84.35726165771484], [257.4609069824219, 32.319828033447266, 499.9178466796875, 97.18392181396484], [1.6458630561828613, 32.846588134765625, 501.6269226074219, 305.2241516113281], [178.5679168701172, 78.48676300048828, 258.070068359375, 246.3896942138672], [5.602746963500977, 32.40054702758789, 499.9817199707031, 375.2388916015625], [204.71006774902344, 79.7343521118164, 235.678466796875, 117.42845916748047], [4.008293151855469, 69.88778686523438, 423.98284912109375, 301.3457336425781], [0.03383122384548187, 148.00509643554688, 39.8268928527832, 252.33851623535156], [0.04961714148521423, 163.56729125976562, 38.76622009277344, 251.9696044921875], [0.18164515495300293, 59.85609817504883, 21.9247989654541, 148.96609497070312], [-0.17984211444854736, 38.38513946533203, 104.25072479248047, 250.482421875], [7.088422775268555, 102.09415435791016, 241.85179138183594, 301.95440673828125], [0.1700427383184433, 45.19968032836914, 47.192230224609375, 149.43609619140625], [-0.2775951325893402, 179.65245056152344, 11.478297233581543, 197.76780700683594], [0.3033410906791687, 51.42832946777344, 28.822067260742188, 250.9738006591797], [5.150601387023926, 48.2924690246582, 366.2784118652344, 301.3365173339844], [334.7380065917969, 79.81248474121094, 370.4989013671875, 101.49828338623047], [0.3077089786529541, 101.00151062011719, 140.36843872070312, 248.84341430664062], [0.2796575427055359, 45.47367858886719, 47.35715866088867, 107.97053527832031], [11.898472785949707, 44.90824890136719, 21.395675659179688, 54.45588302612305], [0.11430308222770691, 43.19174575805664, 64.83112335205078, 248.0274200439453], [179.61898803710938, 33.60222244262695, 476.05023193359375, 118.30437469482422], [178.05001831054688, 53.84958267211914, 401.0569763183594, 118.41856384277344], [256.9098205566406, 32.30351257324219, 499.7298278808594, 183.2052764892578], [-0.2610664963722229, 196.19227600097656, 25.332351684570312, 235.08587646484375], [6.970442771911621, 77.9760971069336, 250.79595947265625, 302.6436462402344], [7.647946357727051, 74.95542907714844, 499.087646484375, 375.165771484375], [10.256349563598633, 84.61829376220703, 244.9358367919922, 303.14013671875], [77.25987243652344, 24.031396865844727, 96.72980499267578, 52.06621551513672], [5.104571342468262, 38.44206619262695, 314.2033386230469, 302.02178955078125], [4.347965240478516, 32.24675750732422, 499.7797546386719, 374.7938232421875], [1.6458630561828613, 32.846588134765625, 501.6269226074219, 305.2241516113281], [0.18164515495300293, 59.85609817504883, 21.9247989654541, 148.96609497070312], [-0.19683875143527985, 195.01939392089844, 29.32987403869629, 250.93177795410156], [94.3167495727539, 32.719852447509766, 501.33251953125, 374.591552734375], [0.1584300696849823, 177.7168731689453, 21.581295013427734, 209.48655700683594], [224.71644592285156, 72.91666412353516, 288.0694274902344, 123.99615478515625], [7.3747782707214355, 78.21115112304688, 253.23123168945312, 302.91375732421875], [5.735725402832031, 76.37902069091797, 261.99658203125, 240.65122985839844], [4.87646484375, 33.3390998840332, 499.1202087402344, 374.9383239746094], [454.0357666015625, 88.03833770751953, 499.9303283691406, 100.16943359375], [256.744873046875, 31.74254035949707, 499.7751159667969, 179.61053466796875], [204.71006774902344, 79.7343521118164, 235.678466796875, 117.42845916748047], [3.745943307876587, 55.0639533996582, 399.1637268066406, 300.2475891113281], [0.03383122384548187, 148.00509643554688, 39.8268928527832, 252.33851623535156], [-0.023253262042999268, 153.78138732910156, 17.388134002685547, 197.47280883789062], [204.71006774902344, 79.7343521118164, 235.678466796875, 117.42845916748047], [5.602746963500977, 32.40054702758789, 499.9817199707031, 375.2388916015625], [46.24279022216797, 63.155540466308594, 57.29697036743164, 81.64063262939453], [178.51739501953125, 34.072723388671875, 485.91156005859375, 119.32833099365234], [0.2796575427055359, 45.47367858886719, 47.35715866088867, 107.97053527832031], [5.677312850952148, 43.15217208862305, 499.9896545410156, 309.1225891113281], [5.604386329650879, 59.822628021240234, 497.1015930175781, 301.727783203125], [49.43479537963867, 57.410160064697266, 68.61287689208984, 84.2282485961914], [46.12138366699219, 62.768104553222656, 69.21570587158203, 83.8041000366211], [6.287381172180176, 52.27788543701172, 366.5381774902344, 301.5259094238281], [0.3077089786529541, 101.00151062011719, 140.36843872070312, 248.84341430664062], [7.088422775268555, 102.09415435791016, 241.85179138183594, 301.95440673828125], [46.514556884765625, 57.79650115966797, 68.66803741455078, 69.5502700805664], [5.416467666625977, 60.20077133178711, 328.20111083984375, 302.01190185546875], [257.5289001464844, 32.64292907714844, 445.90533447265625, 96.2520751953125], [6.929800033569336, 35.50255584716797, 320.856689453125, 303.789794921875], [0.1700427383184433, 45.19968032836914, 47.192230224609375, 149.43609619140625], [7.563889026641846, 46.129581451416016, 370.9338073730469, 301.3490905761719], [0.7054880261421204, 147.40879821777344, 9.157194137573242, 181.29493713378906], [49.43479537963867, 57.410160064697266, 68.61287689208984, 84.2282485961914], [222.72084045410156, 33.43824005126953, 499.7032165527344, 227.5344696044922], [223.75537109375, 72.99422454833984, 262.8901062011719, 188.70423889160156], [6.532294273376465, 154.8771209716797, 18.91719627380371, 196.35531616210938], [178.660400390625, 72.64216613769531, 260.2521057128906, 118.60005187988281], [7.501832962036133, 85.18830108642578, 248.14512634277344, 302.64544677734375], [163.31582641601562, 32.274383544921875, 498.9630432128906, 375.1019287109375], [223.75537109375, 72.99422454833984, 262.8901062011719, 188.70423889160156], [7.192090034484863, 74.06513214111328, 259.0335693359375, 232.49075317382812], [178.17784118652344, 63.11253356933594, 365.7795715332031, 157.3341522216797], [228.5047149658203, 33.441871643066406, 500.0007629394531, 220.29501342773438], [308.05194091796875, 68.26953125, 346.18377685546875, 97.27896881103516], [-0.19683875143527985, 195.01939392089844, 29.32987403869629, 250.93177795410156], [0.513322651386261, 29.704648971557617, 243.31321716308594, 252.19122314453125], [213.0716552734375, 32.942298889160156, 500.3695983886719, 212.97705078125], [46.24279022216797, 63.155540466308594, 57.29697036743164, 81.64063262939453], [-0.17984211444854736, 38.38513946533203, 104.25072479248047, 250.482421875], [233.09317016601562, 72.66254425048828, 260.2784423828125, 85.99718475341797], [257.24981689453125, 39.65333938598633, 347.1587219238281, 96.10989379882812], [3.841221332550049, 64.3431396484375, 313.3542175292969, 304.5608215332031], [7.3747782707214355, 78.21115112304688, 253.23123168945312, 302.91375732421875], [7.936492443084717, 57.0295524597168, 440.994384765625, 301.251953125], [0.18813833594322205, 45.50192642211914, 46.88604736328125, 147.63247680664062], [94.3167495727539, 32.719852447509766, 501.33251953125, 374.591552734375], [207.48953247070312, 72.5477294921875, 260.21112060546875, 118.84359741210938], [7.9592390060424805, 79.93984985351562, 241.5048828125, 206.40184020996094], [221.5095672607422, 32.9461784362793, 500.1565856933594, 274.9496154785156], [8.046984672546387, 73.24267578125, 258.332763671875, 195.1581268310547], [106.98274993896484, 53.224693298339844, 503.90924072265625, 302.87713623046875], [0.18813833594322205, 45.50192642211914, 46.88604736328125, 147.63247680664062], [258.98504638671875, 33.074676513671875, 500.1721496582031, 226.5498046875], [4.3949785232543945, 32.7680549621582, 501.68798828125, 374.0395812988281], [46.455162048339844, 66.0396957397461, 68.4749755859375, 84.35726165771484], [6.929800033569336, 35.50255584716797, 320.856689453125, 303.789794921875], [81.0766830444336, -0.19787298142910004, 189.9267120361328, 40.86410140991211], [6.94969367980957, 167.4582977294922, 22.10845375061035, 209.45497131347656], [0.1700427383184433, 45.19968032836914, 47.192230224609375, 149.43609619140625], [185.4499969482422, 64.47145080566406, 499.76153564453125, 374.44561767578125], [49.43479537963867, 57.410160064697266, 68.61287689208984, 84.2282485961914], [3.745943307876587, 55.0639533996582, 399.1637268066406, 300.2475891113281], [228.51138305664062, 76.91256713867188, 500.3515930175781, 375.2259826660156], [5.104571342468262, 38.44206619262695, 314.2033386230469, 302.02178955078125], [184.55848693847656, 33.782379150390625, 499.5952453613281, 146.39259338378906], [6.638139724731445, 79.96916961669922, 249.5824432373047, 302.4358825683594], [224.69515991210938, 33.003822326660156, 500.2499084472656, 246.2985076904297], [7.3747782707214355, 78.21115112304688, 253.23123168945312, 302.91375732421875], [5.589753150939941, 42.28620910644531, 274.17010498046875, 294.2661437988281], [178.8201446533203, 79.10159301757812, 236.9813232421875, 117.22344970703125], [8.340723991394043, 79.17316436767578, 247.7548065185547, 199.59413146972656], [84.26658630371094, -0.21375110745429993, 133.27000427246094, 21.387256622314453], [418.0533752441406, 50.27714157104492, 436.5301208496094, 64.05743408203125], [131.7831268310547, 2.1274373531341553, 173.56353759765625, 40.39556121826172], [182.7881317138672, 33.85202407836914, 499.951904296875, 146.96969604492188], [77.22895812988281, 0.06540119647979736, 174.370849609375, 58.246055603027344], [172.6875762939453, -0.03525568172335625, 192.1892852783203, 14.293493270874023], [0.11430308222770691, 43.19174575805664, 64.83112335205078, 248.0274200439453], [46.455162048339844, 66.0396957397461, 68.4749755859375, 84.35726165771484], [179.24742126464844, 35.01048278808594, 498.90625, 213.13905334472656], [0.010288320481777191, 153.39427185058594, 29.968433380126953, 251.17152404785156], [0.04961714148521423, 163.56729125976562, 38.76622009277344, 251.9696044921875], [65.72005462646484, 67.03302764892578, 79.54020690917969, 84.92378997802734], [113.55821990966797, -0.3289666473865509, 134.93655395507812, 17.62353515625], [5.677312850952148, 43.15217208862305, 499.9896545410156, 309.1225891113281], [5.735725402832031, 76.37902069091797, 261.99658203125, 240.65122985839844], [46.20486068725586, 65.65924835205078, 58.95794677734375, 79.03008270263672], [177.91488647460938, 63.573001861572266, 495.6205749511719, 289.7290344238281], [6.64237117767334, 38.33906936645508, 444.302490234375, 301.39617919921875], [7.563889026641846, 46.129581451416016, 370.9338073730469, 301.3490905761719], [0.08434616029262543, 45.52336883544922, 46.553611755371094, 70.0029296875], [5.150601387023926, 48.2924690246582, 366.2784118652344, 301.3365173339844], [81.0766830444336, -0.19787298142910004, 189.9267120361328, 40.86410140991211], [7.319919586181641, 103.23236083984375, 244.9449920654297, 303.12554931640625], [0.7556900382041931, 44.78709411621094, 234.73912048339844, 117.8357925415039], [28.69301986694336, 30.931835174560547, 45.25895309448242, 48.48745346069336], [233.09317016601562, 72.66254425048828, 260.2784423828125, 85.99718475341797], [-0.19683875143527985, 195.01939392089844, 29.32987403869629, 250.93177795410156], [173.82119750976562, 75.5461654663086, 423.85601806640625, 192.55892944335938], [192.95855712890625, 32.15463638305664, 500.18511962890625, 374.4698181152344], [95.00517272949219, 40.98868179321289, 101.50717163085938, 52.24006652832031], [0.2796575427055359, 45.47367858886719, 47.35715866088867, 107.97053527832031], [0.10940572619438171, 136.13258361816406, 10.69826602935791, 181.11502075195312], [172.6875762939453, -0.03525568172335625, 192.1892852783203, 14.293493270874023], [178.660400390625, 72.64216613769531, 260.2521057128906, 118.60005187988281], [77.11096954345703, 45.05349349975586, 81.90926361083984, 51.68943786621094], [0.010288320481777191, 153.39427185058594, 29.968433380126953, 251.17152404785156], [-0.19683875143527985, 195.01939392089844, 29.32987403869629, 250.93177795410156], [7.3747782707214355, 78.21115112304688, 253.23123168945312, 302.91375732421875], [0.3077089786529541, 101.00151062011719, 140.36843872070312, 248.84341430664062], [7.549703121185303, 52.23607635498047, 494.96405029296875, 287.6605224609375], [178.82896423339844, 61.89675521850586, 340.3482360839844, 235.88339233398438], [172.6875762939453, -0.03525568172335625, 192.1892852783203, 14.293493270874023], [0.010288320481777191, 153.39427185058594, 29.968433380126953, 251.17152404785156], [94.59386444091797, 40.246971130371094, 107.41230773925781, 87.09064483642578], [316.02484130859375, 76.40799713134766, 499.3776550292969, 229.31773376464844], [334.07025146484375, 79.60102081298828, 500.03509521484375, 229.33387756347656], [178.16119384765625, 59.958580017089844, 354.27325439453125, 324.4023742675781], [4.008293151855469, 69.88778686523438, 423.98284912109375, 301.3457336425781], [0.18164515495300293, 59.85609817504883, 21.9247989654541, 148.96609497070312], [128.20030212402344, 34.62942886352539, 497.71063232421875, 375.1060791015625], [395.3499755859375, 48.75360107421875, 444.5637512207031, 87.86199951171875], [6.397679328918457, 56.653865814208984, 496.2607727050781, 306.2175598144531], [9.16728401184082, 59.052093505859375, 353.4856872558594, 301.57568359375], [0.015140511095523834, 59.902931213378906, 22.22831916809082, 247.32534790039062], [108.22876739501953, 55.856929779052734, 113.73440551757812, 85.07801818847656], [5.416467666625977, 60.20077133178711, 328.20111083984375, 302.01190185546875], [7.3747782707214355, 78.21115112304688, 253.23123168945312, 302.91375732421875], [0.1700427383184433, 45.19968032836914, 47.192230224609375, 149.43609619140625], [178.8201446533203, 79.10159301757812, 236.9813232421875, 117.22344970703125], [29.161949157714844, 37.24052047729492, 44.13373565673828, 48.38378143310547], [-0.023253262042999268, 153.78138732910156, 17.388134002685547, 197.47280883789062], [0.015140511095523834, 59.902931213378906, 22.22831916809082, 247.32534790039062], [178.8201446533203, 79.10159301757812, 236.9813232421875, 117.22344970703125], [258.28668212890625, 43.598297119140625, 283.1173095703125, 82.28650665283203], [7.192090034484863, 74.06513214111328, 259.0335693359375, 232.49075317382812], [46.455162048339844, 66.0396957397461, 68.4749755859375, 84.35726165771484], [173.3408966064453, 73.03492736816406, 265.1947021484375, 287.8766174316406], [-0.17984211444854736, 38.38513946533203, 104.25072479248047, 250.482421875], [169.3394012451172, -0.10814890265464783, 192.20603942871094, 23.075040817260742], [175.23809814453125, 79.44657135009766, 238.75564575195312, 117.72967529296875], [259.8313293457031, 36.195045471191406, 365.1728210449219, 95.1056900024414], [7.3747782707214355, 78.21115112304688, 253.23123168945312, 302.91375732421875], [0.18164515495300293, 59.85609817504883, 21.9247989654541, 148.96609497070312], [230.54510498046875, 110.24408721923828, 500.1954345703125, 374.8870544433594], [8.673992156982422, 155.66055297851562, 16.384403228759766, 166.56703186035156], [52.102745056152344, 57.05160140991211, 67.96714782714844, 81.36349487304688], [225.92335510253906, 34.944007873535156, 500.00054931640625, 226.71438598632812], [259.4273681640625, 34.1234245300293, 363.5963134765625, 82.79635620117188], [0.2796575427055359, 45.47367858886719, 47.35715866088867, 107.97053527832031], [77.32528686523438, -0.08289981633424759, 190.15249633789062, 55.78586959838867], [0.10940572619438171, 136.13258361816406, 10.69826602935791, 181.11502075195312], [84.26658630371094, -0.21375110745429993, 133.27000427246094, 21.387256622314453], [107.19102478027344, 72.18301391601562, 474.2537841796875, 270.9410705566406], [222.68910217285156, 35.251869201660156, 499.7900085449219, 276.1506652832031], [71.03662109375, 61.39964294433594, 497.5491027832031, 269.9923095703125], [7.3747782707214355, 78.21115112304688, 253.23123168945312, 302.91375732421875], [171.81849670410156, 80.59813690185547, 246.1240234375, 106.62969970703125], [128.20030212402344, 34.62942886352539, 497.71063232421875, 375.1060791015625], [6.287381172180176, 52.27788543701172, 366.5381774902344, 301.5259094238281], [2.1611452102661133, 35.264732360839844, 501.49267578125, 221.44894409179688], [49.43479537963867, 57.410160064697266, 68.61287689208984, 84.2282485961914], [178.660400390625, 72.64216613769531, 260.2521057128906, 118.60005187988281], [0.5919225215911865, 154.06565856933594, 98.47936248779297, 251.45152282714844], [-0.19683875143527985, 195.01939392089844, 29.32987403869629, 250.93177795410156], [133.8712921142578, -0.0550844706594944, 192.14654541015625, 24.642906188964844], [49.43479537963867, 57.410160064697266, 68.61287689208984, 84.2282485961914], [0.5555003881454468, 118.44914245605469, 27.69078826904297, 248.9545440673828], [-0.19683875143527985, 195.01939392089844, 29.32987403869629, 250.93177795410156], [179.61898803710938, 33.60222244262695, 476.05023193359375, 118.30437469482422], [7.3747782707214355, 78.21115112304688, 253.23123168945312, 302.91375732421875], [7.3747782707214355, 78.21115112304688, 253.23123168945312, 302.91375732421875], [5.604386329650879, 59.822628021240234, 497.1015930175781, 301.727783203125], [0.2796575427055359, 45.47367858886719, 47.35715866088867, 107.97053527832031], [54.53432846069336, 57.7010612487793, 68.3736572265625, 84.17840576171875], [7.088422775268555, 102.09415435791016, 241.85179138183594, 301.95440673828125], [112.12769317626953, 63.05971908569336, 493.5089111328125, 266.71630859375], [5.589753150939941, 42.28620910644531, 274.17010498046875, 294.2661437988281], [0.5555003881454468, 118.44914245605469, 27.69078826904297, 248.9545440673828], [34.562171936035156, 21.941509246826172, 503.06976318359375, 376.0639343261719], [46.12138366699219, 62.768104553222656, 69.21570587158203, 83.8041000366211], [0.18813833594322205, 45.50192642211914, 46.88604736328125, 147.63247680664062], [49.43479537963867, 57.410160064697266, 68.61287689208984, 84.2282485961914], [28.69301986694336, 30.931835174560547, 45.25895309448242, 48.48745346069336], [46.455162048339844, 66.0396957397461, 68.4749755859375, 84.35726165771484], [0.18164515495300293, 59.85609817504883, 21.9247989654541, 148.96609497070312], [49.43479537963867, 57.410160064697266, 68.61287689208984, 84.2282485961914], [46.514556884765625, 57.79650115966797, 68.66803741455078, 69.5502700805664], [6.94969367980957, 167.4582977294922, 22.10845375061035, 209.45497131347656], [431.5850524902344, 57.67110824584961, 472.7624206542969, 90.49515533447266], [7.22135591506958, 33.924896240234375, 498.8031311035156, 201.16192626953125], [108.5426254272461, 67.78807067871094, 113.41683197021484, 85.049560546875], [354.5315246582031, 87.14186096191406, 500.48809814453125, 219.55789184570312], [62.21931838989258, 50.70599365234375, 106.56311798095703, 86.36116790771484], [222.94590759277344, 32.47358322143555, 499.73309326171875, 374.7513122558594], [7.3747782707214355, 78.21115112304688, 253.23123168945312, 302.91375732421875], [28.69301986694336, 30.931835174560547, 45.25895309448242, 48.48745346069336], [77.32528686523438, -0.08289981633424759, 190.15249633789062, 55.78586959838867], [224.71644592285156, 72.91666412353516, 288.0694274902344, 123.99615478515625], [5.798399448394775, 49.62697982788086, 367.8008728027344, 304.771728515625], [0.513322651386261, 29.704648971557617, 243.31321716308594, 252.19122314453125], [0.7054880261421204, 147.40879821777344, 9.157194137573242, 181.29493713378906], [178.6584014892578, 77.67144012451172, 262.2174072265625, 186.96160888671875], [77.22895812988281, 0.06540119647979736, 174.370849609375, 58.246055603027344], [172.6875762939453, -0.03525568172335625, 192.1892852783203, 14.293493270874023], [0.9784563183784485, 148.62413024902344, 9.910829544067383, 180.9031524658203], [178.51739501953125, 34.072723388671875, 485.91156005859375, 119.32833099365234], [7.647946357727051, 74.95542907714844, 499.087646484375, 375.165771484375], [29.161949157714844, 37.24052047729492, 44.13373565673828, 48.38378143310547], [0.3103483319282532, 60.331844329833984, 21.511947631835938, 108.63726806640625], [204.71006774902344, 79.7343521118164, 235.678466796875, 117.42845916748047], [0.010288320481777191, 153.39427185058594, 29.968433380126953, 251.17152404785156], [46.12138366699219, 62.768104553222656, 69.21570587158203, 83.8041000366211], [441.1994934082031, 56.32499313354492, 472.21331787109375, 89.90980529785156], [0.03383122384548187, 148.00509643554688, 39.8268928527832, 252.33851623535156], [46.455162048339844, 66.0396957397461, 68.4749755859375, 84.35726165771484], [46.12138366699219, 62.768104553222656, 69.21570587158203, 83.8041000366211], [95.05924224853516, 40.38748550415039, 106.21874237060547, 55.02629089355469], [7.3747782707214355, 78.21115112304688, 253.23123168945312, 302.91375732421875], [175.8177032470703, 34.67709732055664, 498.9577941894531, 373.309326171875], [0.18164515495300293, 59.85609817504883, 21.9247989654541, 148.96609497070312], [204.71006774902344, 79.7343521118164, 235.678466796875, 117.42845916748047], [5.602746963500977, 32.40054702758789, 499.9817199707031, 375.2388916015625], [178.660400390625, 72.64216613769531, 260.2521057128906, 118.60005187988281], [54.55788803100586, 57.487606048583984, 67.92569732666016, 78.0107192993164], [49.43479537963867, 57.410160064697266, 68.61287689208984, 84.2282485961914], [6.94969367980957, 167.4582977294922, 22.10845375061035, 209.45497131347656]), Score: [0.7708938717842102, 0.58806312084198, 0.5517017245292664, 0.39645856618881226, 0.3748331665992737, 0.3445920944213867, 0.28339487314224243, 0.26677027344703674, 0.23750685155391693, 0.2243693470954895, 0.2232518047094345, 0.2225639671087265, 0.18858236074447632, 0.18051797151565552, 0.17283137142658234, 0.16919158399105072, 0.16909462213516235, 0.1648654341697693, 0.16352112591266632, 0.16217924654483795, 0.1504577100276947, 0.1446707844734192, 0.14401677250862122, 0.14372898638248444, 0.14363352954387665, 0.13086003065109253, 0.12806957960128784, 0.1251997947692871, 0.12424903362989426, 0.1215842217206955, 0.11495491862297058, 0.11278039962053299, 0.11235020309686661, 0.11114086210727692, 0.11003320664167404, 0.1096404418349266, 0.10953480005264282, 0.10894051939249039, 0.10533065348863602, 0.10495948046445847, 0.10397504270076752, 0.1004384309053421, 0.10007821768522263, 0.09782002866268158, 0.09664289653301239, 0.09568894654512405, 0.09531599283218384, 0.09424999356269836, 0.09416653215885162, 0.09380801767110825, 0.09202606230974197, 0.09201325476169586, 0.09097205847501755, 0.09081317484378815, 0.0906386449933052, 0.0904015526175499, 0.08760400116443634, 0.08758087456226349, 0.08697278052568436, 0.0845993235707283, 0.0842355415225029, 0.08343734592199326, 0.0803971216082573, 0.08022083342075348, 0.0794021487236023, 0.07902643829584122, 0.07898654043674469, 0.07876991480588913, 0.07829613983631134, 0.07802113890647888, 0.07636988908052444, 0.07564156502485275, 0.0752149373292923, 0.07513298839330673, 0.07447833567857742, 0.07421001046895981, 0.07379966974258423, 0.073305144906044, 0.07327292114496231, 0.07316609472036362, 0.07312332838773727, 0.07210779935121536, 0.07131969928741455, 0.07030016928911209, 0.07006405293941498, 0.06981892138719559, 0.0695398822426796, 0.06950753182172775, 0.06877593696117401, 0.068580761551857, 0.06824131309986115, 0.0681871846318245, 0.06808143109083176, 0.0672253891825676, 0.0668327659368515, 0.06667741388082504, 0.06610715389251709, 0.06545322388410568, 0.06435024738311768, 0.06417336314916611, 0.0639137476682663, 0.06379134207963943, 0.06326267123222351, 0.06317215412855148, 0.0630752444267273, 0.06243431195616722, 0.061862263828516006, 0.06183869391679764, 0.06168248504400253, 0.061674680560827255, 0.06122004613280296, 0.058888424187898636, 0.058205828070640564, 0.05790171027183533, 0.05783076584339142, 0.05765772610902786, 0.05731728672981262, 0.05715780705213547, 0.05700788274407387, 0.056834910064935684, 0.056486375629901886, 0.05636467784643173, 0.055721644312143326, 0.05551189184188843, 0.05501667037606239, 0.054545965045690536, 0.053195469081401825, 0.053126923739910126, 0.05208844318985939, 0.05201698839664459, 0.05186699703335762, 0.05184977874159813, 0.05177650228142738, 0.05170217901468277, 0.051625169813632965, 0.0516229011118412, 0.05160300061106682, 0.05140025541186333, 0.051320407539606094, 0.05124162510037422, 0.051186688244342804, 0.051032185554504395, 0.050826553255319595, 0.05074510723352432, 0.05072391405701637, 0.0507068894803524, 0.050448231399059296, 0.050437793135643005, 0.05036868527531624, 0.05031197890639305, 0.05005168914794922, 0.049921996891498566, 0.049770742654800415, 0.04942549392580986, 0.04908471554517746, 0.04854515939950943, 0.04851866140961647, 0.04834166169166565, 0.04830554500222206, 0.048240501433610916, 0.04795422777533531, 0.04785167798399925, 0.0476204976439476, 0.04695599898695946, 0.04673332720994949, 0.04660671204328537, 0.04656447097659111, 0.04639740288257599, 0.046307522803545, 0.046243295073509216, 0.04561144858598709, 0.045590706169605255, 0.045319270342588425, 0.04487312585115433, 0.04487055912613869, 0.04485192894935608, 0.0444612018764019, 0.04427238181233406, 0.043843526393175125, 0.043795958161354065, 0.043680589646101, 0.04353542625904083, 0.043492332100868225, 0.043396688997745514, 0.04332330822944641, 0.042943984270095825, 0.04253431782126427, 0.042053136974573135, 0.04179219901561737, 0.04165947064757347, 0.04162994399666786, 0.04142865911126137, 0.04114081338047981, 0.040958549827337265, 0.04094800725579262, 0.040425170212984085, 0.04027494415640831, 0.040144938975572586, 0.04000653699040413, 0.03967420384287834, 0.03965961933135986, 0.03965657949447632, 0.039639875292778015, 0.03957593813538551, 0.03957189619541168, 0.03953235223889351, 0.03952506557106972, 0.039444733411073685, 0.039345353841781616, 0.03920719400048256, 0.03899931535124779, 0.03880127891898155, 0.03862790763378143, 0.038245461881160736, 0.038089074194431305, 0.03800232335925102, 0.03788462281227112, 0.03785029426217079, 0.0378432422876358, 0.03763168305158615, 0.037600092589855194, 0.037245120853185654, 0.0370342917740345, 0.03702495992183685, 0.03674733266234398, 0.036734726279973984, 0.0366121381521225, 0.03656098246574402, 0.03646664693951607, 0.03641612455248833, 0.03640924021601677, 0.03623722121119499, 0.03619743883609772, 0.036166127771139145, 0.03609238564968109, 0.0360519140958786, 0.03602360561490059, 0.03599897399544716, 0.03597027435898781, 0.03590741753578186, 0.035750098526477814, 0.03567473590373993, 0.03554351627826691, 0.035523660480976105, 0.03551070764660835, 0.03539664298295975, 0.03536194935441017, 0.03532247617840767, 0.03522229939699173, 0.03512405976653099, 0.035004813224077225, 0.03491288796067238, 0.03471394255757332, 0.03447479382157326, 0.034466177225112915, 0.034430649131536484, 0.0343044251203537, 0.03429042547941208, 0.034248583018779755, 0.03421922028064728, 0.03415200859308243, 0.03411949798464775, 0.03410959243774414, 0.03403116762638092, 0.03391287848353386, 0.03386818617582321, 0.033718839287757874, 0.03365394100546837, 0.033635709434747696, 0.03350420668721199, 0.03348400816321373, 0.03340254724025726, 0.033198773860931396, 0.03315794840455055, 0.03302118554711342, 0.03300495818257332, 0.032799072563648224, 0.03274877369403839, 0.03273487463593483, 0.03270864486694336, 0.03239854425191879, 0.032371677458286285, 0.032322824001312256, 0.032251015305519104, 0.032205283641815186, 0.03209900110960007, 0.03208879008889198, 0.03205196186900139, 0.03191140294075012, 0.03175005316734314, 0.03149092197418213, 0.03147263824939728, 0.03118997812271118, 0.031184734776616096, 0.031167538836598396, 0.031085651367902756, 0.031077228486537933, 0.030973346903920174, 0.030801359564065933, 0.030789732933044434]

Execution time: 0.4040 sec
