Label: tensor([ 0,  0,  0,  0,  0,  0, 58, 58, 26, 26, 58, 26, 26, 26, 26, 10, 26, 26,
         0, 26, 58, 26,  0, 26, 26,  0, 26,  0, 26, 10,  0,  0, 26, 26,  0, 58,
        26, 58, 27,  0, 28,  0, 26,  0,  0, 28, 26, 74, 24, 24,  0,  0,  0,  0,
        10,  0, 26,  0, 26, 26,  0, 58,  0, 26,  0, 11, 26, 58, 73, 26, 26, 26,
        26, 12, 11, 58, 58, 26, 25, 58, 26,  0, 28, 26,  0,  0,  0, 26,  0, 26,
        26, 58, 25, 26,  0, 74,  0, 26, 24, 58, 58,  0, 26, 58,  0,  0, 24, 26,
         0,  0, 26,  0, 24, 26, 24,  0, 28,  0, 58, 58, 24,  0, 26,  0, 28, 58,
         0,  0,  0, 26, 58,  0,  0, 28, 24, 26,  0, 25, 24, 27,  0,  0,  0,  0,
        58,  0, 74, 58, 26, 58, 26,  0, 26, 26, 12,  0, 24,  0, 26, 25, 12,  2,
        33, 26,  0, 24,  0, 24, 28,  0, 26, 26,  0,  0, 58,  1, 58, 27, 28, 24,
         0, 27, 24, 26, 26,  0, 28,  0,  0,  0,  0,  0, 26, 77, 26, 28, 11,  0,
        58, 24, 28,  0,  0, 33, 58,  0, 26, 58, 26,  0,  2,  0,  9,  0,  0,  0,
        26, 26, 32, 58,  0, 24, 24, 24,  0, 26, 26, 24,  3,  0, 26, 28,  0, 25,
         2, 26, 28, 14,  0,  2, 16, 28, 24, 25,  2, 24, 10, 10, 24,  0, 28, 26,
        26,  3,  2, 26, 58, 50,  0, 32,  0, 25, 27,  0, 24, 12, 26, 26, 28,  0,
        67, 16,  1, 58, 26, 27, 26,  0, 24,  0, 25,  1, 74, 26, 26, 26,  1,  0,
        28,  0, 13, 24,  0, 10, 26, 77, 24, 56,  0, 25]), Box: ([195.85362243652344, 187.92222595214844, 224.4880828857422, 278.3968811035156], [166.4428253173828, 187.27728271484375, 190.25413513183594, 272.2686767578125], [320.0858154296875, 198.48733520507812, 339.9701843261719, 267.17864990234375], [251.0623321533203, 203.70858764648438, 273.0421447753906, 266.572021484375], [185.27572631835938, 190.2698516845703, 199.83135986328125, 270.28082275390625], [223.91326904296875, 188.05459594726562, 253.7479705810547, 257.1983947753906], [441.3222961425781, 15.417941093444824, 474.34136962890625, 35.51020050048828], [472.8711853027344, 14.864433288574219, 500.1976013183594, 41.07048797607422], [181.40353393554688, 232.9537353515625, 190.7357177734375, 249.31329345703125], [252.2549285888672, 229.38238525390625, 269.117431640625, 245.8294219970703], [447.81903076171875, 101.72979736328125, 474.89093017578125, 121.60092163085938], [252.0846405029297, 216.80020141601562, 269.55523681640625, 245.66690063476562], [215.92320251464844, 220.76341247558594, 224.54344177246094, 239.5586395263672], [324.3116455078125, 210.37355041503906, 337.4487609863281, 239.7125701904297], [215.47239685058594, 205.71543884277344, 226.88931274414062, 239.53652954101562], [350.33551025390625, 220.15513610839844, 364.6496276855469, 287.8934631347656], [145.2999267578125, 243.287841796875, 156.2172088623047, 269.02667236328125], [224.8273468017578, 227.38623046875, 251.2859649658203, 251.1912384033203], [142.74703979492188, 214.2545166015625, 156.9771728515625, 269.6735534667969], [231.8040313720703, 214.85841369628906, 251.65582275390625, 240.23243713378906], [0.27981308102607727, 198.46530151367188, 16.27805519104004, 214.47633361816406], [145.90660095214844, 214.74069213867188, 156.50692749023438, 232.07652282714844], [224.27774047851562, 188.2623748779297, 244.00851440429688, 224.41331481933594], [323.03118896484375, 210.11180114746094, 335.1145324707031, 239.71400451660156], [329.6159362792969, 214.80169677734375, 339.04052734375, 239.35011291503906], [190.29977416992188, 190.4272003173828, 199.2305450439453, 201.9125213623047], [203.14288330078125, 201.00128173828125, 224.1436004638672, 239.1137237548828], [224.9202423095703, 188.8270263671875, 251.08056640625, 239.76296997070312], [235.093505859375, 215.06065368652344, 252.16299438476562, 241.0699462890625], [124.72933197021484, 224.52874755859375, 140.31517028808594, 301.0622253417969], [335.89056396484375, 191.88429260253906, 354.3365783691406, 265.614501953125], [264.1914367675781, 205.4935760498047, 273.83453369140625, 259.6011047363281], [252.460205078125, 243.70596313476562, 267.13482666015625, 257.11370849609375], [332.0425109863281, 222.77891540527344, 338.82440185546875, 239.22756958007812], [186.7154083251953, 190.63299560546875, 199.25247192382812, 204.5923309326172], [442.0196228027344, 16.260982513427734, 463.6686706542969, 34.63120651245117], [213.03228759765625, 204.418212890625, 225.36204528808594, 239.51397705078125], [441.1353759765625, 14.897265434265137, 499.8509521484375, 40.879051208496094], [322.384521484375, 211.35968017578125, 330.6383361816406, 239.3288116455078], [145.90660095214844, 214.74069213867188, 156.50692749023438, 232.07652282714844], [224.6185302734375, 255.4773712158203, 257.55419921875, 271.4189453125], [182.07347106933594, 194.05661010742188, 189.6688690185547, 204.28880310058594], [217.77249145507812, 205.77169799804688, 232.89004516601562, 240.18310546875], [135.39004516601562, 175.15650939941406, 155.7208251953125, 267.70135498046875], [223.62168884277344, 204.0901336669922, 268.9089050292969, 258.84527587890625], [224.8273468017578, 227.38623046875, 251.2859649658203, 251.1912384033203], [181.03221130371094, 232.54371643066406, 192.28131103515625, 261.9512023925781], [112.31172943115234, 139.65798950195312, 131.171875, 155.50213623046875], [252.2549285888672, 229.38238525390625, 269.117431640625, 245.8294219970703], [145.90660095214844, 214.74069213867188, 156.50692749023438, 232.07652282714844], [236.5831298828125, 187.04833984375, 246.88182067871094, 204.08363342285156], [185.8392333984375, 190.7744903564453, 199.6975555419922, 222.27345275878906], [236.66754150390625, 187.4959259033203, 250.99026489257812, 222.08587646484375], [264.2262268066406, 205.04327392578125, 272.77264404296875, 224.41098022460938], [142.74703979492188, 214.2545166015625, 156.9771728515625, 269.6735534667969], [167.18638610839844, 187.6399688720703, 188.47015380859375, 270.4798889160156], [181.03363037109375, 232.37242126464844, 194.34730529785156, 262.5476379394531], [211.79527282714844, 198.88446044921875, 226.14895629882812, 272.76318359375], [220.843017578125, 219.04331970214844, 231.76959228515625, 229.18795776367188], [331.7003173828125, 236.38088989257812, 339.1941223144531, 256.53228759765625], [224.9954376220703, 193.72586059570312, 252.46710205078125, 256.34747314453125], [473.7923889160156, 15.403512954711914, 499.9671936035156, 60.74012756347656], [251.7213592529297, 204.8993377685547, 270.4805908203125, 245.99435424804688], [187.60215759277344, 228.8421173095703, 196.0673065185547, 248.38702392578125], [185.13499450683594, 195.45574951171875, 191.5552215576172, 204.00045776367188], [143.2642822265625, 140.5389404296875, 152.9020233154297, 166.3892364501953], [221.68283081054688, 226.75833129882812, 231.7099151611328, 240.27407836914062], [492.4588623046875, 98.04307556152344, 499.8428649902344, 112.45979309082031], [181.40353393554688, 232.9537353515625, 190.7357177734375, 249.31329345703125], [256.049072265625, 215.3544921875, 271.5431213378906, 235.0391387939453], [217.4237060546875, 205.7020263671875, 227.6746368408203, 228.53465270996094], [224.50161743164062, 202.42324829101562, 240.16213989257812, 223.18345642089844], [224.008056640625, 216.060546875, 252.61697387695312, 253.51705932617188], [124.72933197021484, 224.52874755859375, 140.31517028808594, 301.0622253417969], [143.73504638671875, 140.74510192871094, 152.19119262695312, 156.80177307128906], [0.5248422026634216, 199.79562377929688, 17.426658630371094, 234.40765380859375], [492.3320007324219, 89.2644271850586, 500.0216369628906, 111.30261993408203], [223.33872985839844, 209.9188690185547, 251.55198669433594, 252.24412536621094], [224.8273468017578, 227.38623046875, 251.2859649658203, 251.1912384033203], [0.010685995221138, 181.1887664794922, 17.029720306396484, 214.33187866210938], [242.5293426513672, 245.7635498046875, 257.84332275390625, 258.0597839355469], [329.6331481933594, 198.6682891845703, 340.7347412109375, 264.3834533691406], [145.2999267578125, 243.287841796875, 156.2172088623047, 269.02667236328125], [222.4286346435547, 206.0799102783203, 234.7931671142578, 226.73707580566406], [336.9871826171875, 192.17514038085938, 353.8927307128906, 219.8429718017578], [141.7228546142578, 214.55577087402344, 156.23439025878906, 264.61138916015625], [197.02183532714844, 188.3654327392578, 222.20436096191406, 276.9861145019531], [220.71485900878906, 238.53915405273438, 233.64974975585938, 257.4738464355469], [315.77191162109375, 197.96047973632812, 328.7679748535156, 266.3128662109375], [241.0271759033203, 218.24591064453125, 251.17930603027344, 235.72573852539062], [185.3340606689453, 227.902099609375, 195.98350524902344, 249.38055419921875], [4.803091049194336, 205.92893981933594, 14.138925552368164, 214.10972595214844], [181.03221130371094, 232.54371643066406, 192.28131103515625, 261.9512023925781], [322.384521484375, 211.35968017578125, 330.6383361816406, 239.3288116455078], [134.98243713378906, 175.4791259765625, 154.43202209472656, 231.289794921875], [283.32440185546875, 141.41256713867188, 295.19500732421875, 155.37158203125], [242.43258666992188, 211.3468017578125, 252.4662322998047, 234.52516174316406], [267.03106689453125, 222.08419799804688, 273.7081604003906, 238.43557739257812], [215.47239685058594, 205.71543884277344, 226.88931274414062, 239.53652954101562], [4.82117223739624, 205.81553649902344, 15.176573753356934, 220.2158203125], [421.27801513671875, 115.54683685302734, 439.5513916015625, 134.74099731445312], [231.8040313720703, 214.85841369628906, 251.65582275390625, 240.23243713378906], [257.0803527832031, 216.56446838378906, 271.65142822265625, 234.60401916503906], [4.786579608917236, 205.9990234375, 15.240839004516602, 220.10716247558594], [170.8864288330078, 187.2502899169922, 187.9113006591797, 203.9164581298828], [224.008056640625, 216.060546875, 252.61697387695312, 253.51705932617188], [231.8040313720703, 214.85841369628906, 251.65582275390625, 240.23243713378906], [265.31634521484375, 219.91412353515625, 272.8597717285156, 235.83718872070312], [235.093505859375, 215.06065368652344, 252.16299438476562, 241.0699462890625], [338.00286865234375, 192.7986602783203, 353.1257629394531, 213.10543823242188], [142.36976623535156, 233.96900939941406, 151.12496948242188, 247.38026428222656], [251.01602172851562, 204.22586059570312, 272.3858947753906, 265.6171569824219], [324.3116455078125, 210.37355041503906, 337.4487609863281, 239.7125701904297], [242.07810974121094, 243.78936767578125, 257.39862060546875, 257.8887634277344], [252.0846405029297, 216.80020141601562, 269.55523681640625, 245.66690063476562], [411.3808288574219, 117.22407531738281, 435.69659423828125, 156.71377563476562], [223.7880859375, 253.73902893066406, 261.83575439453125, 278.1094055175781], [264.70220947265625, 206.2254638671875, 273.62255859375, 238.1307373046875], [1.9608917236328125, 205.0612030029297, 16.791500091552734, 233.96267700195312], [442.5711975097656, 16.020681381225586, 468.7727966308594, 34.84735870361328], [323.03118896484375, 210.11180114746094, 335.1145324707031, 239.71400451660156], [252.25689697265625, 203.60313415527344, 270.6890869140625, 232.49777221679688], [329.9583740234375, 212.48561096191406, 339.8877868652344, 260.09619140625], [315.7984619140625, 197.89512634277344, 328.3679504394531, 266.7615661621094], [252.2549285888672, 229.38238525390625, 269.117431640625, 245.8294219970703], [465.0160827636719, 19.643680572509766, 477.6224060058594, 36.49844741821289], [173.38113403320312, 187.01870727539062, 183.576904296875, 201.18650817871094], [421.27801513671875, 115.54683685302734, 439.5513916015625, 134.74099731445312], [318.64495849609375, 198.53652954101562, 332.3493957519531, 266.0001220703125], [220.00680541992188, 217.34120178222656, 231.75335693359375, 229.60537719726562], [473.6260070800781, 15.209513664245605, 499.7082824707031, 40.65653610229492], [212.3055877685547, 197.53089904785156, 220.82339477539062, 211.5450439453125], [219.27073669433594, 204.89474487304688, 237.65260314941406, 257.1784362792969], [224.7347412109375, 256.40826416015625, 243.05873107910156, 270.9586181640625], [235.093505859375, 215.06065368652344, 252.16299438476562, 241.0699462890625], [248.96405029296875, 218.46511840820312, 255.6374969482422, 234.44281005859375], [166.89654541015625, 192.82540893554688, 189.2054443359375, 270.7962341308594], [315.5316467285156, 198.3032684326172, 326.8987121582031, 212.8550567626953], [213.03228759765625, 204.418212890625, 225.36204528808594, 239.51397705078125], [323.03118896484375, 210.11180114746094, 335.1145324707031, 239.71400451660156], [243.50352478027344, 208.6269989013672, 251.7285919189453, 222.74807739257812], [213.77975463867188, 200.47427368164062, 230.5759735107422, 271.3272399902344], [208.73439025878906, 188.30662536621094, 221.79672241210938, 214.62013244628906], [181.02587890625, 191.17652893066406, 191.00027465820312, 204.4515838623047], [142.74703979492188, 214.2545166015625, 156.9771728515625, 269.6735534667969], [171.1510772705078, 187.0550994873047, 184.3843994140625, 202.12022399902344], [491.2561950683594, 79.01488494873047, 499.831298828125, 91.77481842041016], [24.696264266967773, 218.45521545410156, 35.19108581542969, 233.0903778076172], [205.61573791503906, 200.74539184570312, 220.7318115234375, 224.06773376464844], [402.7660217285156, 16.38514518737793, 499.6674499511719, 120.50767517089844], [241.6306915283203, 255.53651428222656, 256.85675048828125, 270.1551818847656], [252.0846405029297, 216.80020141601562, 269.55523681640625, 245.66690063476562], [242.43258666992188, 211.3468017578125, 252.4662322998047, 234.52516174316406], [251.7213592529297, 204.8993377685547, 270.4805908203125, 245.99435424804688], [145.90660095214844, 214.74069213867188, 156.50692749023438, 232.07652282714844], [234.6896209716797, 191.54672241210938, 245.6720733642578, 219.74951171875], [252.3146514892578, 218.7500762939453, 269.40289306640625, 245.8333740234375], [254.08709716796875, 203.5905303955078, 264.9396667480469, 214.8466796875], [182.40936279296875, 215.24606323242188, 189.42030334472656, 234.4950714111328], [181.03363037109375, 232.37242126464844, 194.34730529785156, 262.5476379394531], [350.33551025390625, 220.15513610839844, 364.6496276855469, 287.8934631347656], [217.77249145507812, 205.77169799804688, 232.89004516601562, 240.18310546875], [224.8273468017578, 227.38623046875, 251.2859649658203, 251.1912384033203], [145.16043090820312, 194.8868408203125, 156.57028198242188, 231.00587463378906], [238.1640167236328, 192.87728881835938, 245.63055419921875, 203.81610107421875], [203.14288330078125, 201.00128173828125, 224.1436004638672, 239.1137237548828], [146.7130584716797, 194.87486267089844, 155.0812225341797, 211.93663024902344], [186.41989135742188, 199.5648651123047, 199.66355895996094, 221.8003387451172], [242.5293426513672, 245.7635498046875, 257.84332275390625, 258.0597839355469], [145.16043090820312, 194.8868408203125, 156.57028198242188, 231.00587463378906], [209.56948852539062, 201.86512756347656, 223.29840087890625, 231.83201599121094], [322.2807922363281, 209.40557861328125, 335.9623107910156, 256.6669616699219], [228.29385375976562, 188.28631591796875, 243.43983459472656, 204.8598175048828], [228.64479064941406, 188.65965270996094, 236.68711853027344, 203.20960998535156], [338.00286865234375, 192.7986602783203, 353.1257629394531, 213.10543823242188], [378.3059997558594, 94.54289245605469, 391.0545349121094, 109.47348022460938], [335.89056396484375, 191.88429260253906, 354.3365783691406, 265.614501953125], [324.3116455078125, 210.37355041503906, 337.4487609863281, 239.7125701904297], [323.62811279296875, 238.07754516601562, 334.6169738769531, 260.56402587890625], [215.92320251464844, 220.76341247558594, 224.54344177246094, 239.5586395263672], [198.32342529296875, 191.2194366455078, 205.90966796875, 202.56236267089844], [329.6159362792969, 214.80169677734375, 339.04052734375, 239.35011291503906], [252.87159729003906, 231.8641357421875, 268.1115417480469, 245.6704559326172], [218.0325164794922, 205.508544921875, 225.35818481445312, 217.40110778808594], [243.50352478027344, 208.6269989013672, 251.7285919189453, 222.74807739257812], [251.96141052246094, 204.2171173095703, 260.2498474121094, 220.80859375], [252.460205078125, 243.70596313476562, 267.13482666015625, 257.11370849609375], [329.9583740234375, 212.48561096191406, 339.8877868652344, 260.09619140625], [135.30345153808594, 209.15850830078125, 144.43804931640625, 263.9326477050781], [223.33872985839844, 209.9188690185547, 251.55198669433594, 252.24412536621094], [227.02166748046875, 191.92454528808594, 233.49671936035156, 203.6338653564453], [134.443603515625, 176.8574676513672, 145.00779724121094, 237.228759765625], [222.95872497558594, 205.64312744140625, 232.90176391601562, 221.90853881835938], [224.008056640625, 216.060546875, 252.61697387695312, 253.51705932617188], [322.4349670410156, 210.2530517578125, 337.434814453125, 258.24822998046875], [241.6306915283203, 255.53651428222656, 256.85675048828125, 270.1551818847656], [141.67889404296875, 140.485107421875, 154.2362518310547, 188.60498046875], [194.5423583984375, 188.99151611328125, 207.80850219726562, 268.2976379394531], [442.1943664550781, 15.923434257507324, 458.86297607421875, 26.91043472290039], [256.049072265625, 215.3544921875, 271.5431213378906, 235.0391387939453], [224.008056640625, 216.060546875, 252.61697387695312, 253.51705932617188], [4.786579608917236, 205.9990234375, 15.240839004516602, 220.10716247558594], [4.82117223739624, 205.81553649902344, 15.176573753356934, 220.2158203125], [224.008056640625, 216.060546875, 252.61697387695312, 253.51705932617188], [474.0852355957031, 16.62291145324707, 499.87969970703125, 116.5704345703125], [242.3317413330078, 205.43287658691406, 253.07455444335938, 222.1501007080078], [181.0936737060547, 231.0093231201172, 192.7493438720703, 266.4717102050781], [490.953125, 20.756643295288086, 500.3984069824219, 40.732303619384766], [218.5905303955078, 228.8956756591797, 224.71484375, 239.8321533203125], [315.5316467285156, 198.3032684326172, 326.8987121582031, 212.8550567626953], [492.3320007324219, 89.2644271850586, 500.0216369628906, 111.30261993408203], [253.85472106933594, 189.68975830078125, 262.18548583984375, 203.535400390625], [350.33551025390625, 220.15513610839844, 364.6496276855469, 287.8934631347656], [253.32704162597656, 203.96731567382812, 273.09588623046875, 262.66253662109375], [198.1012725830078, 190.09642028808594, 205.84561157226562, 202.59315490722656], [263.099609375, 190.6601104736328, 273.78271484375, 223.89134216308594], [186.41989135742188, 199.5648651123047, 199.66355895996094, 221.8003387451172], [249.54737854003906, 219.18394470214844, 256.7232360839844, 239.1099090576172], [264.8687438964844, 267.6682434082031, 275.5777893066406, 278.3628845214844], [145.90660095214844, 214.74069213867188, 156.50692749023438, 232.07652282714844], [1.9608917236328125, 205.0612030029297, 16.791500091552734, 233.96267700195312], [217.77249145507812, 205.77169799804688, 232.89004516601562, 240.18310546875], [181.40353393554688, 232.9537353515625, 190.7357177734375, 249.31329345703125], [217.4237060546875, 205.7020263671875, 227.6746368408203, 228.53465270996094], [193.25636291503906, 190.26406860351562, 207.8763427734375, 269.0063781738281], [224.7347412109375, 256.40826416015625, 243.05873107910156, 270.9586181640625], [242.80532836914062, 243.59490966796875, 256.9825744628906, 257.8023986816406], [242.5293426513672, 245.7635498046875, 257.84332275390625, 258.0597839355469], [253.5776824951172, 255.44805908203125, 275.302490234375, 278.2964782714844], [217.4237060546875, 205.7020263671875, 227.6746368408203, 228.53465270996094], [224.6185302734375, 255.4773712158203, 257.55419921875, 271.4189453125], [220.71485900878906, 238.53915405273438, 233.64974975585938, 257.4738464355469], [217.77249145507812, 205.77169799804688, 232.89004516601562, 240.18310546875], [145.2999267578125, 243.287841796875, 156.2172088623047, 269.02667236328125], [215.47239685058594, 205.71543884277344, 226.88931274414062, 239.53652954101562], [234.30154418945312, 204.65872192382812, 252.21408081054688, 224.01031494140625], [331.7003173828125, 236.38088989257812, 339.1941223144531, 256.53228759765625], [403.83282470703125, 64.83883666992188, 422.32073974609375, 80.27523040771484], [168.94973754882812, 190.01303100585938, 176.4397735595703, 200.72903442382812], [142.74703979492188, 214.2545166015625, 156.9771728515625, 269.6735534667969], [224.6185302734375, 255.4773712158203, 257.55419921875, 271.4189453125], [181.03363037109375, 232.37242126464844, 194.34730529785156, 262.5476379394531], [222.4286346435547, 206.0799102783203, 234.7931671142578, 226.73707580566406], [252.2549285888672, 229.38238525390625, 269.117431640625, 245.8294219970703], [241.10972595214844, 203.2805938720703, 263.2982177734375, 221.43405151367188], [241.6306915283203, 255.53651428222656, 256.85675048828125, 270.1551818847656], [141.8826141357422, 234.12818908691406, 151.983154296875, 263.45819091796875], [350.74932861328125, 220.35614013671875, 361.6582336425781, 237.7808074951172], [257.0803527832031, 216.56446838378906, 271.65142822265625, 234.60401916503906], [224.50161743164062, 202.42324829101562, 240.16213989257812, 223.18345642089844], [242.07810974121094, 243.78936767578125, 257.39862060546875, 257.8887634277344], [141.8826141357422, 234.12818908691406, 151.983154296875, 263.45819091796875], [188.91632080078125, 228.85971069335938, 198.69435119628906, 264.412109375], [224.008056640625, 216.060546875, 252.61697387695312, 253.51705932617188], [239.72630310058594, 203.6482391357422, 264.3516540527344, 221.51438903808594], [224.9954376220703, 193.72586059570312, 252.46710205078125, 256.34747314453125], [336.9871826171875, 192.17514038085938, 353.8927307128906, 219.8429718017578], [447.81903076171875, 101.72979736328125, 474.89093017578125, 121.60092163085938], [191.75546264648438, 230.46266174316406, 199.92222595214844, 268.2408752441406], [253.50601196289062, 266.1861877441406, 264.5205383300781, 277.1065979003906], [197.67234802246094, 184.8732147216797, 204.74334716796875, 201.7151336669922], [188.91632080078125, 228.85971069335938, 198.69435119628906, 264.412109375], [323.32427978515625, 212.69166564941406, 332.5987854003906, 239.51889038085938], [186.13729858398438, 195.01882934570312, 199.50083923339844, 248.30870056152344], [224.8273468017578, 227.38623046875, 251.2859649658203, 251.1912384033203], [142.74703979492188, 214.2545166015625, 156.9771728515625, 269.6735534667969], [193.83941650390625, 238.63677978515625, 201.1438446044922, 267.79437255859375], [221.75950622558594, 228.1523895263672, 236.4552459716797, 257.0422668457031], [242.08865356445312, 252.2579803466797, 260.9084777832031, 269.4031982421875], [134.9263916015625, 170.4680633544922, 154.43263244628906, 213.37298583984375], [227.02166748046875, 191.92454528808594, 233.49671936035156, 203.6338653564453], [223.7880859375, 253.73902893066406, 261.83575439453125, 278.1094055175781], [366.5036926269531, 92.81407928466797, 391.8199768066406, 109.75213623046875], [224.6185302734375, 255.4773712158203, 257.55419921875, 271.4189453125], [266.7565002441406, 229.5133819580078, 272.609375, 239.1223602294922], [327.86126708984375, 210.47348022460938, 335.1343688964844, 225.1893310546875], [323.62811279296875, 238.07754516601562, 334.6169738769531, 260.56402587890625], [188.91632080078125, 228.85971069335938, 198.69435119628906, 264.412109375], [146.7130584716797, 194.87486267089844, 155.0812225341797, 211.93663024902344], [315.08587646484375, 198.5027618408203, 326.3998718261719, 225.24000549316406], [181.0936737060547, 231.0093231201172, 192.7493438720703, 266.4717102050781], [253.5776824951172, 255.44805908203125, 275.302490234375, 278.2964782714844], [378.3059997558594, 94.54289245605469, 391.0545349121094, 109.47348022460938], [253.50601196289062, 266.1861877441406, 264.5205383300781, 277.1065979003906], [242.08865356445312, 252.2579803466797, 260.9084777832031, 269.4031982421875], [255.25453186035156, 254.7740020751953, 265.2708740234375, 265.9894714355469], [242.3317413330078, 205.43287658691406, 253.07455444335938, 222.1501007080078], [134.10414123535156, 177.26036071777344, 143.90087890625, 239.98158264160156], [253.5776824951172, 255.44805908203125, 275.302490234375, 278.2964782714844], [260.05633544921875, 31.831043243408203, 276.3650207519531, 108.34461212158203], [224.8273468017578, 227.38623046875, 251.2859649658203, 251.1912384033203], [224.6185302734375, 255.4773712158203, 257.55419921875, 271.4189453125], [218.0325164794922, 205.508544921875, 225.35818481445312, 217.40110778808594], [145.2999267578125, 243.287841796875, 156.2172088623047, 269.02667236328125], [146.7130584716797, 194.87486267089844, 155.0812225341797, 211.93663024902344], [223.33872985839844, 209.9188690185547, 251.55198669433594, 252.24412536621094], [331.7003173828125, 236.38088989257812, 339.1941223144531, 256.53228759765625], [24.696264266967773, 218.45521545410156, 35.19108581542969, 233.0903778076172], [221.9007568359375, 203.8053741455078, 257.31988525390625, 261.43231201171875], [181.40353393554688, 232.9537353515625, 190.7357177734375, 249.31329345703125]), Score: [0.8735729455947876, 0.8715111017227173, 0.8489087224006653, 0.8245420455932617, 0.8206250071525574, 0.7736684083938599, 0.6060256958007812, 0.5611526966094971, 0.4138169288635254, 0.3542097508907318, 0.35137227177619934, 0.34683987498283386, 0.3023684024810791, 0.2909802198410034, 0.23712773621082306, 0.22996146976947784, 0.21026799082756042, 0.1954924464225769, 0.19160722196102142, 0.18798500299453735, 0.186709925532341, 0.1840589940547943, 0.18190285563468933, 0.17786996066570282, 0.16933497786521912, 0.16863246262073517, 0.1667618304491043, 0.16527937352657318, 0.16450485587120056, 0.15440475940704346, 0.14536939561367035, 0.14486008882522583, 0.14485599100589752, 0.14030706882476807, 0.1397174894809723, 0.1395653635263443, 0.13756892085075378, 0.13495175540447235, 0.1321723610162735, 0.13030080497264862, 0.1296524703502655, 0.12871845066547394, 0.12760059535503387, 0.12723328173160553, 0.12214004993438721, 0.1220400333404541, 0.11986076086759567, 0.11878608912229538, 0.11878155171871185, 0.11862246692180634, 0.11498439311981201, 0.11384322494268417, 0.1130330041050911, 0.11080541461706161, 0.11011923104524612, 0.10825596004724503, 0.10769903659820557, 0.10630537569522858, 0.10600270330905914, 0.10594864934682846, 0.10568574070930481, 0.1050625592470169, 0.10337615758180618, 0.10303867608308792, 0.10233300179243088, 0.1023118868470192, 0.1020660549402237, 0.10206296294927597, 0.10141358524560928, 0.10127115994691849, 0.1011243537068367, 0.10007276386022568, 0.09977675974369049, 0.09951693564653397, 0.09929437190294266, 0.09910916537046432, 0.0990508496761322, 0.09861872345209122, 0.09779267758131027, 0.09762301295995712, 0.09755244106054306, 0.09741737693548203, 0.09724767506122589, 0.09607087820768356, 0.09535051137208939, 0.09420324862003326, 0.09383806586265564, 0.09367992728948593, 0.09303028136491776, 0.09267725050449371, 0.09168855845928192, 0.09161830693483353, 0.09128239750862122, 0.09114301204681396, 0.09070023149251938, 0.09039667248725891, 0.08998697996139526, 0.08957356214523315, 0.08860856294631958, 0.0883832722902298, 0.08755094558000565, 0.08744021505117416, 0.08711807429790497, 0.08663278073072433, 0.08599328249692917, 0.08467884361743927, 0.08338971436023712, 0.08297698199748993, 0.08255986124277115, 0.0816265121102333, 0.0814683586359024, 0.08071479946374893, 0.08052618056535721, 0.08027971535921097, 0.08020489662885666, 0.07958659529685974, 0.07775449007749557, 0.07767552137374878, 0.07724279910326004, 0.07712343335151672, 0.0763387456536293, 0.07621903717517853, 0.07582619786262512, 0.07572317868471146, 0.07554032653570175, 0.0751376748085022, 0.07503149658441544, 0.07494708150625229, 0.07448475807905197, 0.07437917590141296, 0.07424475997686386, 0.07407724857330322, 0.07363566756248474, 0.07293663173913956, 0.07267490774393082, 0.07247697561979294, 0.07240565121173859, 0.07182788103818893, 0.07161782681941986, 0.07146326452493668, 0.07092620432376862, 0.07058269530534744, 0.06945451349020004, 0.0692531019449234, 0.06904448568820953, 0.06843233108520508, 0.06803030520677567, 0.06799215823411942, 0.06776951998472214, 0.06758777052164078, 0.0675402358174324, 0.06696544587612152, 0.0657079815864563, 0.06542207300662994, 0.06529410183429718, 0.06528788805007935, 0.06508658081293106, 0.06487446278333664, 0.06477808207273483, 0.06467226147651672, 0.06426640599966049, 0.06424258649349213, 0.06385332345962524, 0.06375937163829803, 0.06276081502437592, 0.06209516525268555, 0.06192946061491966, 0.06157848238945007, 0.061376363039016724, 0.06044572964310646, 0.06025923416018486, 0.0597621351480484, 0.059583477675914764, 0.058846525847911835, 0.05803585425019264, 0.0577378012239933, 0.05753178894519806, 0.05715644359588623, 0.05714930221438408, 0.05714182183146477, 0.05704605206847191, 0.05690724030137062, 0.05673488229513168, 0.05627252161502838, 0.05614859238266945, 0.05602076277136803, 0.05589843913912773, 0.05579787492752075, 0.05537605285644531, 0.05531885102391243, 0.05509759113192558, 0.054901279509067535, 0.05477604642510414, 0.054455146193504333, 0.054371241480112076, 0.05430109053850174, 0.05399259179830551, 0.05372340604662895, 0.05363640934228897, 0.053581565618515015, 0.053196072578430176, 0.053177859634160995, 0.052891697734594345, 0.052837882190942764, 0.05239745229482651, 0.05212405323982239, 0.0519653782248497, 0.05195670947432518, 0.051610056310892105, 0.05147484689950943, 0.0513017401099205, 0.0511648990213871, 0.050970740616321564, 0.0509294755756855, 0.05072392150759697, 0.05067342147231102, 0.05056620389223099, 0.050504058599472046, 0.05046481639146805, 0.05034656822681427, 0.050291191786527634, 0.05010863021016121, 0.05004454776644707, 0.04994209483265877, 0.049707163125276566, 0.04944673553109169, 0.049292903393507004, 0.04900087043642998, 0.048969436436891556, 0.048448629677295685, 0.04834374785423279, 0.04833468049764633, 0.04807853326201439, 0.04776657372713089, 0.04761939495801926, 0.04756607115268707, 0.047560326755046844, 0.047541264444589615, 0.047037165611982346, 0.04702311381697655, 0.04683968797326088, 0.04659351706504822, 0.04652881622314453, 0.046386271715164185, 0.046116624027490616, 0.04584645479917526, 0.045587725937366486, 0.04554767161607742, 0.045339904725551605, 0.044984180480241776, 0.044942960143089294, 0.044933974742889404, 0.04479485750198364, 0.04468828812241554, 0.04462216794490814, 0.04456137493252754, 0.04454347491264343, 0.04436052590608597, 0.04430801048874855, 0.04407908767461777, 0.04406379908323288, 0.04362181946635246, 0.04356740787625313, 0.04345759004354477, 0.0434347428381443, 0.043415557593107224, 0.04339795559644699, 0.04326190426945686, 0.04320329800248146, 0.04297858849167824, 0.04293538257479668, 0.042777907103300095, 0.04250205308198929, 0.0423237606883049, 0.042279038578271866, 0.042033519595861435, 0.0419582724571228, 0.04195382446050644, 0.041805922985076904, 0.041800256818532944, 0.041746363043785095, 0.04169891029596329, 0.041671235114336014, 0.041587550193071365, 0.04152756184339523, 0.041477613151073456, 0.04106904938817024, 0.04095066338777542, 0.04084143042564392, 0.04064776003360748, 0.040588125586509705, 0.04058169201016426, 0.04057009145617485, 0.040498342365026474, 0.04036136344075203, 0.0403241403400898, 0.040318336337804794, 0.04015997424721718, 0.040151290595531464, 0.04014065861701965]

Execution time: 0.4196 sec
