Label: tensor([ 0, 14, 14, 24, 14, 26, 28, 14, 14, 16, 72, 26, 28, 28, 72, 71,  0, 26,
        67, 14, 71, 62,  0, 16, 62, 72, 26, 73, 28, 73, 15, 28, 56, 28, 28, 62,
        26, 72, 72, 26, 71, 62, 14, 62,  0, 62, 67,  9, 56, 73, 62, 72, 74,  0,
        16, 24, 26, 71, 71, 33, 73, 73, 62, 56, 76, 73,  0, 76, 28, 72,  0, 62,
         9, 26, 62,  1, 74,  0, 73, 12, 69, 62,  4, 17, 62, 56, 62, 71, 26, 56,
        72,  6, 61, 74, 28, 15,  0, 56, 15, 26,  0, 62, 25, 59, 13, 72, 12, 67,
        24,  9, 56, 62, 28, 62, 62, 72, 24, 10, 13, 56, 71, 56, 11, 28, 36, 72,
        37, 26,  0, 14, 15, 13, 24,  9, 39,  0, 26, 73, 56, 12, 74, 73, 72, 24,
        73,  0, 13, 13, 26, 72,  1,  0,  8, 56, 62, 56, 74, 61, 13, 62,  0,  2,
        69, 16, 24,  2,  0, 67, 73, 24,  2, 13, 28,  0,  0, 62, 13, 62, 72, 12,
        24, 37, 73, 13,  0, 73,  0, 26,  0, 27, 62,  0, 73, 62, 26, 74, 56, 27,
        72,  0, 26, 72, 62, 62,  2, 13, 74,  0, 56, 28,  0, 62, 13, 62, 60, 27,
         4, 13, 14, 26, 18, 56, 26, 56,  0, 28, 62, 71, 13, 67, 62,  0,  2,  0,
         2,  2, 56, 17,  0, 56,  0, 56, 12, 62, 72, 62, 57, 71, 74, 62, 62,  0,
        62, 69, 12, 56,  0, 59, 28, 28, 72, 36, 12, 69, 73,  9, 28,  2,  0,  2,
         0,  0, 72, 67, 44,  6,  9, 14, 62, 60,  0, 72,  0,  0, 37, 62, 12, 28,
         0,  2,  1, 59,  0, 76, 62, 62, 28,  0, 28,  0]), Box: ([116.39331817626953, 257.5496520996094, 145.75180053710938, 356.490966796875], [248.40260314941406, 54.984867095947266, 273.99639892578125, 80.97091674804688], [264.7259521484375, 54.876136779785156, 273.8213806152344, 69.0376968383789], [121.80510711669922, 269.7001037597656, 143.24942016601562, 302.3495788574219], [248.5675048828125, 58.182159423828125, 266.9378356933594, 81.20922088623047], [142.59593200683594, 280.0973205566406, 150.83782958984375, 301.6841125488281], [138.3817596435547, 280.5089416503906, 151.37904357910156, 310.27520751953125], [254.8965606689453, 67.07150268554688, 265.5148010253906, 81.03718566894531], [248.49183654785156, 58.19752883911133, 255.76116943359375, 68.79670715332031], [235.1216278076172, 391.0614013671875, 322.66546630859375, 498.9791259765625], [240.206787109375, 161.20082092285156, 338.0986633300781, 497.48175048828125], [139.3094024658203, 300.69769287109375, 150.9654998779297, 310.74017333984375], [140.59976196289062, 278.8912658691406, 151.6562957763672, 309.73370361328125], [134.51121520996094, 307.29437255859375, 150.3419189453125, 348.7950439453125], [-0.058464765548706055, 257.9187927246094, 44.89548110961914, 386.22467041015625], [0.2909337282180786, 28.271202087402344, 302.1347351074219, 115.4362564086914], [118.68324279785156, 257.9151611328125, 144.97061157226562, 283.66497802734375], [140.59976196289062, 278.8912658691406, 151.6562957763672, 309.73370361328125], [203.6812286376953, 225.53346252441406, 224.02664184570312, 246.78192138671875], [248.79090881347656, 56.693634033203125, 273.2262268066406, 70.7998275756836], [183.54241943359375, 30.536819458007812, 296.9162292480469, 107.68335723876953], [0.6195512413978577, 0.3362111747264862, 320.30621337890625, 116.87065887451172], [117.28063201904297, 257.85595703125, 145.4521942138672, 301.7184143066406], [-0.024568498134613037, 387.4646911621094, 337.91387939453125, 499.93701171875], [199.50448608398438, 187.2651824951172, 225.6628875732422, 217.84178161621094], [241.56983947753906, 162.0162353515625, 338.0031433105469, 389.3919372558594], [138.3817596435547, 280.5089416503906, 151.37904357910156, 310.27520751953125], [226.7932891845703, -0.0904034823179245, 239.97996520996094, 34.887306213378906], [136.664794921875, 280.2790222167969, 151.38107299804688, 310.2644958496094], [181.0802001953125, -0.2624821066856384, 254.21209716796875, 38.485877990722656], [235.1216278076172, 391.0614013671875, 322.66546630859375, 498.9791259765625], [139.3094024658203, 300.69769287109375, 150.9654998779297, 310.74017333984375], [140.59976196289062, 278.8912658691406, 151.6562957763672, 309.73370361328125], [142.59593200683594, 280.0973205566406, 150.83782958984375, 301.6841125488281], [141.3476104736328, 277.5899963378906, 156.04507446289062, 310.2462463378906], [108.03495025634766, -0.13518333435058594, 182.9487762451172, 43.89732360839844], [121.80510711669922, 269.7001037597656, 143.24942016601562, 302.3495788574219], [185.28919982910156, 174.21981811523438, 245.85874938964844, 392.36334228515625], [-0.038028791546821594, 174.03134155273438, 45.79471206665039, 386.8944396972656], [136.664794921875, 280.2790222167969, 151.38107299804688, 310.2644958496094], [54.66180419921875, 29.667932510375977, 299.9698181152344, 112.31912994384766], [61.15180969238281, 227.9919891357422, 86.8495101928711, 249.7860565185547], [259.0925598144531, 54.78578567504883, 274.40301513671875, 80.73208618164062], [199.16517639160156, 224.297119140625, 227.7673797607422, 247.3527374267578], [248.40260314941406, 54.984867095947266, 273.99639892578125, 80.97091674804688], [241.56983947753906, 162.0162353515625, 338.0031433105469, 389.3919372558594], [198.56143188476562, 187.0957794189453, 227.9161834716797, 247.72898864746094], [248.40260314941406, 54.984867095947266, 273.99639892578125, 80.97091674804688], [138.3817596435547, 280.5089416503906, 151.37904357910156, 310.27520751953125], [189.09417724609375, 0.15363097190856934, 202.45004272460938, 37.80923843383789], [0.23312371969223022, 0.46224892139434814, 338.1564025878906, 389.89495849609375], [165.6756134033203, 239.94155883789062, 187.7033233642578, 338.42352294921875], [199.50448608398438, 187.2651824951172, 225.6628875732422, 217.84178161621094], [254.8965606689453, 67.07150268554688, 265.5148010253906, 81.03718566894531], [174.48545837402344, 390.01763916015625, 323.35906982421875, 499.59844970703125], [130.51751708984375, 271.40008544921875, 151.9568328857422, 307.8985900878906], [130.51751708984375, 271.40008544921875, 151.9568328857422, 307.8985900878906], [104.95368194580078, 30.52853012084961, 300.9046630859375, 109.3697280883789], [111.20686340332031, 30.297874450683594, 303.084716796875, 109.63436889648438], [248.40260314941406, 54.984867095947266, 273.99639892578125, 80.97091674804688], [41.83890914916992, -0.12445636093616486, 109.54546356201172, 48.192649841308594], [108.03495025634766, -0.13518333435058594, 182.9487762451172, 43.89732360839844], [183.54241943359375, 30.536819458007812, 296.9162292480469, 107.68335723876953], [269.1748962402344, 346.2385559082031, 298.9259948730469, 385.4230041503906], [248.40260314941406, 54.984867095947266, 273.99639892578125, 80.97091674804688], [250.83306884765625, 0.007299706339836121, 295.0711364746094, 32.047210693359375], [103.0743179321289, 225.9002227783203, 126.03451538085938, 370.0446472167969], [248.5675048828125, 58.182159423828125, 266.9378356933594, 81.20922088623047], [61.15180969238281, 227.9919891357422, 86.8495101928711, 249.7860565185547], [185.19708251953125, 160.83145141601562, 338.0576171875, 392.3295593261719], [140.59976196289062, 278.8912658691406, 151.6562957763672, 309.73370361328125], [0.04087698459625244, 1.339152455329895, 338.0373840332031, 499.02557373046875], [254.8965606689453, 67.07150268554688, 265.5148010253906, 81.03718566894531], [132.97108459472656, 283.64752197265625, 146.17022705078125, 307.0323791503906], [281.0316162109375, 0.7546320557594299, 337.9176330566406, 138.14190673828125], [269.1748962402344, 346.2385559082031, 298.9259948730469, 385.4230041503906], [257.682373046875, 165.64585876464844, 278.0481872558594, 183.04429626464844], [185.28919982910156, 174.21981811523438, 245.85874938964844, 392.36334228515625], [226.9336700439453, -0.4378184676170349, 253.5956573486328, 34.66116714477539], [142.59593200683594, 280.0973205566406, 150.83782958984375, 301.6841125488281], [241.56983947753906, 162.0162353515625, 338.0031433105469, 389.3919372558594], [0.057276129722595215, 0.47966837882995605, 338.0198974609375, 499.4889831542969], [248.40260314941406, 54.984867095947266, 273.99639892578125, 80.97091674804688], [248.40260314941406, 54.984867095947266, 273.99639892578125, 80.97091674804688], [241.46656799316406, 161.5828857421875, 338.1336975097656, 305.0244445800781], [248.5860137939453, 300.5434265136719, 300.7539978027344, 385.82855224609375], [203.6812286376953, 225.53346252441406, 224.02664184570312, 246.78192138671875], [0.6195512413978577, 0.3362111747264862, 320.30621337890625, 116.87065887451172], [135.80563354492188, 269.48095703125, 152.02064514160156, 307.0819396972656], [136.664794921875, 280.2790222167969, 151.38107299804688, 310.2644958496094], [0.04087698459625244, 1.339152455329895, 338.0373840332031, 499.02557373046875], [0.23312371969223022, 0.46224892139434814, 338.1564025878906, 389.89495849609375], [134.48692321777344, 277.7816162109375, 156.478759765625, 349.0179138183594], [203.6812286376953, 225.53346252441406, 224.02664184570312, 246.78192138671875], [134.48692321777344, 277.7816162109375, 156.478759765625, 349.0179138183594], [248.40260314941406, 54.984867095947266, 273.99639892578125, 80.97091674804688], [264.7259521484375, 54.876136779785156, 273.8213806152344, 69.0376968383789], [141.3476104736328, 277.5899963378906, 156.04507446289062, 310.2462463378906], [174.48545837402344, 390.01763916015625, 323.35906982421875, 499.59844970703125], [134.51121520996094, 307.29437255859375, 150.3419189453125, 348.7950439453125], [142.59593200683594, 280.0973205566406, 150.83782958984375, 301.6841125488281], [56.32695388793945, 192.7444610595703, 85.57237243652344, 221.0319061279297], [248.40260314941406, 54.984867095947266, 273.99639892578125, 80.97091674804688], [-0.024568498134613037, 387.4646911621094, 337.91387939453125, 499.93701171875], [134.51121520996094, 307.29437255859375, 150.3419189453125, 348.7950439453125], [0.057276129722595215, 0.47966837882995605, 338.0198974609375, 499.4889831542969], [140.59976196289062, 278.8912658691406, 151.6562957763672, 309.73370361328125], [199.16517639160156, 224.297119140625, 227.7673797607422, 247.3527374267578], [142.59593200683594, 280.0973205566406, 150.83782958984375, 301.6841125488281], [61.15180969238281, 227.9919891357422, 86.8495101928711, 249.7860565185547], [134.51121520996094, 307.29437255859375, 150.3419189453125, 348.7950439453125], [41.05217742919922, -0.19932352006435394, 183.4839324951172, 48.31767272949219], [269.1748962402344, 346.2385559082031, 298.9259948730469, 385.4230041503906], [250.83306884765625, 0.007299706339836121, 295.0711364746094, 32.047210693359375], [0.2909337282180786, 28.271202087402344, 302.1347351074219, 115.4362564086914], [181.96649169921875, 109.05662536621094, 246.4398651123047, 392.66033935546875], [135.80563354492188, 269.48095703125, 152.02064514160156, 307.0819396972656], [116.39331817626953, 257.5496520996094, 145.75180053710938, 356.490966796875], [112.01013946533203, 298.6405944824219, 151.15725708007812, 350.6571044921875], [106.35480499267578, 275.77313232421875, 153.82627868652344, 356.4348449707031], [7.2044830322265625, 26.163272857666016, 302.91558837890625, 110.15831756591797], [134.48692321777344, 277.7816162109375, 156.478759765625, 349.0179138183594], [56.32695388793945, 192.7444610595703, 85.57237243652344, 221.0319061279297], [108.03495025634766, -0.13518333435058594, 182.9487762451172, 43.89732360839844], [115.6356201171875, 349.528564453125, 138.06640625, 369.4012145996094], [0.23312371969223022, 0.46224892139434814, 338.1564025878906, 389.89495849609375], [185.28919982910156, 174.21981811523438, 245.85874938964844, 392.36334228515625], [135.9464874267578, 282.9617919921875, 150.3675994873047, 305.2593994140625], [235.1216278076172, 391.0614013671875, 322.66546630859375, 498.9791259765625], [255.16990661621094, 67.7176284790039, 270.6612243652344, 81.25020599365234], [-0.024568498134613037, 387.4646911621094, 337.91387939453125, 499.93701171875], [140.59976196289062, 278.8912658691406, 151.6562957763672, 309.73370361328125], [140.59976196289062, 278.8912658691406, 151.6562957763672, 309.73370361328125], [248.5675048828125, 58.182159423828125, 266.9378356933594, 81.20922088623047], [248.40260314941406, 54.984867095947266, 273.99639892578125, 80.97091674804688], [203.6812286376953, 225.53346252441406, 224.02664184570312, 246.78192138671875], [136.22767639160156, 280.31451416015625, 151.4740447998047, 302.9264221191406], [41.7507209777832, -0.023698434233665466, 83.5296401977539, 47.9164924621582], [246.53125, 302.985595703125, 279.3840637207031, 384.50115966796875], [254.8965606689453, 67.07150268554688, 265.5148010253906, 81.03718566894531], [61.15180969238281, 227.9919891357422, 86.8495101928711, 249.7860565185547], [199.16517639160156, 224.297119140625, 227.7673797607422, 247.3527374267578], [41.21514129638672, 0.8673369884490967, 338.04754638671875, 390.3616943359375], [138.3817596435547, 280.5089416503906, 151.37904357910156, 310.27520751953125], [203.6812286376953, 225.53346252441406, 224.02664184570312, 246.78192138671875], [0.23312371969223022, 0.46224892139434814, 338.1564025878906, 389.89495849609375], [106.35480499267578, 275.77313232421875, 153.82627868652344, 356.4348449707031], [249.65078735351562, 345.414794921875, 299.28729248046875, 385.69512939453125], [112.94677734375, 271.84857177734375, 126.67628479003906, 302.2937316894531], [43.1936149597168, 16.348957061767578, 311.1368713378906, 391.15386962890625], [249.65078735351562, 345.414794921875, 299.28729248046875, 385.69512939453125], [248.5675048828125, 58.182159423828125, 266.9378356933594, 81.20922088623047], [248.40260314941406, 54.984867095947266, 273.99639892578125, 80.97091674804688], [277.4379577636719, 346.995849609375, 298.16607666015625, 383.8594970703125], [181.0802001953125, -0.2624821066856384, 254.21209716796875, 38.485877990722656], [142.59593200683594, 280.0973205566406, 150.83782958984375, 301.6841125488281], [199.16517639160156, 224.297119140625, 227.7673797607422, 247.3527374267578], [134.51121520996094, 307.29437255859375, 150.3419189453125, 348.7950439453125], [248.5860137939453, 300.5434265136719, 300.7539978027344, 385.82855224609375], [0.19442757964134216, -0.15539303421974182, 110.16143798828125, 51.24845504760742], [268.8982238769531, 260.4964599609375, 285.4437561035156, 302.2922668457031], [246.021484375, 274.3461608886719, 337.7352294921875, 386.502197265625], [245.15943908691406, 272.8638610839844, 315.2639465332031, 385.93096923828125], [0.2940060496330261, 386.5438232421875, 232.23670959472656, 499.4081726074219], [137.2089080810547, 270.1983642578125, 145.2122344970703, 282.3099670410156], [0.6195512413978577, 0.3362111747264862, 320.30621337890625, 116.87065887451172], [61.15180969238281, 227.9919891357422, 86.8495101928711, 249.7860565185547], [248.40260314941406, 54.984867095947266, 273.99639892578125, 80.97091674804688], [56.32695388793945, 192.7444610595703, 85.57237243652344, 221.0319061279297], [112.94677734375, 271.84857177734375, 126.67628479003906, 302.2937316894531], [281.2870788574219, 271.13580322265625, 313.98834228515625, 301.25189208984375], [269.1748962402344, 346.2385559082031, 298.9259948730469, 385.4230041503906], [112.01013946533203, 298.6405944824219, 151.15725708007812, 350.6571044921875], [0.04087698459625244, 1.339152455329895, 338.0373840332031, 499.02557373046875], [286.05810546875, 273.26873779296875, 338.5325622558594, 382.4864807128906], [107.46719360351562, 0.13900920748710632, 313.52789306640625, 111.01466369628906], [134.48692321777344, 277.7816162109375, 156.478759765625, 349.0179138183594], [54.66180419921875, 29.667932510375977, 299.9698181152344, 112.31912994384766], [241.46656799316406, 161.5828857421875, 338.1336975097656, 305.0244445800781], [248.40260314941406, 54.984867095947266, 273.99639892578125, 80.97091674804688], [136.664794921875, 280.2790222167969, 151.38107299804688, 310.2644958496094], [181.96649169921875, 109.05662536621094, 246.4398651123047, 392.66033935546875], [198.56143188476562, 187.0957794189453, 227.9161834716797, 247.72898864746094], [138.3817596435547, 280.5089416503906, 151.37904357910156, 310.27520751953125], [113.35884094238281, 187.24253845214844, 127.67617797851562, 223.19638061523438], [55.8842658996582, 192.56358337402344, 86.88272094726562, 250.48678588867188], [103.2071304321289, 266.9684143066406, 125.81037139892578, 369.0924072265625], [141.3476104736328, 277.5899963378906, 156.04507446289062, 310.2462463378906], [138.3817596435547, 280.5089416503906, 151.37904357910156, 310.27520751953125], [127.84636688232422, 270.955078125, 135.38302612304688, 277.3294982910156], [107.49288177490234, -0.08345022797584534, 311.2840270996094, 110.93472290039062], [181.96649169921875, 109.05662536621094, 246.4398651123047, 392.66033935546875], [61.15180969238281, 227.9919891357422, 86.8495101928711, 249.7860565185547], [42.27562713623047, -0.4354473352432251, 296.1745910644531, 48.53679275512695], [61.15180969238281, 227.9919891357422, 86.8495101928711, 249.7860565185547], [62.491329193115234, 229.8140106201172, 80.34439086914062, 248.75466918945312], [121.80510711669922, 269.7001037597656, 143.24942016601562, 302.3495788574219], [226.7932891845703, -0.0904034823179245, 239.97996520996094, 34.887306213378906], [241.1658935546875, 165.12313842773438, 281.9504089355469, 386.143310546875], [107.86161804199219, 225.75283813476562, 122.47071838378906, 288.28424072265625], [143.64462280273438, 279.46295166015625, 150.65330505371094, 289.0606689453125], [42.35268783569336, 176.51602172851562, 105.48497009277344, 388.7991027832031], [104.95368194580078, 30.52853012084961, 300.9046630859375, 109.3697280883789], [180.0248565673828, 0.43834373354911804, 333.7709045410156, 114.74555969238281], [245.15943908691406, 272.8638610839844, 315.2639465332031, 385.93096923828125], [112.2784194946289, 301.1692199707031, 151.04904174804688, 347.9244689941406], [56.32695388793945, 192.7444610595703, 85.57237243652344, 221.0319061279297], [103.48036193847656, 106.66386413574219, 245.36386108398438, 390.9690856933594], [-0.058464765548706055, 257.9187927246094, 44.89548110961914, 386.22467041015625], [112.2784194946289, 301.1692199707031, 151.04904174804688, 347.9244689941406], [0.057276129722595215, 0.47966837882995605, 338.0198974609375, 499.4889831542969], [111.20686340332031, 30.297874450683594, 303.084716796875, 109.63436889648438], [136.664794921875, 280.2790222167969, 151.38107299804688, 310.2644958496094], [0.4198402762413025, -0.19753724336624146, 338.0958557128906, 179.81898498535156], [140.59976196289062, 278.8912658691406, 151.6562957763672, 309.73370361328125], [127.3523941040039, 271.2482604980469, 134.51361083984375, 277.614990234375], [248.5675048828125, 58.182159423828125, 266.9378356933594, 81.20922088623047], [139.3094024658203, 300.69769287109375, 150.9654998779297, 310.74017333984375], [190.80715942382812, 130.81558227539062, 211.89520263671875, 138.77825927734375], [136.32794189453125, 286.0549011230469, 151.2696075439453, 310.1872253417969], [248.40260314941406, 54.984867095947266, 273.99639892578125, 80.97091674804688], [245.15943908691406, 272.8638610839844, 315.2639465332031, 385.93096923828125], [113.98333740234375, 283.100341796875, 126.01736450195312, 304.4769592285156], [108.03495025634766, -0.13518333435058594, 182.9487762451172, 43.89732360839844], [240.206787109375, 161.20082092285156, 338.0986633300781, 497.48175048828125], [248.5860137939453, 300.5434265136719, 300.7539978027344, 385.82855224609375], [41.83890914916992, -0.12445636093616486, 109.54546356201172, 48.192649841308594], [-0.024568498134613037, 387.4646911621094, 337.91387939453125, 499.93701171875], [141.3476104736328, 277.5899963378906, 156.04507446289062, 310.2462463378906], [199.50448608398438, 187.2651824951172, 225.6628875732422, 217.84178161621094], [55.8842658996582, 192.56358337402344, 86.88272094726562, 250.48678588867188], [189.09417724609375, 0.15363097190856934, 202.45004272460938, 37.80923843383789], [269.1748962402344, 346.2385559082031, 298.9259948730469, 385.4230041503906], [129.4720916748047, 257.9925842285156, 145.0440673828125, 281.12603759765625], [249.65078735351562, 345.414794921875, 299.28729248046875, 385.69512939453125], [248.5860137939453, 300.5434265136719, 300.7539978027344, 385.82855224609375], [246.7188720703125, 349.7821044921875, 273.0903015136719, 385.1304626464844], [254.8965606689453, 67.07150268554688, 265.5148010253906, 81.03718566894531], [245.15943908691406, 272.8638610839844, 315.2639465332031, 385.93096923828125], [181.0802001953125, -0.2624821066856384, 254.21209716796875, 38.485877990722656], [103.53868103027344, 224.7170867919922, 122.7909164428711, 331.2394714355469], [139.3094024658203, 300.69769287109375, 150.9654998779297, 310.74017333984375], [134.48692321777344, 277.7816162109375, 156.478759765625, 349.0179138183594], [248.40260314941406, 54.984867095947266, 273.99639892578125, 80.97091674804688], [108.03495025634766, -0.13518333435058594, 182.9487762451172, 43.89732360839844], [0.05445563793182373, 0.5761012434959412, 338.0494079589844, 180.10958862304688], [-0.024568498134613037, 387.4646911621094, 337.91387939453125, 499.93701171875], [257.682373046875, 165.64585876464844, 278.0481872558594, 183.04429626464844], [248.40260314941406, 54.984867095947266, 273.99639892578125, 80.97091674804688], [198.56143188476562, 187.0957794189453, 227.9161834716797, 247.72898864746094], [0.2678459882736206, 0.4790499806404114, 338.2644958496094, 180.7106170654297], [42.5573616027832, 107.5526351928711, 246.05567932128906, 392.6050109863281], [41.21514129638672, 0.8673369884490967, 338.04754638671875, 390.3616943359375], [246.021484375, 274.3461608886719, 337.7352294921875, 386.502197265625], [264.7259521484375, 54.876136779785156, 273.8213806152344, 69.0376968383789], [249.65078735351562, 345.414794921875, 299.28729248046875, 385.69512939453125], [241.56983947753906, 162.0162353515625, 338.0031433105469, 389.3919372558594], [0.6195512413978577, 0.3362111747264862, 320.30621337890625, 116.87065887451172], [253.43637084960938, 302.4863586425781, 287.0419006347656, 351.22393798828125], [181.0802001953125, -0.2624821066856384, 254.21209716796875, 38.485877990722656], [42.5573616027832, 107.5526351928711, 246.05567932128906, 392.6050109863281], [114.40929412841797, 347.67340087890625, 147.26719665527344, 371.2647399902344], [138.3817596435547, 280.5089416503906, 151.37904357910156, 310.27520751953125], [248.5860137939453, 300.5434265136719, 300.7539978027344, 385.82855224609375], [41.05217742919922, -0.19932352006435394, 183.4839324951172, 48.31767272949219], [203.6812286376953, 225.53346252441406, 224.02664184570312, 246.78192138671875], [135.9464874267578, 282.9617919921875, 150.3675994873047, 305.2593994140625], [140.59976196289062, 278.8912658691406, 151.6562957763672, 309.73370361328125], [-0.024568498134613037, 387.4646911621094, 337.91387939453125, 499.93701171875], [203.6812286376953, 225.53346252441406, 224.02664184570312, 246.78192138671875], [102.55191040039062, 262.2578430175781, 117.5555419921875, 370.6964416503906], [108.03495025634766, -0.13518333435058594, 182.9487762451172, 43.89732360839844], [134.48692321777344, 277.7816162109375, 156.478759765625, 349.0179138183594], [61.15180969238281, 227.9919891357422, 86.8495101928711, 249.7860565185547], [275.2052917480469, 105.18316650390625, 286.60540771484375, 141.63124084472656], [0.6195512413978577, 0.3362111747264862, 320.30621337890625, 116.87065887451172], [264.7259521484375, 54.876136779785156, 273.8213806152344, 69.0376968383789], [264.4253845214844, 54.91562271118164, 273.8922119140625, 69.9582290649414], [0.012566298246383667, -0.08374080061912537, 44.561431884765625, 50.47447204589844], [138.3817596435547, 280.5089416503906, 151.37904357910156, 310.27520751953125], [41.7507209777832, -0.023698434233665466, 83.5296401977539, 47.9164924621582], [106.35480499267578, 275.77313232421875, 153.82627868652344, 356.4348449707031], [102.58036041259766, 231.76133728027344, 123.24058532714844, 370.8487243652344], [41.83890914916992, -0.12445636093616486, 109.54546356201172, 48.192649841308594], [281.0316162109375, 0.7546320557594299, 337.9176330566406, 138.14190673828125], [38.58417510986328, -0.193888321518898, 297.3634338378906, 48.5777702331543], [165.6756134033203, 239.94155883789062, 187.7033233642578, 338.42352294921875], [121.80510711669922, 269.7001037597656, 143.24942016601562, 302.3495788574219], [277.4823913574219, 289.9815368652344, 310.5855712890625, 379.8916931152344], [248.40260314941406, 54.984867095947266, 273.99639892578125, 80.97091674804688], [248.5860137939453, 300.5434265136719, 300.7539978027344, 385.82855224609375], [0.23312371969223022, 0.46224892139434814, 338.1564025878906, 389.89495849609375], [285.601318359375, 272.946533203125, 338.4366149902344, 432.7709655761719], [105.46163940429688, 465.82598876953125, 129.83099365234375, 482.388427734375], [-0.30209481716156006, 3.0612759590148926, 337.6510009765625, 123.28510284423828], [185.19708251953125, 160.83145141601562, 338.0576171875, 392.3295593261719], [249.65078735351562, 345.414794921875, 299.28729248046875, 385.69512939453125], [126.65831756591797, 258.12799072265625, 136.4539794921875, 268.394775390625], [-0.09610070288181305, 174.10707092285156, 45.64278030395508, 260.29229736328125], [248.5860137939453, 300.5434265136719, 300.7539978027344, 385.82855224609375]), Score: [0.8214966654777527, 0.2541874349117279, 0.1405596286058426, 0.0897153839468956, 0.08465716242790222, 0.08248244971036911, 0.0738815888762474, 0.07353591918945312, 0.07333579659461975, 0.07331562787294388, 0.0733124166727066, 0.07035280019044876, 0.06919439136981964, 0.06775764375925064, 0.06680139899253845, 0.06588556617498398, 0.06353447586297989, 0.06213885173201561, 0.06196397915482521, 0.061730265617370605, 0.061286818236112595, 0.06106550246477127, 0.060366373509168625, 0.06013510003685951, 0.05956713482737541, 0.0593402124941349, 0.05776679888367653, 0.05744414031505585, 0.05670469254255295, 0.05645568296313286, 0.05619290843605995, 0.0560709610581398, 0.05588391795754433, 0.054236020892858505, 0.05272701382637024, 0.05236168950796127, 0.05124081298708916, 0.05103433132171631, 0.05075078085064888, 0.049966614693403244, 0.049364883452653885, 0.04897362366318703, 0.04761160910129547, 0.04682738333940506, 0.046690985560417175, 0.04666247218847275, 0.04567034915089607, 0.04512982815504074, 0.04395071417093277, 0.043732598423957825, 0.04308151826262474, 0.04261348396539688, 0.04259948804974556, 0.04257681965827942, 0.042343731969594955, 0.04231778904795647, 0.0421435721218586, 0.042084094136953354, 0.04206728935241699, 0.042056336998939514, 0.0420352965593338, 0.04146341234445572, 0.0414465107023716, 0.04139702767133713, 0.04118238389492035, 0.040797535330057144, 0.040059689432382584, 0.03988208249211311, 0.038743797689676285, 0.0386129692196846, 0.038413986563682556, 0.038368094712495804, 0.03827671334147453, 0.038231294602155685, 0.03822645545005798, 0.03820428252220154, 0.03767305612564087, 0.037375397980213165, 0.037223875522613525, 0.03711102157831192, 0.036634210497140884, 0.036532819271087646, 0.036518797278404236, 0.03641544654965401, 0.03613218665122986, 0.03596390783786774, 0.03554759919643402, 0.03525921329855919, 0.035084519535303116, 0.03495245426893234, 0.03477482497692108, 0.034774184226989746, 0.03446442633867264, 0.03445372357964516, 0.03432154655456543, 0.03427926450967789, 0.03415839746594429, 0.03415185958147049, 0.03395004943013191, 0.033445555716753006, 0.033282455056905746, 0.03322510048747063, 0.032721228897571564, 0.03258852660655975, 0.032521605491638184, 0.0324479378759861, 0.032420262694358826, 0.03225252777338028, 0.03188410401344299, 0.03164302557706833, 0.031470268964767456, 0.03144904226064682, 0.03127393126487732, 0.03126434609293938, 0.031081590801477432, 0.0309606920927763, 0.030926110222935677, 0.030917473137378693, 0.030658137053251266, 0.03054058365523815, 0.030475230887532234, 0.030109569430351257, 0.030080368742346764, 0.02999557927250862, 0.029987962916493416, 0.029905280098319054, 0.02987063117325306, 0.029864290729165077, 0.029722722247242928, 0.029623335227370262, 0.029508236795663834, 0.029423540458083153, 0.02921152673661709, 0.0288066565990448, 0.02874702401459217, 0.028657566756010056, 0.028605857864022255, 0.028569316491484642, 0.028484651818871498, 0.02847009338438511, 0.02845017984509468, 0.028360342606902122, 0.028350383043289185, 0.028081607073545456, 0.02806568332016468, 0.028003327548503876, 0.02797626703977585, 0.027872340753674507, 0.027820000424981117, 0.027724070474505424, 0.02761014550924301, 0.027531294152140617, 0.027445491403341293, 0.02741389162838459, 0.027327192947268486, 0.027222879230976105, 0.027178313583135605, 0.02708272449672222, 0.027061166241765022, 0.027016300708055496, 0.02690930664539337, 0.026860840618610382, 0.02682693861424923, 0.02672601118683815, 0.026702402159571648, 0.02664555422961712, 0.026619886979460716, 0.026598472148180008, 0.02659701369702816, 0.026575572788715363, 0.026450421661138535, 0.026380492374300957, 0.026367200538516045, 0.026352427899837494, 0.0263499952852726, 0.0262914951890707, 0.02622170001268387, 0.026183398440480232, 0.026181058958172798, 0.026151806116104126, 0.026054900139570236, 0.02603653073310852, 0.026030927896499634, 0.025925571098923683, 0.025816235691308975, 0.025713568553328514, 0.02567879483103752, 0.02562330663204193, 0.025618787854909897, 0.025601018220186234, 0.025585303083062172, 0.025574669241905212, 0.02550444006919861, 0.02543761394917965, 0.025394095107913017, 0.02535098046064377, 0.025334125384688377, 0.02528217062354088, 0.02522837370634079, 0.025083372369408607, 0.02497131936252117, 0.024922721087932587, 0.024899637326598167, 0.024820443242788315, 0.024665284901857376, 0.024585776031017303, 0.02434982731938362, 0.02411164902150631, 0.024087129160761833, 0.02403034269809723, 0.023979628458619118, 0.023911956697702408, 0.02389596961438656, 0.02380804531276226, 0.0237292293459177, 0.023659871891140938, 0.023560699075460434, 0.023514604195952415, 0.02349856309592724, 0.02344924584031105, 0.02342861145734787, 0.023364661261439323, 0.023353423923254013, 0.02335294894874096, 0.02334163710474968, 0.02328628860414028, 0.02325768582522869, 0.023247554898262024, 0.023225868120789528, 0.023206336423754692, 0.0230756513774395, 0.02305539697408676, 0.023041976615786552, 0.023020539432764053, 0.022973623126745224, 0.02294882759451866, 0.02283216267824173, 0.022830067202448845, 0.022799815982580185, 0.022779161110520363, 0.022774452343583107, 0.022730283439159393, 0.02267572470009327, 0.02257843315601349, 0.022555431351065636, 0.02243763767182827, 0.022436598315835, 0.022429153323173523, 0.02237781137228012, 0.022323746234178543, 0.022229144349694252, 0.022152764722704887, 0.022031093016266823, 0.02199709601700306, 0.02194237895309925, 0.02190289832651615, 0.021898111328482628, 0.021891996264457703, 0.02184099517762661, 0.021840130910277367, 0.021739985793828964, 0.021660713478922844, 0.021613506600260735, 0.021609148010611534, 0.021596558392047882, 0.021524952724575996, 0.02152424491941929, 0.02147592231631279, 0.02144712582230568, 0.02143090032041073, 0.02137202024459839, 0.021371087059378624, 0.02136346511542797, 0.021325981244444847, 0.02130141854286194, 0.0212757159024477, 0.02122054062783718, 0.021177267655730247, 0.021175922825932503, 0.02113972045481205, 0.021103858947753906, 0.021077347919344902, 0.02100374363362789, 0.020993994548916817, 0.0209555272012949, 0.02089138887822628, 0.02086389996111393, 0.020853864029049873, 0.020846471190452576, 0.020834675058722496, 0.02081420086324215, 0.0208104457706213, 0.020764483138918877, 0.02075418271124363, 0.02070499025285244, 0.020702166482806206, 0.02066553197801113, 0.02066510170698166, 0.020649373531341553, 0.02060331031680107]

Execution time: 0.4104 sec
