Label: tensor([44,  0, 45,  0,  0,  0, 60,  0, 60,  0, 44,  0, 56, 45, 45, 60, 44, 41,
         0, 44, 42, 74,  0, 60, 41, 44,  0, 56, 60,  0, 67, 55, 42, 56, 45, 67,
         0, 60, 41, 74,  0, 60,  0, 74, 56, 73, 60, 60,  0,  0, 60, 73, 60, 60,
        60, 44, 44,  0, 43, 56,  0, 60, 60, 60, 60,  0, 40, 42, 67, 60, 60, 60,
        67, 60, 55, 55, 41, 42, 55, 56, 60, 55, 53, 45, 60, 60, 51, 45, 60, 41,
        42,  0, 42, 43, 43,  0, 60, 44, 44, 44, 42,  0, 60, 56, 60, 60, 60, 74,
        56, 60, 56, 56, 43, 45, 60, 45, 48, 60, 74, 60, 45,  0, 67,  0, 67, 13,
        60, 56, 42,  0,  0, 56,  0, 56, 45,  0, 60, 67, 45, 56, 13, 42, 53,  0,
        39,  0, 44, 60, 60, 67,  0, 45, 67, 53, 56, 74, 42, 41, 43, 44, 43, 56,
        45, 56, 48, 74, 44, 74, 52, 45, 43, 44, 60, 43, 46, 60, 45, 56, 41,  0,
        48, 67, 43,  0, 60, 67, 54, 44, 56, 44, 41, 60, 44, 67, 56, 56, 60, 44,
        67, 56, 48, 44, 42, 43,  0, 44, 46,  0,  0, 67, 42, 45,  0, 60,  0, 60,
        67, 55, 44, 44, 44, 40, 45, 44, 45, 39,  0, 67, 67, 55,  0, 26, 55, 44,
        60, 55, 55, 13, 60, 40, 56,  0, 45, 40, 44, 43, 55, 60, 52, 56, 41, 41,
        55, 60, 42, 43,  0,  0,  0, 42, 45, 27, 45, 74, 56, 56, 56, 51, 60, 43,
        56, 49, 41, 48, 53, 13, 60, 67, 60, 74, 43,  0, 60, 71, 41, 41, 45, 13,
        67, 42, 60, 60, 60, 48,  0, 42,  0, 79, 45, 60]), Box: ([134.99810791015625, 255.67909240722656, 216.6080780029297, 288.3017272949219], [235.2200469970703, 66.66613006591797, 451.5404357910156, 322.2811584472656], [81.99932098388672, 271.059814453125, 191.259765625, 321.6259765625], [11.352107048034668, 73.0854721069336, 248.42031860351562, 320.60552978515625], [217.5994415283203, 117.28077697753906, 274.65374755859375, 190.57261657714844], [70.34973907470703, 139.91165161132812, 103.65286254882812, 171.57827758789062], [-0.09931623935699463, 271.78472900390625, 499.88818359375, 333.0361328125], [10.33003044128418, 139.83143615722656, 51.95378494262695, 180.77383422851562], [-0.01368299126625061, 274.5681457519531, 74.36114501953125, 333.0972595214844], [0.3085620701313019, 139.4443817138672, 51.96122360229492, 217.486572265625], [13.90196418762207, 179.4413604736328, 114.81880950927734, 187.76150512695312], [155.95692443847656, 108.70590209960938, 175.95791625976562, 143.8506317138672], [0.05636084824800491, 244.8330078125, 16.88825035095215, 275.2386779785156], [363.9263000488281, 314.0564270019531, 416.7841796875, 333.0291442871094], [80.07069396972656, 292.8791809082031, 196.09469604492188, 332.383056640625], [0.00737607479095459, 273.2796936035156, 263.1553955078125, 332.73858642578125], [65.33037567138672, 180.22076416015625, 123.32963562011719, 187.9383544921875], [363.9263000488281, 314.0564270019531, 416.7841796875, 333.0291442871094], [0.2522161304950714, 139.62564086914062, 27.48957633972168, 217.6368408203125], [13.450488090515137, 179.1291046142578, 113.49296569824219, 187.89869689941406], [13.90196418762207, 179.4413604736328, 114.81880950927734, 187.76150512695312], [337.9141540527344, 191.70401000976562, 364.0743103027344, 217.65170288085938], [160.94879150390625, 122.54324340820312, 173.55941772460938, 141.32591247558594], [-0.1519322395324707, 268.9140930175781, 264.2945861816406, 332.7878723144531], [14.949329376220703, 201.68531799316406, 26.636388778686523, 216.4389190673828], [65.12279510498047, 181.3288116455078, 111.7650146484375, 187.62757873535156], [8.629515647888184, 139.7659912109375, 108.38810729980469, 278.37249755859375], [0.08317828178405762, 243.64617919921875, 68.96764373779297, 277.568359375], [0.2745091915130615, 274.5127868652344, 110.12757110595703, 332.8519592285156], [10.903600692749023, 140.61460876464844, 31.06620979309082, 179.5565643310547], [305.46185302734375, 109.32891845703125, 330.64862060546875, 127.11639404296875], [292.0084533691406, 317.7892150878906, 348.6697082519531, 332.81231689453125], [13.450488090515137, 179.1291046142578, 113.49296569824219, 187.89869689941406], [0.06989948451519012, 215.0401611328125, 25.721229553222656, 249.98345947265625], [61.73093795776367, 95.55968475341797, 92.80024719238281, 120.50399780273438], [327.03643798828125, 152.96771240234375, 336.758544921875, 172.16305541992188], [2.2450945377349854, 140.00511169433594, 103.83016204833984, 276.5345764160156], [416.2257080078125, 314.6200256347656, 499.84307861328125, 333.0763854980469], [105.52143859863281, 323.74298095703125, 152.87815856933594, 333.2485046386719], [347.6259460449219, 192.45228576660156, 363.7392883300781, 209.48959350585938], [167.04989624023438, 127.01070404052734, 177.32156372070312, 145.2662353515625], [-1.315578818321228, 273.7261962890625, 285.1933288574219, 333.1091613769531], [256.4619140625, 111.82506561279297, 270.2755432128906, 126.52213287353516], [336.47564697265625, 191.6895751953125, 364.4386291503906, 228.98997497558594], [416.2257080078125, 314.6200256347656, 499.84307861328125, 333.0763854980469], [230.90184020996094, 303.17279052734375, 417.12921142578125, 332.9578857421875], [151.26272583007812, 295.688720703125, 499.5341491699219, 332.9115295410156], [0.1649409532546997, 273.07037353515625, 194.6597900390625, 332.82672119140625], [161.67662048339844, 122.89324951171875, 177.0048370361328, 145.5740966796875], [0.31992048025131226, 139.54690551757812, 31.0781307220459, 274.3196716308594], [0.11901557445526123, 244.43006896972656, 104.76138305664062, 332.3375549316406], [236.25596618652344, 303.6978759765625, 380.62786865234375, 333.04498291015625], [-0.6714463233947754, 245.7854461669922, 432.2801208496094, 333.1485900878906], [60.746028900146484, 265.41168212890625, 498.9463195800781, 332.4124755859375], [154.51443481445312, 300.8106689453125, 418.2799987792969, 333.0340881347656], [13.835951805114746, 179.59332275390625, 113.56556701660156, 187.41127014160156], [13.176228523254395, 178.9208984375, 41.27712631225586, 185.6947479248047], [15.867877960205078, 139.87661743164062, 103.89125061035156, 215.9183807373047], [13.90196418762207, 179.4413604736328, 114.81880950927734, 187.76150512695312], [0.08801650255918503, 215.12619018554688, 25.725465774536133, 275.0302429199219], [255.03736877441406, 114.03443145751953, 275.3945007324219, 165.65650939941406], [-0.44283270835876465, 208.81903076171875, 499.5318298339844, 332.9963684082031], [230.90184020996094, 303.17279052734375, 417.12921142578125, 332.9578857421875], [480.2257995605469, 204.3959503173828, 499.9655456542969, 212.6688232421875], [229.8717803955078, 309.7930603027344, 499.94805908203125, 333.2569580078125], [254.4993133544922, 115.25870513916016, 273.35931396484375, 158.3951416015625], [363.9263000488281, 314.0564270019531, 416.7841796875, 333.0291442871094], [13.176228523254395, 178.9208984375, 41.27712631225586, 185.6947479248047], [13.176228523254395, 178.9208984375, 41.27712631225586, 185.6947479248047], [1.9363313913345337, 227.87278747558594, 481.6656188964844, 332.736328125], [151.65762329101562, 295.9878234863281, 263.243408203125, 332.7482604980469], [74.41051483154297, 296.9718322753906, 417.58428955078125, 333.1360778808594], [305.2850036621094, 111.58642578125, 316.5534362792969, 125.25786590576172], [60.060546875, 269.77777099609375, 417.57257080078125, 332.8603210449219], [108.90714263916016, 288.87982177734375, 169.8656005859375, 299.3974609375], [236.25596618652344, 303.6978759765625, 380.62786865234375, 333.04498291015625], [364.2366638183594, 314.791259765625, 398.18536376953125, 332.79193115234375], [13.835951805114746, 179.59332275390625, 113.56556701660156, 187.41127014160156], [230.90184020996094, 303.17279052734375, 417.12921142578125, 332.9578857421875], [-0.01368299126625061, 274.5681457519531, 74.36114501953125, 333.0972595214844], [58.47941970825195, 258.85931396484375, 265.9444580078125, 332.006103515625], [82.71995544433594, 271.8800048828125, 191.3966827392578, 321.5511474609375], [108.90714263916016, 288.87982177734375, 169.8656005859375, 299.3974609375], [133.74337768554688, 272.3381652832031, 183.93057250976562, 288.6535339355469], [-0.004157423973083496, 211.97421264648438, 498.466064453125, 333.0746154785156], [451.13665771484375, 279.2959289550781, 499.55224609375, 323.5420227050781], [108.90714263916016, 288.87982177734375, 169.8656005859375, 299.3974609375], [364.2366638183594, 314.791259765625, 398.18536376953125, 332.79193115234375], [76.1020736694336, 292.6920471191406, 267.1105041503906, 332.7955017089844], [363.8703918457031, 314.5603942871094, 416.7069091796875, 333.1291198730469], [65.33037567138672, 180.22076416015625, 123.32963562011719, 187.9383544921875], [27.210298538208008, 162.07127380371094, 51.73359298706055, 180.1157684326172], [65.12279510498047, 181.3288116455078, 111.7650146484375, 187.62757873535156], [13.450488090515137, 179.1291046142578, 113.49296569824219, 187.89869689941406], [13.176228523254395, 178.9208984375, 41.27712631225586, 185.6947479248047], [269.2318115234375, 104.62765502929688, 288.9019470214844, 161.2041778564453], [0.05636084824800491, 244.8330078125, 16.88825035095215, 275.2386779785156], [292.0084533691406, 317.7892150878906, 348.6697082519531, 332.81231689453125], [108.90714263916016, 288.87982177734375, 169.8656005859375, 299.3974609375], [160.60679626464844, 291.0830383300781, 195.21054077148438, 316.5279846191406], [135.74258422851562, 255.89663696289062, 216.14804077148438, 288.3945617675781], [254.41310119628906, 116.48406219482422, 269.19140625, 130.0940399169922], [450.6551208496094, 279.486083984375, 499.92742919921875, 331.8968811035156], [0.41353702545166016, 215.8044891357422, 65.08102416992188, 276.5964660644531], [0.1898929476737976, 273.9026184082031, 62.94258117675781, 289.16973876953125], [-0.4356205463409424, 188.36204528808594, 499.55938720703125, 332.8994140625], [1.2085884809494019, 275.22467041015625, 349.69024658203125, 333.26397705078125], [339.7375793457031, 208.4127655029297, 360.5132141113281, 228.8822784423828], [-0.08957274258136749, 215.11952209472656, 26.677799224853516, 275.0248107910156], [415.6122131347656, 279.77789306640625, 499.47906494140625, 332.6584167480469], [0.2531111240386963, 180.12112426757812, 114.6648941040039, 275.40484619140625], [435.88433837890625, 209.503662109375, 454.0767822265625, 315.4361267089844], [13.835951805114746, 179.59332275390625, 113.56556701660156, 187.41127014160156], [105.52143859863281, 323.74298095703125, 152.87815856933594, 333.2485046386719], [0.31732022762298584, 208.97694396972656, 265.4609680175781, 332.24200439453125], [64.21208953857422, 96.8711166381836, 91.66829681396484, 113.77781677246094], [292.0084533691406, 317.7892150878906, 348.6697082519531, 332.81231689453125], [66.74134063720703, 294.0167236328125, 269.35797119140625, 332.78424072265625], [338.7218017578125, 200.25912475585938, 358.4817199707031, 217.25343322753906], [-1.3482719659805298, 65.51721954345703, 498.5795593261719, 332.15472412109375], [82.71995544433594, 271.8800048828125, 191.3966827392578, 321.5511474609375], [13.278740882873535, 156.07684326171875, 28.059534072875977, 179.08486938476562], [327.0533447265625, 122.21150970458984, 353.76300048828125, 171.71014404296875], [268.5962219238281, 86.66254425048828, 289.64453125, 160.4434814453125], [303.772216796875, 110.27291107177734, 335.9080505371094, 143.7061767578125], [451.13665771484375, 279.2959289550781, 499.55224609375, 323.5420227050781], [-0.18170475959777832, 203.20010375976562, 270.6437072753906, 332.104248046875], [480.2257995605469, 204.3959503173828, 499.9655456542969, 212.6688232421875], [161.66468811035156, 255.68463134765625, 216.74549865722656, 288.08203125], [0.8219285011291504, 139.5732879638672, 28.651039123535156, 179.7495880126953], [90.60797119140625, 143.7159881591797, 104.09867858886719, 160.50608825683594], [0.2901703119277954, 180.8534698486328, 81.99183654785156, 276.06329345703125], [269.6795959472656, 104.48384094238281, 288.6163024902344, 128.00869750976562], [0.11901557445526123, 244.43006896972656, 104.76138305664062, 332.3375549316406], [363.8703918457031, 314.5603942871094, 416.7069091796875, 333.1291198730469], [10.640881538391113, 139.62718200683594, 103.60560607910156, 181.93821716308594], [0.9908527135848999, 136.67640686035156, 497.947265625, 332.93902587890625], [365.3455505371094, 121.14727020263672, 374.9250183105469, 136.12179565429688], [416.2257080078125, 314.6200256347656, 499.84307861328125, 333.0763854980469], [0.2745091915130615, 274.5127868652344, 110.12757110595703, 332.8519592285156], [450.6551208496094, 279.486083984375, 499.92742919921875, 331.8968811035156], [13.444028854370117, 179.88650512695312, 123.03199768066406, 188.26734924316406], [292.0084533691406, 317.7892150878906, 348.6697082519531, 332.81231689453125], [156.2475128173828, 108.92069244384766, 164.3841094970703, 124.26615905761719], [14.949329376220703, 201.68531799316406, 26.636388778686523, 216.4389190673828], [-1.3482719659805298, 65.51721954345703, 498.5795593261719, 332.15472412109375], [198.2189483642578, 255.62847900390625, 216.9120330810547, 263.2254943847656], [-0.3932267427444458, 207.8865203857422, 263.9449768066406, 331.58880615234375], [-0.029787421226501465, 159.56320190429688, 499.593017578125, 332.9772033691406], [305.9199523925781, 119.54811096191406, 312.2252197265625, 125.60723876953125], [165.21571350097656, 125.37652587890625, 195.37066650390625, 156.80419921875], [85.18206787109375, 274.13525390625, 186.6116180419922, 300.1520690917969], [27.210298538208008, 162.07127380371094, 51.73359298706055, 180.1157684326172], [64.21208953857422, 96.8711166381836, 91.66829681396484, 113.77781677246094], [479.24200439453125, 203.769287109375, 500.1687316894531, 239.88723754882812], [161.7193603515625, 70.62213134765625, 171.52584838867188, 79.41140747070312], [13.132367134094238, 178.4376678466797, 122.82466888427734, 189.13121032714844], [82.71995544433594, 271.8800048828125, 191.3966827392578, 321.5511474609375], [292.0084533691406, 317.7892150878906, 348.6697082519531, 332.81231689453125], [160.3426055908203, 265.9931640625, 191.73362731933594, 287.8292236328125], [135.74258422851562, 255.89663696289062, 216.14804077148438, 288.3945617675781], [451.13665771484375, 279.2959289550781, 499.55224609375, 323.5420227050781], [230.90184020996094, 303.17279052734375, 417.12921142578125, 332.9578857421875], [478.7353820800781, 171.9329071044922, 500.0575866699219, 212.2361297607422], [230.90184020996094, 303.17279052734375, 417.12921142578125, 332.9578857421875], [333.379638671875, 207.87408447265625, 344.5730285644531, 219.37794494628906], [13.132367134094238, 178.4376678466797, 122.82466888427734, 189.13121032714844], [344.82904052734375, 196.9268798828125, 362.3255920410156, 210.65391540527344], [108.90714263916016, 288.87982177734375, 169.8656005859375, 299.3974609375], [134.6518096923828, 266.9026184082031, 190.7636260986328, 288.5882263183594], [65.33037567138672, 180.22076416015625, 123.32963562011719, 187.9383544921875], [105.33354187011719, 317.8935546875, 177.58726501464844, 333.0137023925781], [480.01922607421875, 203.8515167236328, 500.0299072265625, 220.4667205810547], [65.12279510498047, 181.3288116455078, 111.7650146484375, 187.62757873535156], [108.90714263916016, 288.87982177734375, 169.8656005859375, 299.3974609375], [236.25596618652344, 303.6978759765625, 380.62786865234375, 333.04498291015625], [81.18132019042969, 298.7032165527344, 195.16122436523438, 332.7262878417969], [450.6551208496094, 279.486083984375, 499.92742919921875, 331.8968811035156], [61.73093795776367, 95.55968475341797, 92.80024719238281, 120.50399780273438], [269.3537902832031, 90.5675277709961, 288.9814147949219, 126.58495330810547], [236.25596618652344, 303.6978759765625, 380.62786865234375, 333.04498291015625], [304.0338134765625, 110.38475036621094, 334.9446105957031, 143.8091278076172], [160.60679626464844, 291.0830383300781, 195.21054077148438, 316.5279846191406], [269.2021484375, 87.42830657958984, 289.11151123046875, 126.71467590332031], [479.793701171875, 201.63487243652344, 500.08660888671875, 220.19834899902344], [324.00433349609375, 120.35301208496094, 339.90631103515625, 171.61996459960938], [292.0084533691406, 317.7892150878906, 348.6697082519531, 332.81231689453125], [364.2366638183594, 314.791259765625, 398.18536376953125, 332.79193115234375], [-0.022298656404018402, 244.4697265625, 17.004106521606445, 258.6521301269531], [177.730224609375, 255.42156982421875, 217.0540313720703, 276.860595703125], [80.07069396972656, 292.8791809082031, 196.09469604492188, 332.383056640625], [69.88909912109375, 230.0888671875, 451.7747497558594, 332.98492431640625], [161.66468811035156, 255.68463134765625, 216.74549865722656, 288.08203125], [366.7835998535156, 119.73760986328125, 373.1106262207031, 130.04624938964844], [471.4067077636719, 167.4505157470703, 485.6092834472656, 173.16537475585938], [-0.10460615158081055, 245.000244140625, 17.05532455444336, 317.3237609863281], [73.75699615478516, 230.51779174804688, 450.76287841796875, 332.69287109375], [105.52143859863281, 323.74298095703125, 152.87815856933594, 333.2485046386719], [105.52143859863281, 323.74298095703125, 152.87815856933594, 333.2485046386719], [0.8768290281295776, 213.73043823242188, 245.99252319335938, 280.9112243652344], [108.90714263916016, 288.87982177734375, 169.8656005859375, 299.3974609375], [185.0324249267578, 288.7706298828125, 194.40191650390625, 297.65069580078125], [292.0084533691406, 317.7892150878906, 348.6697082519531, 332.81231689453125], [161.66468811035156, 255.68463134765625, 216.74549865722656, 288.08203125], [210.07785034179688, 151.0350341796875, 219.69708251953125, 167.78343200683594], [13.444028854370117, 179.88650512695312, 123.03199768066406, 188.26734924316406], [292.0084533691406, 317.7892150878906, 348.6697082519531, 332.81231689453125], [156.21469116210938, 108.69937133789062, 166.1256866455078, 126.15023803710938], [56.95863342285156, 49.46617889404297, 70.48948669433594, 88.030517578125], [303.44635009765625, 121.15066528320312, 326.39080810546875, 139.53964233398438], [198.2189483642578, 255.62847900390625, 216.9120330810547, 263.2254943847656], [61.858551025390625, 107.99674987792969, 92.41130828857422, 120.2136459350586], [-7.142964839935303, 139.61468505859375, 39.434776306152344, 184.55606079101562], [-0.2375394105911255, 247.1240692138672, 499.7574768066406, 333.19970703125], [0.41353702545166016, 215.8044891357422, 65.08102416992188, 276.5964660644531], [-0.5095601081848145, 187.85110473632812, 248.52430725097656, 333.64019775390625], [364.9678649902344, 126.22901153564453, 375.82537841796875, 138.4047393798828], [363.9263000488281, 314.0564270019531, 416.7841796875, 333.0291442871094], [13.087862014770508, 179.1851043701172, 40.02388381958008, 184.0792999267578], [12.856070518493652, 178.40106201171875, 32.942684173583984, 182.49205017089844], [363.9263000488281, 314.0564270019531, 416.7841796875, 333.0291442871094], [14.949329376220703, 201.68531799316406, 26.636388778686523, 216.4389190673828], [135.74258422851562, 255.89663696289062, 216.14804077148438, 288.3945617675781], [134.6518096923828, 266.9026184082031, 190.7636260986328, 288.5882263183594], [13.176228523254395, 178.9208984375, 41.27712631225586, 185.6947479248047], [105.52143859863281, 323.74298095703125, 152.87815856933594, 333.2485046386719], [214.69456481933594, 117.52082824707031, 275.39801025390625, 306.8752136230469], [329.2752380371094, 140.68019104003906, 337.4617004394531, 146.2178192138672], [368.0921325683594, 126.24028015136719, 375.79339599609375, 135.70266723632812], [13.176228523254395, 178.9208984375, 41.27712631225586, 185.6947479248047], [0.08801650255918503, 215.12619018554688, 25.725465774536133, 275.0302429199219], [0.08317828178405762, 243.64617919921875, 68.96764373779297, 277.568359375], [64.21208953857422, 96.8711166381836, 91.66829681396484, 113.77781677246094], [16.184738159179688, 174.8002471923828, 51.7381591796875, 185.54200744628906], [-0.16136467456817627, 250.1756134033203, 499.8336486816406, 333.34051513671875], [85.18206787109375, 274.13525390625, 186.6116180419922, 300.1520690917969], [105.52143859863281, 323.74298095703125, 152.87815856933594, 333.2485046386719], [0.11901557445526123, 244.43006896972656, 104.76138305664062, 332.3375549316406], [0.31593814492225647, 274.2760314941406, 66.23920440673828, 332.30908203125], [105.52143859863281, 323.74298095703125, 152.87815856933594, 333.2485046386719], [415.6122131347656, 279.77789306640625, 499.47906494140625, 332.6584167480469], [254.4221649169922, 113.84615325927734, 272.9000244140625, 147.99075317382812], [292.0084533691406, 317.7892150878906, 348.6697082519531, 332.81231689453125], [364.2366638183594, 314.791259765625, 398.18536376953125, 332.79193115234375], [135.74258422851562, 255.89663696289062, 216.14804077148438, 288.3945617675781], [105.33354187011719, 317.8935546875, 177.58726501464844, 333.0137023925781], [299.2527160644531, 314.2765197753906, 349.25732421875, 330.99737548828125], [479.24200439453125, 203.769287109375, 500.1687316894531, 239.88723754882812], [292.0084533691406, 317.7892150878906, 348.6697082519531, 332.81231689453125], [14.949329376220703, 201.68531799316406, 26.636388778686523, 216.4389190673828], [292.0084533691406, 317.7892150878906, 348.6697082519531, 332.81231689453125], [13.176228523254395, 178.9208984375, 41.27712631225586, 185.6947479248047], [364.2366638183594, 314.791259765625, 398.18536376953125, 332.79193115234375], [-0.20867586135864258, 254.54087829589844, 499.78631591796875, 333.05810546875], [12.856070518493652, 178.40106201171875, 32.942684173583984, 182.49205017089844], [185.0324249267578, 288.7706298828125, 194.40191650390625, 297.65069580078125], [222.04464721679688, 117.7894515991211, 272.0035400390625, 166.54531860351562], [0.05636084824800491, 244.8330078125, 16.88825035095215, 275.2386779785156], [71.17569732666016, 141.10227966308594, 103.05905151367188, 171.07504272460938], [13.087862014770508, 179.1851043701172, 40.02388381958008, 184.0792999267578], [0.1649409532546997, 273.07037353515625, 194.6597900390625, 332.82672119140625], [105.50782012939453, 180.12265014648438, 124.72180938720703, 273.49609375], [12.878202438354492, 179.16583251953125, 34.0406608581543, 189.29983520507812], [64.21208953857422, 96.8711166381836, 91.66829681396484, 113.77781677246094], [480.01922607421875, 203.8515167236328, 500.0299072265625, 220.4667205810547], [27.210298538208008, 162.07127380371094, 51.73359298706055, 180.1157684326172], [-0.5558282136917114, 243.9246368408203, 235.002685546875, 283.44317626953125], [292.0084533691406, 317.7892150878906, 348.6697082519531, 332.81231689453125], [0.06989948451519012, 215.0401611328125, 25.721229553222656, 249.98345947265625], [198.2189483642578, 255.62847900390625, 216.9120330810547, 263.2254943847656], [479.793701171875, 201.63487243652344, 500.08660888671875, 220.19834899902344], [108.90714263916016, 288.87982177734375, 169.8656005859375, 299.3974609375], [64.21208953857422, 96.8711166381836, 91.66829681396484, 113.77781677246094], [363.9263000488281, 314.0564270019531, 416.7841796875, 333.0291442871094], [61.73093795776367, 95.55968475341797, 92.80024719238281, 120.50399780273438], [151.65762329101562, 295.9878234863281, 263.243408203125, 332.7482604980469], [56.292423248291016, 234.10385131835938, 254.63160705566406, 332.0455017089844], [198.2189483642578, 255.62847900390625, 216.9120330810547, 263.2254943847656], [-0.8550137281417847, 170.79074096679688, 499.0148010253906, 332.8492736816406], [487.9991149902344, 48.917659759521484, 499.4258117675781, 59.29350280761719], [108.90714263916016, 288.87982177734375, 169.8656005859375, 299.3974609375], [0.06989948451519012, 215.0401611328125, 25.721229553222656, 249.98345947265625], [-3.8945376873016357, 278.95550537109375, 495.0027770996094, 332.836669921875], [82.71995544433594, 271.8800048828125, 191.3966827392578, 321.5511474609375], [384.61505126953125, 315.0257263183594, 416.8863220214844, 332.87518310546875], [0.05636084824800491, 244.8330078125, 16.88825035095215, 275.2386779785156], [105.33354187011719, 317.8935546875, 177.58726501464844, 333.0137023925781], [-0.44283270835876465, 208.81903076171875, 499.5318298339844, 332.9963684082031], [292.0084533691406, 317.7892150878906, 348.6697082519531, 332.81231689453125], [108.90714263916016, 288.87982177734375, 169.8656005859375, 299.3974609375], [-0.022298656404018402, 244.4697265625, 17.004106521606445, 258.6521301269531], [80.07069396972656, 292.8791809082031, 196.09469604492188, 332.383056640625], [0.08317828178405762, 243.64617919921875, 68.96764373779297, 277.568359375], [64.21208953857422, 96.8711166381836, 91.66829681396484, 113.77781677246094], [3.8449690341949463, 141.98583984375, 119.17975616455078, 276.4560241699219], [134.6518096923828, 266.9026184082031, 190.7636260986328, 288.5882263183594], [270.0487060546875, 104.58566284179688, 288.76171875, 135.271728515625], [13.450488090515137, 179.1291046142578, 113.49296569824219, 187.89869689941406], [147.7428741455078, 291.51153564453125, 196.96995544433594, 331.3780822753906], [-0.23396313190460205, 121.52383422851562, 499.7260437011719, 333.11279296875]), Score: [0.9333545565605164, 0.9324638247489929, 0.9215393662452698, 0.9183047413825989, 0.8712732195854187, 0.8092040419578552, 0.507397472858429, 0.48603543639183044, 0.41646161675453186, 0.390176385641098, 0.3879648447036743, 0.3752951920032501, 0.3677753806114197, 0.36617761850357056, 0.3419748842716217, 0.32143279910087585, 0.31476664543151855, 0.3106813132762909, 0.2987956404685974, 0.29707619547843933, 0.2969765067100525, 0.2573442757129669, 0.24954313039779663, 0.2465716451406479, 0.2453944832086563, 0.2422657608985901, 0.23314423859119415, 0.23252198100090027, 0.23078849911689758, 0.22615763545036316, 0.2212056666612625, 0.21872888505458832, 0.2184154987335205, 0.21613433957099915, 0.21554070711135864, 0.21207195520401, 0.21168099343776703, 0.20627140998840332, 0.20449070632457733, 0.20010939240455627, 0.19986392557621002, 0.19181740283966064, 0.19004231691360474, 0.18788939714431763, 0.18588757514953613, 0.18368831276893616, 0.18004122376441956, 0.17776089906692505, 0.17447751760482788, 0.17300039529800415, 0.16938957571983337, 0.16783489286899567, 0.16641643643379211, 0.16607771813869476, 0.16489358246326447, 0.1630861908197403, 0.16150632500648499, 0.1612391620874405, 0.15797436237335205, 0.1560179442167282, 0.15566636621952057, 0.15485411882400513, 0.15443187952041626, 0.14846809208393097, 0.14781135320663452, 0.14638246595859528, 0.14618349075317383, 0.14602652192115784, 0.14265617728233337, 0.14239032566547394, 0.14205633103847504, 0.1417005956172943, 0.14167803525924683, 0.14038075506687164, 0.14010842144489288, 0.13974705338478088, 0.1376933753490448, 0.13554628193378448, 0.13510674238204956, 0.1344980001449585, 0.13249799609184265, 0.13249145448207855, 0.13167783617973328, 0.1312420666217804, 0.13110150396823883, 0.12808534502983093, 0.12757405638694763, 0.12727677822113037, 0.12705428898334503, 0.12672758102416992, 0.1257942169904709, 0.12392669916152954, 0.12290375679731369, 0.1229037269949913, 0.12281402945518494, 0.12277484685182571, 0.12275578826665878, 0.12160485237836838, 0.12026794254779816, 0.11963582783937454, 0.11709155887365341, 0.11440840363502502, 0.11420371383428574, 0.11396220326423645, 0.11364734917879105, 0.1131715402007103, 0.11037059128284454, 0.10932949185371399, 0.10923300683498383, 0.10793064534664154, 0.1072729229927063, 0.10665351897478104, 0.10659540444612503, 0.10510876774787903, 0.10486084222793579, 0.10484320670366287, 0.10252567380666733, 0.10219015926122665, 0.10160302370786667, 0.10114821791648865, 0.10066860169172287, 0.10044814646244049, 0.09955992549657822, 0.09953609853982925, 0.0993112176656723, 0.09922106564044952, 0.09900869429111481, 0.09801793098449707, 0.09792454540729523, 0.09659215807914734, 0.09472572058439255, 0.09414996206760406, 0.09236649423837662, 0.09006184339523315, 0.08930551260709763, 0.08731290698051453, 0.08656858652830124, 0.08549671620130539, 0.08533376455307007, 0.08359555900096893, 0.0835229754447937, 0.08350764214992523, 0.08281029015779495, 0.08245381712913513, 0.08131081610918045, 0.08043647557497025, 0.08036450296640396, 0.08024590462446213, 0.07979729026556015, 0.07871536165475845, 0.0786348506808281, 0.07837193459272385, 0.0781078115105629, 0.07784883677959442, 0.07779066264629364, 0.07768090814352036, 0.0774705782532692, 0.07739974558353424, 0.07716497033834457, 0.07695812731981277, 0.07612967491149902, 0.07599329203367233, 0.07586058974266052, 0.07525826245546341, 0.0748618021607399, 0.07448794692754745, 0.0743781104683876, 0.07399395108222961, 0.0734894797205925, 0.07275057584047318, 0.07273034751415253, 0.07261139899492264, 0.07260435074567795, 0.07243034243583679, 0.07230416685342789, 0.07218819856643677, 0.07213269174098969, 0.07212067395448685, 0.07189682126045227, 0.07186642289161682, 0.07181284576654434, 0.07147680968046188, 0.07130026072263718, 0.07051710784435272, 0.07036800682544708, 0.07028044760227203, 0.07015261054039001, 0.07007729262113571, 0.07006261497735977, 0.07002051174640656, 0.06994637101888657, 0.06978997588157654, 0.06951066106557846, 0.06943417340517044, 0.06907736510038376, 0.06863526999950409, 0.06761225312948227, 0.0674031674861908, 0.06709457188844681, 0.06634356081485748, 0.06549542397260666, 0.06543314456939697, 0.06481131166219711, 0.06472079455852509, 0.06456500291824341, 0.06428904086351395, 0.06407690048217773, 0.06336306035518646, 0.06312637776136398, 0.06308149546384811, 0.06286745518445969, 0.06279788166284561, 0.06261621415615082, 0.062415119260549545, 0.06231626495718956, 0.0622626356780529, 0.06211383640766144, 0.06206965819001198, 0.062030840665102005, 0.06202907860279083, 0.061463143676519394, 0.06144183874130249, 0.0612218864262104, 0.06114676967263222, 0.06114259734749794, 0.06106948480010033, 0.06091825291514397, 0.060611169785261154, 0.06041022390127182, 0.06025366485118866, 0.06007116660475731, 0.05969960242509842, 0.05967344343662262, 0.05956461653113365, 0.05861320346593857, 0.058600425720214844, 0.05859038233757019, 0.05858664959669113, 0.058481357991695404, 0.058095693588256836, 0.05789855122566223, 0.05776366591453552, 0.05708620697259903, 0.056877125054597855, 0.056843165308237076, 0.05620674043893814, 0.056027933955192566, 0.05588738992810249, 0.05586158484220505, 0.05553017556667328, 0.05552934110164642, 0.0555085651576519, 0.05541791021823883, 0.05533664673566818, 0.05518314987421036, 0.05501076206564903, 0.05490294098854065, 0.05427136272192001, 0.05426906794309616, 0.05425409600138664, 0.054235149174928665, 0.05412176251411438, 0.05339595675468445, 0.05298536270856857, 0.052927110344171524, 0.0527549684047699, 0.052562788128852844, 0.052511874586343765, 0.052264053374528885, 0.05211377143859863, 0.05198154225945473, 0.05194015055894852, 0.051890112459659576, 0.051807064563035965, 0.0516379252076149, 0.05159544199705124, 0.05158416926860809, 0.05155245587229729, 0.05103461071848869, 0.05090910568833351, 0.0507906973361969, 0.050735119730234146, 0.05069517716765404, 0.05065053701400757, 0.05062016844749451, 0.05049256235361099, 0.05021832138299942, 0.04990249499678612, 0.0498688630759716, 0.049849435687065125, 0.04981834813952446, 0.049772340804338455, 0.04963583126664162, 0.04927729442715645, 0.0492531843483448, 0.0492459274828434, 0.04924347251653671, 0.04893549159169197, 0.04892274737358093, 0.04884091764688492]

Execution time: 0.4164 sec
