Label: tensor([16, 18, 13, 13, 19, 13, 13, 18, 13, 16, 13, 13, 13, 56, 16, 13, 13, 13,
        57, 18, 13, 13, 57,  2, 16, 21, 64, 55, 13, 13, 17, 13, 16, 29, 16, 57,
         2, 18, 59, 56, 18, 61,  8,  7, 18, 16, 77, 13, 18, 13, 59, 18, 60,  8,
        13, 13, 13, 15, 18, 13, 13, 12, 16, 15, 13,  2, 18, 16,  0, 57, 18, 75,
        16, 13, 13, 19,  2,  7, 37, 56, 41, 57, 59, 71, 15, 56, 18, 15, 28, 18,
        57, 18, 16,  5,  2, 16, 57, 18, 49,  2, 18, 57, 18, 13, 60, 13, 18, 13,
        13, 16,  0, 13, 54, 18, 13, 59, 18, 54, 14, 60, 16, 56, 19, 16, 16, 13,
        13,  6, 16, 20, 18, 60, 18,  2, 16,  7,  0, 57, 16, 18, 57, 18,  6, 53,
        13, 13,  2,  0, 18, 16, 16, 16, 18, 13, 18, 16, 57, 16, 18,  7, 73,  8,
        15, 18, 56, 18, 13, 16, 18,  2, 16, 18, 18, 18, 18,  2, 13, 13, 18, 57,
        56, 63, 18, 18, 16, 16, 57, 31, 56, 18, 16, 12, 13, 18,  0, 19, 59, 18,
        72, 56, 64, 16,  5, 45, 13, 58, 28, 16,  0, 18, 18, 13, 56, 36,  0,  7,
        18, 26, 18, 13, 24, 17, 20, 16, 18, 13,  5, 18, 18, 16, 69,  2, 17,  2,
        18, 15, 10,  1, 18, 36,  0, 18, 28, 16, 38, 16, 13, 59, 14, 22, 16,  0,
        57, 56, 56, 57, 13, 13, 13,  5, 18, 18, 18,  0, 71, 33, 18, 59, 41, 18,
         7, 18, 13,  8, 11, 13, 56, 18,  8, 37, 40, 37, 13,  2, 16, 62, 13, 37,
        40,  2, 56, 45, 21, 21, 18, 14, 18,  7, 49, 13]), Box: ([123.70738220214844, 12.660569190979004, 337.0538635253906, 225.28858947753906], [98.75447845458984, 175.4969482421875, 425.2382507324219, 356.78839111328125], [-0.037088990211486816, 0.08602510392665863, 499.9442138671875, 136.32862854003906], [-0.019252300262451172, 0.9453451633453369, 499.9757385253906, 357.02056884765625], [99.20523834228516, 174.58328247070312, 424.8090515136719, 357.16448974609375], [-0.339016318321228, 0.1429407298564911, 499.58056640625, 205.6923828125], [-0.36078691482543945, 1.1716670989990234, 499.5536193847656, 233.4530792236328], [99.20523834228516, 174.58328247070312, 424.8090515136719, 357.16448974609375], [-0.26303529739379883, 0.3264123797416687, 499.6680603027344, 96.57184600830078], [99.20523834228516, 174.58328247070312, 424.8090515136719, 357.16448974609375], [2.6466846466064453, -0.5083253383636475, 495.8207092285156, 129.14759826660156], [-0.4767999053001404, 0.7310670614242554, 154.1092071533203, 140.0762939453125], [-0.3095567226409912, -0.37488028407096863, 499.6854248046875, 298.3669128417969], [98.75447845458984, 175.4969482421875, 425.2382507324219, 356.78839111328125], [123.44062805175781, 12.243940353393555, 338.2203063964844, 225.77308654785156], [123.67229461669922, -0.0019310563802719116, 499.1108703613281, 95.97767639160156], [-0.09074807167053223, 0.004117459058761597, 499.90423583984375, 238.5731964111328], [275.1940002441406, -0.060884132981300354, 499.3273010253906, 89.5611801147461], [-0.019252300262451172, 0.9453451633453369, 499.9757385253906, 357.02056884765625], [103.80378723144531, 11.964027404785156, 426.01373291015625, 356.2493591308594], [-0.18145889043807983, 0.8358388543128967, 181.7338104248047, 148.26560974121094], [-0.41094422340393066, 0.41953927278518677, 145.24993896484375, 127.25823211669922], [-0.037088990211486816, 0.08602510392665863, 499.9442138671875, 136.32862854003906], [-0.037088990211486816, 0.08602510392665863, 499.9442138671875, 136.32862854003906], [103.80378723144531, 11.964027404785156, 426.01373291015625, 356.2493591308594], [99.20523834228516, 174.58328247070312, 424.8090515136719, 357.16448974609375], [98.75447845458984, 175.4969482421875, 425.2382507324219, 356.78839111328125], [99.20523834228516, 174.58328247070312, 424.8090515136719, 357.16448974609375], [108.91798400878906, 0.7799127101898193, 499.2330322265625, 357.6441955566406], [123.64756774902344, 0.07035854458808899, 499.6907653808594, 222.95196533203125], [99.20523834228516, 174.58328247070312, 424.8090515136719, 357.16448974609375], [208.4966278076172, -0.46897274255752563, 498.9306335449219, 84.50861358642578], [200.34689331054688, 37.26731491088867, 336.45074462890625, 180.99826049804688], [98.75447845458984, 175.4969482421875, 425.2382507324219, 356.78839111328125], [133.9941864013672, 16.78451919555664, 337.28216552734375, 200.05136108398438], [99.20523834228516, 174.58328247070312, 424.8090515136719, 357.16448974609375], [-0.019252300262451172, 0.9453451633453369, 499.9757385253906, 357.02056884765625], [0.1761913299560547, 173.0439453125, 425.0527038574219, 356.831787109375], [98.75447845458984, 175.4969482421875, 425.2382507324219, 356.78839111328125], [-0.019252300262451172, 0.9453451633453369, 499.9757385253906, 357.02056884765625], [-0.14047324657440186, 85.86561584472656, 499.8544921875, 356.6079406738281], [98.75447845458984, 175.4969482421875, 425.2382507324219, 356.78839111328125], [-0.037088990211486816, 0.08602510392665863, 499.9442138671875, 136.32862854003906], [-0.037088990211486816, 0.08602510392665863, 499.9442138671875, 136.32862854003906], [-0.019252300262451172, 0.9453451633453369, 499.9757385253906, 357.02056884765625], [121.83503723144531, 12.103850364685059, 337.9832458496094, 203.9373016357422], [99.20523834228516, 174.58328247070312, 424.8090515136719, 357.16448974609375], [-0.023037195205688477, -0.3467389941215515, 499.82763671875, 140.3108367919922], [0.15747547149658203, 174.9456024169922, 500.0878601074219, 356.8852844238281], [226.1245880126953, 0.1308915764093399, 500.0045166015625, 171.01016235351562], [-0.019252300262451172, 0.9453451633453369, 499.9757385253906, 357.02056884765625], [0.39565563201904297, 137.96481323242188, 253.46559143066406, 356.1756896972656], [-0.019252300262451172, 0.9453451633453369, 499.9757385253906, 357.02056884765625], [-0.019252300262451172, 0.9453451633453369, 499.9757385253906, 357.02056884765625], [200.9076690673828, 0.23974889516830444, 499.2204895019531, 122.77108764648438], [-0.06753206253051758, 0.5400733947753906, 356.9259948730469, 144.18203735351562], [-0.14144927263259888, 1.5606765747070312, 151.54489135742188, 354.9217529296875], [99.20523834228516, 174.58328247070312, 424.8090515136719, 357.16448974609375], [98.86238861083984, 179.19802856445312, 302.1028137207031, 356.3281555175781], [-0.27842819690704346, 0.639573335647583, 295.74810791015625, 141.1974639892578], [1.0302364826202393, 2.923300266265869, 442.2338562011719, 355.4585876464844], [98.75447845458984, 175.4969482421875, 425.2382507324219, 356.78839111328125], [124.21240234375, 13.64382266998291, 225.51171875, 223.95269775390625], [123.70738220214844, 12.660569190979004, 337.0538635253906, 225.28858947753906], [99.20523834228516, 174.58328247070312, 424.8090515136719, 357.16448974609375], [-0.36078691482543945, 1.1716670989990234, 499.5536193847656, 233.4530792236328], [123.70738220214844, 12.660569190979004, 337.0538635253906, 225.28858947753906], [-0.019252300262451172, 0.9453451633453369, 499.9757385253906, 357.02056884765625], [99.20523834228516, 174.58328247070312, 424.8090515136719, 357.16448974609375], [-0.339016318321228, 0.1429407298564911, 499.58056640625, 205.6923828125], [195.12179565429688, 175.49111938476562, 424.64105224609375, 356.0741882324219], [99.20523834228516, 174.58328247070312, 424.8090515136719, 357.16448974609375], [108.91798400878906, 0.7799127101898193, 499.2330322265625, 357.6441955566406], [284.2709045410156, 0.3201085031032562, 500.2405700683594, 356.2763366699219], [-0.064849853515625, 1.4075113534927368, 204.7392120361328, 206.1149139404297], [98.75447845458984, 175.4969482421875, 425.2382507324219, 356.78839111328125], [-0.339016318321228, 0.1429407298564911, 499.58056640625, 205.6923828125], [-0.019252300262451172, 0.9453451633453369, 499.9757385253906, 357.02056884765625], [98.75447845458984, 175.4969482421875, 425.2382507324219, 356.78839111328125], [99.20523834228516, 174.58328247070312, 424.8090515136719, 357.16448974609375], [98.75447845458984, 175.4969482421875, 425.2382507324219, 356.78839111328125], [-0.36078691482543945, 1.1716670989990234, 499.5536193847656, 233.4530792236328], [123.70738220214844, 12.660569190979004, 337.0538635253906, 225.28858947753906], [98.75447845458984, 175.4969482421875, 425.2382507324219, 356.78839111328125], [98.75447845458984, 175.4969482421875, 425.2382507324219, 356.78839111328125], [-0.037088990211486816, 0.08602510392665863, 499.9442138671875, 136.32862854003906], [102.9476547241211, 14.125629425048828, 424.88800048828125, 353.7898864746094], [123.44062805175781, 12.243940353393555, 338.2203063964844, 225.77308654785156], [98.75447845458984, 175.4969482421875, 425.2382507324219, 356.78839111328125], [0.7043927907943726, 143.79649353027344, 283.551025390625, 355.7621765136719], [108.91798400878906, 0.7799127101898193, 499.2330322265625, 357.6441955566406], [108.91798400878906, 0.7799127101898193, 499.2330322265625, 357.6441955566406], [123.76801300048828, 12.352249145507812, 338.254638671875, 225.453857421875], [-0.037088990211486816, 0.08602510392665863, 499.9442138671875, 136.32862854003906], [98.75447845458984, 175.4969482421875, 425.2382507324219, 356.78839111328125], [123.64756774902344, 0.07035854458808899, 499.6907653808594, 222.95196533203125], [2.6466846466064453, -0.5083253383636475, 495.8207092285156, 129.14759826660156], [300.0779113769531, 176.3361358642578, 425.2098083496094, 355.85931396484375], [98.75447845458984, 175.4969482421875, 425.2382507324219, 356.78839111328125], [-0.4767999053001404, 0.7310670614242554, 154.1092071533203, 140.0762939453125], [0.18292665481567383, 123.34095764160156, 272.9752197265625, 355.5008544921875], [-0.3095567226409912, -0.37488028407096863, 499.6854248046875, 298.3669128417969], [0.07495284080505371, 57.47249221801758, 500.06329345703125, 357.6823425292969], [-0.41215866804122925, 4.043855667114258, 138.46644592285156, 167.6374053955078], [98.75447845458984, 175.4969482421875, 425.2382507324219, 356.78839111328125], [0.07495284080505371, 57.47249221801758, 500.06329345703125, 357.6823425292969], [204.17247009277344, 77.97169494628906, 500.0158996582031, 356.06011962890625], [122.86514282226562, -3.51957368850708, 500.1534729003906, 86.86894989013672], [2.171427011489868, 0.5867645144462585, 419.3392639160156, 357.576904296875], [98.75447845458984, 175.4969482421875, 425.2382507324219, 356.78839111328125], [-0.019252300262451172, 0.9453451633453369, 499.9757385253906, 357.02056884765625], [0.30037760734558105, 4.942887306213379, 500.2829895019531, 326.49615478515625], [98.75447845458984, 175.4969482421875, 425.2382507324219, 356.78839111328125], [1.0302364826202393, 2.923300266265869, 442.2338562011719, 355.4585876464844], [302.7063903808594, -0.42258748412132263, 499.31439208984375, 106.44499969482422], [-0.037088990211486816, 0.08602510392665863, 499.9442138671875, 136.32862854003906], [316.1969299316406, 176.57423400878906, 425.4786376953125, 355.7242431640625], [99.20523834228516, 174.58328247070312, 424.8090515136719, 357.16448974609375], [99.20523834228516, 174.58328247070312, 424.8090515136719, 357.16448974609375], [99.20523834228516, 174.58328247070312, 424.8090515136719, 357.16448974609375], [111.7562484741211, 12.462570190429688, 348.69635009765625, 357.226318359375], [108.91798400878906, 0.7799127101898193, 499.2330322265625, 357.6441955566406], [-0.019252300262451172, 0.9453451633453369, 499.9757385253906, 357.02056884765625], [221.12863159179688, 128.3109130859375, 326.0179138183594, 179.7608184814453], [-0.14047324657440186, 85.86561584472656, 499.8544921875, 356.6079406738281], [128.9710693359375, -0.5256330370903015, 498.5202941894531, 79.57247161865234], [0.005304813385009766, -4.80969762802124, 500.00030517578125, 164.3098907470703], [-0.037088990211486816, 0.08602510392665863, 499.9442138671875, 136.32862854003906], [0.1761913299560547, 173.0439453125, 425.0527038574219, 356.831787109375], [99.20523834228516, 174.58328247070312, 424.8090515136719, 357.16448974609375], [112.77347564697266, 15.593774795532227, 424.47698974609375, 352.87225341796875], [-0.037088990211486816, 0.08602510392665863, 499.9442138671875, 136.32862854003906], [100.67464447021484, 227.1439208984375, 421.1138610839844, 356.537109375], [-0.26303529739379883, 0.3264123797416687, 499.6680603027344, 96.57184600830078], [109.03894805908203, 12.870272636413574, 342.05548095703125, 355.5621032714844], [-0.339016318321228, 0.1429407298564911, 499.58056640625, 205.6923828125], [98.75447845458984, 175.4969482421875, 425.2382507324219, 356.78839111328125], [-0.26303529739379883, 0.3264123797416687, 499.6680603027344, 96.57184600830078], [108.49879455566406, 13.954834938049316, 341.49151611328125, 355.1510925292969], [103.21299743652344, 15.052877426147461, 424.5644226074219, 352.6824645996094], [123.70738220214844, 12.660569190979004, 337.0538635253906, 225.28858947753906], [98.13442993164062, 214.8239288330078, 267.0923156738281, 356.0479736328125], [-0.019252300262451172, 0.9453451633453369, 499.9757385253906, 357.02056884765625], [123.70738220214844, 12.660569190979004, 337.0538635253906, 225.28858947753906], [-0.02822279930114746, -5.493312835693359, 499.82720947265625, 159.5209197998047], [123.70738220214844, 12.660569190979004, 337.0538635253906, 225.28858947753906], [-0.18145889043807983, 0.8358388543128967, 181.7338104248047, 148.26560974121094], [127.66278076171875, -0.7534205317497253, 424.977294921875, 356.24273681640625], [277.2297058105469, 174.6494140625, 424.9007873535156, 356.8226318359375], [125.00056457519531, 15.834002494812012, 334.6259460449219, 157.95594787597656], [0.07495284080505371, 57.47249221801758, 500.06329345703125, 357.6823425292969], [110.61698150634766, 14.281220436096191, 340.88885498046875, 354.9189758300781], [108.49879455566406, 13.954834938049316, 341.49151611328125, 355.1510925292969], [-0.14047324657440186, 85.86561584472656, 499.8544921875, 356.6079406738281], [97.70814514160156, 221.1894989013672, 310.86395263671875, 356.0611877441406], [105.9243392944336, 12.017766952514648, 340.99017333984375, 357.9021301269531], [123.64756774902344, 0.07035854458808899, 499.6907653808594, 222.95196533203125], [0.15747547149658203, 174.9456024169922, 500.0878601074219, 356.8852844238281], [110.61698150634766, 14.281220436096191, 340.88885498046875, 354.9189758300781], [-0.36078691482543945, 1.1716670989990234, 499.5536193847656, 233.4530792236328], [98.75447845458984, 175.4969482421875, 425.2382507324219, 356.78839111328125], [-0.339016318321228, 0.1429407298564911, 499.58056640625, 205.6923828125], [103.80378723144531, 11.964027404785156, 426.01373291015625, 356.2493591308594], [0.8695274591445923, 50.824798583984375, 499.01318359375, 357.89166259765625], [-0.36078691482543945, 1.1716670989990234, 499.5536193847656, 233.4530792236328], [109.03894805908203, 12.870272636413574, 342.05548095703125, 355.5621032714844], [103.80378723144531, 11.964027404785156, 426.01373291015625, 356.2493591308594], [109.82574462890625, 14.075847625732422, 341.544677734375, 355.27789306640625], [209.38404846191406, 173.4151153564453, 424.53594970703125, 357.095703125], [2.6466846466064453, -0.5083253383636475, 495.8207092285156, 129.14759826660156], [123.54821014404297, 11.818309783935547, 335.56683349609375, 169.39517211914062], [2.171427011489868, 0.5867645144462585, 419.3392639160156, 357.576904296875], [109.82574462890625, 14.075847625732422, 341.544677734375, 355.27789306640625], [99.36337280273438, 264.36767578125, 417.8736267089844, 356.61785888671875], [105.9243392944336, 12.017766952514648, 340.99017333984375, 357.9021301269531], [-0.3095567226409912, -0.37488028407096863, 499.6854248046875, 298.3669128417969], [2.247020721435547, -0.13002578914165497, 496.2757263183594, 39.193817138671875], [0.5227327346801758, -3.0212361812591553, 500.5177307128906, 135.19271850585938], [99.33912658691406, 257.63055419921875, 418.73211669921875, 356.5328369140625], [123.67229461669922, -0.0019310563802719116, 499.1108703613281, 95.97767639160156], [-0.339016318321228, 0.1429407298564911, 499.58056640625, 205.6923828125], [99.20523834228516, 174.58328247070312, 424.8090515136719, 357.16448974609375], [100.04611206054688, 14.440652847290039, 424.76409912109375, 355.44281005859375], [-0.6528794765472412, 68.3899917602539, 499.3380126953125, 359.12481689453125], [251.02752685546875, 38.395118713378906, 337.2742614746094, 178.38836669921875], [124.80814361572266, 13.941094398498535, 334.5667419433594, 146.38795471191406], [-0.09074807167053223, 0.004117459058761597, 499.90423583984375, 238.5731964111328], [98.75447845458984, 175.4969482421875, 425.2382507324219, 356.78839111328125], [103.80378723144531, 11.964027404785156, 426.01373291015625, 356.2493591308594], [0.5805417895317078, 221.0194549560547, 250.2286376953125, 356.29669189453125], [109.22854614257812, 13.34538745880127, 341.4804382324219, 355.6284484863281], [99.20523834228516, 174.58328247070312, 424.8090515136719, 357.16448974609375], [0.4989802837371826, -1.4006383419036865, 500.4940185546875, 138.9779510498047], [98.88675689697266, 283.5812072753906, 417.7130126953125, 356.7464294433594], [123.70738220214844, 12.660569190979004, 337.0538635253906, 225.28858947753906], [0.1761913299560547, 173.0439453125, 425.0527038574219, 356.831787109375], [108.91798400878906, 0.7799127101898193, 499.2330322265625, 357.6441955566406], [109.22854614257812, 13.34538745880127, 341.4804382324219, 355.6284484863281], [99.20523834228516, 174.58328247070312, 424.8090515136719, 357.16448974609375], [-0.4767999053001404, 0.7310670614242554, 154.1092071533203, 140.0762939453125], [147.83053588867188, 207.09014892578125, 166.61895751953125, 225.75094604492188], [-0.339016318321228, 0.1429407298564911, 499.58056640625, 205.6923828125], [123.70738220214844, 12.660569190979004, 337.0538635253906, 225.28858947753906], [99.20523834228516, 174.58328247070312, 424.8090515136719, 357.16448974609375], [0.8695274591445923, 50.824798583984375, 499.01318359375, 357.89166259765625], [-0.037088990211486816, 0.08602510392665863, 499.9442138671875, 136.32862854003906], [99.20523834228516, 174.58328247070312, 424.8090515136719, 357.16448974609375], [-0.037088990211486816, 0.08602510392665863, 499.9442138671875, 136.32862854003906], [108.91798400878906, 0.7799127101898193, 499.2330322265625, 357.6441955566406], [98.5897445678711, 291.88983154296875, 417.183837890625, 356.7330017089844], [98.4769515991211, 283.25006103515625, 250.18023681640625, 356.47210693359375], [324.936767578125, -0.34622299671173096, 499.179931640625, 85.90448760986328], [-0.26303529739379883, 0.3264123797416687, 499.6680603027344, 96.57184600830078], [-0.019252300262451172, 0.9453451633453369, 499.9757385253906, 357.02056884765625], [2.171427011489868, 0.5867645144462585, 419.3392639160156, 357.576904296875], [99.20523834228516, 174.58328247070312, 424.8090515136719, 357.16448974609375], [-0.36078691482543945, 1.1716670989990234, 499.5536193847656, 233.4530792236328], [98.75447845458984, 175.4969482421875, 425.2382507324219, 356.78839111328125], [214.99415588378906, 239.02560424804688, 421.9554443359375, 356.3540954589844], [124.17019653320312, -0.5409896969795227, 496.9493713378906, 43.30551528930664], [123.70738220214844, 12.660569190979004, 337.0538635253906, 225.28858947753906], [123.70738220214844, 12.660569190979004, 337.0538635253906, 225.28858947753906], [98.75447845458984, 175.4969482421875, 425.2382507324219, 356.78839111328125], [214.10403442382812, 131.96449279785156, 323.49957275390625, 181.12774658203125], [119.11709594726562, 17.07831573486328, 424.76898193359375, 348.1687316894531], [288.78936767578125, 0.5587083101272583, 501.0514221191406, 241.14015197753906], [-0.019252300262451172, 0.9453451633453369, 499.9757385253906, 357.02056884765625], [100.9599838256836, 235.84837341308594, 418.05682373046875, 356.42779541015625], [98.61161041259766, 286.4117431640625, 277.099365234375, 356.63232421875], [0.8695274591445923, 50.824798583984375, 499.01318359375, 357.89166259765625], [-0.019252300262451172, 0.9453451633453369, 499.9757385253906, 357.02056884765625], [123.67229461669922, -0.0019310563802719116, 499.1108703613281, 95.97767639160156], [-0.019252300262451172, 0.9453451633453369, 499.9757385253906, 357.02056884765625], [-0.41094422340393066, 0.41953927278518677, 145.24993896484375, 127.25823211669922], [98.89665222167969, 262.5779113769531, 282.63916015625, 356.5404968261719], [123.76801300048828, 12.352249145507812, 338.254638671875, 225.453857421875], [98.75447845458984, 175.4969482421875, 425.2382507324219, 356.78839111328125], [-0.037088990211486816, 0.08602510392665863, 499.9442138671875, 136.32862854003906], [101.19120788574219, 245.85682678222656, 418.85577392578125, 356.3714599609375], [98.75447845458984, 175.4969482421875, 425.2382507324219, 356.78839111328125], [-0.14047324657440186, 85.86561584472656, 499.8544921875, 356.6079406738281], [219.24911499023438, 236.66746520996094, 422.6823425292969, 356.4718933105469], [-0.019252300262451172, 0.9453451633453369, 499.9757385253906, 357.02056884765625], [66.2423095703125, 14.897615432739258, 425.2239685058594, 359.1529235839844], [123.70738220214844, 12.660569190979004, 337.0538635253906, 225.28858947753906], [119.11709594726562, 17.07831573486328, 424.76898193359375, 348.1687316894531], [-0.6781816482543945, 1.688232660293579, 253.22679138183594, 250.13510131835938], [-0.339016318321228, 0.1429407298564911, 499.58056640625, 205.6923828125], [-0.019252300262451172, 0.9453451633453369, 499.9757385253906, 357.02056884765625], [123.70738220214844, 12.660569190979004, 337.0538635253906, 225.28858947753906], [-0.36078691482543945, 1.1716670989990234, 499.5536193847656, 233.4530792236328], [1.0302364826202393, 2.923300266265869, 442.2338562011719, 355.4585876464844], [103.80378723144531, 11.964027404785156, 426.01373291015625, 356.2493591308594], [275.1940002441406, -0.060884132981300354, 499.3273010253906, 89.5611801147461], [123.67229461669922, -0.0019310563802719116, 499.1108703613281, 95.97767639160156], [-0.4767999053001404, 0.7310670614242554, 154.1092071533203, 140.0762939453125], [0.47300010919570923, 0.4562612771987915, 204.54031372070312, 354.59588623046875], [0.6328821182250977, -2.676917552947998, 500.62786865234375, 127.33624267578125], [-1.1733696460723877, 55.91262435913086, 105.4419937133789, 138.87838745117188], [-0.339016318321228, 0.1429407298564911, 499.58056640625, 205.6923828125], [-0.339016318321228, 0.1429407298564911, 499.58056640625, 205.6923828125], [66.2423095703125, 14.897615432739258, 425.2239685058594, 359.1529235839844], [97.85015869140625, 277.9021911621094, 422.41351318359375, 356.55084228515625], [0.07495284080505371, 57.47249221801758, 500.06329345703125, 357.6823425292969], [-0.019252300262451172, 0.9453451633453369, 499.9757385253906, 357.02056884765625], [-0.019252300262451172, 0.9453451633453369, 499.9757385253906, 357.02056884765625], [98.6180191040039, 287.98309326171875, 254.41604614257812, 356.7113037109375], [-0.36078691482543945, 1.1716670989990234, 499.5536193847656, 233.4530792236328], [123.70738220214844, 12.660569190979004, 337.0538635253906, 225.28858947753906], [111.7562484741211, 12.462570190429688, 348.69635009765625, 357.226318359375], [-0.3095567226409912, -0.37488028407096863, 499.6854248046875, 298.3669128417969], [267.8276672363281, 175.6063995361328, 422.982421875, 355.7628173828125], [0.15747547149658203, 174.9456024169922, 500.0878601074219, 356.8852844238281], [-0.4767999053001404, 0.7310670614242554, 154.1092071533203, 140.0762939453125], [123.70738220214844, 12.660569190979004, 337.0538635253906, 225.28858947753906], [98.75447845458984, 175.4969482421875, 425.2382507324219, 356.78839111328125], [-0.09074807167053223, 0.004117459058761597, 499.90423583984375, 238.5731964111328], [381.6177978515625, 79.43710327148438, 500.3570251464844, 355.70733642578125], [-0.36078691482543945, 1.1716670989990234, 499.5536193847656, 233.4530792236328], [-0.019252300262451172, 0.9453451633453369, 499.9757385253906, 357.02056884765625], [123.70738220214844, 12.660569190979004, 337.0538635253906, 225.28858947753906], [-0.037088990211486816, 0.08602510392665863, 499.9442138671875, 136.32862854003906], [421.19012451171875, -0.12585380673408508, 499.8232421875, 83.64559936523438], [0.07495284080505371, 57.47249221801758, 500.06329345703125, 357.6823425292969], [123.67229461669922, -0.0019310563802719116, 499.1108703613281, 95.97767639160156], [123.70738220214844, 12.660569190979004, 337.0538635253906, 225.28858947753906], [0.585213303565979, -1.257936954498291, 498.8775939941406, 97.41722869873047], [99.20523834228516, 174.58328247070312, 424.8090515136719, 357.16448974609375], [99.20523834228516, 174.58328247070312, 424.8090515136719, 357.16448974609375], [-0.14047324657440186, 85.86561584472656, 499.8544921875, 356.6079406738281], [-0.41094422340393066, 0.41953927278518677, 145.24993896484375, 127.25823211669922], [123.70738220214844, 12.660569190979004, 337.0538635253906, 225.28858947753906], [123.44062805175781, 12.243940353393555, 338.2203063964844, 225.77308654785156], [123.70738220214844, 12.660569190979004, 337.0538635253906, 225.28858947753906], [214.74388122558594, 317.14971923828125, 418.50469970703125, 356.7907409667969], [123.70738220214844, 12.660569190979004, 337.0538635253906, 225.28858947753906], [98.72266387939453, 310.4101867675781, 327.74127197265625, 356.7289123535156], [-0.26303529739379883, 0.3264123797416687, 499.6680603027344, 96.57184600830078], [99.20523834228516, 174.58328247070312, 424.8090515136719, 357.16448974609375], [125.66913604736328, -0.6155827641487122, 496.9793701171875, 39.90554428100586]), Score: [0.966175377368927, 0.946000337600708, 0.2519439160823822, 0.24574528634548187, 0.15290459990501404, 0.11311201751232147, 0.10013281553983688, 0.09593744575977325, 0.08638246357440948, 0.07272928208112717, 0.07117944210767746, 0.06051052361726761, 0.060042500495910645, 0.05422687157988548, 0.05365772172808647, 0.05131752789020538, 0.04441092908382416, 0.04276220127940178, 0.041734255850315094, 0.04111742973327637, 0.040720660239458084, 0.03981552645564079, 0.03945547714829445, 0.039388809353113174, 0.03823248669505119, 0.0373506098985672, 0.03692661225795746, 0.03678097575902939, 0.03595126420259476, 0.03266359493136406, 0.03109438717365265, 0.030761515721678734, 0.02999475970864296, 0.02977759949862957, 0.028382640331983566, 0.027569426223635674, 0.027153601869940758, 0.02712666429579258, 0.026993580162525177, 0.026707589626312256, 0.026656601577997208, 0.026348991319537163, 0.026131942868232727, 0.02597363293170929, 0.02531249262392521, 0.024536002427339554, 0.024461355060338974, 0.02325640246272087, 0.02321811579167843, 0.02220180444419384, 0.022171813994646072, 0.02203810028731823, 0.02202519029378891, 0.022005895152688026, 0.021546348929405212, 0.02147374302148819, 0.02133544534444809, 0.020942583680152893, 0.020904945209622383, 0.020651793107390404, 0.020545441657304764, 0.02034640684723854, 0.02034175395965576, 0.020278194919228554, 0.020146841183304787, 0.02006194368004799, 0.019995125010609627, 0.019969528540968895, 0.019886339083313942, 0.0197544377297163, 0.01969931088387966, 0.019672784954309464, 0.019623806700110435, 0.019576458260416985, 0.019471436738967896, 0.019224410876631737, 0.01903705671429634, 0.01900031417608261, 0.018934309482574463, 0.01892806775867939, 0.01885218918323517, 0.018677854910492897, 0.01860027201473713, 0.018584728240966797, 0.018556218594312668, 0.018511956557631493, 0.018472442403435707, 0.01804148405790329, 0.018040258437395096, 0.017999613657593727, 0.017859825864434242, 0.017623035237193108, 0.017525363713502884, 0.01727348566055298, 0.017185380682349205, 0.01703917421400547, 0.017026344314217567, 0.01680793985724449, 0.0167719516903162, 0.016768978908658028, 0.016663234680891037, 0.01659056358039379, 0.016549527645111084, 0.016414275392889977, 0.016318345442414284, 0.016279645264148712, 0.01617937907576561, 0.016128618270158768, 0.016100449487566948, 0.016085801646113396, 0.015794431790709496, 0.015717195346951485, 0.015629131346940994, 0.015513950958848, 0.01550246775150299, 0.01546972431242466, 0.015467836521565914, 0.015394795686006546, 0.015286165289580822, 0.015279053710401058, 0.015166696161031723, 0.015166356228291988, 0.015162160620093346, 0.015099509619176388, 0.015091965906322002, 0.015016314573585987, 0.014975392259657383, 0.014824090525507927, 0.01478862389922142, 0.01477818563580513, 0.014773611910641193, 0.014729125425219536, 0.014656009152531624, 0.014635379426181316, 0.014588863588869572, 0.014499299228191376, 0.01448243297636509, 0.0144692687317729, 0.014449461363255978, 0.01442093588411808, 0.014321204274892807, 0.014312106184661388, 0.014221382327377796, 0.01417284645140171, 0.01408381387591362, 0.014063614420592785, 0.014024275355041027, 0.013985591940581799, 0.01389132160693407, 0.013827448710799217, 0.013789817690849304, 0.013717803172767162, 0.013678614981472492, 0.013673197478055954, 0.01365590374916792, 0.013493958860635757, 0.013463042676448822, 0.013408496975898743, 0.013353100046515465, 0.013301019556820393, 0.013240047730505466, 0.013194642029702663, 0.013092251494526863, 0.01308376993983984, 0.013055071234703064, 0.012925565242767334, 0.012838221155107021, 0.012809745967388153, 0.012762395665049553, 0.012755506671965122, 0.012721882201731205, 0.012629764154553413, 0.012627463787794113, 0.012591967359185219, 0.012574263848364353, 0.012551998719573021, 0.012514926493167877, 0.012507914565503597, 0.012495306320488453, 0.01247442327439785, 0.012470394372940063, 0.012418719939887524, 0.012386023998260498, 0.012371695600450039, 0.012357085011899471, 0.012347609736025333, 0.012336884625256062, 0.01229004468768835, 0.012241489253938198, 0.012215305119752884, 0.012204378843307495, 0.012070207856595516, 0.012036914937198162, 0.01194976456463337, 0.01193871907889843, 0.011833254247903824, 0.011806253343820572, 0.011793042533099651, 0.01174725778400898, 0.011577537283301353, 0.01156188640743494, 0.011547951027750969, 0.01151726022362709, 0.011511578224599361, 0.011507238261401653, 0.011497555300593376, 0.011497505940496922, 0.011465214192867279, 0.011463857255876064, 0.01144773792475462, 0.01144641637802124, 0.011324260383844376, 0.011262589134275913, 0.011255795136094093, 0.011221861466765404, 0.011210549622774124, 0.01120628509670496, 0.011183039285242558, 0.011143161915242672, 0.011071591638028622, 0.011062473990023136, 0.011059682816267014, 0.0109595051035285, 0.010935099795460701, 0.010926377028226852, 0.010908129625022411, 0.010868873447179794, 0.010845127515494823, 0.010844060219824314, 0.010842745192348957, 0.01083807647228241, 0.010827754624187946, 0.010746922343969345, 0.010727898217737675, 0.010721300728619099, 0.010693475604057312, 0.010635368525981903, 0.010600469075143337, 0.010593698360025883, 0.010589846409857273, 0.010589796118438244, 0.010584142059087753, 0.01057437900453806, 0.010552753694355488, 0.010509848594665527, 0.010459911078214645, 0.010431019589304924, 0.0104065565392375, 0.01038869097828865, 0.010380953550338745, 0.010329673066735268, 0.010316130705177784, 0.010309609584510326, 0.010299484245479107, 0.010269401594996452, 0.010266091674566269, 0.010261209681630135, 0.010236472822725773, 0.01016457099467516, 0.010164071805775166, 0.010136357508599758, 0.01012826431542635, 0.010105906054377556, 0.0100853918120265, 0.010072803124785423, 0.010067797265946865, 0.01006662379950285, 0.010057001374661922, 0.010051182471215725, 0.010049641132354736, 0.009988459758460522, 0.009955359622836113, 0.009932568296790123, 0.009925822727382183, 0.009895512834191322, 0.009825934655964375, 0.009825596585869789, 0.00982336513698101, 0.009813726879656315, 0.009794452227652073, 0.009783118031919003, 0.009763234294950962, 0.009735524654388428, 0.009729964658617973, 0.009714401327073574, 0.00969189964234829, 0.00969154667109251, 0.009669184684753418, 0.009659618139266968, 0.009642099030315876, 0.009627321735024452, 0.009622285142540932, 0.009619005024433136, 0.009585605934262276, 0.00957942008972168, 0.009554569609463215, 0.00954754650592804, 0.009530440904200077, 0.00951581820845604, 0.009500469081103802]

Execution time: 0.4108 sec
