Label: tensor([ 8,  7,  0,  0,  0,  8,  8,  0,  0,  0,  0,  7,  0,  0,  8,  8,  0,  2,
         8,  2,  8,  0,  2,  8,  2,  8,  8,  7,  0,  2,  0,  7,  0,  8,  8,  8,
         0,  0,  8,  0,  8,  8,  8,  0,  7,  8,  0,  0,  8,  0,  8,  8,  0,  7,
         0,  8,  7,  8,  8,  0,  0,  0,  0,  8,  8,  7,  8,  0,  0,  8,  8,  2,
         8,  8,  2,  0,  8,  2,  8,  8,  8,  8,  2,  0,  0,  7,  7,  8,  2,  0,
         8,  8,  8,  0,  8,  0,  2,  7,  0,  2,  0,  8,  8,  8,  0,  8,  8,  8,
         8,  8,  2,  0,  0,  0,  2,  8,  0,  0,  8,  2,  8,  8,  2,  8,  8,  8,
         8,  0,  8,  8,  8,  0,  0,  0,  0,  2,  8,  8,  8,  8,  7,  8,  8,  8,
         8,  2,  5,  7,  8,  8,  2,  8,  7,  0,  0,  0,  8,  7,  0,  5,  7,  2,
         2,  8,  0,  8,  7,  8,  0,  8,  7,  8,  8,  2,  8,  0,  8,  0,  8,  0,
         7,  0,  2,  7,  2,  8,  2,  7,  2,  0,  2,  8,  8,  8,  0,  8,  2,  8,
         4,  8,  7,  7,  8,  0,  0,  2,  0,  0,  0,  5,  2,  2,  8,  8,  8,  2,
         2,  8,  8,  8, 58,  0,  0,  4,  8,  2,  2,  2,  8,  7,  0,  5,  2,  8,
         2,  8,  8,  7,  7,  0,  7,  7,  8,  8,  0,  0,  0,  8,  8,  8,  4,  8,
         0,  7,  8,  4,  2,  4,  4,  0,  7,  2,  0,  2,  8,  4,  7,  8, 58,  7,
         7,  2,  2,  7,  0,  8,  8, 28,  4,  0,  2,  2,  8,  5,  2,  4,  7,  8,
         2,  4,  2,  0,  7,  2,  0,  0,  5,  8,  4,  8]), Box: ([0.5885958671569824, 76.51658630371094, 381.9361267089844, 326.31500244140625], [414.4712829589844, 118.89775848388672, 472.574951171875, 143.32859802246094], [212.1549072265625, 118.09720611572266, 218.30914306640625, 134.6815185546875], [454.68963623046875, 133.1592559814453, 464.8352355957031, 153.2314910888672], [200.9542999267578, 117.26966857910156, 208.42300415039062, 133.8607940673828], [0.5509108304977417, 1.1030995845794678, 382.9403076171875, 329.4631042480469], [1.1742264032363892, 148.54010009765625, 380.2803649902344, 328.6107177734375], [257.3184814453125, 156.4281463623047, 267.4775085449219, 171.97726440429688], [387.97857666015625, 124.29063415527344, 396.43475341796875, 141.84335327148438], [289.4083557128906, 148.65255737304688, 300.06304931640625, 174.62771606445312], [267.03302001953125, 153.51657104492188, 280.4511413574219, 173.7979278564453], [432.724365234375, 119.37106323242188, 471.96246337890625, 143.05706787109375], [466.16497802734375, 133.2644805908203, 474.4897155761719, 146.27243041992188], [465.5956726074219, 123.94969177246094, 473.29974365234375, 139.0653839111328], [55.01704025268555, 155.35118103027344, 380.5782165527344, 322.2068786621094], [315.7210388183594, 104.23021697998047, 413.9260559082031, 138.78440856933594], [182.17140197753906, 119.82860565185547, 189.25657653808594, 138.84774780273438], [414.15606689453125, 127.00667572021484, 432.581787109375, 140.66757202148438], [315.8753967285156, 111.87496948242188, 412.8737487792969, 132.822998046875], [33.57202911376953, 155.22047424316406, 98.6904067993164, 186.86875915527344], [0.4840940237045288, 74.74789428710938, 298.5900573730469, 321.5487976074219], [393.66326904296875, 126.94264221191406, 400.6668701171875, 141.9630126953125], [432.724365234375, 119.37106323242188, 471.96246337890625, 143.05706787109375], [0.33272430300712585, 155.39801025390625, 104.4499282836914, 259.2904357910156], [53.18634033203125, 155.4849853515625, 98.18624114990234, 185.39707946777344], [0.5206316709518433, 205.83987426757812, 157.00808715820312, 333.43133544921875], [0.4330575466156006, 74.61339569091797, 297.68475341796875, 264.0508728027344], [33.57202911376953, 155.22047424316406, 98.6904067993164, 186.86875915527344], [12.084254264831543, 175.40234375, 20.292062759399414, 195.5311279296875], [173.31080627441406, 119.66666412353516, 199.6436004638672, 132.2201690673828], [299.6937255859375, 143.36526489257812, 307.1441955566406, 158.84259033203125], [43.86613464355469, 108.01822662353516, 73.74497985839844, 125.49358367919922], [352.7567443847656, 119.61257934570312, 361.84429931640625, 139.67955017089844], [0.006625428795814514, 188.7725372314453, 53.107181549072266, 262.7248840332031], [317.0718688964844, 109.3316421508789, 499.58599853515625, 176.56936645507812], [111.26959228515625, 150.29344177246094, 378.8799743652344, 323.6170959472656], [423.47930908203125, 126.75000762939453, 432.4756774902344, 143.1807861328125], [268.5729675292969, 153.5832977294922, 278.5030822753906, 167.7013702392578], [330.18707275390625, 138.0207977294922, 499.4797058105469, 176.4210662841797], [23.203508377075195, 176.62332153320312, 34.2341423034668, 192.57186889648438], [300.4070129394531, 148.8519744873047, 376.3536376953125, 189.34375], [297.4830017089844, 148.44821166992188, 358.9122619628906, 176.77273559570312], [0.31187012791633606, 183.7705535888672, 86.1669921875, 257.912353515625], [297.0968322753906, 142.5371856689453, 306.4290466308594, 159.53250122070312], [53.18634033203125, 155.4849853515625, 98.18624114990234, 185.39707946777344], [0.7934849858283997, 207.25897216796875, 52.69096755981445, 260.9319152832031], [387.906494140625, 123.86851501464844, 400.4655456542969, 142.0802459716797], [204.0455780029297, 117.31710815429688, 208.96444702148438, 132.69656372070312], [0.09680911898612976, 156.43431091308594, 103.5202407836914, 315.2880859375], [173.32015991210938, 122.0976791381836, 179.66685485839844, 132.06124877929688], [-0.24020671844482422, 0.7182092070579529, 499.75396728515625, 328.6226501464844], [442.0380554199219, 144.3002166748047, 499.9355163574219, 174.59506225585938], [274.6432800292969, 60.764835357666016, 286.81793212890625, 87.57593536376953], [293.6580810546875, 137.77407836914062, 319.6062316894531, 164.68231201171875], [149.56777954101562, 121.68710327148438, 154.77908325195312, 135.9620819091797], [388.7033996582031, 144.86795043945312, 499.77154541015625, 175.94822692871094], [289.66595458984375, 137.8907470703125, 319.9620666503906, 174.3463592529297], [1.340609073638916, 174.3477325439453, 79.60338592529297, 218.81520080566406], [0.08826702833175659, 187.6193389892578, 53.72959899902344, 302.31085205078125], [7.088757038116455, 185.837646484375, 13.726250648498535, 197.28372192382812], [181.984375, 120.25199127197266, 188.4636688232422, 133.6400604248047], [464.9693908691406, 123.44789123535156, 474.2195129394531, 145.43020629882812], [173.56515502929688, 125.3998794555664, 179.2306671142578, 131.90924072265625], [0.07599592208862305, 83.68904876708984, 499.79266357421875, 331.2421875], [-0.21371245384216309, 92.6383285522461, 131.6635284423828, 181.1599884033203], [173.31080627441406, 119.66666412353516, 199.6436004638672, 132.2201690673828], [296.79669189453125, 130.9749298095703, 375.205810546875, 188.6157684326172], [395.0708923339844, 128.78631591796875, 400.87713623046875, 141.9141845703125], [352.86053466796875, 119.42408752441406, 361.5091857910156, 139.37924194335938], [289.66595458984375, 137.8907470703125, 319.9620666503906, 174.3463592529297], [357.2838134765625, 128.3296661376953, 499.33270263671875, 175.8355255126953], [43.86613464355469, 108.01822662353516, 73.74497985839844, 125.49358367919922], [0.8737072348594666, 231.23863220214844, 156.4622802734375, 333.6781921386719], [0.8646920323371887, 155.4793243408203, 103.06875610351562, 217.87184143066406], [296.5281982421875, 161.15530395507812, 319.35552978515625, 176.49362182617188], [109.45079803466797, 121.34593963623047, 131.88626098632812, 142.29629516601562], [33.57202911376953, 155.22047424316406, 98.6904067993164, 186.86875915527344], [25.78759002685547, 111.94564819335938, 47.1783561706543, 127.03965759277344], [0.09548664093017578, 75.32572174072266, 284.3190002441406, 314.5062561035156], [71.22799682617188, 74.29655456542969, 301.5791015625, 254.94508361816406], [0.28342193365097046, 155.25404357910156, 54.08149337768555, 180.98033142089844], [57.66029739379883, 74.334228515625, 298.8050537109375, 262.5025329589844], [187.8418731689453, 120.57862854003906, 199.47146606445312, 131.34849548339844], [294.14178466796875, 143.02357482910156, 302.4429626464844, 164.70681762695312], [309.12908935546875, 138.29531860351562, 319.5849304199219, 162.7626190185547], [218.4451446533203, 169.6134490966797, 291.4044494628906, 212.36383056640625], [0.7736943960189819, 155.06321716308594, 101.6574478149414, 200.43804931640625], [1.1088401079177856, 205.43736267089844, 90.30763244628906, 265.3851623535156], [423.2895202636719, 126.8271713256836, 432.4234313964844, 135.19235229492188], [294.94830322265625, 142.59083557128906, 301.2698669433594, 158.3360137939453], [296.5281982421875, 161.15530395507812, 319.35552978515625, 176.49362182617188], [315.26806640625, 104.89179229736328, 414.1846008300781, 175.29177856445312], [0.2839677035808563, 187.7632293701172, 66.06780242919922, 332.7779235839844], [309.3320617675781, 137.7610626220703, 318.2868957519531, 152.94485473632812], [328.7054748535156, 148.54013061523438, 358.8105773925781, 175.48451232910156], [331.46759033203125, 113.91236114501953, 339.7098388671875, 122.45890808105469], [413.9745178222656, 128.27635192871094, 422.9135437011719, 140.6658477783203], [0.8646920323371887, 155.4793243408203, 103.06875610351562, 217.87184143066406], [274.3883972167969, 60.24630355834961, 304.7950439453125, 87.96919250488281], [172.77224731445312, 118.49274444580078, 190.600830078125, 132.12350463867188], [50.27015686035156, 160.08444213867188, 60.80514144897461, 184.0632781982422], [-0.28949975967407227, 154.20346069335938, 258.1204833984375, 263.899658203125], [-0.03121793270111084, 21.74509620666504, 132.6876983642578, 192.108154296875], [0.9378567337989807, 249.14303588867188, 156.66714477539062, 333.7438659667969], [302.19989013671875, 145.1284637451172, 309.12518310546875, 157.96331787109375], [218.5134735107422, 148.72633361816406, 376.90728759765625, 212.66378784179688], [0.3581047058105469, 208.00494384765625, 65.87397766113281, 332.5923156738281], [0.4809349775314331, 195.2246551513672, 162.8487091064453, 329.2297058105469], [0.46455487608909607, 201.2123260498047, 94.11306762695312, 319.9709167480469], [0.2563260495662689, 196.04071044921875, 66.11205291748047, 328.5743408203125], [442.90771484375, 119.84323120117188, 471.90496826171875, 142.6533660888672], [200.4375457763672, 117.79375457763672, 206.0318603515625, 133.69451904296875], [177.05398559570312, 117.16289520263672, 184.52748107910156, 132.21873474121094], [309.1302490234375, 138.77340698242188, 316.81829833984375, 156.0048828125], [57.61446762084961, 171.9969024658203, 84.0164794921875, 187.3110809326172], [282.58880615234375, 137.812744140625, 373.966552734375, 188.01101684570312], [197.08277893066406, 193.0207061767578, 212.14772033691406, 221.6879119873047], [55.00650405883789, 241.06687927246094, 94.70115661621094, 318.9974365234375], [218.74684143066406, 142.96383666992188, 320.1031799316406, 212.5465087890625], [53.28881072998047, 110.60303497314453, 73.62094116210938, 123.1517333984375], [219.02053833007812, 112.62726593017578, 411.4059753417969, 211.9253387451172], [173.31080627441406, 119.66666412353516, 199.6436004638672, 132.2201690673828], [58.534576416015625, 169.054931640625, 94.54716491699219, 186.12289428710938], [282.20098876953125, 132.7903594970703, 376.58935546875, 189.91775512695312], [0.1656264066696167, 93.46241760253906, 132.98594665527344, 179.98410034179688], [328.7112121582031, 148.58279418945312, 371.9512939453125, 175.8717041015625], [315.782958984375, 0.708568811416626, 414.102783203125, 138.26498413085938], [387.792236328125, 125.01092529296875, 393.56744384765625, 141.580078125], [442.8655090332031, 155.46290588378906, 499.7895202636719, 174.6460418701172], [323.11138916015625, 149.00509643554688, 377.0071716308594, 190.68223571777344], [-0.008948147296905518, 174.50709533691406, 220.2487030029297, 327.62841796875], [18.584470748901367, 175.28955078125, 26.488903045654297, 194.02981567382812], [24.380905151367188, 181.88726806640625, 33.17898178100586, 192.6216278076172], [12.239873886108398, 175.28421020507812, 20.399991989135742, 183.4215545654297], [17.649900436401367, 175.08648681640625, 24.483449935913086, 193.99940490722656], [413.7669982910156, 122.49517059326172, 469.091552734375, 142.41360473632812], [0.7736943960189819, 155.06321716308594, 101.6574478149414, 200.43804931640625], [0.13634562492370605, 3.8436083793640137, 134.7146453857422, 192.41668701171875], [293.6580810546875, 137.77407836914062, 319.6062316894531, 164.68231201171875], [65.79987335205078, 79.76280212402344, 294.74530029296875, 244.5146484375], [0.33272430300712585, 155.39801025390625, 104.4499282836914, 259.2904357910156], [-0.37809833884239197, 155.1437530517578, 104.84574890136719, 241.6431884765625], [-0.2523288130760193, 128.69456481933594, 101.19244384765625, 187.5133514404297], [1.0222941637039185, 16.6267032623291, 486.3221130371094, 326.064697265625], [296.21295166015625, 162.93612670898438, 322.3551330566406, 187.98638916015625], [297.4830017089844, 148.44821166992188, 358.9122619628906, 176.77273559570312], [43.86613464355469, 108.01822662353516, 73.74497985839844, 125.49358367919922], [413.9030456542969, 126.73836517333984, 432.43975830078125, 141.07931518554688], [1.0022222995758057, 197.14129638671875, 358.68505859375, 331.9091796875], [-0.24235248565673828, 0.9047765731811523, 371.87384033203125, 281.8562927246094], [301.1620788574219, 152.21188354492188, 319.29376220703125, 164.8257293701172], [-0.08738785982131958, 1.548649549484253, 135.84983825683594, 188.39874267578125], [218.74684143066406, 142.96383666992188, 320.1031799316406, 212.5465087890625], [45.85062026977539, 163.63182067871094, 60.9945068359375, 189.10789489746094], [303.98809814453125, 142.80404663085938, 310.7969665527344, 156.4140167236328], [462.0733947753906, 127.87541198730469, 469.315185546875, 144.91200256347656], [-0.08915364742279053, 22.705724716186523, 117.79744720458984, 192.70506286621094], [287.7153015136719, 139.5477752685547, 320.0506591796875, 174.0934295654297], [93.99143981933594, 163.1067657470703, 101.25487518310547, 176.6503448486328], [293.6580810546875, 137.77407836914062, 319.6062316894531, 164.68231201171875], [150.34088134765625, 118.27545928955078, 198.7883758544922, 133.25425720214844], [150.34088134765625, 118.27545928955078, 198.7883758544922, 133.25425720214844], [293.6580810546875, 137.77407836914062, 319.6062316894531, 164.68231201171875], [0.10387599468231201, -0.026049554347991943, 379.1019287109375, 253.24009704589844], [52.441322326660156, 168.0736541748047, 61.767578125, 189.351318359375], [316.9254455566406, 122.86245727539062, 400.24139404296875, 139.54006958007812], [414.15606689453125, 127.00667572021484, 432.581787109375, 140.66757202148438], [218.4451446533203, 169.6134490966797, 291.4044494628906, 212.36383056640625], [0.4323292374610901, 186.3312225341797, 13.077457427978516, 209.75953674316406], [-0.29905885457992554, 23.411333084106445, 77.76778411865234, 180.5894317626953], [218.24581909179688, 170.3549041748047, 271.13201904296875, 212.49148559570312], [0.26066040992736816, 183.4011688232422, 41.15915298461914, 216.435546875], [329.00732421875, 148.40557861328125, 358.6313781738281, 162.4737548828125], [23.190532684326172, 176.1711883544922, 34.5650520324707, 186.85556030273438], [53.18634033203125, 155.4849853515625, 98.18624114990234, 185.39707946777344], [187.8418731689453, 120.57862854003906, 199.47146606445312, 131.34849548339844], [439.935546875, 118.46210479736328, 499.9746398925781, 174.1595001220703], [413.9745178222656, 128.27635192871094, 422.9135437011719, 140.6658477783203], [0.8807778358459473, 191.04153442382812, 233.8192138671875, 321.3496398925781], [56.62392044067383, 175.44349670410156, 66.50778198242188, 191.41915893554688], [0.4330575466156006, 74.61339569091797, 297.68475341796875, 264.0508728027344], [42.23634719848633, 171.57785034179688, 50.458248138427734, 184.6237335205078], [289.66595458984375, 137.8907470703125, 319.9620666503906, 174.3463592529297], [25.78759002685547, 111.94564819335938, 47.1783561706543, 127.03965759277344], [54.3005485534668, 172.4418182373047, 86.02384948730469, 196.20729064941406], [0.0027157366275787354, 118.53789520263672, 74.21934509277344, 180.1126251220703], [54.594757080078125, 156.4419708251953, 86.02692413330078, 170.09222412109375], [300.17578125, 138.7217254638672, 319.9444274902344, 164.2628631591797], [442.6865234375, 119.70049285888672, 468.39794921875, 142.53700256347656], [300.2537841796875, 143.9455108642578, 311.1855163574219, 163.69122314453125], [296.21295166015625, 162.93612670898438, 322.3551330566406, 187.98638916015625], [0.46648645401000977, 207.83151245117188, 52.288970947265625, 255.669921875], [0.47498196363449097, 191.68466186523438, 188.91680908203125, 320.3248596191406], [-0.19826740026474, 23.57562828063965, 56.50361633300781, 181.05380249023438], [331.0062561035156, 131.97927856445312, 340.6852111816406, 140.10867309570312], [0.6786063313484192, 248.59739685058594, 64.74259185791016, 332.9632263183594], [22.890750885009766, 175.98834228515625, 34.78592300415039, 186.96539306640625], [0.5036517977714539, 0.7830195426940918, 229.23313903808594, 197.2442626953125], [-0.03121793270111084, 21.74509620666504, 132.6876983642578, 192.108154296875], [55.63896179199219, 190.34495544433594, 192.49337768554688, 255.22804260253906], [219.05908203125, 154.48406982421875, 288.033447265625, 211.9503631591797], [399.1001281738281, 115.80887603759766, 420.4742431640625, 139.99282836914062], [0.3972351551055908, 69.36492919921875, 298.1287536621094, 196.17449951171875], [210.48817443847656, 118.0993423461914, 215.14117431640625, 133.10888671875], [454.23760986328125, 130.69955444335938, 466.4795837402344, 143.59844970703125], [466.16497802734375, 133.2644805908203, 474.4897155761719, 146.27243041992188], [23.190532684326172, 176.1711883544922, 34.5650520324707, 186.85556030273438], [288.5227355957031, 165.8151397705078, 299.3868408203125, 178.6357421875], [55.22510528564453, 243.1273651123047, 94.97103118896484, 318.84112548828125], [289.66595458984375, 137.8907470703125, 319.9620666503906, 174.3463592529297], [33.42288589477539, 167.07611083984375, 50.76665496826172, 187.21730041503906], [34.070194244384766, 155.656494140625, 94.93975067138672, 186.09169006347656], [50.002017974853516, 216.5516815185547, 93.2274398803711, 248.6653594970703], [50.635032653808594, 216.53643798828125, 89.47173309326172, 244.0745849609375], [0.8793547749519348, 174.4927215576172, 213.24136352539062, 319.47760009765625], [387.906494140625, 123.86851501464844, 400.4655456542969, 142.0802459716797], [0.7736943960189819, 155.06321716308594, 101.6574478149414, 200.43804931640625], [218.8142852783203, 167.40530395507812, 319.3254699707031, 212.6260223388672], [0.00622868537902832, 1.2330785989761353, 421.2279052734375, 277.8240661621094], [0.5994662642478943, 272.6396179199219, 33.557003021240234, 333.85821533203125], [55.00650405883789, 241.06687927246094, 94.70115661621094, 318.9974365234375], [111.12110137939453, 123.0601577758789, 120.70655822753906, 142.0305938720703], [69.24313354492188, 173.2342987060547, 82.52445220947266, 185.81161499023438], [-0.2968311309814453, 24.117294311523438, 73.96490478515625, 136.35511779785156], [305.3261413574219, 166.32437133789062, 322.9376525878906, 188.34072875976562], [0.8646920323371887, 155.4793243408203, 103.06875610351562, 217.87184143066406], [414.4712829589844, 118.89775848388672, 472.574951171875, 143.32859802246094], [296.14398193359375, 149.8114013671875, 320.4166564941406, 175.2946319580078], [300.17578125, 138.7217254638672, 319.9444274902344, 164.2628631591797], [172.77224731445312, 118.49274444580078, 190.600830078125, 132.12350463867188], [426.5246887207031, 127.51502990722656, 432.3966369628906, 143.20225524902344], [33.57202911376953, 155.22047424316406, 98.6904067993164, 186.86875915527344], [1.340609073638916, 174.3477325439453, 79.60338592529297, 218.81520080566406], [187.8418731689453, 120.57862854003906, 199.47146606445312, 131.34849548339844], [9.520061492919922, 188.52798461914062, 39.72955322265625, 208.38436889648438], [1.9465042352676392, 307.1768493652344, 32.71031951904297, 334.0264892578125], [3.1215696334838867, 94.7308120727539, 292.3154296875, 193.37635803222656], [53.28881072998047, 110.60303497314453, 73.62094116210938, 123.1517333984375], [0.28342193365097046, 155.25404357910156, 54.08149337768555, 180.98033142089844], [182.21844482421875, 120.77303314208984, 189.50755310058594, 141.4075164794922], [315.7210388183594, 104.23021697998047, 413.9260559082031, 138.78440856933594], [316.27679443359375, 112.833984375, 474.0487976074219, 143.17234802246094], [-0.16945414245128632, 23.461421966552734, 39.138004302978516, 194.99832153320312], [9.520061492919922, 188.52798461914062, 39.72955322265625, 208.38436889648438], [5.249632835388184, 186.50717163085938, 11.615579605102539, 197.47203063964844], [22.890750885009766, 175.98834228515625, 34.78592300415039, 186.96539306640625], [300.17578125, 138.7217254638672, 319.9444274902344, 164.2628631591797], [22.01200294494629, 195.5387420654297, 221.6752471923828, 321.265380859375], [385.6697082519531, 142.356201171875, 500.2248229980469, 174.6379852294922], [172.77224731445312, 118.49274444580078, 190.600830078125, 132.12350463867188], [-0.21371245384216309, 92.6383285522461, 131.6635284423828, 181.1599884033203], [296.14398193359375, 149.8114013671875, 320.4166564941406, 175.2946319580078], [296.14398193359375, 149.8114013671875, 320.4166564941406, 175.2946319580078], [-0.37809833884239197, 155.1437530517578, 104.84574890136719, 241.6431884765625], [150.34088134765625, 118.27545928955078, 198.7883758544922, 133.25425720214844], [0.13634562492370605, 3.8436083793640137, 134.7146453857422, 192.41668701171875], [305.3261413574219, 166.32437133789062, 322.9376525878906, 188.34072875976562], [-0.08915364742279053, 22.705724716186523, 117.79744720458984, 192.70506286621094], [-0.08738785982131958, 1.548649549484253, 135.84983825683594, 188.39874267578125], [207.45916748046875, 118.00980377197266, 212.67526245117188, 132.24317932128906], [1.340609073638916, 174.3477325439453, 79.60338592529297, 218.81520080566406], [300.17578125, 138.7217254638672, 319.9444274902344, 164.2628631591797], [311.697021484375, 140.94334411621094, 319.7572021484375, 163.75828552246094], [218.4451446533203, 169.6134490966797, 291.4044494628906, 212.36383056640625], [219.05908203125, 154.48406982421875, 288.033447265625, 211.9503631591797], [43.86613464355469, 108.01822662353516, 73.74497985839844, 125.49358367919922], [71.22799682617188, 74.29655456542969, 301.5791015625, 254.94508361816406], [1.4797002077102661, 72.40676879882812, 305.1233215332031, 322.1348571777344], [55.22510528564453, 243.1273651123047, 94.97103118896484, 318.84112548828125], [44.00538635253906, 110.06901550292969, 73.53828430175781, 124.74069213867188], [187.01893615722656, 120.6257095336914, 199.7730712890625, 131.38082885742188], [399.1001281738281, 115.80887603759766, 420.4742431640625, 139.99282836914062], [423.47930908203125, 126.75000762939453, 432.4756774902344, 143.1807861328125], [-0.2968311309814453, 24.117294311523438, 73.96490478515625, 136.35511779785156], [150.80868530273438, 201.15887451171875, 187.2144317626953, 254.86842346191406], [0.14321506023406982, 0.4116964340209961, 417.8278503417969, 198.52609252929688], [287.7153015136719, 139.5477752685547, 320.0506591796875, 174.0934295654297], [466.6674499511719, 138.167236328125, 474.1950988769531, 146.12066650390625], [0.4330575466156006, 74.61339569091797, 297.68475341796875, 264.0508728027344], [121.54371643066406, 227.2176055908203, 142.97637939453125, 251.93165588378906], [23.203508377075195, 176.62332153320312, 34.2341423034668, 192.57186889648438], [328.7112121582031, 148.58279418945312, 371.9512939453125, 175.8717041015625], [0.7904320955276489, 161.74046325683594, 377.8830261230469, 323.044189453125], [53.18634033203125, 155.4849853515625, 98.18624114990234, 185.39707946777344], [87.3339614868164, 121.26873016357422, 133.00302124023438, 162.9002685546875], [315.7210388183594, 104.23021697998047, 413.9260559082031, 138.78440856933594], [0.09680911898612976, 156.43431091308594, 103.5202407836914, 315.2880859375], [-0.5508661270141602, 1.1102067232131958, 499.4057312011719, 196.60789489746094], [109.45079803466797, 121.34593963623047, 131.88626098632812, 142.29629516601562], [-0.5508661270141602, 1.1102067232131958, 499.4057312011719, 196.60789489746094], [0.33272430300712585, 155.39801025390625, 104.4499282836914, 259.2904357910156], [172.77224731445312, 118.49274444580078, 190.600830078125, 132.12350463867188], [43.866519927978516, 106.58478546142578, 73.55935668945312, 124.8525390625], [328.7054748535156, 148.54013061523438, 358.8105773925781, 175.48451232910156], [423.2895202636719, 126.8271713256836, 432.4234313964844, 135.19235229492188], [414.15606689453125, 127.00667572021484, 432.581787109375, 140.66757202148438], [218.4451446533203, 169.6134490966797, 291.4044494628906, 212.36383056640625], [314.663818359375, 0.17371180653572083, 419.8752746582031, 160.54005432128906], [0.5036517977714539, 0.7830195426940918, 229.23313903808594, 197.2442626953125], [243.35092163085938, 111.84687042236328, 410.31353759765625, 175.36769104003906]), Score: [0.6554362773895264, 0.621735155582428, 0.5170262455940247, 0.4883512258529663, 0.46380293369293213, 0.4176321029663086, 0.4158655107021332, 0.4115156829357147, 0.3889971673488617, 0.37908560037612915, 0.3782435357570648, 0.37563198804855347, 0.3755585253238678, 0.3679652810096741, 0.36112314462661743, 0.35360291600227356, 0.3477235436439514, 0.34201857447624207, 0.3129535913467407, 0.30369311571121216, 0.2835145592689514, 0.27644267678260803, 0.2713800072669983, 0.2688886821269989, 0.26816526055336, 0.2680872976779938, 0.26805728673934937, 0.26607364416122437, 0.25797998905181885, 0.25015679001808167, 0.24325083196163177, 0.22967597842216492, 0.2282685935497284, 0.22110509872436523, 0.2198951095342636, 0.21879085898399353, 0.21604585647583008, 0.21358853578567505, 0.2128649652004242, 0.21107815206050873, 0.20674921572208405, 0.2024647742509842, 0.20153795182704926, 0.19678515195846558, 0.19526948034763336, 0.1937836855649948, 0.19045299291610718, 0.18715400993824005, 0.18235976994037628, 0.17832516133785248, 0.1766233593225479, 0.17512376606464386, 0.1741979420185089, 0.17191539704799652, 0.16988372802734375, 0.16924706101417542, 0.16899579763412476, 0.167503222823143, 0.16739872097969055, 0.1672859489917755, 0.1663394272327423, 0.16514882445335388, 0.16290001571178436, 0.1609048992395401, 0.16067758202552795, 0.16057302057743073, 0.15912891924381256, 0.15679098665714264, 0.15616317093372345, 0.1561555564403534, 0.15517978370189667, 0.1543080061674118, 0.15414483845233917, 0.15321022272109985, 0.15187405049800873, 0.15174175798892975, 0.1503656655550003, 0.14823979139328003, 0.1463320106267929, 0.1446208506822586, 0.14420683681964874, 0.14405663311481476, 0.143146812915802, 0.142585888504982, 0.14243818819522858, 0.14182396233081818, 0.14128592610359192, 0.14075417816638947, 0.13891498744487762, 0.13537892699241638, 0.13471493124961853, 0.13447727262973785, 0.13394245505332947, 0.1322491317987442, 0.1319892406463623, 0.13196119666099548, 0.1319345235824585, 0.1318608969449997, 0.13185805082321167, 0.1316910833120346, 0.1311294287443161, 0.12926428020000458, 0.12746824324131012, 0.12723740935325623, 0.1270257532596588, 0.12638311088085175, 0.12635549902915955, 0.12541016936302185, 0.12393563240766525, 0.12358603626489639, 0.12329025566577911, 0.12318112701177597, 0.12317702919244766, 0.12232111394405365, 0.11946538835763931, 0.11933021992444992, 0.11874683201313019, 0.11844830960035324, 0.11813373118638992, 0.11715913563966751, 0.11642880737781525, 0.11587586253881454, 0.11537662893533707, 0.11460530757904053, 0.11452122032642365, 0.11405525356531143, 0.11385694146156311, 0.11353346705436707, 0.11339978128671646, 0.1120963916182518, 0.11144791543483734, 0.11118698865175247, 0.11118128150701523, 0.10996860265731812, 0.10818132013082504, 0.10684834420681, 0.1065596267580986, 0.10636976361274719, 0.1054546982049942, 0.10492253303527832, 0.10436992347240448, 0.10394276678562164, 0.10387057811021805, 0.10283468663692474, 0.10126175731420517, 0.10056322813034058, 0.10051385313272476, 0.10030213743448257, 0.09968860447406769, 0.09959066659212112, 0.09956075996160507, 0.09849479049444199, 0.097765251994133, 0.09769590944051743, 0.09737057238817215, 0.09672830998897552, 0.09434445202350616, 0.09416614472866058, 0.09297232329845428, 0.09269451349973679, 0.09247062355279922, 0.09224160760641098, 0.09219998866319656, 0.09197067469358444, 0.0919279009103775, 0.09114769101142883, 0.09114085882902145, 0.09085909277200699, 0.09064127504825592, 0.09060540050268173, 0.08966239541769028, 0.08895392715930939, 0.08823923021554947, 0.08742963522672653, 0.0860963985323906, 0.08573760837316513, 0.08562245965003967, 0.08540409803390503, 0.08511042594909668, 0.08482757210731506, 0.08479150384664536, 0.08404026180505753, 0.08394192159175873, 0.0835682824254036, 0.08329013735055923, 0.08324285596609116, 0.0830194503068924, 0.0829935148358345, 0.08298487961292267, 0.08248265087604523, 0.08223899453878403, 0.08186987787485123, 0.08112853765487671, 0.08075442165136337, 0.08068767189979553, 0.07992471754550934, 0.07971585541963577, 0.07957850396633148, 0.07957658171653748, 0.07949980348348618, 0.07934986054897308, 0.07905906438827515, 0.0788603276014328, 0.0785035640001297, 0.07845912873744965, 0.07843827456235886, 0.07804249227046967, 0.07769248634576797, 0.07655490189790726, 0.07593382894992828, 0.07585637271404266, 0.07583028823137283, 0.07561741769313812, 0.0750114694237709, 0.07437681406736374, 0.07399537414312363, 0.07387848943471909, 0.0735957995057106, 0.07346832752227783, 0.07345278561115265, 0.07323075830936432, 0.07318813353776932, 0.07303563505411148, 0.07264555990695953, 0.0725606232881546, 0.0725160613656044, 0.07242344319820404, 0.07207740098237991, 0.07124555855989456, 0.07084860652685165, 0.0708223208785057, 0.07056210190057755, 0.07020608335733414, 0.06984438002109528, 0.06918121874332428, 0.06850769370794296, 0.06846322119235992, 0.06775762140750885, 0.06700241565704346, 0.06684687733650208, 0.06680741906166077, 0.06637747585773468, 0.06629404425621033, 0.06574909389019012, 0.06566984951496124, 0.06513682752847672, 0.06448887288570404, 0.06448139250278473, 0.06444492936134338, 0.06442876160144806, 0.06433779001235962, 0.0638505145907402, 0.06361016631126404, 0.06303603202104568, 0.06297390162944794, 0.06285634636878967, 0.06281276047229767, 0.06242278963327408, 0.062215834856033325, 0.06217292696237564, 0.06200789660215378, 0.06170143932104111, 0.06154736131429672, 0.0607474185526371, 0.060341183096170425, 0.06027354672551155, 0.05985220894217491, 0.059691786766052246, 0.05934671685099602, 0.059025660157203674, 0.05891004949808121, 0.058718811720609665, 0.05857548117637634, 0.05816839262843132, 0.05809284746646881, 0.057641174644231796, 0.05742189288139343, 0.057293444871902466, 0.057243335992097855, 0.0571451373398304, 0.05705508962273598, 0.05704876780509949, 0.05679936334490776, 0.056616898626089096, 0.056271713227033615, 0.056239053606987, 0.056151602417230606, 0.05613056570291519, 0.055994514375925064, 0.055678751319646835, 0.05549166724085808, 0.054805610328912735, 0.0547141507267952, 0.054194796830415726, 0.05407420173287392, 0.053785540163517, 0.05372735112905502, 0.053635694086551666, 0.053550370037555695, 0.05327437072992325]

Execution time: 0.3994 sec
