Label: tensor([ 2,  2,  2,  2,  2,  2,  2,  7,  2,  2,  2,  2,  7,  2,  2,  2,  2,  2,
         2,  2,  2,  7,  2,  2,  2,  7,  5,  2,  5,  7,  5,  7,  2,  2,  2,  2,
         7,  2,  5,  2,  2,  9,  7,  7,  2,  0,  0,  2,  7,  0, 11,  7,  5,  4,
         5,  2,  9,  2,  2,  7,  7,  7,  9,  2,  2,  7,  2,  5,  2,  7,  7,  2,
        11,  9,  2,  9,  5,  2,  7,  7,  2,  2,  2,  2,  2,  0, 11,  6,  5,  2,
         2,  2,  2,  7, 12,  2,  7,  2,  7,  2,  2,  0,  7,  2,  7,  7,  4,  2,
         8,  2,  2,  2,  2,  2,  2,  5,  9,  2, 12,  2,  9,  2,  9,  7,  7,  2,
         2,  5,  7,  7,  7,  9,  9,  2,  2,  2,  5,  0,  2,  2,  2,  2,  7,  9,
         2,  9,  2,  2,  7,  2,  7,  2,  2,  2,  2,  2,  7,  7,  7,  7,  2,  2,
         2,  2,  7,  9,  2,  2,  2,  2,  2,  2,  2,  2,  0,  0,  2,  2,  0,  9,
         2,  2,  2,  2,  2,  7,  5,  2,  2,  7,  7,  6,  7,  7,  2,  7,  2,  2,
         0,  2,  8,  6,  9,  0,  4,  2,  2,  2,  2,  2,  7,  2,  5,  2, 11,  7,
         2,  7,  7,  2,  2, 13,  5,  2,  5,  2,  2, 58,  2,  7,  2,  7,  5,  7,
         7,  2,  2,  7,  2,  0,  2,  2,  2,  2,  9,  2,  2,  2,  7,  2,  0, 12,
         2,  2,  7,  4,  2, 11,  2,  6,  7,  2,  7,  2,  9,  2, 13,  9,  9,  2,
         4,  2,  7, 11,  2,  5,  9,  2,  2,  2,  7,  2,  7,  2,  7,  2,  4,  2,
         2,  2,  0,  7,  5,  2, 12,  2,  8,  7,  2,  7]), Box: ([179.7066192626953, 271.23651123046875, 246.69371032714844, 294.4219665527344], [61.233062744140625, 270.2248840332031, 122.20207977294922, 304.392822265625], [0.009953975677490234, 278.64501953125, 40.077247619628906, 313.32257080078125], [431.836181640625, 263.3031921386719, 499.9611511230469, 357.7103271484375], [0.048961490392684937, 255.2953338623047, 65.01863861083984, 305.08807373046875], [102.15229034423828, 264.70489501953125, 166.35975646972656, 292.74041748046875], [212.158203125, 265.8841247558594, 260.95172119140625, 289.6759338378906], [-0.08386000990867615, 255.03321838378906, 65.01953125, 306.4881896972656], [418.0869445800781, 289.8443603515625, 441.43170166015625, 332.3391418457031], [211.81491088867188, 265.6622619628906, 272.84735107421875, 290.293701171875], [355.3779296875, 265.956787109375, 407.6154479980469, 290.3778991699219], [368.5853576660156, 267.83660888671875, 407.8663635253906, 291.4252624511719], [101.00883483886719, 264.6372985839844, 170.40086364746094, 293.46966552734375], [367.9736633300781, 269.2953796386719, 393.98046875, 290.65142822265625], [102.16353607177734, 265.18841552734375, 148.57669067382812, 293.3035888671875], [418.1905212402344, 301.2886047363281, 438.8683776855469, 332.7576599121094], [354.25323486328125, 263.94970703125, 391.2081604003906, 289.0544128417969], [423.6913146972656, 289.9810791015625, 441.4378662109375, 312.6695251464844], [239.50511169433594, 223.03504943847656, 274.9195556640625, 241.99464416503906], [354.6404113769531, 266.3149719238281, 442.64959716796875, 293.97796630859375], [353.9783630371094, 263.81494140625, 372.38189697265625, 287.1438903808594], [61.007118225097656, 270.09173583984375, 122.02265167236328, 304.35284423828125], [250.73086547851562, 270.05340576171875, 275.0617370605469, 289.3620910644531], [381.8398132324219, 269.95281982421875, 443.18896484375, 294.45928955078125], [135.1619415283203, 266.11419677734375, 178.48184204101562, 291.0683288574219], [238.2825164794922, 206.17945861816406, 346.98779296875, 245.45169067382812], [0.048961490392684937, 255.2953338623047, 65.01863861083984, 305.08807373046875], [130.1867218017578, 278.74908447265625, 146.10523986816406, 293.4690856933594], [238.2825164794922, 206.17945861816406, 346.98779296875, 245.45169067382812], [431.6778869628906, 263.05047607421875, 500.02825927734375, 357.1599426269531], [285.1802062988281, 225.225830078125, 345.31378173828125, 240.74571228027344], [355.3779296875, 265.956787109375, 407.6154479980469, 290.3778991699219], [370.592529296875, 267.8221435546875, 407.30487060546875, 281.03961181640625], [86.50196075439453, 277.45343017578125, 122.34587097167969, 303.9405822753906], [60.6351318359375, 272.4309997558594, 83.02848052978516, 301.7062072753906], [424.7567443847656, 289.97772216796875, 441.4786376953125, 304.9009704589844], [102.16353607177734, 265.18841552734375, 148.57669067382812, 293.3035888671875], [353.6912841796875, 264.446533203125, 405.9056701660156, 291.5292053222656], [102.15229034423828, 264.70489501953125, 166.35975646972656, 292.74041748046875], [134.9458465576172, 266.2435302734375, 166.22036743164062, 289.974853515625], [390.4366149902344, 270.3970031738281, 443.41387939453125, 293.9458923339844], [45.566162109375, 217.16018676757812, 57.4019775390625, 228.12429809570312], [354.6404113769531, 266.3149719238281, 442.64959716796875, 293.97796630859375], [179.81471252441406, 271.04541015625, 246.52833557128906, 294.2712707519531], [390.43994140625, 291.9214782714844, 427.2121276855469, 314.3756408691406], [114.14375305175781, 269.12213134765625, 122.36878967285156, 276.4686279296875], [209.79273986816406, 273.8695068359375, 216.8934326171875, 280.2132263183594], [103.8215560913086, 265.8219299316406, 124.41899871826172, 276.5947265625], [239.50511169433594, 223.03504943847656, 274.9195556640625, 241.99464416503906], [108.61328125, 268.4454345703125, 121.27439880371094, 276.4986267089844], [248.5103759765625, 207.45863342285156, 264.86578369140625, 229.85462951660156], [102.15229034423828, 264.70489501953125, 166.35975646972656, 292.74041748046875], [285.2144470214844, 225.47811889648438, 346.838623046875, 246.23715209960938], [238.2825164794922, 206.17945861816406, 346.98779296875, 245.45169067382812], [-0.08386000990867615, 255.03321838378906, 65.01953125, 306.4881896972656], [133.36337280273438, 265.7427062988281, 164.05105590820312, 287.3855285644531], [45.48783874511719, 218.3245086669922, 52.21485137939453, 228.1917724609375], [370.91241455078125, 269.3789367675781, 394.6535339355469, 280.3277587890625], [285.1802062988281, 225.225830078125, 345.31378173828125, 240.74571228027344], [354.25323486328125, 263.94970703125, 391.2081604003906, 289.0544128417969], [211.31436157226562, 266.43560791015625, 255.43641662597656, 290.8208923339844], [239.190673828125, 206.93499755859375, 275.1944885253906, 242.29844665527344], [252.93824768066406, 207.73944091796875, 261.52410888671875, 223.30465698242188], [148.45486450195312, 264.54229736328125, 200.21974182128906, 289.6875915527344], [148.2397003173828, 265.00927734375, 185.13232421875, 289.7933349609375], [211.81491088867188, 265.6622619628906, 272.84735107421875, 290.293701171875], [0.1061558723449707, 253.39686584472656, 499.5869445800781, 372.7792053222656], [286.0570983886719, 225.60325622558594, 344.3876953125, 237.95416259765625], [151.3625030517578, 275.0024719238281, 178.21595764160156, 291.00689697265625], [212.158203125, 265.8841247558594, 260.95172119140625, 289.6759338378906], [418.0869445800781, 289.8443603515625, 441.43170166015625, 332.3391418457031], [142.02651977539062, 274.6080017089844, 169.7125701904297, 292.0750732421875], [252.93824768066406, 207.73944091796875, 261.52410888671875, 223.30465698242188], [52.646095275878906, 218.37106323242188, 57.438472747802734, 225.6412353515625], [131.45144653320312, 276.1262512207031, 168.32994079589844, 293.3936462402344], [248.5103759765625, 207.45863342285156, 264.86578369140625, 229.85462951660156], [239.190673828125, 206.93499755859375, 275.1944885253906, 242.29844665527344], [386.37603759765625, 290.7402038574219, 440.6188049316406, 330.9969177246094], [135.1619415283203, 266.11419677734375, 178.48184204101562, 291.0683288574219], [368.5853576660156, 267.83660888671875, 407.8663635253906, 291.4252624511719], [215.45217895507812, 271.9532470703125, 245.97792053222656, 292.65338134765625], [149.03961181640625, 264.5965881347656, 203.09744262695312, 289.84271240234375], [103.09000396728516, 265.8264465332031, 126.04492950439453, 291.9853515625], [286.4840087890625, 228.65530395507812, 303.1532897949219, 237.28570556640625], [239.227783203125, 225.4189453125, 275.2563171386719, 250.47198486328125], [114.46761322021484, 268.8452453613281, 121.78895568847656, 276.17864990234375], [253.98341369628906, 207.62063598632812, 261.34051513671875, 217.57989501953125], [238.2825164794922, 206.17945861816406, 346.98779296875, 245.45169067382812], [239.50511169433594, 223.03504943847656, 274.9195556640625, 241.99464416503906], [41.46765899658203, 270.7372131347656, 83.88563537597656, 305.4892883300781], [432.00634765625, 290.3305969238281, 500.1333923339844, 356.974365234375], [217.4464874267578, 265.851806640625, 253.47152709960938, 280.4471740722656], [370.9519958496094, 267.737060546875, 406.8180236816406, 278.6663513183594], [417.5751953125, 290.1389465332031, 441.5567932128906, 333.21533203125], [379.9717712402344, 279.10919189453125, 388.8244934082031, 292.9941101074219], [141.0223388671875, 266.6611328125, 168.54766845703125, 290.81866455078125], [353.6912841796875, 264.446533203125, 405.9056701660156, 291.5292053222656], [285.2144470214844, 225.47811889648438, 346.838623046875, 246.23715209960938], [0.09719841182231903, 279.046875, 39.827816009521484, 314.2474365234375], [0.9802132844924927, 259.61309814453125, 499.98431396484375, 335.28607177734375], [239.190673828125, 206.93499755859375, 275.1944885253906, 242.29844665527344], [220.40225219726562, 274.2679748535156, 229.90350341796875, 280.52838134765625], [381.8398132324219, 269.95281982421875, 443.18896484375, 294.45928955078125], [62.07108688354492, 269.45025634765625, 88.77642059326172, 279.82781982421875], [285.1802062988281, 225.225830078125, 345.31378173828125, 240.74571228027344], [367.9517517089844, 268.2505798339844, 405.3477783203125, 293.3775634765625], [285.1802062988281, 225.225830078125, 345.31378173828125, 240.74571228027344], [286.0570983886719, 225.60325622558594, 344.3876953125, 237.95416259765625], [238.2825164794922, 206.17945861816406, 346.98779296875, 245.45169067382812], [1.4030784368515015, 262.0, 499.7745666503906, 337.0318908691406], [61.007118225097656, 270.09173583984375, 122.02265167236328, 304.35284423828125], [363.638916015625, 269.13818359375, 379.3404846191406, 288.77142333984375], [62.41493225097656, 269.53204345703125, 97.27942657470703, 282.77386474609375], [432.0372314453125, 295.9751892089844, 500.1972961425781, 357.03411865234375], [424.3552551269531, 301.46844482421875, 438.7613525390625, 313.1986999511719], [238.96290588378906, 226.31796264648438, 348.80096435546875, 250.27911376953125], [53.46026611328125, 220.15676879882812, 57.58617401123047, 225.3827362060547], [300.75067138671875, 229.86663818359375, 316.7196960449219, 238.00503540039062], [381.31524658203125, 279.18017578125, 388.1531982421875, 290.11175537109375], [62.535545349121094, 274.85595703125, 76.63800811767578, 289.8920593261719], [160.67630004882812, 207.5869903564453, 174.3529510498047, 224.3124542236328], [87.7275161743164, 271.4844665527344, 103.92617797851562, 279.3206481933594], [379.9717712402344, 279.10919189453125, 388.8244934082031, 292.9941101074219], [353.9783630371094, 263.81494140625, 372.38189697265625, 287.1438903808594], [423.6913146972656, 289.9810791015625, 441.4378662109375, 312.6695251464844], [179.54295349121094, 279.2726135253906, 195.6503448486328, 288.5250549316406], [37.984596252441406, 277.026611328125, 65.59619140625, 306.4063720703125], [101.00883483886719, 264.6372985839844, 170.40086364746094, 293.46966552734375], [237.2972412109375, 205.70030212402344, 352.811767578125, 287.5639953613281], [0.048961490392684937, 255.2953338623047, 65.01863861083984, 305.08807373046875], [-0.13816729187965393, 255.69418334960938, 123.26668548583984, 305.6482238769531], [253.98341369628906, 207.62063598632812, 261.34051513671875, 217.57989501953125], [381.31524658203125, 279.18017578125, 388.1531982421875, 290.11175537109375], [179.81471252441406, 271.04541015625, 246.52833557128906, 294.2712707519531], [37.7275276184082, 287.3675537109375, 65.18608093261719, 307.20867919921875], [365.2552795410156, 290.9867858886719, 439.5397033691406, 337.590576171875], [237.2972412109375, 205.70030212402344, 352.811767578125, 287.5639953613281], [248.5103759765625, 207.45863342285156, 264.86578369140625, 229.85462951660156], [38.42789077758789, 258.3915100097656, 64.75779724121094, 304.9427185058594], [147.89100646972656, 266.14739990234375, 168.01808166503906, 290.7152099609375], [-0.08386000990867615, 255.03321838378906, 65.01953125, 306.4881896972656], [354.4298400878906, 262.54913330078125, 499.786376953125, 357.42034912109375], [138.75555419921875, 266.1271667480469, 177.30381774902344, 290.8988342285156], [281.8633728027344, 199.95562744140625, 286.6368103027344, 205.1416778564453], [300.32061767578125, 229.9571075439453, 317.40875244140625, 240.645751953125], [296.73553466796875, 230.16122436523438, 303.02642822265625, 236.93545532226562], [247.67044067382812, 270.02655029296875, 276.6545104980469, 297.39398193359375], [409.63043212890625, 270.8434143066406, 443.1571960449219, 290.1010437011719], [102.8097152709961, 264.5162353515625, 146.78195190429688, 294.57354736328125], [245.36599731445312, 270.1152038574219, 259.7039489746094, 289.213134765625], [134.9458465576172, 266.2435302734375, 166.22036743164062, 289.974853515625], [161.13661193847656, 273.5692138671875, 178.5940704345703, 289.7138671875], [354.2825927734375, 267.0576171875, 443.42388916015625, 309.7252502441406], [62.56614685058594, 270.1732482910156, 86.35028839111328, 284.7534484863281], [248.31253051757812, 270.4889221191406, 275.8779602050781, 297.89312744140625], [164.4954071044922, 276.873291015625, 178.9114532470703, 289.7619934082031], [285.2144470214844, 225.47811889648438, 346.838623046875, 246.23715209960938], [223.21987915039062, 266.5767822265625, 256.64483642578125, 289.7267761230469], [38.42789077758789, 258.3915100097656, 64.75779724121094, 304.9427185058594], [102.3338623046875, 264.8640441894531, 146.27783203125, 294.6687927246094], [392.79400634765625, 268.42681884765625, 407.41998291015625, 278.0248107910156], [215.62261962890625, 266.1274719238281, 254.29885864257812, 285.998046875], [436.4373474121094, 263.9968566894531, 500.1260681152344, 326.1365966796875], [394.9018249511719, 291.6873474121094, 425.6758728027344, 300.0787658691406], [354.2381591796875, 264.0096130371094, 406.532470703125, 291.1606750488281], [161.6747283935547, 207.82119750976562, 173.123046875, 216.499267578125], [2.079874277114868, 285.4154052734375, 499.10833740234375, 372.7160339355469], [140.66635131835938, 280.8170166015625, 166.1280517578125, 292.86456298828125], [0.02779066562652588, 126.5023422241211, 499.774169921875, 372.4620666503906], [0.2072751522064209, 255.57110595703125, 497.5696105957031, 372.64599609375], [365.86932373046875, 254.77052307128906, 407.82080078125, 280.7798156738281], [394.3128967285156, 269.0225524902344, 408.4793701171875, 277.95147705078125], [0.3672987222671509, 252.67674255371094, 499.5007629394531, 359.7603454589844], [179.44113159179688, 270.9273681640625, 204.68373107910156, 288.04937744140625], [120.42567443847656, 267.46234130859375, 130.72744750976562, 276.109375], [360.3470153808594, 263.9054870605469, 369.24066162109375, 277.79400634765625], [132.0659637451172, 275.5233154296875, 164.44020080566406, 292.0236511230469], [-0.028232112526893616, 255.42611694335938, 61.46497344970703, 277.0074462890625], [103.8215560913086, 265.8219299316406, 124.41899871826172, 276.5947265625], [310.08917236328125, 230.62574768066406, 316.74383544921875, 236.3240966796875], [238.2825164794922, 206.17945861816406, 346.98779296875, 245.45169067382812], [89.24835205078125, 273.8026428222656, 101.95701599121094, 280.9146423339844], [431.6778869628906, 263.05047607421875, 500.02825927734375, 357.1599426269531], [108.61328125, 268.4454345703125, 121.27439880371094, 276.4986267089844], [187.25363159179688, 269.8203430175781, 497.41912841796875, 373.1195983886719], [148.45486450195312, 264.54229736328125, 200.21974182128906, 289.6875915527344], [355.3779296875, 265.956787109375, 407.6154479980469, 290.3778991699219], [308.4723815917969, 228.09161376953125, 340.0982666015625, 238.9013671875], [265.2713317871094, 270.2535400390625, 303.6501770019531, 291.8173828125], [149.03961181640625, 264.5965881347656, 203.09744262695312, 289.84271240234375], [239.227783203125, 225.4189453125, 275.2563171386719, 250.47198486328125], [285.1802062988281, 225.225830078125, 345.31378173828125, 240.74571228027344], [-0.319458544254303, 255.8722381591797, 122.50322723388672, 306.4891357421875], [418.1905212402344, 301.2886047363281, 438.8683776855469, 332.7576599121094], [249.38320922851562, 220.834716796875, 264.03790283203125, 229.37228393554688], [286.0570983886719, 225.60325622558594, 344.3876953125, 237.95416259765625], [409.4148254394531, 270.8365478515625, 441.91253662109375, 283.6095275878906], [79.57916259765625, 262.1368103027344, 441.5902404785156, 372.4840087890625], [103.8944091796875, 265.8311462402344, 113.96614837646484, 275.9889831542969], [-0.44676661491394043, 196.77798461914062, 499.2358093261719, 372.9787902832031], [239.190673828125, 206.93499755859375, 275.1944885253906, 242.29844665527344], [286.0570983886719, 225.60325622558594, 344.3876953125, 237.95416259765625], [249.38320922851562, 220.834716796875, 264.03790283203125, 229.37228393554688], [353.9783630371094, 263.81494140625, 372.38189697265625, 287.1438903808594], [286.0570983886719, 225.60325622558594, 344.3876953125, 237.95416259765625], [239.57427978515625, 227.73770141601562, 298.96380615234375, 248.18896484375], [286.1837463378906, 228.39724731445312, 302.7035827636719, 243.25387573242188], [62.99078369140625, 274.1901550292969, 76.21687316894531, 287.2603759765625], [375.40325927734375, 342.9404296875, 466.6470642089844, 374.537109375], [59.0501594543457, 263.05950927734375, 441.983154296875, 304.6888122558594], [367.9736633300781, 269.2953796386719, 393.98046875, 290.65142822265625], [418.4124450683594, 313.92987060546875, 436.81585693359375, 333.0296325683594], [239.227783203125, 225.4189453125, 275.2563171386719, 250.47198486328125], [281.78424072265625, 253.93772888183594, 342.2563781738281, 291.1947021484375], [249.38320922851562, 220.834716796875, 264.03790283203125, 229.37228393554688], [133.36337280273438, 265.7427062988281, 164.05105590820312, 287.3855285644531], [161.6747283935547, 207.82119750976562, 173.123046875, 216.499267578125], [390.4366149902344, 270.3970031738281, 443.41387939453125, 293.9458923339844], [60.6351318359375, 272.4309997558594, 83.02848052978516, 301.7062072753906], [250.10418701171875, 249.7429656982422, 349.8137512207031, 293.0708312988281], [101.00883483886719, 264.6372985839844, 170.40086364746094, 293.46966552734375], [418.1905212402344, 301.2886047363281, 438.8683776855469, 332.7576599121094], [354.6404113769531, 266.3149719238281, 442.64959716796875, 293.97796630859375], [223.21987915039062, 266.5767822265625, 256.64483642578125, 289.7267761230469], [102.16353607177734, 265.18841552734375, 148.57669067382812, 293.3035888671875], [138.75555419921875, 266.1271667480469, 177.30381774902344, 290.8988342285156], [211.31436157226562, 266.43560791015625, 255.43641662597656, 290.8208923339844], [418.1905212402344, 301.2886047363281, 438.8683776855469, 332.7576599121094], [364.8135986328125, 267.1689147949219, 377.67974853515625, 285.97894287109375], [238.3791046142578, 206.22007751464844, 293.3641662597656, 242.61622619628906], [353.8067932128906, 263.0968017578125, 500.1670227050781, 368.7620849609375], [41.46765899658203, 270.7372131347656, 83.88563537597656, 305.4892883300781], [238.3791046142578, 206.22007751464844, 293.3641662597656, 242.61622619628906], [238.96290588378906, 226.31796264648438, 348.80096435546875, 250.27911376953125], [215.62261962890625, 266.1274719238281, 254.29885864257812, 285.998046875], [3.237605094909668, 262.93414306640625, 497.1683044433594, 329.4962463378906], [273.8979797363281, 271.29193115234375, 301.919189453125, 290.75262451171875], [148.2397003173828, 265.00927734375, 185.13232421875, 289.7933349609375], [133.9860382080078, 297.57220458984375, 437.6363830566406, 374.14007568359375], [15.867803573608398, 262.97662353515625, 29.54407501220703, 274.5856628417969], [92.0887451171875, 265.9070129394531, 119.80651092529297, 277.9230651855469], [-0.09953975677490234, 255.93882751464844, 17.691225051879883, 279.1463317871094], [149.14346313476562, 275.451171875, 174.5890350341797, 291.47393798828125], [74.36744689941406, 217.36488342285156, 496.167236328125, 357.6476745605469], [285.1802062988281, 225.225830078125, 345.31378173828125, 240.74571228027344], [379.9717712402344, 279.10919189453125, 388.8244934082031, 292.9941101074219], [99.83538818359375, 265.8978576660156, 125.39805603027344, 293.16058349609375], [0.09719841182231903, 279.046875, 39.827816009521484, 314.2474365234375], [370.592529296875, 267.8221435546875, 407.30487060546875, 281.03961181640625], [354.1345520019531, 274.28125, 367.75152587890625, 288.4303283691406], [252.93824768066406, 207.73944091796875, 261.52410888671875, 223.30465698242188], [209.79273986816406, 273.8695068359375, 216.8934326171875, 280.2132263183594], [103.8944091796875, 265.8311462402344, 113.96614837646484, 275.9889831542969], [72.52345275878906, 270.89263916015625, 86.72731018066406, 279.2561950683594], [239.6641387939453, 227.4186248779297, 273.6209716796875, 240.97132873535156], [285.2144470214844, 225.47811889648438, 346.838623046875, 246.23715209960938], [61.507625579833984, 272.7137451171875, 75.3025894165039, 288.0756530761719], [381.31524658203125, 279.18017578125, 388.1531982421875, 290.11175537109375], [-0.13816729187965393, 255.69418334960938, 123.26668548583984, 305.6482238769531], [239.190673828125, 206.93499755859375, 275.1944885253906, 242.29844665527344], [86.50196075439453, 277.45343017578125, 122.34587097167969, 303.9405822753906], [354.3079528808594, 275.4079284667969, 371.943359375, 289.3157958984375], [432.00634765625, 290.3305969238281, 500.1333923339844, 356.974365234375], [316.1872863769531, 230.72999572753906, 328.20208740234375, 239.1005859375], [251.71958923339844, 222.73899841308594, 261.6358947753906, 230.85057067871094], [0.8110814094543457, 279.0531921386719, 35.480674743652344, 294.2587890625], [418.0869445800781, 289.8443603515625, 441.43170166015625, 332.3391418457031], [239.190673828125, 206.93499755859375, 275.1944885253906, 242.29844665527344], [286.23773193359375, 230.19973754882812, 293.2893371582031, 236.54066467285156], [0.7436871528625488, 50.05733108520508, 500.2604675292969, 367.5231018066406], [354.6404113769531, 266.3149719238281, 442.64959716796875, 293.97796630859375], [462.2179870605469, 350.2333068847656, 499.8737487792969, 374.37213134765625], [226.63626098632812, 267.5334777832031, 273.17376708984375, 293.5260925292969], [379.9717712402344, 279.10919189453125, 388.8244934082031, 292.9941101074219], [122.87487030029297, 264.8580627441406, 203.5177764892578, 292.9682312011719], [135.1619415283203, 266.11419677734375, 178.48184204101562, 291.0683288574219], [251.33782958984375, 222.45074462890625, 261.7425231933594, 230.7179412841797], [45.566162109375, 217.16018676757812, 57.4019775390625, 228.12429809570312], [381.31524658203125, 279.18017578125, 388.1531982421875, 290.11175537109375], [179.70484924316406, 272.61627197265625, 202.1882781982422, 287.6294860839844], [370.9519958496094, 267.737060546875, 406.8180236816406, 278.6663513183594], [82.72152709960938, 270.31719970703125, 100.92996978759766, 279.7231750488281], [141.0223388671875, 266.6611328125, 168.54766845703125, 290.81866455078125], [263.87384033203125, 226.9347381591797, 275.236572265625, 241.20492553710938], [238.6592559814453, 206.85536193847656, 344.1629333496094, 241.5283660888672], [414.8647766113281, 340.597412109375, 500.470458984375, 374.3885498046875], [137.76556396484375, 205.67308044433594, 347.9927978515625, 248.8856658935547], [1.2244582176208496, 250.64146423339844, 357.21820068359375, 309.646484375], [371.276123046875, 269.9529113769531, 380.6862487792969, 277.9809875488281], [66.04048919677734, 233.82275390625, 444.8705139160156, 295.9102478027344], [191.4114227294922, 270.462158203125, 203.251708984375, 279.6587829589844], [250.10418701171875, 249.7429656982422, 349.8137512207031, 293.0708312988281], [61.007118225097656, 270.09173583984375, 122.02265167236328, 304.35284423828125], [464.1213073730469, 263.3949890136719, 500.10980224609375, 287.86236572265625], [360.3470153808594, 263.9054870605469, 369.24066162109375, 277.79400634765625], [256.8379821777344, 296.3177490234375, 441.97943115234375, 373.8186340332031], [239.50511169433594, 223.03504943847656, 274.9195556640625, 241.99464416503906], [61.233062744140625, 270.2248840332031, 122.20207977294922, 304.392822265625], [315.80084228515625, 229.6734619140625, 348.62744140625, 247.41506958007812], [424.7567443847656, 289.97772216796875, 441.4786376953125, 304.9009704589844]), Score: [0.9030832052230835, 0.877531886100769, 0.7541590332984924, 0.7422668933868408, 0.6769818663597107, 0.6478062868118286, 0.45075494050979614, 0.4397076368331909, 0.43467533588409424, 0.39175301790237427, 0.3255639970302582, 0.29683953523635864, 0.2821533977985382, 0.23158270120620728, 0.22319884598255157, 0.22202010452747345, 0.217584490776062, 0.21132151782512665, 0.1972789168357849, 0.19727617502212524, 0.1913713961839676, 0.18419989943504333, 0.16504646837711334, 0.16164304316043854, 0.1595117747783661, 0.15568630397319794, 0.1545272022485733, 0.14720800518989563, 0.14180739223957062, 0.14105607569217682, 0.14052996039390564, 0.1370677500963211, 0.13355453312397003, 0.13279740512371063, 0.13268275558948517, 0.13246460258960724, 0.12374882400035858, 0.12351285666227341, 0.11746751517057419, 0.11482062935829163, 0.1137857511639595, 0.11359166353940964, 0.11328692734241486, 0.10864473879337311, 0.10835596174001694, 0.10414279252290726, 0.10254557430744171, 0.10008856654167175, 0.09957221895456314, 0.09927154332399368, 0.09769125282764435, 0.09351659566164017, 0.09350422024726868, 0.0934523269534111, 0.0930618941783905, 0.09270448982715607, 0.0916336327791214, 0.09077737480401993, 0.09066782891750336, 0.09019600600004196, 0.08997458219528198, 0.08982110768556595, 0.08685250580310822, 0.08662227541208267, 0.08437635749578476, 0.08317387104034424, 0.08314190059900284, 0.0824810191988945, 0.0823526456952095, 0.08015473186969757, 0.0794929787516594, 0.07809745520353317, 0.07788091152906418, 0.07735853642225266, 0.07610519230365753, 0.07455454021692276, 0.07350293546915054, 0.07294469326734543, 0.07294413447380066, 0.0726262629032135, 0.0725637674331665, 0.07161646336317062, 0.06974021345376968, 0.06929336488246918, 0.06770163029432297, 0.06671852618455887, 0.06616729497909546, 0.0656837746500969, 0.06552987545728683, 0.06545230001211166, 0.06526123732328415, 0.06518518924713135, 0.0649494081735611, 0.06401338428258896, 0.0632278099656105, 0.06194334849715233, 0.06185125932097435, 0.06162085756659508, 0.06080792471766472, 0.05948742479085922, 0.05917899310588837, 0.05885329470038414, 0.05844750627875328, 0.058361366391181946, 0.05817674845457077, 0.05721336603164673, 0.057172928005456924, 0.05683130398392677, 0.05675465241074562, 0.05634370818734169, 0.05618489533662796, 0.056031275540590286, 0.0559997484087944, 0.05594088137149811, 0.05522483214735985, 0.055193863809108734, 0.055092327296733856, 0.05503631755709648, 0.05430888012051582, 0.054123833775520325, 0.05402771383523941, 0.05337829142808914, 0.05337236449122429, 0.05290227383375168, 0.052685488015413284, 0.05222311243414879, 0.05191037803888321, 0.05163023993372917, 0.05146736279129982, 0.05130559578537941, 0.05102146044373512, 0.05066120997071266, 0.0498046800494194, 0.04972568154335022, 0.04966028034687042, 0.04916082322597504, 0.04907326027750969, 0.049020081758499146, 0.04879409074783325, 0.04877706244587898, 0.04861215874552727, 0.048418883234262466, 0.0483555942773819, 0.04793557524681091, 0.04784049838781357, 0.04780435189604759, 0.047699179500341415, 0.047487176954746246, 0.04736138880252838, 0.04732414707541466, 0.047162920236587524, 0.0465887114405632, 0.04656252637505531, 0.04653916880488396, 0.04641932621598244, 0.04632357507944107, 0.04574602097272873, 0.04563334956765175, 0.04520181193947792, 0.04501793161034584, 0.044974345713853836, 0.04488581046462059, 0.04487129673361778, 0.044625844806432724, 0.04445384070277214, 0.0443420372903347, 0.04423881322145462, 0.04377898573875427, 0.04375404119491577, 0.04367074370384216, 0.04356031119823456, 0.043253812938928604, 0.043094851076602936, 0.042762815952301025, 0.04258138686418533, 0.04238180071115494, 0.042032938450574875, 0.04199671000242233, 0.04174980893731117, 0.0414525531232357, 0.04133165255188942, 0.041322413831949234, 0.04109835997223854, 0.0410357341170311, 0.04045048728585243, 0.04041581228375435, 0.04035435616970062, 0.04013073816895485, 0.039858534932136536, 0.03983518108725548, 0.03979019448161125, 0.03970758616924286, 0.03930717706680298, 0.0392444021999836, 0.0389285534620285, 0.038753874599933624, 0.03875308483839035, 0.03850806504487991, 0.038480110466480255, 0.03845912218093872, 0.038424327969551086, 0.03836145997047424, 0.03821190819144249, 0.03816146031022072, 0.03814757242798805, 0.03811485320329666, 0.03799263387918472, 0.03788286820054054, 0.03771635890007019, 0.03771263733506203, 0.03766409307718277, 0.03758298233151436, 0.03751536086201668, 0.03750084713101387, 0.03718120977282524, 0.037013307213783264, 0.036737777292728424, 0.036557767540216446, 0.03649752959609032, 0.036451369524002075, 0.036081261932849884, 0.035972606390714645, 0.0355130098760128, 0.03542722389101982, 0.034487660974264145, 0.03428955748677254, 0.03419522941112518, 0.034062083810567856, 0.03392251208424568, 0.03366447240114212, 0.033621761947870255, 0.03359733894467354, 0.03353973105549812, 0.03324621915817261, 0.03323567658662796, 0.03310587629675865, 0.03307395800948143, 0.03294264152646065, 0.03288813307881355, 0.03269689157605171, 0.03264615312218666, 0.03261871263384819, 0.03248265013098717, 0.03247535228729248, 0.032326459884643555, 0.03214764595031738, 0.032044973224401474, 0.03198286518454552, 0.03162931278347969, 0.031615495681762695, 0.03153601661324501, 0.0313602089881897, 0.031335752457380295, 0.03117421828210354, 0.030990684404969215, 0.03085036389529705, 0.030661823228001595, 0.030591227114200592, 0.03044261783361435, 0.030382325872778893, 0.030312146991491318, 0.03026186302304268, 0.02984810248017311, 0.029832877218723297, 0.02976454235613346, 0.029728546738624573, 0.029722997918725014, 0.02968233823776245, 0.029649315401911736, 0.029547540470957756, 0.02935100346803665, 0.029162978753447533, 0.029125040397047997, 0.02895132452249527, 0.028757711872458458, 0.028662046417593956, 0.028635049238801003, 0.02845867909491062, 0.02842097356915474, 0.02839333564043045, 0.02832459658384323, 0.028297681361436844, 0.028253238648176193, 0.028209678828716278, 0.02818187139928341, 0.028135458007454872, 0.028004338964819908, 0.02782401069998741, 0.02782394550740719, 0.027632569894194603, 0.027430718764662743, 0.027366865426301956, 0.027364594861865044, 0.027224335819482803, 0.027122285217046738, 0.02710806578397751, 0.027104085311293602, 0.027065088972449303, 0.026988964527845383, 0.026918280869722366]

Execution time: 0.4217 sec
