Label: tensor([73,  0,  0,  0, 73,  0,  0, 62, 26, 73, 27, 27, 73, 62, 67, 67, 27, 67,
        27, 27, 73, 62, 67, 27, 62,  0, 26, 62, 27, 27, 67, 27, 27, 27, 67, 24,
        26, 27,  0, 56, 27, 26,  0, 56,  0, 26, 27, 41, 27,  0, 26, 56, 26, 26,
         0,  0,  0, 63,  0,  0, 27, 27, 33, 73,  0, 27, 55, 62, 27, 27,  0,  0,
        65, 27, 27, 56, 62, 67, 67, 27,  0, 26,  0, 24, 26, 26, 62, 27, 37, 57,
        26,  0, 26, 57, 24, 62, 63, 27,  0,  0,  0, 62,  0, 38, 26, 27, 24, 27,
        65, 65,  0,  0, 56, 62, 56, 73,  0, 24, 27, 73, 26, 76, 26, 56, 27, 76,
        62,  0, 73, 67,  0, 56,  0,  0, 26, 73, 62, 56, 27, 27,  0, 30, 27, 56,
        26, 26, 27,  0, 77, 26, 59, 56, 26, 26, 24,  0, 79, 24, 77, 26, 74, 60,
        67, 79,  0, 27,  0,  0, 26, 27, 39, 67, 27, 60, 59, 57, 27,  0, 26, 77,
        59,  0, 67, 24, 27,  0, 73, 29, 76,  0, 56, 26, 77,  0, 56, 59, 73, 76,
        67, 27,  0, 56,  0, 76, 73, 27, 39, 73, 25, 33, 67, 24, 59, 26, 57, 64,
        56,  0, 27, 31, 73, 43, 14, 63, 27, 56, 74, 27, 59, 39, 27, 56, 73, 24,
        63, 74, 76, 26, 73, 62, 26,  0,  0, 33, 59, 77, 62, 59, 27, 65,  0,  0,
         0,  0, 67, 67, 64, 63, 44, 74,  0, 76, 64, 76, 61, 36, 26, 63, 57, 39,
        39, 14, 62, 67, 13,  0, 59, 26, 74, 13, 24, 26, 72, 27, 56, 26, 13, 56,
        26, 26,  0, 24, 26, 67, 65, 67, 26, 27, 56, 24]), Box: ([115.13887023925781, 242.2403106689453, 252.25233459472656, 357.9450988769531], [336.07940673828125, 207.16827392578125, 500.0325927734375, 374.94317626953125], [140.77389526367188, 249.00587463378906, 325.47784423828125, 375.0352783203125], [24.684593200683594, 269.98968505859375, 152.24862670898438, 374.98681640625], [108.56114196777344, 303.12115478515625, 250.89169311523438, 357.40606689453125], [24.9515323638916, 269.75347900390625, 248.34478759765625, 374.8421936035156], [24.77310562133789, 244.15504455566406, 324.7415466308594, 374.83624267578125], [151.65870666503906, 4.294850826263428, 295.2384338378906, 81.75731658935547], [232.69207763671875, 344.4920959472656, 268.334228515625, 375.0478820800781], [147.27630615234375, 366.15606689453125, 171.57977294921875, 375.1927185058594], [429.40655517578125, 267.9553527832031, 467.15631103515625, 295.7598876953125], [233.33560180664062, 318.0168762207031, 278.3440246582031, 374.77410888671875], [115.9608383178711, 241.86915588378906, 251.11148071289062, 357.07232666015625], [423.3807678222656, 87.42328643798828, 500.00299072265625, 134.6683349609375], [430.01318359375, 304.25006103515625, 452.2179260253906, 315.2842102050781], [147.27630615234375, 366.15606689453125, 171.57977294921875, 375.1927185058594], [86.204345703125, 332.4848327636719, 107.58053588867188, 359.109619140625], [433.1733093261719, 304.7157287597656, 452.224365234375, 315.065673828125], [268.2466125488281, 319.0158386230469, 278.86083984375, 333.5102233886719], [232.69207763671875, 344.4920959472656, 268.334228515625, 375.0478820800781], [108.87494659423828, 303.2947692871094, 254.32467651367188, 374.94720458984375], [309.92657470703125, 290.9629211425781, 357.50537109375, 335.4346618652344], [405.2729797363281, 304.27947998046875, 452.48260498046875, 322.3880310058594], [385.1119689941406, 267.3997802734375, 467.7148132324219, 327.9027404785156], [422.1208801269531, 2.257441997528076, 499.8842468261719, 135.29156494140625], [231.93043518066406, 249.6837921142578, 324.95660400390625, 374.942138671875], [233.33560180664062, 318.0168762207031, 278.3440246582031, 374.77410888671875], [-0.19826367497444153, 73.49642944335938, 77.41773223876953, 131.2714080810547], [398.9300537109375, 267.984619140625, 467.7589111328125, 295.8497009277344], [108.56114196777344, 303.12115478515625, 250.89169311523438, 357.40606689453125], [429.1203308105469, 303.2275085449219, 452.220947265625, 315.82659912109375], [244.30166625976562, 317.458740234375, 278.16766357421875, 374.42681884765625], [397.8714294433594, 267.92962646484375, 467.9939880371094, 300.8946533203125], [386.1154479980469, 267.72515869140625, 468.4884948730469, 323.716064453125], [429.248779296875, 302.7426452636719, 438.769775390625, 311.6407775878906], [232.69207763671875, 344.4920959472656, 268.334228515625, 375.0478820800781], [390.8885803222656, 348.77587890625, 499.84942626953125, 375.2214050292969], [61.19457244873047, 331.7453918457031, 106.29722595214844, 364.51251220703125], [117.82643127441406, 207.2891845703125, 499.61700439453125, 374.77459716796875], [0.1444285809993744, 368.9573059082031, 24.691835403442383, 374.96563720703125], [233.1772003173828, 316.7857360839844, 269.552001953125, 374.45086669921875], [233.1772003173828, 316.7857360839844, 269.552001953125, 374.45086669921875], [89.80697631835938, 269.9253234863281, 134.23500061035156, 308.1497802734375], [0.038477592170238495, 368.83306884765625, 24.68796730041504, 374.9818115234375], [32.409698486328125, 272.2586669921875, 255.17535400390625, 374.69512939453125], [225.10836791992188, 324.6525573730469, 268.3910217285156, 374.7469482421875], [233.36721801757812, 317.3525390625, 269.3070373535156, 374.7000732421875], [147.27630615234375, 366.15606689453125, 171.57977294921875, 375.1927185058594], [225.10836791992188, 324.6525573730469, 268.3910217285156, 374.7469482421875], [25.0847110748291, 294.04327392578125, 96.25005340576172, 371.3416442871094], [233.36721801757812, 317.3525390625, 269.3070373535156, 374.7000732421875], [319.2844543457031, 358.6990661621094, 338.8796081542969, 375.11474609375], [108.87494659423828, 303.2947692871094, 254.32467651367188, 374.94720458984375], [147.27630615234375, 366.15606689453125, 171.57977294921875, 375.1927185058594], [8.735984802246094, 207.69674682617188, 508.6580505371094, 375.07421875], [24.61015510559082, 294.48284912109375, 268.9513244628906, 374.82745361328125], [391.7983093261719, 308.22003173828125, 499.7067565917969, 375.1584777832031], [115.9608383178711, 241.86915588378906, 251.11148071289062, 357.07232666015625], [25.030977249145508, 245.8072052001953, 252.0888214111328, 374.8313903808594], [336.9360046386719, 306.33282470703125, 499.8161926269531, 375.0734558105469], [394.81365966796875, 267.0894470214844, 467.8666076660156, 317.64923095703125], [253.36512756347656, 316.7840576171875, 275.5615539550781, 374.86444091796875], [108.56114196777344, 303.12115478515625, 250.89169311523438, 357.40606689453125], [390.8885803222656, 348.77587890625, 499.84942626953125, 375.2214050292969], [25.38668441772461, 293.62353515625, 149.8203582763672, 375.03839111328125], [416.164794921875, 267.8452453613281, 467.58447265625, 288.55078125], [115.9608383178711, 241.86915588378906, 251.11148071289062, 357.07232666015625], [436.56622314453125, 0.1389845311641693, 499.8863830566406, 21.96759033203125], [251.4132843017578, 317.4913024902344, 275.08251953125, 374.9241027832031], [452.4955749511719, 268.52935791015625, 467.3832702636719, 278.5769958496094], [390.579345703125, 271.286376953125, 498.9611511230469, 375.09051513671875], [337.78192138671875, 274.85894775390625, 498.5182189941406, 375.0003662109375], [405.2729797363281, 304.27947998046875, 452.48260498046875, 322.3880310058594], [211.970703125, 331.4529113769531, 253.19940185546875, 374.9922180175781], [54.763092041015625, 330.0215759277344, 106.2842788696289, 366.4831237792969], [390.8885803222656, 348.77587890625, 499.84942626953125, 375.2214050292969], [352.4845886230469, 276.4685974121094, 372.9516906738281, 321.94488525390625], [428.9504089355469, 302.5196838378906, 434.8955993652344, 311.2991027832031], [452.4955749511719, 268.52935791015625, 467.3832702636719, 278.5769958496094], [211.01441955566406, 331.035888671875, 253.24371337890625, 375.1189880371094], [26.503585815429688, 270.005126953125, 201.05108642578125, 374.4635009765625], [390.579345703125, 271.286376953125, 498.9611511230469, 375.09051513671875], [17.484708786010742, 267.31671142578125, 503.1021728515625, 374.8590393066406], [233.9202423095703, 346.0067138671875, 268.5924987792969, 375.1763610839844], [234.6049041748047, 346.2932434082031, 323.4280090332031, 375.4826965332031], [233.69113159179688, 319.30389404296875, 324.637451171875, 375.5257568359375], [67.39556121826172, 159.92730712890625, 158.14736938476562, 193.5586700439453], [208.6981658935547, 327.42559814453125, 253.5421905517578, 374.7849426269531], [108.56114196777344, 303.12115478515625, 250.89169311523438, 357.40606689453125], [17.484708786010742, 267.31671142578125, 503.1021728515625, 374.8590393066406], [391.7983093261719, 308.22003173828125, 499.7067565917969, 375.1584777832031], [24.52269172668457, 246.03411865234375, 325.9652099609375, 374.9568176269531], [144.53770446777344, 323.1945495605469, 252.4510040283203, 374.9897155761719], [9.543314933776855, 309.3919982910156, 504.312744140625, 374.9371337890625], [233.33560180664062, 318.0168762207031, 278.3440246582031, 374.77410888671875], [-0.5307048559188843, -0.6966925859451294, 499.4596252441406, 264.84552001953125], [309.92657470703125, 290.9629211425781, 357.50537109375, 335.4346618652344], [147.27630615234375, 366.15606689453125, 171.57977294921875, 375.1927185058594], [398.8759460449219, 270.3987121582031, 500.16552734375, 373.1082763671875], [108.87494659423828, 303.2947692871094, 254.32467651367188, 374.94720458984375], [390.8885803222656, 348.77587890625, 499.84942626953125, 375.2214050292969], [426.3016052246094, 1.7628092765808105, 499.791015625, 99.6578140258789], [431.596435546875, 269.8424987792969, 500.3006591796875, 374.8046569824219], [108.56114196777344, 303.12115478515625, 250.89169311523438, 357.40606689453125], [61.19457244873047, 331.7453918457031, 106.29722595214844, 364.51251220703125], [55.56000900268555, 331.11163330078125, 106.15814971923828, 366.0853271484375], [233.69113159179688, 319.30389404296875, 324.637451171875, 375.5257568359375], [428.49285888671875, 284.91949462890625, 439.7469177246094, 312.3109130859375], [430.01318359375, 304.25006103515625, 452.2179260253906, 315.2842102050781], [433.1733093261719, 304.7157287597656, 452.224365234375, 315.065673828125], [342.7369689941406, 216.3726806640625, 500.13763427734375, 371.94061279296875], [395.9820861816406, 270.2405700683594, 500.579345703125, 375.0334777832031], [315.9861145019531, 328.0935363769531, 338.36236572265625, 375.3916931152344], [224.0024871826172, 125.44918060302734, 325.2034912109375, 167.18162536621094], [352.4845886230469, 276.4685974121094, 372.9516906738281, 321.94488525390625], [173.18881225585938, 316.7572937011719, 251.10125732421875, 356.205078125], [139.20457458496094, 340.11181640625, 172.8046417236328, 375.1729431152344], [225.10836791992188, 324.6525573730469, 268.3910217285156, 374.7469482421875], [251.1475067138672, 346.82269287109375, 268.0450744628906, 375.0548400878906], [139.20457458496094, 340.11181640625, 172.8046417236328, 375.1729431152344], [146.38400268554688, 325.4000244140625, 252.92721557617188, 375.240966796875], [429.248779296875, 302.7426452636719, 438.769775390625, 311.6407775878906], [208.6981658935547, 327.42559814453125, 253.5421905517578, 374.7849426269531], [309.5279846191406, 289.8181457519531, 358.0389709472656, 374.2214660644531], [398.1453857421875, 272.870849609375, 461.27362060546875, 322.3110656738281], [108.56114196777344, 303.12115478515625, 250.89169311523438, 357.40606689453125], [309.5279846191406, 289.8181457519531, 358.0389709472656, 374.2214660644531], [45.92545700073242, 270.2199401855469, 136.1109619140625, 332.40631103515625], [0.1444285809993744, 368.9573059082031, 24.691835403442383, 374.96563720703125], [166.014892578125, 279.6675109863281, 200.4649200439453, 319.9075927734375], [24.873241424560547, 245.99021911621094, 325.49786376953125, 374.9963684082031], [234.6049041748047, 346.2932434082031, 323.4280090332031, 375.4826965332031], [394.1078186035156, 307.1583251953125, 498.84808349609375, 374.7599182128906], [401.9258117675781, 310.7977600097656, 499.2666320800781, 375.0595397949219], [211.01441955566406, 331.035888671875, 253.24371337890625, 375.1189880371094], [0.038477592170238495, 368.83306884765625, 24.68796730041504, 374.9818115234375], [0.01792609691619873, 1.4900565147399902, 499.7161560058594, 370.45452880859375], [232.69207763671875, 344.4920959472656, 268.334228515625, 375.0478820800781], [144.53770446777344, 323.1945495605469, 252.4510040283203, 374.9897155761719], [166.014892578125, 279.6675109863281, 200.4649200439453, 319.9075927734375], [452.3008117675781, 268.6966857910156, 499.7709045410156, 324.3630676269531], [108.56114196777344, 303.12115478515625, 250.89169311523438, 357.40606689453125], [398.581298828125, 281.6523742675781, 432.85443115234375, 298.7209777832031], [336.79205322265625, 346.534423828125, 500.2481994628906, 375.3992919921875], [54.763092041015625, 330.0215759277344, 106.2842788696289, 366.4831237792969], [251.1475067138672, 346.82269287109375, 268.0450744628906, 375.0548400878906], [108.87494659423828, 303.2947692871094, 254.32467651367188, 374.94720458984375], [0.1444285809993744, 368.9573059082031, 24.691835403442383, 374.96563720703125], [391.7983093261719, 308.22003173828125, 499.7067565917969, 375.1584777832031], [244.30166625976562, 317.458740234375, 278.16766357421875, 374.42681884765625], [17.484708786010742, 267.31671142578125, 503.1021728515625, 374.8590393066406], [147.27630615234375, 366.15606689453125, 171.57977294921875, 375.1927185058594], [108.56114196777344, 303.12115478515625, 250.89169311523438, 357.40606689453125], [211.970703125, 331.4529113769531, 253.19940185546875, 374.9922180175781], [233.1772003173828, 316.7857360839844, 269.552001953125, 374.45086669921875], [433.41790771484375, 286.7436828613281, 499.2436218261719, 325.1560974121094], [405.2729797363281, 304.27947998046875, 452.48260498046875, 322.3880310058594], [233.36721801757812, 317.3525390625, 269.3070373535156, 374.7000732421875], [390.8885803222656, 348.77587890625, 499.84942626953125, 375.2214050292969], [139.6461639404297, 339.7628479003906, 210.4936065673828, 375.1098937988281], [398.118408203125, 302.82562255859375, 423.3315734863281, 315.1079406738281], [0.1444285809993744, 368.9573059082031, 24.691835403442383, 374.96563720703125], [232.69207763671875, 344.4920959472656, 268.334228515625, 375.0478820800781], [108.56114196777344, 303.12115478515625, 250.89169311523438, 357.40606689453125], [37.78179931640625, 301.8529052734375, 145.47010803222656, 372.4039611816406], [139.6461639404297, 339.7628479003906, 210.4936065673828, 375.1098937988281], [139.6461639404297, 339.7628479003906, 210.4936065673828, 375.1098937988281], [438.5917663574219, 287.8011474609375, 497.1666259765625, 323.17694091796875], [139.20457458496094, 340.11181640625, 172.8046417236328, 375.1729431152344], [211.01242065429688, 332.0419616699219, 253.88876342773438, 375.00103759765625], [405.2729797363281, 304.27947998046875, 452.48260498046875, 322.3880310058594], [176.0476531982422, 321.7703857421875, 205.80148315429688, 340.9845886230469], [429.4294738769531, 285.27069091796875, 437.1660461425781, 292.73907470703125], [0.038477592170238495, 368.83306884765625, 24.68796730041504, 374.9818115234375], [108.56114196777344, 303.12115478515625, 250.89169311523438, 357.40606689453125], [262.85040283203125, 294.95587158203125, 499.96234130859375, 375.1923522949219], [399.5739440917969, 271.37945556640625, 498.58502197265625, 326.7953796386719], [108.56114196777344, 303.12115478515625, 250.89169311523438, 357.40606689453125], [144.613525390625, 338.0494079589844, 227.48123168945312, 375.0880126953125], [394.1078186035156, 307.1583251953125, 498.84808349609375, 374.7599182128906], [9.543314933776855, 309.3919982910156, 504.312744140625, 374.9371337890625], [24.534181594848633, 206.99476623535156, 474.23541259765625, 374.6921081542969], [440.5019836425781, 309.349365234375, 451.1980895996094, 315.5773620605469], [234.6049041748047, 346.2932434082031, 323.4280090332031, 375.4826965332031], [139.20457458496094, 340.11181640625, 172.8046417236328, 375.1729431152344], [0.038477592170238495, 368.83306884765625, 24.68796730041504, 374.9818115234375], [352.4845886230469, 276.4685974121094, 372.9516906738281, 321.94488525390625], [108.56114196777344, 303.12115478515625, 250.89169311523438, 357.40606689453125], [386.1154479980469, 267.72515869140625, 468.4884948730469, 323.716064453125], [166.014892578125, 279.6675109863281, 200.4649200439453, 319.9075927734375], [362.28826904296875, 288.6697692871094, 372.826904296875, 309.8030700683594], [336.9360046386719, 306.33282470703125, 499.8161926269531, 375.0734558105469], [401.9258117675781, 310.7977600097656, 499.2666320800781, 375.0595397949219], [144.53770446777344, 323.1945495605469, 252.4510040283203, 374.9897155761719], [108.87494659423828, 303.2947692871094, 254.32467651367188, 374.94720458984375], [108.87494659423828, 303.2947692871094, 254.32467651367188, 374.94720458984375], [108.29937744140625, 303.03997802734375, 187.27096557617188, 354.297119140625], [405.2729797363281, 304.27947998046875, 452.48260498046875, 322.3880310058594], [428.4628601074219, 347.15380859375, 457.83258056640625, 356.6141357421875], [144.613525390625, 338.0494079589844, 227.48123168945312, 375.0880126953125], [115.13887023925781, 242.2403106689453, 252.25233459472656, 357.9450988769531], [318.4112548828125, 338.6145324707031, 340.71484375, 375.413330078125], [386.05621337890625, 209.08441162109375, 500.467529296875, 313.5270690917969], [398.118408203125, 302.82562255859375, 423.3315734863281, 315.1079406738281], [139.6461639404297, 339.7628479003906, 210.4936065673828, 375.1098937988281], [146.38400268554688, 325.4000244140625, 252.92721557617188, 375.240966796875], [147.27630615234375, 366.15606689453125, 171.57977294921875, 375.1927185058594], [166.014892578125, 279.6675109863281, 200.4649200439453, 319.9075927734375], [108.56114196777344, 303.12115478515625, 250.89169311523438, 357.40606689453125], [115.13887023925781, 242.2403106689453, 252.25233459472656, 357.9450988769531], [398.118408203125, 302.82562255859375, 423.3315734863281, 315.1079406738281], [390.8885803222656, 348.77587890625, 499.84942626953125, 375.2214050292969], [24.77310562133789, 244.15504455566406, 324.7415466308594, 374.83624267578125], [401.9258117675781, 310.7977600097656, 499.2666320800781, 375.0595397949219], [336.79205322265625, 346.534423828125, 500.2481994628906, 375.3992919921875], [433.1733093261719, 304.7157287597656, 452.224365234375, 315.065673828125], [309.6382751464844, 291.26495361328125, 359.314453125, 375.2538757324219], [233.33560180664062, 318.0168762207031, 278.3440246582031, 374.77410888671875], [438.5917663574219, 287.8011474609375, 497.1666259765625, 323.17694091796875], [108.56114196777344, 303.12115478515625, 250.89169311523438, 357.40606689453125], [391.7983093261719, 308.22003173828125, 499.7067565917969, 375.1584777832031], [108.56114196777344, 303.12115478515625, 250.89169311523438, 357.40606689453125], [108.56114196777344, 303.12115478515625, 250.89169311523438, 357.40606689453125], [352.4845886230469, 276.4685974121094, 372.9516906738281, 321.94488525390625], [127.32271575927734, 297.26824951171875, 135.4341583251953, 307.4925537109375], [309.92657470703125, 290.9629211425781, 357.50537109375, 335.4346618652344], [429.248779296875, 302.7426452636719, 438.769775390625, 311.6407775878906], [429.248779296875, 302.7426452636719, 438.769775390625, 311.6407775878906], [24.61015510559082, 294.48284912109375, 268.9513244628906, 374.82745361328125], [386.7993469238281, 302.0992736816406, 426.85430908203125, 322.3909912109375], [127.2479019165039, 296.104736328125, 135.51214599609375, 307.5872802734375], [336.9360046386719, 306.33282470703125, 499.8161926269531, 375.0734558105469], [61.19457244873047, 331.7453918457031, 106.29722595214844, 364.51251220703125], [108.87494659423828, 303.2947692871094, 254.32467651367188, 374.94720458984375], [0.1444285809993744, 368.9573059082031, 24.691835403442383, 374.96563720703125], [397.8763427734375, 305.9223327636719, 409.4362487792969, 316.86065673828125], [386.7993469238281, 302.0992736816406, 426.85430908203125, 322.3909912109375], [233.9202423095703, 346.0067138671875, 268.5924987792969, 375.1763610839844], [144.613525390625, 338.0494079589844, 227.48123168945312, 375.0880126953125], [-0.2302229404449463, 0.2658851444721222, 498.8802795410156, 202.4647216796875], [394.1078186035156, 307.1583251953125, 498.84808349609375, 374.7599182128906], [350.9797058105469, 207.00289916992188, 500.874755859375, 326.9688415527344], [351.45733642578125, 265.3839111328125, 498.96832275390625, 354.5245666503906], [108.87494659423828, 303.2947692871094, 254.32467651367188, 374.94720458984375], [390.8885803222656, 348.77587890625, 499.84942626953125, 375.2214050292969], [108.87494659423828, 303.2947692871094, 254.32467651367188, 374.94720458984375], [115.9608383178711, 241.86915588378906, 251.11148071289062, 357.07232666015625], [262.85040283203125, 294.95587158203125, 499.96234130859375, 375.1923522949219], [380.63372802734375, 266.4609375, 464.2872009277344, 340.674560546875], [429.1203308105469, 303.2275085449219, 452.220947265625, 315.82659912109375], [399.5739440917969, 271.37945556640625, 498.58502197265625, 326.7953796386719], [30.512849807739258, 293.7974548339844, 95.56324768066406, 333.4883117675781], [233.1772003173828, 316.7857360839844, 269.552001953125, 374.45086669921875], [214.0144805908203, 251.00851440429688, 275.24627685546875, 375.1372375488281], [404.8586730957031, 310.70184326171875, 426.0159912109375, 321.3420715332031], [443.0235290527344, 229.1985321044922, 449.4196472167969, 238.63172912597656], [405.2729797363281, 304.27947998046875, 452.48260498046875, 322.3880310058594], [147.27630615234375, 366.15606689453125, 171.57977294921875, 375.1927185058594], [429.248779296875, 302.7426452636719, 438.769775390625, 311.6407775878906], [393.82177734375, 302.2899475097656, 428.3840026855469, 322.2652587890625], [233.69113159179688, 319.30389404296875, 324.637451171875, 375.5257568359375], [385.1119689941406, 267.3997802734375, 467.7148132324219, 327.9027404785156], [430.01318359375, 304.25006103515625, 452.2179260253906, 315.2842102050781], [397.8763427734375, 305.9223327636719, 409.4362487792969, 316.86065673828125], [390.8885803222656, 348.77587890625, 499.84942626953125, 375.2214050292969], [108.56114196777344, 303.12115478515625, 250.89169311523438, 357.40606689453125], [385.1119689941406, 267.3997802734375, 467.7148132324219, 327.9027404785156], [0.038477592170238495, 368.83306884765625, 24.68796730041504, 374.9818115234375], [24.61015510559082, 294.48284912109375, 268.9513244628906, 374.82745361328125], [381.33856201171875, 302.68560791015625, 429.0467834472656, 338.2959289550781], [108.56114196777344, 303.12115478515625, 250.89169311523438, 357.40606689453125], [268.84515380859375, 170.121337890625, 275.1221008300781, 174.07656860351562], [-1.237139105796814, 85.37506866455078, 498.4682922363281, 272.6498107910156], [268.2466125488281, 319.0158386230469, 278.86083984375, 333.5102233886719], [9.543314933776855, 309.3919982910156, 504.312744140625, 374.9371337890625], [406.3478698730469, 268.9129943847656, 498.6884460449219, 321.2294921875], [336.79205322265625, 346.534423828125, 500.2481994628906, 375.3992919921875], [86.204345703125, 332.4848327636719, 107.58053588867188, 359.109619140625], [386.7993469238281, 302.0992736816406, 426.85430908203125, 322.3909912109375], [309.92657470703125, 290.9629211425781, 357.50537109375, 335.4346618652344], [211.01441955566406, 331.035888671875, 253.24371337890625, 375.1189880371094], [55.56000900268555, 331.11163330078125, 106.15814971923828, 366.0853271484375], [309.5279846191406, 289.8181457519531, 358.0389709472656, 374.2214660644531], [143.50265502929688, 363.212158203125, 151.62893676757812, 374.7187805175781], [368.1868591308594, 289.3392639160156, 371.8035583496094, 299.928466796875], [395.9820861816406, 270.2405700683594, 500.579345703125, 375.0334777832031], [309.5279846191406, 289.8181457519531, 358.0389709472656, 374.2214660644531], [317.72882080078125, 333.9461669921875, 342.6680603027344, 375.4962463378906], [429.40655517578125, 267.9553527832031, 467.15631103515625, 295.7598876953125], [386.1154479980469, 267.72515869140625, 468.4884948730469, 323.716064453125], [368.42852783203125, 241.81976318359375, 500.0135803222656, 320.177001953125], [211.970703125, 331.4529113769531, 253.19940185546875, 374.9922180175781], [438.5917663574219, 287.8011474609375, 497.1666259765625, 323.17694091796875], [394.6728515625, 304.3126525878906, 452.2347717285156, 328.78729248046875], [166.014892578125, 279.6675109863281, 200.4649200439453, 319.9075927734375], [143.50265502929688, 363.212158203125, 151.62893676757812, 374.7187805175781], [211.01242065429688, 332.0419616699219, 253.88876342773438, 375.00103759765625], [404.2289123535156, 304.4002685546875, 454.60809326171875, 373.7772216796875], [337.5707702636719, 253.97732543945312, 499.37872314453125, 370.4672546386719], [54.763092041015625, 330.0215759277344, 106.2842788696289, 366.4831237792969]), Score: [0.9177266359329224, 0.8861786723136902, 0.8243383765220642, 0.6672037839889526, 0.5197692513465881, 0.25691553950309753, 0.22241418063640594, 0.20946624875068665, 0.1928175687789917, 0.19065837562084198, 0.1243758499622345, 0.11611977964639664, 0.11258219927549362, 0.11076078563928604, 0.10878711193799973, 0.10633937269449234, 0.10116378962993622, 0.09996678680181503, 0.09954257309436798, 0.09739316254854202, 0.09129014611244202, 0.09079745411872864, 0.09051591157913208, 0.09033115953207016, 0.0900377407670021, 0.0891038030385971, 0.0885234922170639, 0.08819156140089035, 0.08553396910429001, 0.08339406549930573, 0.08336453139781952, 0.0832059308886528, 0.08105085790157318, 0.07988452166318893, 0.07898450642824173, 0.07769303768873215, 0.07651285827159882, 0.07596597075462341, 0.0742245689034462, 0.07233906537294388, 0.0715281292796135, 0.06866365671157837, 0.0684046745300293, 0.0683898776769638, 0.06771627068519592, 0.06536675244569778, 0.06487017124891281, 0.06386261433362961, 0.06268906593322754, 0.06264221668243408, 0.06251609325408936, 0.06247320398688316, 0.06066899746656418, 0.060478325933218, 0.06033262610435486, 0.059957973659038544, 0.05914197117090225, 0.05854090303182602, 0.05766245722770691, 0.057132165879011154, 0.05694253742694855, 0.056906647980213165, 0.05641132593154907, 0.055692318826913834, 0.05552174896001816, 0.05518348142504692, 0.054935235530138016, 0.053935881704092026, 0.053630005568265915, 0.053414151072502136, 0.052468787878751755, 0.05226646736264229, 0.05221971869468689, 0.05220108851790428, 0.05188953876495361, 0.0513840988278389, 0.05111320689320564, 0.050867997109889984, 0.05060364305973053, 0.04951848089694977, 0.04909689351916313, 0.048946112394332886, 0.048671651631593704, 0.048513490706682205, 0.04818083718419075, 0.047911882400512695, 0.04782934859395027, 0.04733944684267044, 0.04716043174266815, 0.047025684267282486, 0.04684087261557579, 0.046584006398916245, 0.04606756567955017, 0.045496899634599686, 0.045199599117040634, 0.045113351196050644, 0.04476913809776306, 0.04454094544053078, 0.04408380016684532, 0.0440540686249733, 0.04392833262681961, 0.04361008107662201, 0.04359804093837738, 0.04352607578039169, 0.043340981006622314, 0.042978327721357346, 0.04275503009557724, 0.04267706349492073, 0.04234461858868599, 0.042262863367795944, 0.04201890155673027, 0.04182399436831474, 0.041812874376773834, 0.04179443418979645, 0.04158785194158554, 0.040970612317323685, 0.04088832065463066, 0.04083062335848808, 0.04050558805465698, 0.040133118629455566, 0.04003363102674484, 0.03999895602464676, 0.039910025894641876, 0.039797283709049225, 0.039351362735033035, 0.039310112595558167, 0.039232950657606125, 0.039142534136772156, 0.03911139443516731, 0.0389152467250824, 0.038827084004879, 0.038803767412900925, 0.03834827244281769, 0.03830500319600105, 0.03794948384165764, 0.037775829434394836, 0.037775278091430664, 0.037618424743413925, 0.03760773688554764, 0.037590086460113525, 0.0375240184366703, 0.03745977208018303, 0.03744051977992058, 0.03738028183579445, 0.037215910851955414, 0.03681463375687599, 0.03655624017119408, 0.036544013768434525, 0.03650572896003723, 0.03646061569452286, 0.036388516426086426, 0.036333899945020676, 0.0362585075199604, 0.0361953042447567, 0.03618107736110687, 0.03604404255747795, 0.036030277609825134, 0.03574416786432266, 0.03549598529934883, 0.03549128770828247, 0.03548483923077583, 0.0353512316942215, 0.035292692482471466, 0.03526359423995018, 0.03509495034813881, 0.034903332591056824, 0.0348973348736763, 0.0348355658352375, 0.03478550165891647, 0.034481700509786606, 0.03447459638118744, 0.034423828125, 0.03411673381924629, 0.034043774008750916, 0.03402246907353401, 0.033883191645145416, 0.03387586399912834, 0.0335964635014534, 0.033546511083841324, 0.03351235389709473, 0.03336217254400253, 0.032827675342559814, 0.03281896933913231, 0.032758209854364395, 0.03242717310786247, 0.03242671117186546, 0.03236379101872444, 0.03235989436507225, 0.0323043093085289, 0.032277897000312805, 0.03225703537464142, 0.032179705798625946, 0.0321386344730854, 0.03213534876704216, 0.03213411942124367, 0.032113198190927505, 0.03206022456288338, 0.032042015343904495, 0.031872108578681946, 0.031634896993637085, 0.03150438517332077, 0.03133044019341469, 0.03108472377061844, 0.031070081517100334, 0.031005199998617172, 0.030955683439970016, 0.03084399364888668, 0.030805246904492378, 0.030601466074585915, 0.03057468682527542, 0.030499471351504326, 0.030424606055021286, 0.030407100915908813, 0.03036542981863022, 0.030091887339949608, 0.030044279992580414, 0.029991138726472855, 0.02995365858078003, 0.029881590977311134, 0.029867785051465034, 0.02973959781229496, 0.029691755771636963, 0.029653383418917656, 0.029627352952957153, 0.0295499749481678, 0.029549557715654373, 0.02953522838652134, 0.02950729988515377, 0.029399719089269638, 0.02939460799098015, 0.029284335672855377, 0.02902846597135067, 0.028851374983787537, 0.028763871639966965, 0.02875298447906971, 0.0286924559623003, 0.028673304244875908, 0.02861606888473034, 0.028532227501273155, 0.02849493734538555, 0.028481557965278625, 0.028289349749684334, 0.028286820277571678, 0.028284933418035507, 0.0282681155949831, 0.02821081504225731, 0.02820579707622528, 0.027997752651572227, 0.027965504676103592, 0.027949651703238487, 0.0278694499284029, 0.02777237445116043, 0.027765659615397453, 0.027758799493312836, 0.027709411457180977, 0.02770897001028061, 0.027634352445602417, 0.027577251195907593, 0.027448641136288643, 0.027443021535873413, 0.027395686134696007, 0.02737712301313877, 0.027336902916431427, 0.0273008793592453, 0.02720041014254093, 0.02710607275366783, 0.027103934437036514, 0.02702280692756176, 0.027009477838873863, 0.026879332959651947, 0.026863353326916695, 0.02684364654123783, 0.026801984757184982, 0.026796303689479828, 0.02678069844841957, 0.026772456243634224, 0.026691054925322533, 0.026672158390283585, 0.026645611971616745, 0.026637926697731018, 0.02663601003587246, 0.02656644769012928, 0.02654152363538742, 0.026522299274802208, 0.026385517790913582, 0.02634851448237896, 0.026260050013661385, 0.026230797171592712, 0.026152346283197403, 0.026111027225852013, 0.026010148227214813, 0.026002654805779457, 0.025992706418037415, 0.02580334059894085, 0.02573557198047638, 0.025718946009874344, 0.025658972561359406, 0.02553027868270874, 0.025510409846901894, 0.025504564866423607]

Execution time: 0.4156 sec
