Label: tensor([19, 18, 19, 19, 19, 16, 17, 19, 14, 19, 18, 19, 63, 50, 14, 47, 17, 35,
        66, 19, 13, 15, 19, 55, 52,  2,  0, 19, 19, 18, 21, 14, 22, 49, 23, 54,
        14, 24, 37, 19,  3, 40, 31, 18, 17, 62, 47, 14, 55, 18, 45, 19, 14, 13,
        18, 19, 18, 18,  0,  0, 18, 19, 19, 18, 19,  2,  0, 60, 19, 16, 13, 14,
        18, 23, 65, 14, 21, 19, 19, 18, 18, 18, 14, 18, 47, 19, 12, 62, 37,  2,
        11, 14,  0, 18, 49, 19, 18, 18, 18, 15, 13, 32, 18, 20, 18, 19, 14, 17,
        45, 22, 23, 14, 57, 19, 19, 19, 14, 18,  0,  4, 14, 19, 44, 18, 64, 18,
        19, 13, 23, 19, 19, 56, 18,  5, 13, 19, 16,  8, 14, 18, 17,  2, 22, 31,
        23, 17, 18, 63, 19, 19, 18, 18, 19,  2, 18, 18,  0, 17,  0, 19, 18, 75,
        18,  0, 18, 19, 32, 14, 13, 18, 13, 14, 17,  0, 19,  0,  1, 74, 18, 18,
        19, 16, 17, 14, 19, 47,  2, 22, 14, 14,  0, 18, 23, 18, 68,  0, 57, 13,
        19, 17, 14, 17, 17,  0, 18, 18, 14, 33, 16, 14, 21, 18,  7, 18, 15, 22,
        13, 62, 14, 17, 18, 14, 22, 11, 14, 14,  1, 19, 17, 19, 17, 64,  9, 17,
        18, 23, 18, 47, 18, 18,  0,  2, 19,  0, 19, 30,  0, 56, 22, 19, 18, 23,
        19, 18, 58, 18, 18, 18, 49, 18, 13,  0, 13,  9, 18, 18, 16, 14, 21, 13,
         0, 21, 17, 17, 15, 19, 62, 14, 18, 62, 13, 17, 32, 13, 23, 19, 17, 23,
        18, 19,  0, 19,  2,  7,  7, 33, 23, 14,  2, 26]), Box: ([49.43684387207031, 195.22572326660156, 267.26812744140625, 291.1864318847656], [49.390689849853516, 196.14256286621094, 266.85833740234375, 290.3783874511719], [49.390689849853516, 196.14256286621094, 266.85833740234375, 290.3783874511719], [114.57363891601562, 203.18104553222656, 266.2227783203125, 289.85162353515625], [50.27423858642578, 196.51296997070312, 160.6392822265625, 283.7071838378906], [49.43684387207031, 195.22572326660156, 267.26812744140625, 291.1864318847656], [49.390689849853516, 196.14256286621094, 266.85833740234375, 290.3783874511719], [49.75135040283203, 195.08387756347656, 135.01382446289062, 261.9301452636719], [49.390689849853516, 196.14256286621094, 266.85833740234375, 290.3783874511719], [49.46823501586914, 194.82260131835938, 165.5623016357422, 261.8852233886719], [49.43684387207031, 195.22572326660156, 267.26812744140625, 291.1864318847656], [51.29534149169922, 196.4682159423828, 181.26707458496094, 283.9779052734375], [49.43684387207031, 195.22572326660156, 267.26812744140625, 291.1864318847656], [49.43684387207031, 195.22572326660156, 267.26812744140625, 291.1864318847656], [108.87806701660156, 194.30299377441406, 134.9384002685547, 214.38876342773438], [49.43684387207031, 195.22572326660156, 267.26812744140625, 291.1864318847656], [49.43684387207031, 195.22572326660156, 267.26812744140625, 291.1864318847656], [49.43684387207031, 195.22572326660156, 267.26812744140625, 291.1864318847656], [49.43684387207031, 195.22572326660156, 267.26812744140625, 291.1864318847656], [109.98200988769531, 195.8801727294922, 266.2264709472656, 280.3058166503906], [0.21246075630187988, -0.18868857622146606, 500.2074279785156, 350.8042907714844], [49.43684387207031, 195.22572326660156, 267.26812744140625, 291.1864318847656], [176.2017822265625, 0.09244568645954132, 233.20864868164062, 80.15184783935547], [49.43684387207031, 195.22572326660156, 267.26812744140625, 291.1864318847656], [49.43684387207031, 195.22572326660156, 267.26812744140625, 291.1864318847656], [49.43684387207031, 195.22572326660156, 267.26812744140625, 291.1864318847656], [75.86143493652344, -0.23849156498908997, 97.359130859375, 69.48450469970703], [108.87806701660156, 194.30299377441406, 134.9384002685547, 214.38876342773438], [50.3272705078125, 196.5491485595703, 161.41015625, 283.1901550292969], [24.718921661376953, -0.015586316585540771, 96.71057891845703, 75.060302734375], [49.43684387207031, 195.22572326660156, 267.26812744140625, 291.1864318847656], [98.20793151855469, 110.20785522460938, 112.49432373046875, 123.52590942382812], [176.2017822265625, 0.09244568645954132, 233.20864868164062, 80.15184783935547], [49.43684387207031, 195.22572326660156, 267.26812744140625, 291.1864318847656], [176.2017822265625, 0.09244568645954132, 233.20864868164062, 80.15184783935547], [49.43684387207031, 195.22572326660156, 267.26812744140625, 291.1864318847656], [49.43684387207031, 195.22572326660156, 267.26812744140625, 291.1864318847656], [49.43684387207031, 195.22572326660156, 267.26812744140625, 291.1864318847656], [49.43684387207031, 195.22572326660156, 267.26812744140625, 291.1864318847656], [168.8563995361328, 211.26881408691406, 265.9192199707031, 289.2202453613281], [49.43684387207031, 195.22572326660156, 267.26812744140625, 291.1864318847656], [49.43684387207031, 195.22572326660156, 267.26812744140625, 291.1864318847656], [49.390689849853516, 196.14256286621094, 266.85833740234375, 290.3783874511719], [0.17894059419631958, 266.48931884765625, 228.2449951171875, 350.0623474121094], [176.2017822265625, 0.09244568645954132, 233.20864868164062, 80.15184783935547], [49.43684387207031, 195.22572326660156, 267.26812744140625, 291.1864318847656], [108.87806701660156, 194.30299377441406, 134.9384002685547, 214.38876342773438], [200.15875244140625, 91.74813079833984, 203.98040771484375, 94.96851348876953], [49.390689849853516, 196.14256286621094, 266.85833740234375, 290.3783874511719], [69.94300842285156, -0.07036594301462173, 158.60617065429688, 69.86954498291016], [49.390689849853516, 196.14256286621094, 266.85833740234375, 290.3783874511719], [109.2769775390625, 193.8345947265625, 171.7321014404297, 214.50430297851562], [142.29425048828125, 108.09844207763672, 160.0946502685547, 117.27934265136719], [-0.3040209412574768, 0.012265071272850037, 186.7570037841797, 82.73770141601562], [-0.3040209412574768, 0.012265071272850037, 186.7570037841797, 82.73770141601562], [-0.3040209412574768, 0.012265071272850037, 186.7570037841797, 82.73770141601562], [176.2017822265625, 0.09244568645954132, 233.20864868164062, 80.15184783935547], [89.33535766601562, -0.04544875770807266, 166.05377197265625, 66.87600708007812], [0.21246075630187988, -0.18868857622146606, 500.2074279785156, 350.8042907714844], [176.2017822265625, 0.09244568645954132, 233.20864868164062, 80.15184783935547], [0.21246075630187988, -0.18868857622146606, 500.2074279785156, 350.8042907714844], [51.621212005615234, 196.84597778320312, 237.13259887695312, 265.6078796386719], [74.14257049560547, 242.5499267578125, 264.5052185058594, 289.8343811035156], [-0.3922339677810669, 0.25080370903015137, 40.94347381591797, 80.74678802490234], [48.901588439941406, 195.43206787109375, 449.1743469238281, 350.0552673339844], [0.21246075630187988, -0.18868857622146606, 500.2074279785156, 350.8042907714844], [141.27134704589844, -0.08044736087322235, 185.46649169921875, 63.80977249145508], [49.43684387207031, 195.22572326660156, 267.26812744140625, 291.1864318847656], [24.718921661376953, -0.015586316585540771, 96.71057891845703, 75.060302734375], [49.390689849853516, 196.14256286621094, 266.85833740234375, 290.3783874511719], [-0.794142484664917, 0.10514748841524124, 230.71017456054688, 82.92098999023438], [144.49913024902344, 265.78338623046875, 164.44784545898438, 280.77239990234375], [50.27423858642578, 196.51296997070312, 160.6392822265625, 283.7071838378906], [75.86143493652344, -0.23849156498908997, 97.359130859375, 69.48450469970703], [49.43684387207031, 195.22572326660156, 267.26812744140625, 291.1864318847656], [49.75135040283203, 195.08387756347656, 135.01382446289062, 261.9301452636719], [49.390689849853516, 196.14256286621094, 266.85833740234375, 290.3783874511719], [0.21246075630187988, -0.18868857622146606, 500.2074279785156, 350.8042907714844], [430.70147705078125, 0.11182397603988647, 500.3067321777344, 54.488067626953125], [430.70147705078125, 0.11182397603988647, 500.3067321777344, 54.488067626953125], [-0.1097116619348526, 253.99143981933594, 62.57469940185547, 350.0848693847656], [0.23570656776428223, 0.07660569995641708, 101.49675750732422, 79.6606216430664], [149.20980834960938, 265.7161865234375, 186.49200439453125, 289.4463195800781], [49.75135040283203, 195.08387756347656, 135.01382446289062, 261.9301452636719], [49.390689849853516, 196.14256286621094, 266.85833740234375, 290.3783874511719], [-0.794142484664917, 0.10514748841524124, 230.71017456054688, 82.92098999023438], [49.43684387207031, 195.22572326660156, 267.26812744140625, 291.1864318847656], [0.21246075630187988, -0.18868857622146606, 500.2074279785156, 350.8042907714844], [49.390689849853516, 196.14256286621094, 266.85833740234375, 290.3783874511719], [49.390689849853516, 196.14256286621094, 266.85833740234375, 290.3783874511719], [75.86143493652344, -0.23849156498908997, 97.359130859375, 69.48450469970703], [50.27423858642578, 196.51296997070312, 160.6392822265625, 283.7071838378906], [49.43684387207031, 195.22572326660156, 267.26812744140625, 291.1864318847656], [86.2220230102539, -0.06554359942674637, 132.77542114257812, 67.73031616210938], [49.390689849853516, 196.14256286621094, 266.85833740234375, 290.3783874511719], [148.26768493652344, 264.7445373535156, 211.07545471191406, 290.3659973144531], [-0.794142484664917, 0.10514748841524124, 230.71017456054688, 82.92098999023438], [0.15858933329582214, 235.5565948486328, 69.18433380126953, 350.0722961425781], [141.27134704589844, -0.08044736087322235, 185.46649169921875, 63.80977249145508], [49.390689849853516, 196.14256286621094, 266.85833740234375, 290.3783874511719], [176.2017822265625, 0.09244568645954132, 233.20864868164062, 80.15184783935547], [108.87806701660156, 194.30299377441406, 134.9384002685547, 214.38876342773438], [75.86143493652344, -0.23849156498908997, 97.359130859375, 69.48450469970703], [49.43684387207031, 195.22572326660156, 267.26812744140625, 291.1864318847656], [114.57363891601562, 203.18104553222656, 266.2227783203125, 289.85162353515625], [55.25862503051758, 196.54736328125, 198.00717163085938, 266.7331237792969], [147.8710479736328, 264.9901123046875, 166.31219482421875, 278.9439697265625], [24.718921661376953, -0.015586316585540771, 96.71057891845703, 75.060302734375], [49.43684387207031, 195.22572326660156, 267.26812744140625, 291.1864318847656], [49.43684387207031, 195.22572326660156, 267.26812744140625, 291.1864318847656], [49.43684387207031, 195.22572326660156, 267.26812744140625, 291.1864318847656], [109.2769775390625, 193.8345947265625, 171.7321014404297, 214.50430297851562], [49.43684387207031, 195.22572326660156, 267.26812744140625, 291.1864318847656], [89.33535766601562, -0.04544875770807266, 166.05377197265625, 66.87600708007812], [141.27134704589844, -0.08044736087322235, 185.46649169921875, 63.80977249145508], [199.94464111328125, 211.63751220703125, 267.4666442871094, 276.8833312988281], [143.7199249267578, 264.85211181640625, 169.5643768310547, 289.44158935546875], [48.901588439941406, 195.43206787109375, 449.1743469238281, 350.0552673339844], [24.718921661376953, -0.015586316585540771, 96.71057891845703, 75.060302734375], [49.43684387207031, 195.22572326660156, 267.26812744140625, 291.1864318847656], [259.66864013671875, 17.031599044799805, 267.1169738769531, 26.350841522216797], [182.4933319091797, 34.723270416259766, 209.66192626953125, 81.76874542236328], [49.43684387207031, 195.22572326660156, 267.26812744140625, 291.1864318847656], [73.9183120727539, -0.12025784701108932, 132.66357421875, 70.12712860107422], [49.390689849853516, 196.14256286621094, 266.85833740234375, 290.3783874511719], [2.070605754852295, 192.90757751464844, 501.0335388183594, 350.4122619628906], [50.67859649658203, 191.769775390625, 496.3616638183594, 309.5730895996094], [299.80206298828125, 0.380327045917511, 499.9906921386719, 350.16046142578125], [-0.3922339677810669, 0.25080370903015137, 40.94347381591797, 80.74678802490234], [2.070605754852295, 192.90757751464844, 501.0335388183594, 350.4122619628906], [-0.12183189392089844, 0.1854039430618286, 270.44720458984375, 290.8166809082031], [49.390689849853516, 196.14256286621094, 266.85833740234375, 290.3783874511719], [388.8385009765625, 0.07376564294099808, 500.2159423828125, 54.50307846069336], [49.43684387207031, 195.22572326660156, 267.26812744140625, 291.1864318847656], [301.62213134765625, 0.9738309383392334, 500.1224365234375, 183.44654846191406], [69.94300842285156, -0.07036594301462173, 158.60617065429688, 69.86954498291016], [0.21246075630187988, -0.18868857622146606, 500.2074279785156, 350.8042907714844], [49.390689849853516, 196.14256286621094, 266.85833740234375, 290.3783874511719], [225.89781188964844, 339.3478698730469, 263.1356506347656, 350.9537353515625], [108.87806701660156, 194.30299377441406, 134.9384002685547, 214.38876342773438], [89.33535766601562, -0.04544875770807266, 166.05377197265625, 66.87600708007812], [-0.794142484664917, 0.10514748841524124, 230.71017456054688, 82.92098999023438], [24.718921661376953, -0.015586316585540771, 96.71057891845703, 75.060302734375], [0.21246075630187988, -0.18868857622146606, 500.2074279785156, 350.8042907714844], [24.718921661376953, -0.015586316585540771, 96.71057891845703, 75.060302734375], [141.27134704589844, -0.08044736087322235, 185.46649169921875, 63.80977249145508], [51.29534149169922, 196.4682159423828, 181.26707458496094, 283.9779052734375], [49.390689849853516, 196.14256286621094, 266.85833740234375, 290.3783874511719], [164.6862030029297, 207.78033447265625, 267.32684326171875, 279.4318542480469], [0.17894059419631958, 266.48931884765625, 228.2449951171875, 350.0623474121094], [0.1940801739692688, 296.6504211425781, 105.93989562988281, 350.5154113769531], [76.55669403076172, -0.12051805853843689, 94.92695617675781, 37.7763786315918], [0.5417168140411377, 107.2425537109375, 500.5356140136719, 349.2536315917969], [-0.3040209412574768, 0.012265071272850037, 186.7570037841797, 82.73770141601562], [0.5417168140411377, 107.2425537109375, 500.5356140136719, 349.2536315917969], [136.431884765625, -0.08684402704238892, 158.9166717529297, 63.06157302856445], [49.390689849853516, 196.14256286621094, 266.85833740234375, 290.3783874511719], [430.70147705078125, 0.11182397603988647, 500.3067321777344, 54.488067626953125], [-0.3922339677810669, 0.25080370903015137, 40.94347381591797, 80.74678802490234], [0.23570656776428223, 0.07660569995641708, 101.49675750732422, 79.6606216430664], [389.5914611816406, 208.0968475341797, 401.4875793457031, 239.4134979248047], [49.43684387207031, 195.22572326660156, 267.26812744140625, 291.1864318847656], [48.061519622802734, 141.54827880859375, 268.19635009765625, 291.0718078613281], [-0.12183189392089844, 0.1854039430618286, 270.44720458984375, 290.8166809082031], [49.46823501586914, 194.82260131835938, 165.5623016357422, 261.8852233886719], [388.8385009765625, 0.07376564294099808, 500.2159423828125, 54.50307846069336], [87.75090789794922, 248.76641845703125, 101.59031677246094, 259.86529541015625], [148.26768493652344, 264.7445373535156, 211.07545471191406, 290.3659973144531], [0.5417168140411377, 107.2425537109375, 500.5356140136719, 349.2536315917969], [85.77670288085938, 0.08016753941774368, 232.09420776367188, 81.86224365234375], [49.43684387207031, 195.22572326660156, 267.26812744140625, 291.1864318847656], [95.67993927001953, 324.9756774902344, 148.45774841308594, 350.91412353515625], [69.94300842285156, -0.07036594301462173, 158.60617065429688, 69.86954498291016], [69.94300842285156, -0.07036594301462173, 158.60617065429688, 69.86954498291016], [86.2220230102539, -0.06554359942674637, 132.77542114257812, 67.73031616210938], [26.422704696655273, 0.23637589812278748, 53.41684341430664, 76.69084167480469], [98.20793151855469, 110.20785522460938, 112.49432373046875, 123.52590942382812], [98.20793151855469, 110.20785522460938, 112.49432373046875, 123.52590942382812], [-0.5466043949127197, 207.73655700683594, 116.4807357788086, 349.40814208984375], [182.4933319091797, 34.723270416259766, 209.66192626953125, 81.76874542236328], [-0.3922339677810669, 0.25080370903015137, 40.94347381591797, 80.74678802490234], [176.2017822265625, 0.09244568645954132, 233.20864868164062, 80.15184783935547], [-0.3040209412574768, 0.012265071272850037, 186.7570037841797, 82.73770141601562], [253.88839721679688, -0.10039183497428894, 270.793701171875, 26.098506927490234], [85.77670288085938, 0.08016753941774368, 232.09420776367188, 81.86224365234375], [87.75090789794922, 248.76641845703125, 101.59031677246094, 259.86529541015625], [301.62213134765625, 0.9738309383392334, 500.1224365234375, 183.44654846191406], [75.86143493652344, -0.23849156498908997, 97.359130859375, 69.48450469970703], [94.81340789794922, 314.67218017578125, 151.3633270263672, 350.7688293457031], [114.57363891601562, 203.18104553222656, 266.2227783203125, 289.85162353515625], [89.33535766601562, -0.04544875770807266, 166.05377197265625, 66.87600708007812], [49.223304748535156, 237.6018829345703, 381.25604248046875, 348.8876953125], [176.62220764160156, -0.013441890478134155, 220.84051513671875, 80.64091491699219], [50.3272705078125, 196.5491485595703, 161.41015625, 283.1901550292969], [49.43684387207031, 195.22572326660156, 267.26812744140625, 291.1864318847656], [136.431884765625, -0.08684402704238892, 158.9166717529297, 63.06157302856445], [0.21246075630187988, -0.18868857622146606, 500.2074279785156, 350.8042907714844], [-0.2310723066329956, -0.1494089663028717, 333.2427673339844, 350.83721923828125], [75.86143493652344, -0.23849156498908997, 97.359130859375, 69.48450469970703], [114.57363891601562, 203.18104553222656, 266.2227783203125, 289.85162353515625], [152.26429748535156, 282.0735778808594, 164.70111083984375, 289.8851013183594], [86.2220230102539, -0.06554359942674637, 132.77542114257812, 67.73031616210938], [-0.3922339677810669, 0.25080370903015137, 40.94347381591797, 80.74678802490234], [86.2220230102539, -0.06554359942674637, 132.77542114257812, 67.73031616210938], [109.98200988769531, 195.8801727294922, 266.2264709472656, 280.3058166503906], [176.62220764160156, -0.013441890478134155, 220.84051513671875, 80.64091491699219], [51.29534149169922, 196.4682159423828, 181.26707458496094, 283.9779052734375], [49.390689849853516, 196.14256286621094, 266.85833740234375, 290.3783874511719], [-0.3040209412574768, 0.012265071272850037, 186.7570037841797, 82.73770141601562], [45.84182357788086, 340.4241638183594, 69.15953826904297, 350.59381103515625], [-0.3040209412574768, 0.012265071272850037, 186.7570037841797, 82.73770141601562], [94.23445129394531, 22.48824691772461, 135.5040740966797, 66.5380859375], [0.21246075630187988, -0.18868857622146606, 500.2074279785156, 350.8042907714844], [26.422704696655273, 0.23637589812278748, 53.41684341430664, 76.69084167480469], [114.57363891601562, 203.18104553222656, 266.2227783203125, 289.85162353515625], [176.62220764160156, -0.013441890478134155, 220.84051513671875, 80.64091491699219], [430.70147705078125, 0.11182397603988647, 500.3067321777344, 54.488067626953125], [49.390689849853516, 196.14256286621094, 266.85833740234375, 290.3783874511719], [50.3272705078125, 196.5491485595703, 161.41015625, 283.1901550292969], [-0.794142484664917, 0.10514748841524124, 230.71017456054688, 82.92098999023438], [94.3308334350586, 38.832427978515625, 119.43901824951172, 67.65510559082031], [176.2017822265625, 0.09244568645954132, 233.20864868164062, 80.15184783935547], [-0.3922339677810669, 0.25080370903015137, 40.94347381591797, 80.74678802490234], [76.55669403076172, -0.12051805853843689, 94.92695617675781, 37.7763786315918], [154.83404541015625, 47.35840606689453, 175.1248016357422, 63.509395599365234], [49.46823501586914, 194.82260131835938, 165.5623016357422, 261.8852233886719], [176.2017822265625, 0.09244568645954132, 233.20864868164062, 80.15184783935547], [47.39631652832031, 116.93389129638672, 498.32452392578125, 349.8770446777344], [176.62220764160156, -0.013441890478134155, 220.84051513671875, 80.64091491699219], [176.62220764160156, -0.013441890478134155, 220.84051513671875, 80.64091491699219], [0.21246075630187988, -0.18868857622146606, 500.2074279785156, 350.8042907714844], [49.43684387207031, 195.22572326660156, 267.26812744140625, 291.1864318847656], [49.390689849853516, 196.14256286621094, 266.85833740234375, 290.3783874511719], [75.86143493652344, -0.23849156498908997, 97.359130859375, 69.48450469970703], [299.80206298828125, 0.380327045917511, 499.9906921386719, 350.16046142578125], [141.27134704589844, -0.08044736087322235, 185.46649169921875, 63.80977249145508], [1.6351640224456787, -0.389103502035141, 433.74298095703125, 350.5530700683594], [245.4882049560547, 312.92596435546875, 258.078369140625, 325.4967346191406], [-0.20304322242736816, 70.4100112915039, 274.11383056640625, 348.8466491699219], [-0.2604406476020813, 252.4016876220703, 53.70354461669922, 349.9154968261719], [176.62220764160156, -0.013441890478134155, 220.84051513671875, 80.64091491699219], [299.80206298828125, 0.380327045917511, 499.9906921386719, 350.16046142578125], [-0.5448460578918457, 77.37162780761719, 292.9490661621094, 290.1011657714844], [0.23570656776428223, 0.07660569995641708, 101.49675750732422, 79.6606216430664], [149.20980834960938, 265.7161865234375, 186.49200439453125, 289.4463195800781], [75.86143493652344, -0.23849156498908997, 97.359130859375, 69.48450469970703], [73.9183120727539, -0.12025784701108932, 132.66357421875, 70.12712860107422], [176.2017822265625, 0.09244568645954132, 233.20864868164062, 80.15184783935547], [182.4933319091797, 34.723270416259766, 209.66192626953125, 81.76874542236328], [94.23445129394531, 22.48824691772461, 135.5040740966797, 66.5380859375], [47.39631652832031, 116.93389129638672, 498.32452392578125, 349.8770446777344], [136.431884765625, -0.08684402704238892, 158.9166717529297, 63.06157302856445], [0.1940801739692688, 296.6504211425781, 105.93989562988281, 350.5154113769531], [0.424996018409729, 0.4697025418281555, 399.2601013183594, 350.0447692871094], [-0.3040209412574768, 0.012265071272850037, 186.7570037841797, 82.73770141601562], [302.99658203125, 0.40671655535697937, 499.9498596191406, 77.55046081542969], [0.6534159183502197, -0.1907702386379242, 404.94049072265625, 350.62158203125], [-0.12183189392089844, 0.1854039430618286, 270.44720458984375, 290.8166809082031], [108.87806701660156, 194.30299377441406, 134.9384002685547, 214.38876342773438], [-0.432431697845459, -0.029226958751678467, 302.60906982421875, 83.97296905517578], [0.6534159183502197, -0.1907702386379242, 404.94049072265625, 350.62158203125], [-0.794142484664917, 0.10514748841524124, 230.71017456054688, 82.92098999023438], [-0.2505481243133545, 0.5573310852050781, 307.0389709472656, 252.4275360107422], [49.43684387207031, 195.22572326660156, 267.26812744140625, 291.1864318847656], [301.62213134765625, 0.9738309383392334, 500.1224365234375, 183.44654846191406], [50.67859649658203, 191.769775390625, 496.3616638183594, 309.5730895996094], [24.718921661376953, -0.015586316585540771, 96.71057891845703, 75.060302734375], [245.4882049560547, 312.92596435546875, 258.078369140625, 325.4967346191406], [89.33535766601562, -0.04544875770807266, 166.05377197265625, 66.87600708007812], [0.424996018409729, 0.4697025418281555, 399.2601013183594, 350.0447692871094], [76.55669403076172, -0.12051805853843689, 94.92695617675781, 37.7763786315918], [-0.3922339677810669, 0.25080370903015137, 40.94347381591797, 80.74678802490234], [182.4933319091797, 34.723270416259766, 209.66192626953125, 81.76874542236328], [0.23570656776428223, 0.07660569995641708, 101.49675750732422, 79.6606216430664], [50.27423858642578, 196.51296997070312, 160.6392822265625, 283.7071838378906], [389.5914611816406, 208.0968475341797, 401.4875793457031, 239.4134979248047], [-0.3040209412574768, 0.012265071272850037, 186.7570037841797, 82.73770141601562], [97.22554779052734, 296.3134765625, 133.5018310546875, 323.80987548828125], [47.62053680419922, 82.69998168945312, 267.41436767578125, 291.55633544921875], [-0.12183189392089844, 0.1854039430618286, 270.44720458984375, 290.8166809082031], [-0.12183189392089844, 0.1854039430618286, 270.44720458984375, 290.8166809082031], [85.77670288085938, 0.08016753941774368, 232.09420776367188, 81.86224365234375], [98.20793151855469, 110.20785522460938, 112.49432373046875, 123.52590942382812], [182.4933319091797, 34.723270416259766, 209.66192626953125, 81.76874542236328], [73.9183120727539, -0.12025784701108932, 132.66357421875, 70.12712860107422], [49.44430923461914, 194.70355224609375, 166.4859619140625, 258.83160400390625], [73.9183120727539, -0.12025784701108932, 132.66357421875, 70.12712860107422], [69.94300842285156, -0.07036594301462173, 158.60617065429688, 69.86954498291016], [109.2769775390625, 193.8345947265625, 171.7321014404297, 214.50430297851562], [73.9183120727539, -0.12025784701108932, 132.66357421875, 70.12712860107422], [430.70147705078125, 0.11182397603988647, 500.3067321777344, 54.488067626953125], [154.83404541015625, 47.35840606689453, 175.1248016357422, 63.509395599365234], [176.2017822265625, 0.09244568645954132, 233.20864868164062, 80.15184783935547], [49.43684387207031, 195.22572326660156, 267.26812744140625, 291.1864318847656], [-0.3040209412574768, 0.012265071272850037, 186.7570037841797, 82.73770141601562], [0.21246075630187988, -0.18868857622146606, 500.2074279785156, 350.8042907714844], [0.23570656776428223, 0.07660569995641708, 101.49675750732422, 79.6606216430664], [47.62053680419922, 82.69998168945312, 267.41436767578125, 291.55633544921875], [430.70147705078125, 0.11182397603988647, 500.3067321777344, 54.488067626953125], [49.390689849853516, 196.14256286621094, 266.85833740234375, 290.3783874511719]), Score: [0.9532989859580994, 0.06366229057312012, 0.05092694237828255, 0.037532173097133636, 0.03526219725608826, 0.035261768847703934, 0.03461379557847977, 0.03410244360566139, 0.027011482045054436, 0.023513630032539368, 0.022902972996234894, 0.021222269162535667, 0.020457228645682335, 0.02012350969016552, 0.019866494461894035, 0.01956983655691147, 0.018666816875338554, 0.01844073086977005, 0.01815916784107685, 0.01765836961567402, 0.016720345243811607, 0.01657770201563835, 0.016147509217262268, 0.01576117053627968, 0.0155250309035182, 0.015513135120272636, 0.015469435602426529, 0.015360558405518532, 0.015131352469325066, 0.01496250368654728, 0.014926142990589142, 0.014876732602715492, 0.014856982976198196, 0.014645999297499657, 0.014564123935997486, 0.014523166231811047, 0.014456219971179962, 0.014339698478579521, 0.014186730608344078, 0.014082111418247223, 0.013949288055300713, 0.013931537047028542, 0.01377781480550766, 0.013645214028656483, 0.013556046411395073, 0.013517324812710285, 0.013493324629962444, 0.013402549549937248, 0.013303336687386036, 0.01299289520829916, 0.012755566276609898, 0.012534847483038902, 0.012398856692016125, 0.012360251508653164, 0.012207821942865849, 0.012152258306741714, 0.012016026303172112, 0.011900177225470543, 0.01187064778059721, 0.011729627847671509, 0.011696282774209976, 0.011694155633449554, 0.011664972640573978, 0.011649667285382748, 0.011561788618564606, 0.011539391241967678, 0.011525014415383339, 0.011505329050123692, 0.011494070291519165, 0.011387650854885578, 0.011273352429270744, 0.011268677189946175, 0.011232368648052216, 0.011228170245885849, 0.011191220954060555, 0.011112671345472336, 0.011086794547736645, 0.011026766151189804, 0.010890805162489414, 0.010884776711463928, 0.010881835594773293, 0.010792078450322151, 0.010666772723197937, 0.010640435852110386, 0.010628501884639263, 0.010609399527311325, 0.01059650257229805, 0.010461096651852131, 0.010448147542774677, 0.010404214262962341, 0.01040110643953085, 0.010343726724386215, 0.010321569629013538, 0.010318735614418983, 0.010268514975905418, 0.010202541947364807, 0.010166499763727188, 0.010058463551104069, 0.01004171185195446, 0.010027497075498104, 0.010026942938566208, 0.010019040666520596, 0.009977431036531925, 0.009927214123308659, 0.009919432923197746, 0.009868321940302849, 0.009856331162154675, 0.009827934205532074, 0.009820476174354553, 0.009783252142369747, 0.009757887572050095, 0.009732105769217014, 0.009715396910905838, 0.009699325077235699, 0.009694434702396393, 0.009688572958111763, 0.009681611321866512, 0.009610463865101337, 0.009497386403381824, 0.009451648220419884, 0.009418518282473087, 0.009312792681157589, 0.00929385144263506, 0.009289812296628952, 0.009225299581885338, 0.009207112714648247, 0.009138304740190506, 0.009115208871662617, 0.009090283885598183, 0.009064022451639175, 0.009056547656655312, 0.009003888815641403, 0.008958734571933746, 0.008950664661824703, 0.008891166187822819, 0.008875137194991112, 0.00880903098732233, 0.008785813115537167, 0.008781321346759796, 0.008746607229113579, 0.008734548464417458, 0.008703465573489666, 0.008687324821949005, 0.008678939193487167, 0.008654914796352386, 0.00859158020466566, 0.008580945432186127, 0.008576990105211735, 0.00856857281178236, 0.008505357429385185, 0.008404115214943886, 0.008399348706007004, 0.008378194645047188, 0.008374016731977463, 0.008362367749214172, 0.008307190611958504, 0.008280807174742222, 0.008261148817837238, 0.008259957656264305, 0.008258973248302937, 0.008245806209743023, 0.008223678916692734, 0.008166114799678326, 0.00814136117696762, 0.008139551617205143, 0.008105479180812836, 0.008075837977230549, 0.008074004203081131, 0.008045116439461708, 0.00803443044424057, 0.008003687486052513, 0.007992897182703018, 0.00798763893544674, 0.007987620308995247, 0.007984602823853493, 0.00795401819050312, 0.007942482829093933, 0.00792525615543127, 0.007902161218225956, 0.00788242556154728, 0.007865029387176037, 0.007864080369472504, 0.007851486094295979, 0.007845734246075153, 0.007844408974051476, 0.007831916213035583, 0.007796454709023237, 0.0077489931136369705, 0.0076942602172493935, 0.007674814201891422, 0.007607792038470507, 0.007559461984783411, 0.007456605322659016, 0.007444816641509533, 0.007419665809720755, 0.007413136772811413, 0.007399136200547218, 0.00738564133644104, 0.007346991449594498, 0.007329752668738365, 0.007323592901229858, 0.0072962576523423195, 0.007287717889994383, 0.007272344548255205, 0.007217122707515955, 0.007215831428766251, 0.007189852185547352, 0.007188895717263222, 0.007183489855378866, 0.007179691921919584, 0.007168773096054792, 0.007140463218092918, 0.007127436343580484, 0.007124491035938263, 0.007100027520209551, 0.007066838908940554, 0.007060712203383446, 0.007054243236780167, 0.007010049652308226, 0.00700570922344923, 0.007004680577665567, 0.006996701937168837, 0.006994171068072319, 0.006990116089582443, 0.0069857509806752205, 0.006984842009842396, 0.0069752465933561325, 0.0069696311838924885, 0.006963742896914482, 0.006958850659430027, 0.006926361005753279, 0.006915594916790724, 0.006896927021443844, 0.006895734462887049, 0.006894452031701803, 0.006894347723573446, 0.006891092751175165, 0.006869946606457233, 0.0068492405116558075, 0.006849166005849838, 0.006849114783108234, 0.00684006093069911, 0.006838283035904169, 0.006819018628448248, 0.006814715452492237, 0.006799949798732996, 0.006795748136937618, 0.0067956577986478806, 0.006748434156179428, 0.00671877758577466, 0.00671539269387722, 0.006707522086799145, 0.006677404977381229, 0.00667122146114707, 0.0066683851182460785, 0.006663172040134668, 0.006640392355620861, 0.0066387224942445755, 0.006633724085986614, 0.00662703812122345, 0.006621876265853643, 0.006589637603610754, 0.0065766433253884315, 0.0065758489072322845, 0.006569528486579657, 0.006565907038748264, 0.006560919806361198, 0.006518502254039049, 0.006508529651910067, 0.006501971744000912, 0.006497472990304232, 0.00649322010576725, 0.006480918265879154, 0.006473194342106581, 0.006468810606747866, 0.006463425699621439, 0.006413908209651709, 0.006408859975636005, 0.006404637824743986, 0.006372537929564714, 0.006369166076183319, 0.006354113109409809, 0.006351377349346876, 0.006350456736981869, 0.006345322355628014, 0.006326202768832445, 0.006309911143034697, 0.006300864741206169, 0.006273786537349224, 0.006273046601563692, 0.0062481421045959, 0.006245475262403488, 0.0062442440539598465, 0.006238831672817469, 0.006230470724403858, 0.006228082347661257, 0.006225730758160353, 0.006224311888217926, 0.006214256398379803, 0.00620411429554224]

Execution time: 0.4275 sec
