Label: tensor([ 0, 18, 16,  0, 18, 18, 19, 39, 18, 26, 24, 18, 15, 26,  0, 20, 17, 41,
        46, 16, 39, 29, 45, 56,  0, 18, 16, 27, 21, 32, 18, 27, 27, 41, 26, 24,
        24,  0, 16, 27, 13,  0, 14, 14, 39, 46, 14, 18, 26, 26, 27, 54, 27, 55,
        13, 67, 76, 16, 16, 35, 18, 13, 18, 16, 14, 24, 46, 28, 26, 15, 73, 67,
        18, 46, 24, 24, 26, 48, 41, 13, 24, 74, 26, 16, 13, 26, 39,  0, 13, 27,
        27, 26, 74, 56, 53, 24, 24, 24, 26, 26, 16, 18, 26, 18, 15, 26, 18, 18,
        56, 19, 26, 53, 67, 53, 24, 19,  0, 32, 18, 15, 47, 76, 24, 18, 40,  0,
        16, 77, 16, 61, 18, 15, 13, 25, 41, 18, 26, 18, 26, 64, 40, 56, 15, 24,
        73, 24, 56, 18, 54,  0, 76, 16, 17, 27, 24, 16,  1, 18, 25, 38, 20, 65,
        19, 39, 65, 24, 54, 17, 19, 26, 49, 33, 77, 64, 37, 45, 26, 28, 20, 20,
        16, 24, 39, 46, 45, 59, 38, 13, 45, 41, 24, 29, 55, 26, 15, 73, 56, 28,
        47, 56, 26, 14, 46, 73, 26, 33, 55, 29,  1, 10, 39, 19, 67, 14, 14, 15,
        26, 27,  0, 56, 19, 46, 76, 44, 14, 13, 16, 24, 39, 15,  0, 29, 25, 67,
        74, 24, 48, 28, 43, 26, 23, 39, 65, 16, 16,  0,  1, 24, 59,  2, 45, 50,
        26, 44, 16, 32, 48, 18,  0, 24, 14, 17, 52, 24, 46, 24, 13, 18, 39, 17,
        24, 18, 47, 71, 26,  0, 36, 49, 47, 55, 14, 24, 67, 39, 47, 56, 18, 49,
        17, 61, 20, 67, 67, 24, 56, 10, 61, 76, 72, 18]), Box: ([172.26226806640625, 129.4247589111328, 264.0558166503906, 225.0889129638672], [149.23269653320312, 203.4511260986328, 206.1391143798828, 225.08901977539062], [149.23269653320312, 203.4511260986328, 206.1391143798828, 225.08901977539062], [130.06478881835938, 129.48085021972656, 263.8870544433594, 224.8950958251953], [148.93653869628906, 199.87278747558594, 227.64349365234375, 224.98072814941406], [149.49398803710938, 206.2617950439453, 188.6246337890625, 224.97958374023438], [149.23269653320312, 203.4511260986328, 206.1391143798828, 225.08901977539062], [201.8118438720703, 204.5702362060547, 212.7345428466797, 224.94082641601562], [148.54774475097656, 198.9234619140625, 213.0913848876953, 224.91310119628906], [173.19851684570312, 157.5092315673828, 236.017822265625, 225.3733673095703], [204.2684326171875, 156.09396362304688, 235.9230499267578, 211.3494110107422], [149.66673278808594, 206.96376037597656, 175.674072265625, 225.0059051513672], [149.23269653320312, 203.4511260986328, 206.1391143798828, 225.08901977539062], [204.98854064941406, 164.9777069091797, 263.60430908203125, 224.91610717773438], [61.061302185058594, 129.23765563964844, 264.5898742675781, 224.78140258789062], [149.23269653320312, 203.4511260986328, 206.1391143798828, 225.08901977539062], [149.23269653320312, 203.4511260986328, 206.1391143798828, 225.08901977539062], [202.4859619140625, 204.12753295898438, 212.50286865234375, 216.88470458984375], [208.1884307861328, 215.86460876464844, 227.96238708496094, 224.99221801757812], [148.93653869628906, 199.87278747558594, 227.64349365234375, 224.98072814941406], [208.1884307861328, 215.86460876464844, 227.96238708496094, 224.99221801757812], [208.1884307861328, 215.86460876464844, 227.96238708496094, 224.99221801757812], [208.1884307861328, 215.86460876464844, 227.96238708496094, 224.99221801757812], [251.40232849121094, 205.04368591308594, 265.71478271484375, 224.96253967285156], [146.67056274414062, 129.49197387695312, 263.677978515625, 225.7866973876953], [72.65641784667969, 153.32131958007812, 87.85615539550781, 163.3297119140625], [149.49398803710938, 206.2617950439453, 188.6246337890625, 224.97958374023438], [202.4470672607422, 169.3692626953125, 214.95263671875, 217.00750732421875], [149.23269653320312, 203.4511260986328, 206.1391143798828, 225.08901977539062], [208.1884307861328, 215.86460876464844, 227.96238708496094, 224.99221801757812], [147.4381866455078, 202.75694274902344, 264.5160827636719, 225.0614013671875], [204.3392333984375, 169.3619384765625, 214.4329833984375, 209.61868286132812], [208.7001190185547, 169.717529296875, 220.94651794433594, 198.24290466308594], [208.1884307861328, 215.86460876464844, 227.96238708496094, 224.99221801757812], [251.40232849121094, 205.04368591308594, 265.71478271484375, 224.96253967285156], [207.71670532226562, 160.8645477294922, 234.44166564941406, 200.45465087890625], [204.98854064941406, 164.9777069091797, 263.60430908203125, 224.91610717773438], [113.28932189941406, 129.5338592529297, 263.8382568359375, 224.93939208984375], [148.54774475097656, 198.9234619140625, 213.0913848876953, 224.91310119628906], [206.72520446777344, 169.3724822998047, 221.84213256835938, 202.55331420898438], [147.4381866455078, 202.75694274902344, 264.5160827636719, 225.0614013671875], [129.29385375976562, 129.46664428710938, 274.5456237792969, 224.81631469726562], [149.23269653320312, 203.4511260986328, 206.1391143798828, 225.08901977539062], [169.71255493164062, 206.25811767578125, 189.2581329345703, 219.46226501464844], [202.4859619140625, 204.12753295898438, 212.50286865234375, 216.88470458984375], [170.00596618652344, 206.23361206054688, 183.91505432128906, 215.8931427001953], [175.6494140625, 211.01536560058594, 188.99761962890625, 219.97300720214844], [148.8270721435547, 199.89242553710938, 211.1753387451172, 225.24874877929688], [208.1884307861328, 215.86460876464844, 227.96238708496094, 224.99221801757812], [204.2684326171875, 156.09396362304688, 235.9230499267578, 211.3494110107422], [202.20077514648438, 169.39817810058594, 217.5111083984375, 225.1482696533203], [208.1884307861328, 215.86460876464844, 227.96238708496094, 224.99221801757812], [202.3609619140625, 169.2760009765625, 213.6801300048828, 216.69432067871094], [208.1884307861328, 215.86460876464844, 227.96238708496094, 224.99221801757812], [251.40232849121094, 205.04368591308594, 265.71478271484375, 224.96253967285156], [208.1884307861328, 215.86460876464844, 227.96238708496094, 224.99221801757812], [169.63470458984375, 205.75865173339844, 190.80938720703125, 216.71507263183594], [169.71255493164062, 206.25811767578125, 189.2581329345703, 219.46226501464844], [147.4381866455078, 202.75694274902344, 264.5160827636719, 225.0614013671875], [208.1884307861328, 215.86460876464844, 227.96238708496094, 224.99221801757812], [120.49259948730469, 200.1318817138672, 209.16574096679688, 225.03347778320312], [207.2265625, 205.033447265625, 265.3349609375, 225.01263427734375], [177.413818359375, 199.6946258544922, 207.08251953125, 225.10983276367188], [148.8270721435547, 199.89242553710938, 211.1753387451172, 225.24874877929688], [208.1884307861328, 215.86460876464844, 227.96238708496094, 224.99221801757812], [209.25823974609375, 155.38790893554688, 235.7431182861328, 184.78518676757812], [169.59429931640625, 206.08311462402344, 183.6552734375, 215.97799682617188], [149.23269653320312, 203.4511260986328, 206.1391143798828, 225.08901977539062], [207.2265625, 205.033447265625, 265.3349609375, 225.01263427734375], [149.49398803710938, 206.2617950439453, 188.6246337890625, 224.97958374023438], [208.1884307861328, 215.86460876464844, 227.96238708496094, 224.99221801757812], [175.6494140625, 211.01536560058594, 188.99761962890625, 219.97300720214844], [169.71255493164062, 206.25811767578125, 189.2581329345703, 219.46226501464844], [169.71255493164062, 206.25811767578125, 189.2581329345703, 219.46226501464844], [184.58755493164062, 154.48500061035156, 236.9928741455078, 210.3762664794922], [173.19851684570312, 157.5092315673828, 236.017822265625, 225.3733673095703], [203.23269653320312, 169.3280029296875, 225.99241638183594, 224.9565887451172], [208.1884307861328, 215.86460876464844, 227.96238708496094, 224.99221801757812], [201.8118438720703, 204.5702362060547, 212.7345428466797, 224.94082641601562], [206.30580139160156, 204.89463806152344, 265.6328430175781, 225.0322723388672], [203.361083984375, 158.36427307128906, 235.27561950683594, 210.5818328857422], [216.05189514160156, 218.5439910888672, 227.3036651611328, 224.86959838867188], [234.63177490234375, 204.22352600097656, 265.1455993652344, 224.8907470703125], [208.1884307861328, 215.86460876464844, 227.96238708496094, 224.99221801757812], [153.36660766601562, 202.28204345703125, 265.1443786621094, 225.16822814941406], [201.96539306640625, 168.3197479248047, 226.91429138183594, 225.0727081298828], [201.80947875976562, 204.18115234375, 228.27769470214844, 225.05270385742188], [149.23269653320312, 203.4511260986328, 206.1391143798828, 225.08901977539062], [148.1374053955078, 191.61158752441406, 265.3835144042969, 224.96148681640625], [204.2684326171875, 156.09396362304688, 235.9230499267578, 211.3494110107422], [201.96539306640625, 168.3197479248047, 226.91429138183594, 225.0727081298828], [202.20077514648438, 169.39817810058594, 217.5111083984375, 225.1482696533203], [208.1884307861328, 215.86460876464844, 227.96238708496094, 224.99221801757812], [257.4574890136719, 206.1154022216797, 265.70013427734375, 225.02442932128906], [170.00596618652344, 206.23361206054688, 183.91505432128906, 215.8931427001953], [229.16041564941406, 152.72314453125, 238.1988067626953, 160.9672393798828], [201.9907989501953, 157.16464233398438, 236.01698303222656, 225.1586456298828], [179.20761108398438, 159.91883850097656, 234.50799560546875, 216.74813842773438], [206.30580139160156, 204.89463806152344, 265.6328430175781, 225.0322723388672], [179.20761108398438, 159.91883850097656, 234.50799560546875, 216.74813842773438], [149.66673278808594, 206.96376037597656, 175.674072265625, 225.0059051513672], [251.40232849121094, 205.04368591308594, 265.71478271484375, 224.96253967285156], [207.71670532226562, 160.8645477294922, 234.44166564941406, 200.45465087890625], [72.06401062011719, 153.13760375976562, 103.94477844238281, 166.29348754882812], [169.71255493164062, 206.25811767578125, 189.2581329345703, 219.46226501464844], [217.14537048339844, 205.09222412109375, 265.216552734375, 225.0229034423828], [174.21969604492188, 201.0433349609375, 231.0973358154297, 225.03805541992188], [177.3626251220703, 208.00668334960938, 204.76869201660156, 225.0271453857422], [207.2265625, 205.033447265625, 265.3349609375, 225.01263427734375], [148.93653869628906, 199.87278747558594, 227.64349365234375, 224.98072814941406], [201.80947875976562, 204.18115234375, 228.27769470214844, 225.05270385742188], [169.59429931640625, 206.08311462402344, 183.6552734375, 215.97799682617188], [216.05189514160156, 218.5439910888672, 227.3036651611328, 224.86959838867188], [208.1884307861328, 215.86460876464844, 227.96238708496094, 224.99221801757812], [206.72520446777344, 169.3724822998047, 221.84213256835938, 202.55331420898438], [149.49398803710938, 206.2617950439453, 188.6246337890625, 224.97958374023438], [21.23430061340332, 213.52899169921875, 38.149085998535156, 225.03305053710938], [216.05189514160156, 218.5439910888672, 227.3036651611328, 224.86959838867188], [149.74319458007812, 202.88600158691406, 202.5093231201172, 224.95033264160156], [148.93653869628906, 199.87278747558594, 227.64349365234375, 224.98072814941406], [208.1884307861328, 215.86460876464844, 227.96238708496094, 224.99221801757812], [169.6340789794922, 200.9414825439453, 188.14389038085938, 216.71730041503906], [192.13153076171875, 129.66566467285156, 230.49949645996094, 158.8988494873047], [148.1374053955078, 191.61158752441406, 265.3835144042969, 224.96148681640625], [208.1884307861328, 215.86460876464844, 227.96238708496094, 224.99221801757812], [19.164480209350586, 213.09327697753906, 38.35416793823242, 225.04261779785156], [251.40232849121094, 205.04368591308594, 265.71478271484375, 224.96253967285156], [208.1884307861328, 215.86460876464844, 227.96238708496094, 224.99221801757812], [175.6494140625, 211.01536560058594, 188.99761962890625, 219.97300720214844], [251.40232849121094, 205.04368591308594, 265.71478271484375, 224.96253967285156], [175.6494140625, 211.01536560058594, 188.99761962890625, 219.97300720214844], [148.8270721435547, 199.89242553710938, 211.1753387451172, 225.24874877929688], [234.63177490234375, 204.22352600097656, 265.1455993652344, 224.8907470703125], [208.1884307861328, 215.86460876464844, 227.96238708496094, 224.99221801757812], [216.05189514160156, 218.5439910888672, 227.3036651611328, 224.86959838867188], [175.77108764648438, 203.92669677734375, 206.09182739257812, 225.04962158203125], [169.71255493164062, 206.25811767578125, 189.2581329345703, 219.46226501464844], [95.66399383544922, 154.6431121826172, 103.69058227539062, 161.4307403564453], [149.23269653320312, 203.4511260986328, 206.1391143798828, 225.08901977539062], [208.1884307861328, 215.86460876464844, 227.96238708496094, 224.99221801757812], [201.8118438720703, 204.5702362060547, 212.7345428466797, 224.94082641601562], [206.30580139160156, 204.89463806152344, 265.6328430175781, 225.0322723388672], [148.54774475097656, 198.9234619140625, 213.0913848876953, 224.91310119628906], [199.88604736328125, 155.1461639404297, 236.4550323486328, 188.7836456298828], [201.80947875976562, 204.18115234375, 228.27769470214844, 225.05270385742188], [251.40232849121094, 205.04368591308594, 265.71478271484375, 224.96253967285156], [234.63177490234375, 204.22352600097656, 265.1455993652344, 224.8907470703125], [71.79650115966797, 152.975341796875, 90.3886489868164, 167.9228057861328], [170.00596618652344, 206.23361206054688, 183.91505432128906, 215.8931427001953], [251.40232849121094, 205.04368591308594, 265.71478271484375, 224.96253967285156], [170.00596618652344, 206.23361206054688, 183.91505432128906, 215.8931427001953], [207.2265625, 205.033447265625, 265.3349609375, 225.01263427734375], [148.93653869628906, 199.87278747558594, 227.64349365234375, 224.98072814941406], [207.71670532226562, 160.8645477294922, 234.44166564941406, 200.45465087890625], [202.71807861328125, 163.46926879882812, 236.97793579101562, 207.0126495361328], [149.74319458007812, 202.88600158691406, 202.5093231201172, 224.95033264160156], [149.23269653320312, 203.4511260986328, 206.1391143798828, 225.08901977539062], [177.2609100341797, 207.74990844726562, 204.77061462402344, 224.9894256591797], [169.71255493164062, 206.25811767578125, 189.2581329345703, 219.46226501464844], [251.40232849121094, 205.04368591308594, 265.71478271484375, 224.96253967285156], [148.93653869628906, 199.87278747558594, 227.64349365234375, 224.98072814941406], [175.6494140625, 211.01536560058594, 188.99761962890625, 219.97300720214844], [148.54774475097656, 198.9234619140625, 213.0913848876953, 224.91310119628906], [216.05189514160156, 218.5439910888672, 227.3036651611328, 224.86959838867188], [208.1884307861328, 215.86460876464844, 227.96238708496094, 224.99221801757812], [204.4445343017578, 156.0355224609375, 234.14974975585938, 212.06918334960938], [169.59429931640625, 206.08311462402344, 183.6552734375, 215.97799682617188], [148.54774475097656, 198.9234619140625, 213.0913848876953, 224.91310119628906], [148.8270721435547, 199.89242553710938, 211.1753387451172, 225.24874877929688], [201.9907989501953, 157.16464233398438, 236.01698303222656, 225.1586456298828], [208.1884307861328, 215.86460876464844, 227.96238708496094, 224.99221801757812], [149.23269653320312, 203.4511260986328, 206.1391143798828, 225.08901977539062], [149.23269653320312, 203.4511260986328, 206.1391143798828, 225.08901977539062], [175.6494140625, 211.01536560058594, 188.99761962890625, 219.97300720214844], [149.23269653320312, 203.4511260986328, 206.1391143798828, 225.08901977539062], [170.00596618652344, 206.23361206054688, 183.91505432128906, 215.8931427001953], [216.4854278564453, 205.54275512695312, 265.1119079589844, 224.99021911621094], [251.40232849121094, 205.04368591308594, 265.71478271484375, 224.96253967285156], [148.54774475097656, 198.9234619140625, 213.0913848876953, 224.91310119628906], [147.4381866455078, 202.75694274902344, 264.5160827636719, 225.0614013671875], [174.21969604492188, 201.0433349609375, 231.0973358154297, 225.03805541992188], [206.41819763183594, 163.67706298828125, 263.2746887207031, 224.8485870361328], [202.4470672607422, 169.3692626953125, 214.95263671875, 217.00750732421875], [216.05189514160156, 218.5439910888672, 227.3036651611328, 224.86959838867188], [175.6494140625, 211.01536560058594, 188.99761962890625, 219.97300720214844], [149.23269653320312, 203.4511260986328, 206.1391143798828, 225.08901977539062], [208.1884307861328, 215.86460876464844, 227.96238708496094, 224.99221801757812], [217.14537048339844, 205.09222412109375, 265.216552734375, 225.0229034423828], [169.71255493164062, 206.25811767578125, 189.2581329345703, 219.46226501464844], [170.00596618652344, 206.23361206054688, 183.91505432128906, 215.8931427001953], [208.7001190185547, 169.717529296875, 220.94651794433594, 198.24290466308594], [175.6494140625, 211.01536560058594, 188.99761962890625, 219.97300720214844], [170.00596618652344, 206.23361206054688, 183.91505432128906, 215.8931427001953], [175.6494140625, 211.01536560058594, 188.99761962890625, 219.97300720214844], [175.6494140625, 211.01536560058594, 188.99761962890625, 219.97300720214844], [169.71255493164062, 206.25811767578125, 189.2581329345703, 219.46226501464844], [147.4381866455078, 202.75694274902344, 264.5160827636719, 225.0614013671875], [147.4381866455078, 202.75694274902344, 264.5160827636719, 225.0614013671875], [216.05189514160156, 218.5439910888672, 227.3036651611328, 224.86959838867188], [149.23269653320312, 203.4511260986328, 206.1391143798828, 225.08901977539062], [202.4470672607422, 169.3692626953125, 214.95263671875, 217.00750732421875], [149.49398803710938, 206.2617950439453, 188.6246337890625, 224.97958374023438], [149.23269653320312, 203.4511260986328, 206.1391143798828, 225.08901977539062], [169.6340789794922, 200.9414825439453, 188.14389038085938, 216.71730041503906], [257.4574890136719, 206.1154022216797, 265.70013427734375, 225.02442932128906], [208.1884307861328, 215.86460876464844, 227.96238708496094, 224.99221801757812], [169.59429931640625, 206.08311462402344, 183.6552734375, 215.97799682617188], [169.71255493164062, 206.25811767578125, 189.2581329345703, 219.46226501464844], [147.4381866455078, 202.75694274902344, 264.5160827636719, 225.0614013671875], [149.23269653320312, 203.4511260986328, 206.1391143798828, 225.08901977539062], [169.71255493164062, 206.25811767578125, 189.2581329345703, 219.46226501464844], [147.4381866455078, 202.75694274902344, 264.5160827636719, 225.0614013671875], [181.6783905029297, 204.696533203125, 190.56236267089844, 210.68006896972656], [149.66673278808594, 206.96376037597656, 175.674072265625, 225.0059051513672], [148.93653869628906, 199.87278747558594, 227.64349365234375, 224.98072814941406], [149.66673278808594, 206.96376037597656, 175.674072265625, 225.0059051513672], [202.3609619140625, 169.2760009765625, 213.6801300048828, 216.69432067871094], [209.65692138671875, 170.01333618164062, 219.29550170898438, 185.51524353027344], [120.70526885986328, 129.42674255371094, 273.46148681640625, 224.7098846435547], [217.14537048339844, 205.09222412109375, 265.216552734375, 225.0229034423828], [32.06675338745117, 102.40910339355469, 47.06353759765625, 114.9383316040039], [207.84718322753906, 216.88970947265625, 218.632568359375, 224.76333618164062], [169.71255493164062, 206.25811767578125, 189.2581329345703, 219.46226501464844], [169.63470458984375, 205.75865173339844, 190.80938720703125, 216.71507263183594], [19.164480209350586, 213.09327697753906, 38.35416793823242, 225.04261779785156], [149.23269653320312, 203.4511260986328, 206.1391143798828, 225.08901977539062], [120.49259948730469, 200.1318817138672, 209.16574096679688, 225.03347778320312], [201.96539306640625, 168.3197479248047, 226.91429138183594, 225.0727081298828], [202.3609619140625, 169.2760009765625, 213.6801300048828, 216.69432067871094], [149.74319458007812, 202.88600158691406, 202.5093231201172, 224.95033264160156], [172.251953125, 129.51657104492188, 299.7951354980469, 224.86390686035156], [149.23269653320312, 203.4511260986328, 206.1391143798828, 225.08901977539062], [149.23269653320312, 203.4511260986328, 206.1391143798828, 225.08901977539062], [169.71255493164062, 206.25811767578125, 189.2581329345703, 219.46226501464844], [202.4859619140625, 204.12753295898438, 212.50286865234375, 216.88470458984375], [207.2265625, 205.033447265625, 265.3349609375, 225.01263427734375], [170.00596618652344, 206.23361206054688, 183.91505432128906, 215.8931427001953], [148.93653869628906, 199.87278747558594, 227.64349365234375, 224.98072814941406], [169.63470458984375, 205.75865173339844, 190.80938720703125, 216.71507263183594], [208.83786010742188, 216.3763885498047, 256.89471435546875, 225.05667114257812], [149.23269653320312, 203.4511260986328, 206.1391143798828, 225.08901977539062], [202.69769287109375, 188.48822021484375, 212.9842529296875, 216.9152374267578], [169.71255493164062, 206.25811767578125, 189.2581329345703, 219.46226501464844], [148.1374053955078, 191.61158752441406, 265.3835144042969, 224.96148681640625], [206.30580139160156, 204.89463806152344, 265.6328430175781, 225.0322723388672], [79.77604675292969, 129.52572631835938, 264.1095886230469, 224.88531494140625], [148.93653869628906, 199.87278747558594, 227.64349365234375, 224.98072814941406], [192.281982421875, 129.75576782226562, 233.714599609375, 163.18096923828125], [147.4381866455078, 202.75694274902344, 264.5160827636719, 225.0614013671875], [208.1884307861328, 215.86460876464844, 227.96238708496094, 224.99221801757812], [169.59429931640625, 206.08311462402344, 183.6552734375, 215.97799682617188], [208.1884307861328, 215.86460876464844, 227.96238708496094, 224.99221801757812], [176.94793701171875, 167.99893188476562, 263.0491027832031, 224.9004669189453], [208.1884307861328, 215.86460876464844, 227.96238708496094, 224.99221801757812], [177.413818359375, 199.6946258544922, 207.08251953125, 225.10983276367188], [207.84718322753906, 216.88970947265625, 218.632568359375, 224.76333618164062], [169.59429931640625, 206.08311462402344, 183.6552734375, 215.97799682617188], [32.06675338745117, 102.40910339355469, 47.06353759765625, 114.9383316040039], [0.4251837730407715, 120.85135650634766, 298.4959716796875, 224.51229858398438], [149.23269653320312, 203.4511260986328, 206.1391143798828, 225.08901977539062], [21.23430061340332, 213.52899169921875, 38.149085998535156, 225.03305053710938], [147.4381866455078, 202.75694274902344, 264.5160827636719, 225.0614013671875], [170.00596618652344, 206.23361206054688, 183.91505432128906, 215.8931427001953], [234.63177490234375, 204.22352600097656, 265.1455993652344, 224.8907470703125], [169.6340789794922, 200.9414825439453, 188.14389038085938, 216.71730041503906], [195.9473419189453, 151.2134552001953, 236.74871826171875, 160.83584594726562], [216.4854278564453, 205.54275512695312, 265.1119079589844, 224.99021911621094], [175.00942993164062, 199.59829711914062, 211.27308654785156, 225.0576629638672], [202.6949462890625, 204.70631408691406, 208.62966918945312, 215.8979949951172], [149.49398803710938, 206.2617950439453, 188.6246337890625, 224.97958374023438], [208.1884307861328, 215.86460876464844, 227.96238708496094, 224.99221801757812], [207.2265625, 205.033447265625, 265.3349609375, 225.01263427734375], [212.83843994140625, 216.54690551757812, 220.4468994140625, 224.25067138671875], [149.23269653320312, 203.4511260986328, 206.1391143798828, 225.08901977539062], [219.20596313476562, 209.74136352539062, 264.35595703125, 224.9401397705078], [148.93653869628906, 199.87278747558594, 227.64349365234375, 224.98072814941406], [175.6494140625, 211.01536560058594, 188.99761962890625, 219.97300720214844], [216.05189514160156, 218.5439910888672, 227.3036651611328, 224.86959838867188], [170.00596618652344, 206.23361206054688, 183.91505432128906, 215.8931427001953], [216.05189514160156, 218.5439910888672, 227.3036651611328, 224.86959838867188], [170.00596618652344, 206.23361206054688, 183.91505432128906, 215.8931427001953], [205.27101135253906, 159.61740112304688, 235.90170288085938, 206.23602294921875], [181.38427734375, 206.4535369873047, 190.78900146484375, 212.03575134277344], [251.40232849121094, 205.04368591308594, 265.71478271484375, 224.96253967285156], [209.5404815673828, 216.3482666015625, 218.16009521484375, 224.15882873535156], [148.1374053955078, 191.61158752441406, 265.3835144042969, 224.96148681640625], [206.30580139160156, 204.89463806152344, 265.6328430175781, 225.0322723388672], [170.00596618652344, 206.23361206054688, 183.91505432128906, 215.8931427001953], [32.06675338745117, 102.40910339355469, 47.06353759765625, 114.9383316040039], [149.23269653320312, 203.4511260986328, 206.1391143798828, 225.08901977539062], [149.49398803710938, 206.2617950439453, 188.6246337890625, 224.97958374023438], [169.63470458984375, 205.75865173339844, 190.80938720703125, 216.71507263183594], [170.00596618652344, 206.23361206054688, 183.91505432128906, 215.8931427001953], [204.3392333984375, 169.3619384765625, 214.4329833984375, 209.61868286132812], [21.23430061340332, 213.52899169921875, 38.149085998535156, 225.03305053710938], [148.93653869628906, 199.87278747558594, 227.64349365234375, 224.98072814941406], [257.4574890136719, 206.1154022216797, 265.70013427734375, 225.02442932128906], [208.1884307861328, 215.86460876464844, 227.96238708496094, 224.99221801757812], [149.23269653320312, 203.4511260986328, 206.1391143798828, 225.08901977539062], [149.09881591796875, 206.90753173828125, 179.57936096191406, 224.89767456054688]), Score: [0.6901733875274658, 0.2537040710449219, 0.1905745565891266, 0.14004702866077423, 0.12129810452461243, 0.10897266119718552, 0.1058613657951355, 0.10530180484056473, 0.10480738431215286, 0.10297704488039017, 0.10082182288169861, 0.09697800874710083, 0.0948064848780632, 0.09185677021741867, 0.09015616029500961, 0.08939392119646072, 0.08802790939807892, 0.08792237192392349, 0.0836348757147789, 0.08170195668935776, 0.0805925577878952, 0.0793992355465889, 0.07832805067300797, 0.07659932225942612, 0.07586820423603058, 0.07485765218734741, 0.07431026548147202, 0.07337271422147751, 0.07187454402446747, 0.07074707746505737, 0.07013268768787384, 0.06924265623092651, 0.06874871999025345, 0.06836123019456863, 0.06657040119171143, 0.06652472913265228, 0.06503415107727051, 0.06471637636423111, 0.06451057642698288, 0.06427183002233505, 0.06396349519491196, 0.06311853975057602, 0.06311019510030746, 0.062003571540117264, 0.061977677047252655, 0.06116630136966705, 0.060408275574445724, 0.0598151795566082, 0.05909314006567001, 0.05866696313023567, 0.0582088977098465, 0.05817871168255806, 0.057866305112838745, 0.05770730972290039, 0.057686999440193176, 0.05684659257531166, 0.05644424259662628, 0.05621172487735748, 0.05586788058280945, 0.05514473840594292, 0.05409596115350723, 0.05212821438908577, 0.05170836299657822, 0.05126563459634781, 0.05100766941905022, 0.05082659795880318, 0.05058586969971657, 0.05024872347712517, 0.05007089674472809, 0.05004918575286865, 0.04982798919081688, 0.04931747913360596, 0.04915839433670044, 0.049136627465486526, 0.04877501353621483, 0.04874236881732941, 0.04851054772734642, 0.048410482704639435, 0.04793529212474823, 0.04790835827589035, 0.047698237001895905, 0.047309231013059616, 0.046952638775110245, 0.04679898917675018, 0.04669850319623947, 0.04665375128388405, 0.046099741011857986, 0.04562465101480484, 0.045481208711862564, 0.04498592019081116, 0.04488425329327583, 0.04457636922597885, 0.04455726593732834, 0.04449628293514252, 0.044401682913303375, 0.044106803834438324, 0.04374372214078903, 0.04352419078350067, 0.04348120465874672, 0.04336662217974663, 0.043266575783491135, 0.04320283606648445, 0.04267536848783493, 0.04247300699353218, 0.04214070364832878, 0.041784487664699554, 0.041672587394714355, 0.041599489748477936, 0.04148413985967636, 0.040805213153362274, 0.04065876454114914, 0.04053116217255592, 0.04041140899062157, 0.03984135016798973, 0.03964174538850784, 0.03962695226073265, 0.0396011546254158, 0.039326123893260956, 0.038968805223703384, 0.038800790905952454, 0.03872740641236305, 0.03870182856917381, 0.03826886788010597, 0.037887994199991226, 0.03773881122469902, 0.0376855731010437, 0.03747691214084625, 0.037327587604522705, 0.03725411742925644, 0.03716050833463669, 0.0370115302503109, 0.03700272738933563, 0.03670801594853401, 0.036618251353502274, 0.03638479858636856, 0.036366697400808334, 0.03629868105053902, 0.03628642112016678, 0.036269135773181915, 0.03623869642615318, 0.0357079952955246, 0.03564324602484703, 0.035524964332580566, 0.0354006327688694, 0.0352775938808918, 0.035219885408878326, 0.03520137071609497, 0.03518088907003403, 0.03501873090863228, 0.03494848310947418, 0.03485843539237976, 0.03482312709093094, 0.034698765724897385, 0.03460236266255379, 0.034473832696676254, 0.0344591960310936, 0.03437952324748039, 0.034282755106687546, 0.03425418213009834, 0.03423231840133667, 0.034059103578329086, 0.03390224277973175, 0.03382953628897667, 0.03382299095392227, 0.03374320641160011, 0.03359777107834816, 0.03358687460422516, 0.03341331705451012, 0.033366065472364426, 0.03318693861365318, 0.03248072415590286, 0.0321553535759449, 0.032108373939991, 0.0319465771317482, 0.031941115856170654, 0.03190775588154793, 0.031706370413303375, 0.03161267936229706, 0.03161216899752617, 0.03159554675221443, 0.031558550894260406, 0.031463854014873505, 0.031195370480418205, 0.031135529279708862, 0.031127015128731728, 0.03097996860742569, 0.030684513971209526, 0.030641039833426476, 0.030531562864780426, 0.03044377826154232, 0.030424606055021286, 0.030412668362259865, 0.030246909707784653, 0.030208999291062355, 0.030199067667126656, 0.0301931481808424, 0.030068768188357353, 0.030024630948901176, 0.029998963698744774, 0.029985660687088966, 0.02987048774957657, 0.02983819879591465, 0.029743438586592674, 0.029708877205848694, 0.029564300552010536, 0.029559718444943428, 0.029513206332921982, 0.029479365795850754, 0.02947879396378994, 0.029439810663461685, 0.02940317429602146, 0.029358653351664543, 0.029242411255836487, 0.029218461364507675, 0.02916758321225643, 0.02912888117134571, 0.029100921005010605, 0.029085654765367508, 0.029075447469949722, 0.02898826077580452, 0.028967013582587242, 0.028858302161097527, 0.028854360803961754, 0.028844745829701424, 0.02870299480855465, 0.028688810765743256, 0.028686489909887314, 0.028551504015922546, 0.02839711681008339, 0.02831154316663742, 0.028272844851017, 0.028135379776358604, 0.028126241639256477, 0.02809532918035984, 0.028074080124497414, 0.028063269332051277, 0.028015194460749626, 0.027961624786257744, 0.027832355350255966, 0.0277993343770504, 0.027771344408392906, 0.02771162800490856, 0.02763090655207634, 0.02756863459944725, 0.027529174461960793, 0.027473989874124527, 0.027388712391257286, 0.027360590174794197, 0.027352159842848778, 0.02734052948653698, 0.02722931280732155, 0.027149613946676254, 0.027139678597450256, 0.027050595730543137, 0.027007736265659332, 0.027004214003682137, 0.026957213878631592, 0.026942089200019836, 0.02685721404850483, 0.026845714077353477, 0.026834554970264435, 0.02681482397019863, 0.026731714606285095, 0.026680180802941322, 0.02667849138379097, 0.026651713997125626, 0.026483669877052307, 0.0264732763171196, 0.026437727734446526, 0.026311436668038368, 0.02627611719071865, 0.02626279927790165, 0.02622838504612446, 0.02618250995874405, 0.026120733469724655, 0.02604459412395954, 0.025990677997469902, 0.02596980892121792, 0.02591138891875744, 0.025827588513493538, 0.02578243799507618, 0.025745835155248642, 0.02572929486632347, 0.025726180523633957, 0.025615599006414413, 0.025564085692167282, 0.025484733283519745, 0.02546531893312931, 0.025427810847759247, 0.025416184216737747, 0.02541295439004898, 0.025291236117482185, 0.02515496499836445, 0.025154128670692444, 0.02510174550116062, 0.025101466104388237, 0.025081316009163857, 0.025064246729016304, 0.025048859417438507, 0.02497793175280094]

Execution time: 0.4027 sec
