Label: tensor([17,  0, 17, 17,  0, 17, 19,  0, 17,  7,  0, 17,  0, 19,  0,  0, 17, 72,
         0, 17, 17, 19, 56, 17, 24, 18,  7, 72, 18, 17, 18, 56,  7, 26, 62, 16,
        24, 62, 17, 16,  0, 18, 14, 74, 72, 26, 18, 24,  9, 24, 72,  7, 32,  0,
        24, 17,  4,  7, 22, 20, 13, 13, 45,  0,  8, 72, 16,  2, 16,  0, 18, 18,
         2,  0, 14, 17, 17,  1, 73, 57, 26,  1, 67, 14, 17, 17, 16, 24,  0,  0,
         7, 17, 17, 14,  0, 17, 18, 51, 13, 18,  6,  0, 24,  0,  0, 17,  0, 69,
        56, 13, 17, 73, 17,  0, 23, 20, 26, 24,  0, 56, 56,  0,  0, 14, 24, 29,
        24,  0,  5, 17,  0,  0, 57, 18, 17, 14, 23, 19, 17,  0,  7, 14,  7, 14,
         0, 22, 26,  7,  0, 24,  1, 37, 14,  3,  0,  6, 56, 24,  0, 16, 61, 13,
        58,  8, 13, 14,  6,  0,  9, 74, 72,  2, 72, 67,  0,  0, 17, 62,  0, 43,
        67,  7,  2, 67, 12,  2,  0, 73, 20, 26, 19,  8,  7,  1,  7, 22, 72,  0,
        17, 13, 73, 29, 17, 74, 17, 12,  0, 17,  8,  5, 18, 61,  4, 27, 17,  0,
        62,  2, 73,  0, 17, 72, 17,  4, 18,  0, 26, 26, 72, 17, 26, 13,  7, 13,
        28, 27, 67, 15, 26,  3, 39, 17, 24, 22, 24, 72, 26, 26, 72, 62, 16,  0,
         8,  2, 32, 14, 26, 24, 17, 14, 33, 17,  3,  0, 37, 17, 20, 63, 24, 19,
        17, 17,  7, 26,  4, 27,  7,  0, 18, 32, 67,  0, 14, 17, 14, 45,  5, 17,
        45,  2, 26, 13,  0, 19,  5, 21, 28, 21, 16, 71]), Box: ([190.36419677734375, 131.1673583984375, 370.18133544921875, 273.9956970214844], [261.1811218261719, 96.76829528808594, 302.1662902832031, 205.48577880859375], [192.48001098632812, 149.46450805664062, 213.13314819335938, 179.1770782470703], [193.14833068847656, 158.00624084472656, 213.0676727294922, 179.27113342285156], [192.69776916503906, 149.5187530517578, 200.14610290527344, 176.89093017578125], [192.386474609375, 149.6824493408203, 212.9912109375, 179.16514587402344], [192.386474609375, 149.6824493408203, 212.9912109375, 179.16514587402344], [192.48001098632812, 149.46450805664062, 213.13314819335938, 179.1770782470703], [200.52468872070312, 158.22402954101562, 213.0703887939453, 174.37991333007812], [216.40672302246094, 146.9319305419922, 234.05136108398438, 157.4443359375], [0.011081807315349579, 0.6674403548240662, 24.733949661254883, 59.43233108520508], [201.90757751464844, 158.6007080078125, 213.3578643798828, 177.88577270507812], [255.73220825195312, 128.01031494140625, 264.7836608886719, 155.91827392578125], [192.48001098632812, 149.46450805664062, 213.13314819335938, 179.1770782470703], [193.1001739501953, 149.50277709960938, 205.39007568359375, 168.10836791992188], [193.52340698242188, 149.4825897216797, 199.8576202392578, 160.6686248779297], [208.98382568359375, 156.64053344726562, 225.06884765625, 175.3879852294922], [-0.03899820148944855, 154.5347137451172, 58.47038269042969, 331.43707275390625], [192.386474609375, 149.6824493408203, 212.9912109375, 179.16514587402344], [257.77825927734375, 151.2310333251953, 267.9088439941406, 163.51388549804688], [207.64207458496094, 156.5557098388672, 225.243896484375, 177.88645935058594], [193.14833068847656, 158.00624084472656, 213.0676727294922, 179.27113342285156], [193.14833068847656, 158.00624084472656, 213.0676727294922, 179.27113342285156], [211.94500732421875, 156.86654663085938, 224.9987030029297, 171.32518005371094], [261.0819091796875, 115.15618133544922, 271.2490234375, 132.21163940429688], [152.2696075439453, 224.23741149902344, 171.0033416748047, 246.77716064453125], [112.78661346435547, 147.95445251464844, 132.50958251953125, 158.68467712402344], [60.01580047607422, 156.6256103515625, 79.1518325805664, 252.03482055664062], [193.14833068847656, 158.00624084472656, 213.0676727294922, 179.27113342285156], [192.69776916503906, 149.5187530517578, 200.14610290527344, 176.89093017578125], [192.386474609375, 149.6824493408203, 212.9912109375, 179.16514587402344], [192.48001098632812, 149.46450805664062, 213.13314819335938, 179.1770782470703], [60.01580047607422, 156.6256103515625, 79.1518325805664, 252.03482055664062], [259.2675476074219, 166.7807159423828, 274.3733215332031, 185.1179656982422], [112.78661346435547, 147.95445251464844, 132.50958251953125, 158.68467712402344], [192.48001098632812, 149.46450805664062, 213.13314819335938, 179.1770782470703], [261.57568359375, 114.61174774169922, 274.7087097167969, 131.33407592773438], [216.40672302246094, 146.9319305419922, 234.05136108398438, 157.4443359375], [216.24517822265625, 156.79762268066406, 225.1095733642578, 164.09829711914062], [192.386474609375, 149.6824493408203, 212.9912109375, 179.16514587402344], [196.8126220703125, 156.42840576171875, 212.05029296875, 168.9498291015625], [151.83346557617188, 223.98080444335938, 175.8943328857422, 246.86044311523438], [377.91375732421875, 93.88186645507812, 392.95599365234375, 100.14801025390625], [190.49574279785156, 79.1561050415039, 207.106689453125, 86.63300323486328], [216.40672302246094, 146.9319305419922, 234.05136108398438, 157.4443359375], [277.8247375488281, 154.1128692626953, 291.9425048828125, 178.47198486328125], [192.48001098632812, 149.46450805664062, 213.13314819335938, 179.1770782470703], [255.73220825195312, 128.01031494140625, 264.7836608886719, 155.91827392578125], [255.73220825195312, 128.01031494140625, 264.7836608886719, 155.91827392578125], [261.1627502441406, 114.92070007324219, 271.79193115234375, 130.57601928710938], [0.04398822784423828, 0.8300677537918091, 61.388099670410156, 332.14276123046875], [-0.03899820148944855, 154.5347137451172, 58.47038269042969, 331.43707275390625], [190.49574279785156, 79.1561050415039, 207.106689453125, 86.63300323486328], [194.21827697753906, 149.7985076904297, 198.6131134033203, 158.4731903076172], [261.3514404296875, 111.38618469238281, 280.98675537109375, 133.81121826171875], [-0.03899820148944855, 154.5347137451172, 58.47038269042969, 331.43707275390625], [377.91375732421875, 93.88186645507812, 392.95599365234375, 100.14801025390625], [215.682373046875, 146.8952178955078, 234.37657165527344, 164.17579650878906], [192.48001098632812, 149.46450805664062, 213.13314819335938, 179.1770782470703], [192.48001098632812, 149.46450805664062, 213.13314819335938, 179.1770782470703], [216.40672302246094, 146.9319305419922, 234.05136108398438, 157.4443359375], [193.14833068847656, 158.00624084472656, 213.0676727294922, 179.27113342285156], [190.49574279785156, 79.1561050415039, 207.106689453125, 86.63300323486328], [0.04398822784423828, 0.8300677537918091, 61.388099670410156, 332.14276123046875], [192.48001098632812, 149.46450805664062, 213.13314819335938, 179.1770782470703], [44.036293029785156, 92.45716857910156, 67.99726104736328, 254.10293579101562], [193.14833068847656, 158.00624084472656, 213.0676727294922, 179.27113342285156], [193.14833068847656, 158.00624084472656, 213.0676727294922, 179.27113342285156], [151.83346557617188, 223.98080444335938, 175.8943328857422, 246.86044311523438], [257.77825927734375, 151.2310333251953, 267.9088439941406, 163.51388549804688], [152.52467346191406, 224.7273712158203, 162.79527282714844, 243.7250518798828], [53.641273498535156, 213.10000610351562, 357.0325927734375, 332.3978271484375], [192.48001098632812, 149.46450805664062, 213.13314819335938, 179.1770782470703], [252.70008850097656, 116.81358337402344, 266.6175842285156, 156.1103515625], [190.49574279785156, 79.1561050415039, 207.106689453125, 86.63300323486328], [364.9741516113281, 173.3743896484375, 384.5757751464844, 189.42098999023438], [203.2467498779297, 156.4710693359375, 225.08912658691406, 169.57826232910156], [192.386474609375, 149.6824493408203, 212.9912109375, 179.16514587402344], [216.40672302246094, 146.9319305419922, 234.05136108398438, 157.4443359375], [-0.03899820148944855, 154.5347137451172, 58.47038269042969, 331.43707275390625], [257.77825927734375, 151.2310333251953, 267.9088439941406, 163.51388549804688], [193.14833068847656, 158.00624084472656, 213.0676727294922, 179.27113342285156], [276.5008239746094, 105.19015502929688, 284.90252685546875, 114.11675262451172], [192.386474609375, 149.6824493408203, 212.9912109375, 179.16514587402344], [340.2219543457031, 144.8411407470703, 369.843017578125, 187.3798065185547], [229.16024780273438, 183.49205017089844, 241.0213623046875, 194.65908813476562], [152.2696075439453, 224.23741149902344, 171.0033416748047, 246.77716064453125], [256.03375244140625, 117.0312728881836, 267.32733154296875, 155.45997619628906], [256.03375244140625, 117.0312728881836, 267.32733154296875, 155.45997619628906], [226.8987579345703, 176.21588134765625, 240.6004638671875, 194.1997528076172], [0.04398822784423828, 0.8300677537918091, 61.388099670410156, 332.14276123046875], [255.73220825195312, 128.01031494140625, 264.7836608886719, 155.91827392578125], [226.8987579345703, 176.21588134765625, 240.6004638671875, 194.1997528076172], [152.2696075439453, 224.23741149902344, 171.0033416748047, 246.77716064453125], [256.08990478515625, 128.77523803710938, 274.0489501953125, 171.79458618164062], [256.08990478515625, 128.77523803710938, 274.0489501953125, 171.79458618164062], [53.32424545288086, 212.90284729003906, 260.17071533203125, 331.8909912109375], [190.36419677734375, 131.1673583984375, 370.18133544921875, 273.9956970214844], [192.48001098632812, 149.46450805664062, 213.13314819335938, 179.1770782470703], [-0.03899820148944855, 154.5347137451172, 58.47038269042969, 331.43707275390625], [60.01580047607422, 156.6256103515625, 79.1518325805664, 252.03482055664062], [0.2444349229335785, 0.20122253894805908, 82.0492935180664, 331.48748779296875], [259.9542236328125, 115.03048706054688, 277.12738037109375, 147.2781982421875], [233.05369567871094, 127.19911193847656, 264.1769104003906, 156.1419677734375], [257.810302734375, 128.37554931640625, 264.6712646484375, 139.97732543945312], [346.821533203125, 173.11575317382812, 384.34893798828125, 189.90748596191406], [364.9741516113281, 173.3743896484375, 384.5757751464844, 189.42098999023438], [60.01580047607422, 156.6256103515625, 79.1518325805664, 252.03482055664062], [216.40672302246094, 146.9319305419922, 234.05136108398438, 157.4443359375], [112.78661346435547, 147.95445251464844, 132.50958251953125, 158.68467712402344], [258.1508483886719, 154.4893341064453, 267.2345275878906, 163.28384399414062], [112.78661346435547, 147.95445251464844, 132.50958251953125, 158.68467712402344], [191.0343780517578, 152.3848419189453, 262.9263610839844, 238.7253875732422], [152.2696075439453, 224.23741149902344, 171.0033416748047, 246.77716064453125], [192.48001098632812, 149.46450805664062, 213.13314819335938, 179.1770782470703], [193.14833068847656, 158.00624084472656, 213.0676727294922, 179.27113342285156], [255.73220825195312, 128.01031494140625, 264.7836608886719, 155.91827392578125], [260.3720397949219, 114.56614685058594, 276.18145751953125, 140.99395751953125], [200.52468872070312, 158.22402954101562, 213.0703887939453, 174.37991333007812], [192.386474609375, 149.6824493408203, 212.9912109375, 179.16514587402344], [-0.03899820148944855, 154.5347137451172, 58.47038269042969, 331.43707275390625], [-0.03899820148944855, 154.5347137451172, 58.47038269042969, 331.43707275390625], [41.446807861328125, 31.83200454711914, 49.59457778930664, 92.7254638671875], [151.83346557617188, 223.98080444335938, 175.8943328857422, 246.86044311523438], [277.8247375488281, 154.1128692626953, 291.9425048828125, 178.47198486328125], [152.07284545898438, 106.9610366821289, 163.726806640625, 111.47154998779297], [262.4891662597656, 112.28536987304688, 289.4673767089844, 147.3370819091797], [193.93902587890625, 149.68258666992188, 202.53756713867188, 175.28411865234375], [216.40672302246094, 146.9319305419922, 234.05136108398438, 157.4443359375], [196.8126220703125, 156.42840576171875, 212.05029296875, 168.9498291015625], [254.05433654785156, 128.17051696777344, 271.8509826660156, 164.346923828125], [252.93630981445312, 117.39165496826172, 265.44000244140625, 157.2928466796875], [193.14833068847656, 158.00624084472656, 213.0676727294922, 179.27113342285156], [53.67778396606445, 205.45877075195312, 367.0706787109375, 331.8114318847656], [310.2179260253906, 132.09385681152344, 369.9742431640625, 187.72044372558594], [377.4755859375, 91.49097442626953, 394.42608642578125, 100.24901580810547], [192.386474609375, 149.6824493408203, 212.9912109375, 179.16514587402344], [192.69776916503906, 149.5187530517578, 200.14610290527344, 176.89093017578125], [193.3632049560547, 167.23388671875, 209.1883544921875, 179.9702606201172], [0.3807600736618042, 0.8210368156433105, 50.67209243774414, 156.97930908203125], [192.48001098632812, 149.46450805664062, 213.13314819335938, 179.1770782470703], [377.5646057128906, 90.72003173828125, 394.045166015625, 100.1761474609375], [0.2444349229335785, 0.20122253894805908, 82.0492935180664, 331.48748779296875], [378.1373596191406, 94.78620910644531, 385.6310729980469, 99.60649871826172], [260.9836120605469, 114.10521697998047, 289.74505615234375, 163.32293701171875], [192.386474609375, 149.6824493408203, 212.9912109375, 179.16514587402344], [289.0262451171875, 146.05401611328125, 302.8031311035156, 154.43695068359375], [42.2601318359375, 35.017574310302734, 79.7137451171875, 252.66250610351562], [201.90757751464844, 158.6007080078125, 213.3578643798828, 177.88577270507812], [257.810302734375, 128.37554931640625, 264.6712646484375, 139.97732543945312], [192.48001098632812, 149.46450805664062, 213.13314819335938, 179.1770782470703], [193.14833068847656, 158.00624084472656, 213.0676727294922, 179.27113342285156], [84.30509185791016, 230.39019775390625, 91.99227142333984, 239.90391540527344], [190.36419677734375, 131.1673583984375, 370.18133544921875, 273.9956970214844], [222.43101501464844, 153.453369140625, 240.54025268554688, 193.97634887695312], [192.48001098632812, 149.46450805664062, 213.13314819335938, 179.1770782470703], [60.01580047607422, 156.6256103515625, 79.1518325805664, 252.03482055664062], [252.70008850097656, 116.81358337402344, 266.6175842285156, 156.1103515625], [151.83346557617188, 223.98080444335938, 175.8943328857422, 246.86044311523438], [192.69776916503906, 149.5187530517578, 200.14610290527344, 176.89093017578125], [216.40672302246094, 146.9319305419922, 234.05136108398438, 157.4443359375], [60.01580047607422, 156.6256103515625, 79.1518325805664, 252.03482055664062], [190.49574279785156, 79.1561050415039, 207.106689453125, 86.63300323486328], [377.91375732421875, 93.88186645507812, 392.95599365234375, 100.14801025390625], [78.95396423339844, 128.39849853515625, 113.17804718017578, 175.86619567871094], [192.48001098632812, 149.46450805664062, 213.13314819335938, 179.1770782470703], [190.36419677734375, 131.1673583984375, 370.18133544921875, 273.9956970214844], [261.02545166015625, 114.71463775634766, 301.6783752441406, 154.5247344970703], [257.810302734375, 128.37554931640625, 264.6712646484375, 139.97732543945312], [288.2171325683594, 147.49380493164062, 295.8796691894531, 153.08432006835938], [215.682373046875, 146.8952178955078, 234.37657165527344, 164.17579650878906], [60.01580047607422, 156.6256103515625, 79.1518325805664, 252.03482055664062], [0.048648566007614136, 1.095261573791504, 60.79420852661133, 331.7342224121094], [272.00738525390625, 103.54376220703125, 282.5406494140625, 113.27754974365234], [42.13121032714844, 70.2063217163086, 48.64663314819336, 93.75654602050781], [0.11291354894638062, 1.2685773372650146, 27.914417266845703, 154.99755859375], [254.05433654785156, 128.17051696777344, 271.8509826660156, 164.346923828125], [60.01580047607422, 156.6256103515625, 79.1518325805664, 252.03482055664062], [46.35434341430664, 120.35488891601562, 57.585853576660156, 159.10638427734375], [190.36419677734375, 131.1673583984375, 370.18133544921875, 273.9956970214844], [269.13153076171875, 102.2135009765625, 279.888916015625, 111.21613311767578], [2.4732203483581543, 154.85009765625, 76.797119140625, 254.2701873779297], [-0.03899820148944855, 154.5347137451172, 58.47038269042969, 331.43707275390625], [288.2171325683594, 147.49380493164062, 295.8796691894531, 153.08432006835938], [255.73220825195312, 128.01031494140625, 264.7836608886719, 155.91827392578125], [233.05369567871094, 127.19911193847656, 264.1769104003906, 156.1419677734375], [340.2219543457031, 144.8411407470703, 369.843017578125, 187.3798065185547], [287.51080322265625, 126.56940460205078, 305.2469482421875, 136.54827880859375], [192.386474609375, 149.6824493408203, 212.9912109375, 179.16514587402344], [256.03375244140625, 117.0312728881836, 267.32733154296875, 155.45997619628906], [190.36419677734375, 131.1673583984375, 370.18133544921875, 273.9956970214844], [190.49574279785156, 79.1561050415039, 207.106689453125, 86.63300323486328], [192.386474609375, 149.6824493408203, 212.9912109375, 179.16514587402344], [192.69776916503906, 149.5187530517578, 200.14610290527344, 176.89093017578125], [1.1511743068695068, 0.08488145470619202, 499.7207336425781, 331.02386474609375], [193.14833068847656, 158.00624084472656, 213.0676727294922, 179.27113342285156], [0.2444349229335785, 0.20122253894805908, 82.0492935180664, 331.48748779296875], [257.80670166015625, 138.95632934570312, 263.4917907714844, 155.85287475585938], [207.36502075195312, 165.71514892578125, 212.54940795898438, 177.7567901611328], [-0.03899820148944855, 154.5347137451172, 58.47038269042969, 331.43707275390625], [190.49574279785156, 79.1561050415039, 207.106689453125, 86.63300323486328], [190.49574279785156, 79.1561050415039, 207.106689453125, 86.63300323486328], [193.92269897460938, 167.33323669433594, 207.74591064453125, 178.93527221679688], [290.5244445800781, 144.7157745361328, 301.6131896972656, 152.22509765625], [190.98895263671875, 153.96006774902344, 287.12091064453125, 251.44235229492188], [60.01580047607422, 156.6256103515625, 79.1518325805664, 252.03482055664062], [193.14833068847656, 158.00624084472656, 213.0676727294922, 179.27113342285156], [193.52340698242188, 149.4825897216797, 199.8576202392578, 160.6686248779297], [193.14833068847656, 158.00624084472656, 213.0676727294922, 179.27113342285156], [190.36419677734375, 131.1673583984375, 370.18133544921875, 273.9956970214844], [54.710880279541016, 199.09437561035156, 499.6425476074219, 332.44512939453125], [-0.03899820148944855, 154.5347137451172, 58.47038269042969, 331.43707275390625], [377.5646057128906, 90.72003173828125, 394.045166015625, 100.1761474609375], [261.57568359375, 114.61174774169922, 274.7087097167969, 131.33407592773438], [233.05369567871094, 127.19911193847656, 264.1769104003906, 156.1419677734375], [254.4798583984375, 128.26095581054688, 264.3326110839844, 156.10769653320312], [287.51080322265625, 126.56940460205078, 305.2469482421875, 136.54827880859375], [255.73220825195312, 128.01031494140625, 264.7836608886719, 155.91827392578125], [293.4667053222656, 126.76701354980469, 304.9698791503906, 135.9908905029297], [46.3972053527832, 120.78807830810547, 57.27149963378906, 158.1929931640625], [256.1876220703125, 151.48995971679688, 273.6601867675781, 184.96185302734375], [2.4732203483581543, 154.85009765625, 76.797119140625, 254.2701873779297], [211.99911499023438, 157.1247100830078, 237.64938354492188, 190.58180236816406], [377.4755859375, 91.49097442626953, 394.42608642578125, 100.24901580810547], [68.32286071777344, 230.1074981689453, 97.41799926757812, 253.94317626953125], [256.1876220703125, 151.48995971679688, 273.6601867675781, 184.96185302734375], [277.87554931640625, 152.51539611816406, 292.038330078125, 160.78932189941406], [258.1508483886719, 154.4893341064453, 267.2345275878906, 163.28384399414062], [57.2549934387207, 69.00313568115234, 80.64993286132812, 252.57354736328125], [255.17442321777344, 156.6492462158203, 275.923583984375, 185.84762573242188], [278.9376220703125, 154.67742919921875, 289.1510314941406, 164.49342346191406], [79.74866485595703, 128.57505798339844, 112.68059539794922, 158.13966369628906], [57.2549934387207, 69.00313568115234, 80.64993286132812, 252.57354736328125], [2.4732203483581543, 154.85009765625, 76.797119140625, 254.2701873779297], [216.40672302246094, 146.9319305419922, 234.05136108398438, 157.4443359375], [285.7722473144531, 128.24684143066406, 295.6412048339844, 136.30142211914062], [269.2541198730469, 103.12359619140625, 283.12591552734375, 115.21057891845703], [192.48001098632812, 149.46450805664062, 213.13314819335938, 179.1770782470703], [284.5111999511719, 146.16262817382812, 304.2806396484375, 156.53048706054688], [192.48001098632812, 149.46450805664062, 213.13314819335938, 179.1770782470703], [289.0262451171875, 146.05401611328125, 302.8031311035156, 154.43695068359375], [259.2675476074219, 166.7807159423828, 274.3733215332031, 185.1179656982422], [256.6346740722656, 116.99166107177734, 265.9852294921875, 139.81356811523438], [190.36419677734375, 131.1673583984375, 370.18133544921875, 273.9956970214844], [251.01611328125, 127.604736328125, 264.92657470703125, 142.0138397216797], [190.36419677734375, 131.1673583984375, 370.18133544921875, 273.9956970214844], [255.17442321777344, 156.6492462158203, 275.923583984375, 185.84762573242188], [259.9542236328125, 115.03048706054688, 277.12738037109375, 147.2781982421875], [42.2601318359375, 35.017574310302734, 79.7137451171875, 252.66250610351562], [-0.03899820148944855, 154.5347137451172, 58.47038269042969, 331.43707275390625], [68.32286071777344, 230.1074981689453, 97.41799926757812, 253.94317626953125], [0.048648566007614136, 1.095261573791504, 60.79420852661133, 331.7342224121094], [190.36419677734375, 131.1673583984375, 370.18133544921875, 273.9956970214844], [377.91375732421875, 93.88186645507812, 392.95599365234375, 100.14801025390625], [152.2696075439453, 224.23741149902344, 171.0033416748047, 246.77716064453125], [193.14833068847656, 158.00624084472656, 213.0676727294922, 179.27113342285156], [261.0819091796875, 115.15618133544922, 271.2490234375, 132.21163940429688], [259.2675476074219, 166.7807159423828, 274.3733215332031, 185.1179656982422], [0.04398822784423828, 0.8300677537918091, 61.388099670410156, 332.14276123046875], [152.52467346191406, 224.7273712158203, 162.79527282714844, 243.7250518798828], [190.36419677734375, 131.1673583984375, 370.18133544921875, 273.9956970214844], [333.25140380859375, 131.6529083251953, 370.2359924316406, 187.4772186279297], [193.14833068847656, 158.00624084472656, 213.0676727294922, 179.27113342285156], [261.0819091796875, 115.15618133544922, 271.2490234375, 132.21163940429688], [192.69776916503906, 149.5187530517578, 200.14610290527344, 176.89093017578125], [222.43101501464844, 153.453369140625, 240.54025268554688, 193.97634887695312], [190.36419677734375, 131.1673583984375, 370.18133544921875, 273.9956970214844], [287.51080322265625, 126.56940460205078, 305.2469482421875, 136.54827880859375], [193.52340698242188, 149.4825897216797, 199.8576202392578, 160.6686248779297], [200.52468872070312, 158.22402954101562, 213.0703887939453, 174.37991333007812], [293.7668151855469, 131.8098907470703, 370.21478271484375, 191.18223571777344], [190.86241149902344, 150.4711151123047, 224.1802215576172, 224.42335510253906], [0.048648566007614136, 1.095261573791504, 60.79420852661133, 331.7342224121094], [257.810302734375, 128.37554931640625, 264.6712646484375, 139.97732543945312], [190.49574279785156, 79.1561050415039, 207.106689453125, 86.63300323486328], [261.0819091796875, 115.15618133544922, 271.2490234375, 132.21163940429688], [78.95396423339844, 128.39849853515625, 113.17804718017578, 175.86619567871094], [44.036293029785156, 92.45716857910156, 67.99726104736328, 254.10293579101562], [51.84767532348633, 213.88043212890625, 233.43614196777344, 331.8398742675781], [152.52467346191406, 224.7273712158203, 162.79527282714844, 243.7250518798828], [290.5244445800781, 144.7157745361328, 301.6131896972656, 152.22509765625], [201.13087463378906, 158.9021759033203, 211.074462890625, 169.28793334960938], [68.32286071777344, 230.1074981689453, 97.41799926757812, 253.94317626953125], [193.10723876953125, 159.40708923339844, 198.32321166992188, 170.62277221679688], [104.1624984741211, 10.891724586486816, 125.1333236694336, 20.128021240234375], [216.40672302246094, 146.9319305419922, 234.05136108398438, 157.4443359375], [112.78661346435547, 147.95445251464844, 132.50958251953125, 158.68467712402344], [191.55104064941406, 195.5244903564453, 244.53981018066406, 240.7333526611328], [193.14833068847656, 158.00624084472656, 213.0676727294922, 179.27113342285156], [216.40672302246094, 146.9319305419922, 234.05136108398438, 157.4443359375], [261.57568359375, 114.61174774169922, 274.7087097167969, 131.33407592773438], [192.386474609375, 149.6824493408203, 212.9912109375, 179.16514587402344], [333.25140380859375, 131.6529083251953, 370.2359924316406, 187.4772186279297], [-0.03899820148944855, 154.5347137451172, 58.47038269042969, 331.43707275390625], [60.01580047607422, 156.6256103515625, 79.1518325805664, 252.03482055664062], [192.48001098632812, 149.46450805664062, 213.13314819335938, 179.1770782470703], [193.14833068847656, 158.00624084472656, 213.0676727294922, 179.27113342285156], [192.386474609375, 149.6824493408203, 212.9912109375, 179.16514587402344], [190.49574279785156, 79.1561050415039, 207.106689453125, 86.63300323486328], [-0.03899820148944855, 154.5347137451172, 58.47038269042969, 331.43707275390625]), Score: [0.9589435458183289, 0.9007156491279602, 0.8104488849639893, 0.20551146566867828, 0.19850943982601166, 0.11951305717229843, 0.11098528653383255, 0.07809338718652725, 0.07281851768493652, 0.06425906717777252, 0.062037523835897446, 0.0590440072119236, 0.05864150449633598, 0.05762310326099396, 0.05237030237913132, 0.05185506492853165, 0.05042628198862076, 0.05020485445857048, 0.048703983426094055, 0.04455247521400452, 0.04364743083715439, 0.043013229966163635, 0.042299240827560425, 0.04095935449004173, 0.04089974984526634, 0.0401858314871788, 0.04018004238605499, 0.039950013160705566, 0.03983430564403534, 0.03882640600204468, 0.03804711624979973, 0.03730744495987892, 0.03597629442811012, 0.03485855087637901, 0.03465067595243454, 0.03370337560772896, 0.03307788074016571, 0.03274502977728844, 0.0320478230714798, 0.03191986680030823, 0.03175930306315422, 0.03159550204873085, 0.031165549531579018, 0.031109018251299858, 0.030872948467731476, 0.030596768483519554, 0.030381973832845688, 0.03030754253268242, 0.028941994532942772, 0.028431540355086327, 0.02725910022854805, 0.027240581810474396, 0.02721209079027176, 0.02661770023405552, 0.026027429848909378, 0.02580844610929489, 0.025393428280949593, 0.025257976725697517, 0.02524256706237793, 0.025108691304922104, 0.02504998818039894, 0.024977097287774086, 0.024797653779387474, 0.02470538020133972, 0.024263665080070496, 0.024062391370534897, 0.02338164672255516, 0.02313273586332798, 0.023055000230669975, 0.02296273596584797, 0.02286675199866295, 0.022832049056887627, 0.022747201845049858, 0.02273237146437168, 0.022685760632157326, 0.022593270987272263, 0.02254270389676094, 0.022476201876997948, 0.022371407598257065, 0.02234174683690071, 0.02233409322798252, 0.02232326753437519, 0.0221530981361866, 0.022066524252295494, 0.0219742264598608, 0.021782705560326576, 0.0217085350304842, 0.02150609903037548, 0.02131868340075016, 0.021149680018424988, 0.021117689087986946, 0.02109505981206894, 0.021040067076683044, 0.020920272916555405, 0.020738499239087105, 0.02069755271077156, 0.020273691043257713, 0.020225996151566505, 0.02021837793290615, 0.020209934562444687, 0.020015448331832886, 0.019985545426607132, 0.019965171813964844, 0.019881322979927063, 0.01979946531355381, 0.019754664972424507, 0.019727397710084915, 0.01969064772129059, 0.01940407231450081, 0.019398601725697517, 0.01925867423415184, 0.019222596660256386, 0.01920589618384838, 0.019058264791965485, 0.01904001273214817, 0.018924888223409653, 0.01885862462222576, 0.018784083425998688, 0.018413180485367775, 0.018231062218546867, 0.018189825117588043, 0.01816258393228054, 0.018132656812667847, 0.018122879788279533, 0.018079537898302078, 0.01804930903017521, 0.017997466027736664, 0.017852550372481346, 0.017816876992583275, 0.017792178317904472, 0.01779092848300934, 0.017696484923362732, 0.017568206414580345, 0.017566222697496414, 0.017520027235150337, 0.017316842451691628, 0.017307935282588005, 0.017250269651412964, 0.01714768074452877, 0.017081378027796745, 0.017073143273591995, 0.01703992486000061, 0.01696741208434105, 0.01695437543094158, 0.01683228276669979, 0.01676187291741371, 0.016723526641726494, 0.01668170839548111, 0.016657117754220963, 0.016648365184664726, 0.016614198684692383, 0.01657703146338463, 0.016499660909175873, 0.016466382890939713, 0.016447188332676888, 0.01643196865916252, 0.016426365822553635, 0.016416948288679123, 0.016393156722187996, 0.01631813868880272, 0.0163130946457386, 0.016213934868574142, 0.01620785892009735, 0.016163667663931847, 0.016159124672412872, 0.016134187579154968, 0.016116101294755936, 0.01600981503725052, 0.015774112194776535, 0.015732871368527412, 0.015562206506729126, 0.015523966401815414, 0.015518502332270145, 0.015502126887440681, 0.015466755256056786, 0.015428759157657623, 0.015418846160173416, 0.015398489311337471, 0.015383632853627205, 0.015373126603662968, 0.015368876047432423, 0.015303515829145908, 0.015302488580346107, 0.015266633592545986, 0.015264389105141163, 0.015180313028395176, 0.01516699604690075, 0.015141596086323261, 0.015064242295920849, 0.015007739886641502, 0.014910914935171604, 0.014868873171508312, 0.014815861359238625, 0.014815750531852245, 0.014799278229475021, 0.014784775674343109, 0.0147092305123806, 0.014657716266810894, 0.014612738974392414, 0.014439340680837631, 0.01443752832710743, 0.014376510865986347, 0.01436695922166109, 0.014358346350491047, 0.014343824237585068, 0.014278564602136612, 0.014256554655730724, 0.014252454973757267, 0.014209668152034283, 0.014188784174621105, 0.014162110164761543, 0.014127141796052456, 0.014110779389739037, 0.014089958742260933, 0.014076135121285915, 0.014025845564901829, 0.013880589045584202, 0.013806728646159172, 0.01379943173378706, 0.013785324990749359, 0.013765029609203339, 0.013764621689915657, 0.013746191747486591, 0.013708864338696003, 0.013707381673157215, 0.013705350458621979, 0.013703707605600357, 0.013665554113686085, 0.013651371002197266, 0.013614014722406864, 0.013596116565167904, 0.013591506518423557, 0.01358706969767809, 0.013572352938354015, 0.013555638492107391, 0.01354619674384594, 0.013544593006372452, 0.013537508435547352, 0.013525656424462795, 0.013515609316527843, 0.01348024234175682, 0.013476627878844738, 0.013425033539533615, 0.013405204750597477, 0.01336832344532013, 0.01332912314683199, 0.013276292011141777, 0.013266718946397305, 0.013248604722321033, 0.013234629295766354, 0.01318296231329441, 0.013154791668057442, 0.013099011965095997, 0.012968866154551506, 0.012960135005414486, 0.012929994612932205, 0.012889367528259754, 0.01288401149213314, 0.012830826453864574, 0.012828103266656399, 0.01282223965972662, 0.012793324887752533, 0.012783284299075603, 0.012715444900095463, 0.012695353478193283, 0.01268642209470272, 0.012676236219704151, 0.01266715582460165, 0.012637860141694546, 0.012631869874894619, 0.012618567794561386, 0.012613524682819843, 0.012557254172861576, 0.01252864021807909, 0.012524734251201153, 0.012514612637460232, 0.01247114036232233, 0.012357691302895546, 0.012349155731499195, 0.012335147708654404, 0.01223631203174591, 0.012235146947205067, 0.012233437038958073, 0.01218086015433073, 0.012164301238954067, 0.012109081260859966, 0.012095981277525425, 0.012077191844582558, 0.012021551840007305, 0.012015007436275482, 0.012013444676995277, 0.011984382756054401, 0.011930126696825027, 0.01191515102982521, 0.011849138885736465, 0.011797883547842503, 0.01177274901419878, 0.011764789931476116, 0.011753774248063564, 0.011710855178534985]

Execution time: 0.6800 sec
