Label: tensor([ 2,  0,  7,  0,  0,  0,  0,  0,  0,  0,  0,  0,  0,  0,  0,  0,  0,  0,
         2,  0,  0,  0,  0,  0,  0,  0,  0,  0,  0, 56,  2,  0, 16,  0,  0,  2,
         0,  0,  0,  0, 37, 16,  0, 62,  3,  0,  2,  0,  3,  2, 52,  0,  2,  0,
        24, 37,  0,  0,  0,  0,  0, 12,  0,  7,  0, 28,  0,  0,  0, 67, 67, 67,
         0,  7,  0,  0,  0,  0, 45,  0,  0,  0,  0, 26,  0,  7, 73,  0,  0,  0,
         2, 67,  0, 12,  2,  0,  0, 73, 62,  7,  0, 66,  2,  0,  0,  0,  0, 14,
        28, 73,  0,  0,  5,  2,  0,  2,  0,  0,  2, 37,  0,  0, 56,  0,  0,  0,
         0, 57,  0,  0, 14, 67,  7,  0, 64, 54,  0,  0,  0,  2,  0,  3,  0, 41,
        32, 38,  2, 12, 59,  0,  0,  0,  2,  3, 54,  0, 18,  0,  3,  7, 12,  2,
         0,  0,  2,  0,  7,  2,  0, 26,  0,  7,  5,  0, 67,  0,  0,  2, 22,  8,
         0, 79, 25,  0,  2,  3,  2,  2, 47,  8,  2,  0,  0,  0,  0,  2,  0,  2,
        26, 56,  2, 57, 15,  2, 15,  0, 15,  0, 19,  0, 16, 39, 27, 56, 27, 15,
        67, 27, 54,  2, 27,  2,  2,  1,  0,  2,  0, 51,  2,  3,  2,  0, 56, 27,
         8, 27,  2, 59, 42,  0,  7,  0,  0,  0, 63, 67,  7,  7,  0, 33,  0,  2,
         2, 67,  3, 56, 14, 41, 16, 16,  2, 58, 61,  3, 24, 33, 72,  2, 24,  0,
        27,  0, 37,  7, 78, 29, 56, 16,  3,  2, 12,  0,  2, 15, 24, 27, 73,  0,
         0,  0,  2,  0,  2, 51,  3, 46, 62, 67, 27, 15]), Box: ([159.04568481445312, 43.454322814941406, 465.41314697265625, 269.5529479980469], [241.56866455078125, 63.34389114379883, 303.84295654296875, 103.71660614013672], [158.46237182617188, 42.97612762451172, 465.62518310546875, 269.53021240234375], [386.23687744140625, 70.61807250976562, 434.2486572265625, 123.2944564819336], [255.70916748046875, 63.606407165527344, 299.41015625, 97.54891967773438], [384.5769958496094, 71.725830078125, 421.7216796875, 119.75384521484375], [242.01539611816406, 63.31405258178711, 332.82861328125, 108.23104095458984], [396.87249755859375, 70.9393539428711, 434.1925048828125, 123.43446350097656], [240.0320587158203, 68.05921936035156, 257.8161926269531, 103.63861083984375], [373.5926208496094, 78.05457305908203, 413.1158142089844, 116.99651336669922], [256.0499267578125, 76.68189239501953, 297.63226318359375, 99.72647857666016], [241.3719024658203, 67.19134521484375, 286.94793701171875, 103.72750854492188], [257.2680969238281, 63.264381408691406, 299.38165283203125, 84.99590301513672], [383.4781494140625, 81.20867156982422, 412.4777526855469, 116.3722152709961], [241.41871643066406, 62.52519989013672, 412.2584533691406, 116.76856994628906], [413.3602600097656, 75.67776489257812, 434.10858154296875, 123.51878356933594], [399.772216796875, 70.27098083496094, 420.944580078125, 102.95002746582031], [241.8685302734375, 78.51019287109375, 306.97247314453125, 104.2536392211914], [158.46237182617188, 42.97612762451172, 465.62518310546875, 269.53021240234375], [240.4451141357422, 67.64757537841797, 285.2102966308594, 103.95817565917969], [238.78407287597656, 52.20309829711914, 329.01776123046875, 105.5400619506836], [258.3936462402344, 79.462158203125, 285.0969543457031, 95.71366119384766], [255.72889709472656, 56.6449089050293, 299.2621765136719, 84.05622863769531], [218.3497772216797, 58.1662483215332, 258.2838439941406, 105.39112854003906], [238.66871643066406, 63.699581146240234, 316.8289489746094, 150.25686645507812], [240.8781280517578, 59.15678787231445, 265.7167053222656, 101.98819732666016], [338.40777587890625, 69.8466796875, 409.6495666503906, 111.5422592163086], [341.9540100097656, 70.72718811035156, 412.2308654785156, 117.21308898925781], [241.0690460205078, 64.93671417236328, 351.1753845214844, 116.8413314819336], [255.70916748046875, 63.606407165527344, 299.41015625, 97.54891967773438], [255.70916748046875, 63.606407165527344, 299.41015625, 97.54891967773438], [340.3430480957031, 71.28961944580078, 412.4542541503906, 117.6124496459961], [241.56866455078125, 63.34389114379883, 303.84295654296875, 103.71660614013672], [330.98126220703125, 68.72864532470703, 415.82745361328125, 118.89474487304688], [378.4340515136719, 80.17469787597656, 410.3605041503906, 113.28624725341797], [241.56866455078125, 63.34389114379883, 303.84295654296875, 103.71660614013672], [236.4254913330078, 44.468345642089844, 303.61041259765625, 104.46585083007812], [252.88522338867188, 61.964088439941406, 393.7521667480469, 108.87176513671875], [327.58935546875, 73.28915405273438, 412.2852478027344, 117.417724609375], [239.99679565429688, 64.50782012939453, 343.6349182128906, 125.95578002929688], [308.3206481933594, 77.56184387207031, 344.02947998046875, 89.76888275146484], [255.70916748046875, 63.606407165527344, 299.41015625, 97.54891967773438], [218.6503448486328, 66.781982421875, 267.9402770996094, 104.95501708984375], [241.56866455078125, 63.34389114379883, 303.84295654296875, 103.71660614013672], [158.46237182617188, 42.97612762451172, 465.62518310546875, 269.53021240234375], [304.1396789550781, 62.53855895996094, 411.39984130859375, 115.6026382446289], [1.9366443157196045, 42.821083068847656, 465.703857421875, 268.587646484375], [218.52029418945312, 58.382545471191406, 258.4212341308594, 105.51758575439453], [400.7784729003906, 158.67710876464844, 432.4325866699219, 191.84080505371094], [241.41871643066406, 62.52519989013672, 412.2584533691406, 116.76856994628906], [308.3206481933594, 77.56184387207031, 344.02947998046875, 89.76888275146484], [244.05364990234375, 66.48860168457031, 362.5079040527344, 152.96095275878906], [159.2447967529297, 98.94804382324219, 462.9373474121094, 268.0259704589844], [384.2965393066406, 99.41563415527344, 409.0213317871094, 113.90966796875], [255.70916748046875, 63.606407165527344, 299.41015625, 97.54891967773438], [255.70916748046875, 63.606407165527344, 299.41015625, 97.54891967773438], [302.603271484375, 61.27999496459961, 345.1306457519531, 90.37757110595703], [384.18646240234375, 80.844482421875, 434.1783142089844, 123.1556167602539], [333.84381103515625, 69.51551055908203, 409.6363525390625, 113.69512939453125], [308.0278625488281, 60.417423248291016, 410.47882080078125, 113.32759857177734], [304.7357177734375, 63.58877182006836, 332.196533203125, 87.90065002441406], [255.70916748046875, 63.606407165527344, 299.41015625, 97.54891967773438], [303.9565734863281, 61.57421112060547, 410.5260314941406, 113.68333435058594], [1.9366443157196045, 42.821083068847656, 465.703857421875, 268.587646484375], [302.2610778808594, 61.904754638671875, 344.951416015625, 89.65762329101562], [308.3206481933594, 77.56184387207031, 344.02947998046875, 89.76888275146484], [400.2844543457031, 70.94007873535156, 418.7123718261719, 119.260498046875], [284.99420166015625, 167.14801025390625, 327.0206604003906, 198.83522033691406], [392.001953125, 79.73080444335938, 412.2079162597656, 102.219970703125], [255.70916748046875, 63.606407165527344, 299.41015625, 97.54891967773438], [264.22119140625, 81.02711486816406, 284.24810791015625, 91.71672058105469], [259.0396423339844, 79.07486724853516, 282.6331787109375, 92.27552795410156], [383.51123046875, 99.4484634399414, 413.1444396972656, 118.12567901611328], [159.04568481445312, 43.454322814941406, 465.41314697265625, 269.5529479980469], [363.70587158203125, 71.5033187866211, 407.8697509765625, 102.2818374633789], [308.3206481933594, 77.56184387207031, 344.02947998046875, 89.76888275146484], [306.556640625, 72.6914291381836, 414.0206604003906, 116.76141357421875], [389.80548095703125, 79.68610382080078, 411.61712646484375, 102.11076354980469], [159.04568481445312, 43.454322814941406, 465.41314697265625, 269.5529479980469], [255.0209197998047, 56.65428161621094, 289.00665283203125, 78.99786376953125], [258.570068359375, 63.1084098815918, 375.57415771484375, 103.5674057006836], [492.1484680175781, 0.004264913499355316, 500.4278869628906, 65.58094024658203], [309.60272216796875, 169.8042755126953, 334.043701171875, 198.6309051513672], [255.70916748046875, 63.606407165527344, 299.41015625, 97.54891967773438], [257.7440490722656, 68.62841796875, 286.2020568847656, 94.16458892822266], [240.3760223388672, 63.56436538696289, 304.3566589355469, 105.18292236328125], [241.56866455078125, 63.34389114379883, 303.84295654296875, 103.71660614013672], [303.75811767578125, 76.92090606689453, 352.17376708984375, 108.47398376464844], [384.833984375, 98.32107543945312, 434.1346740722656, 124.12740325927734], [241.23313903808594, 64.33157348632812, 405.9653625488281, 148.82936096191406], [306.580078125, 75.88123321533203, 407.5156555175781, 109.66621398925781], [261.18572998046875, 81.07267761230469, 281.5299987792969, 92.11695098876953], [239.83677673339844, 81.86248016357422, 250.19252014160156, 103.99130249023438], [241.56866455078125, 63.34389114379883, 303.84295654296875, 103.71660614013672], [495.6633605957031, -0.2994563579559326, 500.2049865722656, 12.783615112304688], [241.90011596679688, 62.914920806884766, 429.7160339355469, 126.8079833984375], [240.40457153320312, 57.077720642089844, 258.3831481933594, 83.69172668457031], [159.04568481445312, 43.454322814941406, 465.41314697265625, 269.5529479980469], [255.70916748046875, 63.606407165527344, 299.41015625, 97.54891967773438], [159.2447967529297, 98.94804382324219, 462.9373474121094, 268.0259704589844], [256.0796813964844, 55.90290451049805, 298.42333984375, 73.79469299316406], [159.04568481445312, 43.454322814941406, 465.41314697265625, 269.5529479980469], [492.1484680175781, 0.004264913499355316, 500.4278869628906, 65.58094024658203], [495.6633605957031, -0.2994563579559326, 500.2049865722656, 12.783615112304688], [303.75372314453125, 76.53602600097656, 412.94610595703125, 117.6617660522461], [400.4233093261719, 70.73551177978516, 415.1627197265625, 83.47052764892578], [356.6617126464844, 72.64202117919922, 402.1657409667969, 101.3611068725586], [495.6633605957031, -0.2994563579559326, 500.2049865722656, 12.783615112304688], [255.70916748046875, 63.606407165527344, 299.41015625, 97.54891967773438], [255.70916748046875, 63.606407165527344, 299.41015625, 97.54891967773438], [366.15557861328125, 95.55986785888672, 408.89422607421875, 114.48875427246094], [238.3921661376953, 81.62413024902344, 250.12159729003906, 104.29483795166016], [158.46237182617188, 42.97612762451172, 465.62518310546875, 269.53021240234375], [241.23313903808594, 64.33157348632812, 405.9653625488281, 148.82936096191406], [413.837646484375, 75.00543975830078, 426.1647644042969, 104.22459411621094], [241.90011596679688, 62.914920806884766, 429.7160339355469, 126.8079833984375], [237.5066375732422, 65.68647766113281, 338.6412353515625, 155.96441650390625], [410.720703125, 93.09029388427734, 433.886474609375, 124.03577423095703], [303.9565734863281, 61.57421112060547, 410.5260314941406, 113.68333435058594], [241.56866455078125, 63.34389114379883, 303.84295654296875, 103.71660614013672], [259.0396423339844, 79.07486724853516, 282.6331787109375, 92.27552795410156], [261.18572998046875, 81.07267761230469, 281.5299987792969, 92.11695098876953], [241.56866455078125, 63.34389114379883, 303.84295654296875, 103.71660614013672], [306.580078125, 75.88123321533203, 407.5156555175781, 109.66621398925781], [303.0127868652344, 63.74756622314453, 329.1277770996094, 88.0130386352539], [289.2730712890625, 64.38130187988281, 303.1352844238281, 99.21978759765625], [256.1242980957031, 56.43351745605469, 287.2340393066406, 71.9078140258789], [255.70916748046875, 63.606407165527344, 299.41015625, 97.54891967773438], [320.36102294921875, 88.07219696044922, 408.7259826660156, 114.0475082397461], [348.20965576171875, 90.34892272949219, 416.6163024902344, 118.96487426757812], [425.1974792480469, 41.51871109008789, 434.9998779296875, 47.452762603759766], [308.3206481933594, 77.56184387207031, 344.02947998046875, 89.76888275146484], [241.41871643066406, 62.52519989013672, 412.2584533691406, 116.76856994628906], [250.9733123779297, 62.022125244140625, 406.38299560546875, 104.82117462158203], [159.04568481445312, 43.454322814941406, 465.41314697265625, 269.5529479980469], [159.04568481445312, 43.454322814941406, 465.41314697265625, 269.5529479980469], [371.0989074707031, 75.84701538085938, 408.5868835449219, 102.25994110107422], [243.48670959472656, 64.06787109375, 423.68035888671875, 137.25833129882812], [219.48358154296875, 59.654075622558594, 258.01983642578125, 105.32902526855469], [167.78057861328125, 101.71410369873047, 379.9092712402344, 259.0843505859375], [253.51805114746094, 163.51573181152344, 329.9163513183594, 198.54177856445312], [159.04568481445312, 43.454322814941406, 465.41314697265625, 269.5529479980469], [400.00518798828125, 70.34761047363281, 417.2419128417969, 89.34992980957031], [159.04568481445312, 43.454322814941406, 465.41314697265625, 269.5529479980469], [159.04568481445312, 43.454322814941406, 465.41314697265625, 269.5529479980469], [159.04568481445312, 43.454322814941406, 465.41314697265625, 269.5529479980469], [242.01539611816406, 63.31405258178711, 332.82861328125, 108.23104095458984], [492.1484680175781, 0.004264913499355316, 500.4278869628906, 65.58094024658203], [159.04568481445312, 43.454322814941406, 465.41314697265625, 269.5529479980469], [241.90621948242188, 95.2748794555664, 291.09173583984375, 104.96440887451172], [288.94757080078125, 167.7870330810547, 376.523193359375, 201.10426330566406], [333.08319091796875, 68.40203857421875, 404.9657287597656, 100.46076965332031], [304.1396789550781, 62.53855895996094, 411.39984130859375, 115.6026382446289], [255.70916748046875, 63.606407165527344, 299.41015625, 97.54891967773438], [241.56866455078125, 63.34389114379883, 303.84295654296875, 103.71660614013672], [242.4964141845703, 57.709068298339844, 258.2695617675781, 84.198486328125], [159.04568481445312, 43.454322814941406, 465.41314697265625, 269.5529479980469], [173.45327758789062, 62.431941986083984, 303.1806335449219, 160.331787109375], [241.56866455078125, 63.34389114379883, 303.84295654296875, 103.71660614013672], [155.27638244628906, -49.92594528198242, 461.3909912109375, 264.2478942871094], [495.6633605957031, -0.2994563579559326, 500.2049865722656, 12.783615112304688], [243.48670959472656, 64.06787109375, 423.68035888671875, 137.25833129882812], [421.40130615234375, 110.7362060546875, 433.7926330566406, 124.16156768798828], [242.03248596191406, 84.98267364501953, 303.20977783203125, 103.77715301513672], [161.037353515625, 98.43341064453125, 342.5515441894531, 256.1668701171875], [240.20611572265625, 62.235939025878906, 412.3493957519531, 117.11471557617188], [5.274608612060547, 42.59492874145508, 465.8574523925781, 268.4007263183594], [308.0278625488281, 60.417423248291016, 410.47882080078125, 113.32759857177734], [188.36740112304688, 65.07142639160156, 309.0732421875, 183.21719360351562], [495.6633605957031, -0.2994563579559326, 500.2049865722656, 12.783615112304688], [256.5945129394531, 164.82220458984375, 322.8304748535156, 198.5890655517578], [152.4626007080078, 9.125951766967773, 463.60565185546875, 266.1572570800781], [159.04568481445312, 43.454322814941406, 465.41314697265625, 269.5529479980469], [338.7177734375, 93.83418273925781, 408.98486328125, 116.20503234863281], [258.3936462402344, 79.462158203125, 285.0969543457031, 95.71366119384766], [280.07452392578125, 76.41169738769531, 300.16265869140625, 99.15595245361328], [218.9962921142578, 71.09514617919922, 252.5388946533203, 105.20158386230469], [158.87384033203125, 158.4010467529297, 459.46295166015625, 267.80938720703125], [159.04568481445312, 43.454322814941406, 465.41314697265625, 269.5529479980469], [159.04568481445312, 43.454322814941406, 465.41314697265625, 269.5529479980469], [385.1972351074219, 70.55498504638672, 463.68609619140625, 233.53265380859375], [159.04568481445312, 43.454322814941406, 465.41314697265625, 269.5529479980469], [257.2680969238281, 63.264381408691406, 299.38165283203125, 84.99590301513672], [242.90377807617188, 67.96733093261719, 255.21987915039062, 86.72612762451172], [257.2680969238281, 63.264381408691406, 299.38165283203125, 84.99590301513672], [400.74981689453125, 159.0015869140625, 431.1230773925781, 191.33668518066406], [173.45327758789062, 62.431941986083984, 303.1806335449219, 160.331787109375], [159.69290161132812, 163.71022033691406, 457.38787841796875, 267.579833984375], [308.3206481933594, 77.56184387207031, 344.02947998046875, 89.76888275146484], [425.1974792480469, 41.51871109008789, 434.9998779296875, 47.452762603759766], [240.0320587158203, 68.05921936035156, 257.8161926269531, 103.63861083984375], [309.78997802734375, 59.76042556762695, 405.55230712890625, 106.59358215332031], [218.58749389648438, 98.82661437988281, 225.81919860839844, 108.15218353271484], [1.9366443157196045, 42.821083068847656, 465.703857421875, 268.587646484375], [334.7355651855469, 68.5626220703125, 401.0483703613281, 98.00471496582031], [5.274608612060547, 42.59492874145508, 465.8574523925781, 268.4007263183594], [309.8383483886719, 75.47319793701172, 387.0276184082031, 96.74141693115234], [239.79898071289062, 99.19235229492188, 462.402099609375, 256.1480407714844], [159.04568481445312, 43.454322814941406, 465.41314697265625, 269.5529479980469], [242.01539611816406, 63.31405258178711, 332.82861328125, 108.23104095458984], [252.88522338867188, 61.964088439941406, 393.7521667480469, 108.87176513671875], [241.56866455078125, 63.34389114379883, 303.84295654296875, 103.71660614013672], [386.23687744140625, 70.61807250976562, 434.2486572265625, 123.2944564819336], [244.05364990234375, 66.48860168457031, 362.5079040527344, 152.96095275878906], [241.56866455078125, 63.34389114379883, 303.84295654296875, 103.71660614013672], [217.98196411132812, 61.589271545410156, 253.41696166992188, 103.41256713867188], [384.5769958496094, 71.725830078125, 421.7216796875, 119.75384521484375], [241.22238159179688, 56.39461135864258, 257.85687255859375, 75.77845764160156], [241.56866455078125, 63.34389114379883, 303.84295654296875, 103.71660614013672], [194.0505828857422, 61.72793960571289, 256.14752197265625, 108.64604187011719], [386.23687744140625, 70.61807250976562, 434.2486572265625, 123.2944564819336], [159.04568481445312, 43.454322814941406, 465.41314697265625, 269.5529479980469], [255.70916748046875, 63.606407165527344, 299.41015625, 97.54891967773438], [257.2680969238281, 63.264381408691406, 299.38165283203125, 84.99590301513672], [240.61485290527344, 82.68569946289062, 248.56771850585938, 97.28929901123047], [284.99420166015625, 167.14801025390625, 327.0206604003906, 198.83522033691406], [159.04568481445312, 43.454322814941406, 465.41314697265625, 269.5529479980469], [240.25282287597656, 82.16090393066406, 248.7991180419922, 97.62810516357422], [308.3206481933594, 77.56184387207031, 344.02947998046875, 89.76888275146484], [163.46253967285156, 63.44921875, 341.0224914550781, 184.24366760253906], [258.3936462402344, 79.462158203125, 285.0969543457031, 95.71366119384766], [-8.354127883911133, 38.1562614440918, 491.1680603027344, 330.89801025390625], [241.0690460205078, 64.93671417236328, 351.1753845214844, 116.8413314819336], [159.04568481445312, 43.454322814941406, 465.41314697265625, 269.5529479980469], [264.22119140625, 81.02711486816406, 284.24810791015625, 91.71672058105469], [155.5759735107422, 139.4229278564453, 455.6348876953125, 268.15545654296875], [240.61485290527344, 82.68569946289062, 248.56771850585938, 97.28929901123047], [308.3206481933594, 77.56184387207031, 344.02947998046875, 89.76888275146484], [152.4626007080078, 9.125951766967773, 463.60565185546875, 266.1572570800781], [288.94757080078125, 167.7870330810547, 376.523193359375, 201.10426330566406], [155.7088623046875, 142.45079040527344, 456.8214416503906, 268.05133056640625], [364.94769287109375, 90.22252655029297, 407.07574462890625, 115.24801635742188], [495.6633605957031, -0.2994563579559326, 500.2049865722656, 12.783615112304688], [261.18572998046875, 81.07267761230469, 281.5299987792969, 92.11695098876953], [308.3206481933594, 77.56184387207031, 344.02947998046875, 89.76888275146484], [259.0396423339844, 79.07486724853516, 282.6331787109375, 92.27552795410156], [400.7784729003906, 158.67710876464844, 432.4325866699219, 191.84080505371094], [255.70916748046875, 63.606407165527344, 299.41015625, 97.54891967773438], [159.04568481445312, 43.454322814941406, 465.41314697265625, 269.5529479980469], [158.46237182617188, 42.97612762451172, 465.62518310546875, 269.53021240234375], [255.70916748046875, 63.606407165527344, 299.41015625, 97.54891967773438], [240.25282287597656, 82.16090393066406, 248.7991180419922, 97.62810516357422], [305.0274658203125, 60.10703659057617, 399.96453857421875, 96.2593002319336], [243.24514770507812, 65.40939331054688, 335.67132568359375, 108.29948425292969], [241.56866455078125, 63.34389114379883, 303.84295654296875, 103.71660614013672], [257.2680969238281, 63.264381408691406, 299.38165283203125, 84.99590301513672], [241.90011596679688, 62.914920806884766, 429.7160339355469, 126.8079833984375], [240.20611572265625, 62.235939025878906, 412.3493957519531, 117.11471557617188], [251.39382934570312, 66.61985778808594, 461.4892272949219, 246.633056640625], [241.56866455078125, 63.34389114379883, 303.84295654296875, 103.71660614013672], [240.02877807617188, 57.311553955078125, 257.7012939453125, 83.19361877441406], [306.556640625, 72.6914291381836, 414.0206604003906, 116.76141357421875], [338.40777587890625, 69.8466796875, 409.6495666503906, 111.5422592163086], [264.802001953125, 99.39356994628906, 287.76953125, 107.29450225830078], [241.41871643066406, 62.52519989013672, 412.2584533691406, 116.76856994628906], [159.04568481445312, 43.454322814941406, 465.41314697265625, 269.5529479980469], [159.04568481445312, 43.454322814941406, 465.41314697265625, 269.5529479980469], [255.70916748046875, 63.606407165527344, 299.41015625, 97.54891967773438], [384.5769958496094, 71.725830078125, 421.7216796875, 119.75384521484375], [256.0499267578125, 76.68189239501953, 297.63226318359375, 99.72647857666016], [425.1974792480469, 41.51871109008789, 434.9998779296875, 47.452762603759766], [492.1484680175781, 0.004264913499355316, 500.4278869628906, 65.58094024658203], [159.04568481445312, 43.454322814941406, 465.41314697265625, 269.5529479980469], [1.9366443157196045, 42.821083068847656, 465.703857421875, 268.587646484375], [384.5769958496094, 71.725830078125, 421.7216796875, 119.75384521484375], [255.70916748046875, 63.606407165527344, 299.41015625, 97.54891967773438], [492.1484680175781, 0.004264913499355316, 500.4278869628906, 65.58094024658203], [303.75811767578125, 76.92090606689453, 352.17376708984375, 108.47398376464844], [257.2680969238281, 63.264381408691406, 299.38165283203125, 84.99590301513672], [327.0234680175781, 72.1953125, 442.52655029296875, 221.88507080078125], [239.83677673339844, 81.86248016357422, 250.19252014160156, 103.99130249023438], [347.37640380859375, 105.28577423095703, 409.23077392578125, 117.29341125488281], [257.2680969238281, 63.264381408691406, 299.38165283203125, 84.99590301513672], [492.1484680175781, 0.004264913499355316, 500.4278869628906, 65.58094024658203], [255.70916748046875, 63.606407165527344, 299.41015625, 97.54891967773438], [159.04568481445312, 43.454322814941406, 465.41314697265625, 269.5529479980469], [240.0320587158203, 68.05921936035156, 257.8161926269531, 103.63861083984375], [396.87249755859375, 70.9393539428711, 434.1925048828125, 123.43446350097656], [406.3719482421875, 161.18301391601562, 426.1335144042969, 191.24215698242188], [303.75372314453125, 76.53602600097656, 412.94610595703125, 117.6617660522461], [308.3206481933594, 77.56184387207031, 344.02947998046875, 89.76888275146484], [240.3760223388672, 63.56436538696289, 304.3566589355469, 105.18292236328125], [251.39382934570312, 66.61985778808594, 461.4892272949219, 246.633056640625], [255.70916748046875, 63.606407165527344, 299.41015625, 97.54891967773438], [241.56866455078125, 63.34389114379883, 303.84295654296875, 103.71660614013672], [240.0320587158203, 68.05921936035156, 257.8161926269531, 103.63861083984375], [240.0320587158203, 68.05921936035156, 257.8161926269531, 103.63861083984375], [159.04568481445312, 43.454322814941406, 465.41314697265625, 269.5529479980469], [280.5497741699219, 166.39125061035156, 329.0190734863281, 198.85667419433594], [305.6258850097656, 65.61396026611328, 394.60089111328125, 97.00418853759766], [162.26031494140625, 170.76132202148438, 454.8212890625, 264.99981689453125], [256.6603698730469, 56.780208587646484, 274.6206359863281, 69.17739868164062], [333.84381103515625, 69.51551055908203, 409.6363525390625, 113.69512939453125], [256.1242980957031, 56.43351745605469, 287.2340393066406, 71.9078140258789], [244.05364990234375, 66.48860168457031, 362.5079040527344, 152.96095275878906], [308.3206481933594, 77.56184387207031, 344.02947998046875, 89.76888275146484], [242.01539611816406, 63.31405258178711, 332.82861328125, 108.23104095458984], [241.56866455078125, 63.34389114379883, 303.84295654296875, 103.71660614013672], [264.22119140625, 81.02711486816406, 284.24810791015625, 91.71672058105469], [288.94757080078125, 167.7870330810547, 376.523193359375, 201.10426330566406]), Score: [0.9725233316421509, 0.34679242968559265, 0.19132137298583984, 0.1320353001356125, 0.1319669634103775, 0.12141036242246628, 0.10957477986812592, 0.10714777559041977, 0.09241053462028503, 0.08120246231555939, 0.07211349904537201, 0.06108132377266884, 0.05888686329126358, 0.05242222175002098, 0.04963760823011398, 0.049085162580013275, 0.04889475181698799, 0.04865610599517822, 0.04849660024046898, 0.04786181077361107, 0.0477742925286293, 0.04710432514548302, 0.04566669464111328, 0.043507110327482224, 0.04342260956764221, 0.04111655056476593, 0.0395449735224247, 0.03746037185192108, 0.0372387133538723, 0.036901507526636124, 0.0364299900829792, 0.03551838546991348, 0.03362766653299332, 0.03342047333717346, 0.03334885090589523, 0.032516129314899445, 0.03126601502299309, 0.030431853607296944, 0.030234336853027344, 0.03018050082027912, 0.03008384443819523, 0.02964317612349987, 0.028876841068267822, 0.028756525367498398, 0.028755182400345802, 0.027955060824751854, 0.026993997395038605, 0.026815589517354965, 0.02675350196659565, 0.02663392201066017, 0.026622483506798744, 0.026275398209691048, 0.025879018008708954, 0.02578410878777504, 0.025685898959636688, 0.025558818131685257, 0.025516893714666367, 0.025326402857899666, 0.02519012615084648, 0.02483684942126274, 0.024828314781188965, 0.024536358192563057, 0.024450242519378662, 0.023503651842474937, 0.022948896512389183, 0.022898288443684578, 0.022700553759932518, 0.022646840661764145, 0.02262415923178196, 0.022276652976870537, 0.022236058488488197, 0.021755065768957138, 0.02172357216477394, 0.02154870145022869, 0.021197080612182617, 0.021181588992476463, 0.021127086132764816, 0.021109016612172127, 0.02100473828613758, 0.020940188318490982, 0.02082771807909012, 0.020797768607735634, 0.0207253135740757, 0.020547427237033844, 0.02054675668478012, 0.020440582185983658, 0.020305121317505836, 0.020258238539099693, 0.020077094435691833, 0.01994071900844574, 0.019791994243860245, 0.019688734784722328, 0.019645284861326218, 0.019538704305887222, 0.019456038251519203, 0.01943972520530224, 0.01943175122141838, 0.019339613616466522, 0.019339581951498985, 0.019289061427116394, 0.019167644903063774, 0.019098980352282524, 0.019082942977547646, 0.019073382019996643, 0.018601085990667343, 0.018355149775743484, 0.01821247860789299, 0.018192322924733162, 0.018135810270905495, 0.018108800053596497, 0.018069801852107048, 0.017981072887778282, 0.0179168488830328, 0.017687244340777397, 0.017624381929636, 0.017588621005415916, 0.01756233163177967, 0.01755177043378353, 0.017513249069452286, 0.01751083694398403, 0.01746435835957527, 0.017403367906808853, 0.0172394011169672, 0.017151378095149994, 0.017110416665673256, 0.017085013911128044, 0.01700611039996147, 0.01697653904557228, 0.01688341610133648, 0.016808129847049713, 0.016774822026491165, 0.016612984240055084, 0.016535378992557526, 0.01649058796465397, 0.016453268006443977, 0.016345448791980743, 0.016310280188918114, 0.01629442721605301, 0.01611684076488018, 0.016109371557831764, 0.01608569547533989, 0.01596110686659813, 0.015940269455313683, 0.015917383134365082, 0.015891797840595245, 0.015778420493006706, 0.01577696204185486, 0.0157487615942955, 0.015721850097179413, 0.015607467852532864, 0.01551093626767397, 0.015420004725456238, 0.015409930609166622, 0.015333516523241997, 0.015192459337413311, 0.015148110687732697, 0.01513961236923933, 0.015076139010488987, 0.014876745641231537, 0.01486513577401638, 0.014812263660132885, 0.014755950309336185, 0.014755187556147575, 0.01473856158554554, 0.014529392123222351, 0.01445743627846241, 0.014424460940063, 0.014320955611765385, 0.014320684596896172, 0.014270942658185959, 0.014266964048147202, 0.014173752628266811, 0.014047965407371521, 0.01403659675270319, 0.013990378938615322, 0.013968164101243019, 0.01391855999827385, 0.0138930669054389, 0.013886699452996254, 0.013839229010045528, 0.013825609348714352, 0.013807883486151695, 0.013792243786156178, 0.013724345713853836, 0.01366225816309452, 0.013570687733590603, 0.013553394004702568, 0.01352378074079752, 0.013522679917514324, 0.013434180989861488, 0.013322984799742699, 0.013294125907123089, 0.0132696982473135, 0.013257883489131927, 0.013247844763100147, 0.013134095817804337, 0.013100367970764637, 0.013093988411128521, 0.013081633485853672, 0.01307583600282669, 0.013074223883450031, 0.01301187090575695, 0.01299214269965887, 0.012982882559299469, 0.012891605496406555, 0.01283993013203144, 0.01283647958189249, 0.012784715741872787, 0.012763447128236294, 0.012760947458446026, 0.012724396772682667, 0.0127092394977808, 0.012691110372543335, 0.012688451446592808, 0.012635408900678158, 0.012551774270832539, 0.012482961639761925, 0.012460087426006794, 0.012427284382283688, 0.012366405688226223, 0.012363744899630547, 0.012351174838840961, 0.012314582243561745, 0.012311340309679508, 0.012304657138884068, 0.01229794230312109, 0.012264273129403591, 0.01204636599868536, 0.012040226720273495, 0.012028723955154419, 0.011997070163488388, 0.011981373652815819, 0.011967513710260391, 0.011961554177105427, 0.011883149854838848, 0.011857890523970127, 0.011779041960835457, 0.011765632778406143, 0.011760063469409943, 0.011751963756978512, 0.011652357876300812, 0.011606941930949688, 0.011603053659200668, 0.011585287749767303, 0.011529648676514626, 0.011524591594934464, 0.01150965690612793, 0.011485578492283821, 0.011455375701189041, 0.011449070647358894, 0.011404003016650677, 0.011381017975509167, 0.011379923671483994, 0.011368942447006702, 0.011360252276062965, 0.011345583014190197, 0.011343945749104023, 0.01129754539579153, 0.01126129925251007, 0.011255737394094467, 0.011253539472818375, 0.011218232102692127, 0.011159215122461319, 0.011147492565214634, 0.011142841540277004, 0.01113354042172432, 0.011120455339550972, 0.011110072024166584, 0.01109982468187809, 0.011086370795965195, 0.011074097827076912, 0.011066032573580742, 0.011064701713621616, 0.011059083975851536, 0.011047808453440666, 0.011044491082429886, 0.011042381636798382, 0.0110392477363348, 0.010983947664499283, 0.01098029688000679, 0.010959298349916935, 0.010936502367258072, 0.010903037153184414, 0.010885978117585182, 0.010869662277400494, 0.010854805819690228, 0.010834631510078907, 0.010817423462867737, 0.010809277184307575, 0.010789666324853897, 0.010786891914904118, 0.010783962905406952, 0.010741964913904667, 0.010714526288211346, 0.010697789490222931, 0.010693889111280441, 0.010670985095202923, 0.010657180100679398, 0.010654235258698463, 0.010643810033798218]

Execution time: 0.4132 sec
