Label: tensor([ 0, 40, 57, 59, 57, 57, 59,  0, 57, 40, 60,  0,  2,  2, 60, 40, 60,  2,
         0, 56, 40,  3,  3, 59,  0, 39, 59, 60, 40, 57, 57, 39, 40, 60, 41, 59,
        13, 59, 41,  0, 45,  3, 57, 39,  0, 57, 62, 13,  0, 60,  2, 56, 59,  1,
        41, 59, 56, 41,  0,  2, 57, 56, 57, 13, 39, 56, 56, 57, 57, 59, 57, 41,
        56, 60,  3, 56, 60, 39,  0,  2,  2, 57, 59, 40,  1, 59, 59, 25, 57, 63,
         2,  2, 57, 60,  1, 57, 60, 63, 60, 56, 60,  1, 25, 60, 60, 56, 56, 75,
         0, 63, 58, 56,  7, 56,  3, 58, 72, 56, 57, 39, 58, 57, 56, 13, 59, 60,
        41, 60, 56, 60, 39,  2, 40, 57, 56,  3, 27, 56, 56, 62, 56, 56, 13,  0,
         2, 60, 59, 59,  7, 59,  1, 56,  0,  0, 43, 56,  9, 40, 60, 56, 60, 72,
        60,  2, 58, 59, 57, 58, 56,  0, 39, 59, 57, 41,  0, 56, 75, 40,  0,  0,
         0,  2, 57, 45, 75, 40,  2, 40, 40,  2, 58, 56, 57, 25, 45, 56,  0, 25,
        60, 57,  0, 56,  0, 28, 56, 57, 56, 56, 56, 57, 75,  1, 60, 60,  0, 40,
        60, 13, 56, 56,  0, 56, 57,  8, 58, 71, 58,  5, 40, 58, 75, 40, 56, 44,
        13,  7, 56, 56, 60, 59, 58, 56, 57, 57, 58, 57, 25, 57, 26, 39, 59, 39,
        59, 40,  0, 57,  0, 59, 56, 40, 12,  8, 60, 63, 62, 57, 26, 58,  2, 42,
         0, 60, 60,  2,  2, 57,  0, 40,  0,  0, 41, 56, 26,  2,  6, 62, 59,  0,
        57, 25, 40, 57, 60, 25, 60, 28,  0, 57, 40, 40]), Box: ([228.8112030029297, 101.20307922363281, 499.8713073730469, 374.9486083984375], [0.10259449481964111, 288.2246398925781, 35.77192687988281, 375.08087158203125], [-0.012606382369995117, 147.1325225830078, 499.95489501953125, 374.97723388671875], [438.34307861328125, 154.55181884765625, 500.0950622558594, 243.56056213378906], [97.75299072265625, 147.42881774902344, 500.0010070800781, 374.9135437011719], [98.30288696289062, 148.34130859375, 353.4282531738281, 375.0881042480469], [-0.012606382369995117, 147.1325225830078, 499.95489501953125, 374.97723388671875], [0.1665353775024414, 101.77197265625, 500.1615295410156, 374.7256774902344], [-0.09438395500183105, 148.54107666015625, 356.8475341796875, 375.1828918457031], [-0.10463036596775055, 229.66983032226562, 36.019371032714844, 375.2624206542969], [-0.09438395500183105, 148.54107666015625, 356.8475341796875, 375.1828918457031], [191.45179748535156, 80.86746978759766, 206.97413635253906, 152.4432830810547], [110.71233367919922, 85.90711212158203, 202.5085906982422, 161.86595153808594], [111.38565826416016, 112.99945068359375, 187.0183868408203, 161.74070739746094], [-0.012606382369995117, 147.1325225830078, 499.95489501953125, 374.97723388671875], [101.21295928955078, 276.560791015625, 162.97059631347656, 375.1287536621094], [98.30288696289062, 148.34130859375, 353.4282531738281, 375.0881042480469], [110.84495544433594, 90.89775848388672, 186.27699279785156, 162.04425048828125], [108.82063293457031, 100.79450988769531, 501.24420166015625, 374.4450378417969], [98.30288696289062, 148.34130859375, 353.4282531738281, 375.0881042480469], [0.013360753655433655, 288.05926513671875, 34.98103332519531, 340.24530029296875], [110.84495544433594, 90.89775848388672, 186.27699279785156, 162.04425048828125], [110.71233367919922, 85.90711212158203, 202.5085906982422, 161.86595153808594], [98.30288696289062, 148.34130859375, 353.4282531738281, 375.0881042480469], [98.27178955078125, 112.20746612548828, 499.75628662109375, 374.8333740234375], [101.85517883300781, 290.9115905761719, 140.07383728027344, 374.9833679199219], [97.75299072265625, 147.42881774902344, 500.0010070800781, 374.9135437011719], [0.16362592577934265, 287.1686096191406, 96.68399047851562, 375.24346923828125], [100.6429443359375, 289.491455078125, 159.22630310058594, 375.1443786621094], [98.27178955078125, 112.20746612548828, 499.75628662109375, 374.8333740234375], [438.34307861328125, 154.55181884765625, 500.0950622558594, 243.56056213378906], [51.34067153930664, 283.5628356933594, 65.5196304321289, 330.134033203125], [-0.040141865611076355, 231.43141174316406, 35.782588958740234, 373.9467468261719], [0.1665353775024414, 101.77197265625, 500.1615295410156, 374.7256774902344], [101.85517883300781, 290.9115905761719, 140.07383728027344, 374.9833679199219], [-0.09438395500183105, 148.54107666015625, 356.8475341796875, 375.1828918457031], [-0.012606382369995117, 147.1325225830078, 499.95489501953125, 374.97723388671875], [438.5679016113281, 155.11427307128906, 500.040283203125, 313.1601257324219], [0.10259449481964111, 288.2246398925781, 35.77192687988281, 375.08087158203125], [185.38877868652344, 76.35881805419922, 207.9280548095703, 154.48178100585938], [0.013360753655433655, 288.05926513671875, 34.98103332519531, 340.24530029296875], [111.38565826416016, 112.99945068359375, 187.0183868408203, 161.74070739746094], [334.2936706542969, 154.78868103027344, 500.0540466308594, 374.1905212402344], [101.21295928955078, 276.560791015625, 162.97059631347656, 375.1287536621094], [172.98716735839844, 79.5359878540039, 207.85009765625, 160.27589416503906], [0.1665353775024414, 101.77197265625, 500.1615295410156, 374.7256774902344], [98.30288696289062, 148.34130859375, 353.4282531738281, 375.0881042480469], [98.30288696289062, 148.34130859375, 353.4282531738281, 375.0881042480469], [-0.012606382369995117, 147.1325225830078, 499.95489501953125, 374.97723388671875], [438.34307861328125, 154.55181884765625, 500.0950622558594, 243.56056213378906], [149.54603576660156, 117.28746795654297, 187.2992706298828, 162.20262145996094], [-0.09438395500183105, 148.54107666015625, 356.8475341796875, 375.1828918457031], [0.1665353775024414, 101.77197265625, 500.1615295410156, 374.7256774902344], [110.71233367919922, 85.90711212158203, 202.5085906982422, 161.86595153808594], [0.013360753655433655, 288.05926513671875, 34.98103332519531, 340.24530029296875], [98.27178955078125, 112.20746612548828, 499.75628662109375, 374.8333740234375], [97.75299072265625, 147.42881774902344, 500.0010070800781, 374.9135437011719], [100.6429443359375, 289.491455078125, 159.22630310058594, 375.1443786621094], [-0.22909045219421387, 0.6567612290382385, 499.7658996582031, 375.6528625488281], [177.13490295410156, 100.46356964111328, 258.2098693847656, 152.8209991455078], [99.29669189453125, 149.30467224121094, 357.69427490234375, 374.93682861328125], [334.2936706542969, 154.78868103027344, 500.0540466308594, 374.1905212402344], [437.0867004394531, 154.84014892578125, 499.8070068359375, 374.1601257324219], [-0.09438395500183105, 148.54107666015625, 356.8475341796875, 375.1828918457031], [100.6429443359375, 289.491455078125, 159.22630310058594, 375.1443786621094], [438.34307861328125, 154.55181884765625, 500.0950622558594, 243.56056213378906], [-0.012606382369995117, 147.1325225830078, 499.95489501953125, 374.97723388671875], [270.6847839355469, 152.550537109375, 499.6120300292969, 374.354248046875], [261.0306701660156, 150.91781616210938, 499.6756286621094, 374.4275817871094], [0.44780969619750977, 150.82275390625, 500.4406433105469, 244.9991912841797], [0.040475279092788696, 152.07232666015625, 101.5884017944336, 374.9772644042969], [101.21295928955078, 276.560791015625, 162.97059631347656, 375.1287536621094], [0.040475279092788696, 152.07232666015625, 101.5884017944336, 374.9772644042969], [98.27178955078125, 112.20746612548828, 499.75628662109375, 374.8333740234375], [149.54603576660156, 117.28746795654297, 187.2992706298828, 162.20262145996094], [99.29669189453125, 149.30467224121094, 357.69427490234375, 374.93682861328125], [-0.005543231964111328, 279.2584228515625, 499.98944091796875, 375.0942687988281], [191.45179748535156, 80.86746978759766, 206.97413635253906, 152.4432830810547], [235.20892333984375, -0.3084540367126465, 500.3036804199219, 374.6876220703125], [206.6190185546875, 111.45304870605469, 331.23284912109375, 154.39764404296875], [203.1748046875, 116.48524475097656, 250.8833465576172, 151.77381896972656], [96.61370849609375, 144.8447723388672, 499.94097900390625, 374.9351806640625], [437.0867004394531, 154.84014892578125, 499.8070068359375, 374.1601257324219], [101.85517883300781, 290.9115905761719, 140.07383728027344, 374.9833679199219], [111.38565826416016, 112.99945068359375, 187.0183868408203, 161.74070739746094], [-0.08095055818557739, 153.01193237304688, 66.34367370605469, 311.541748046875], [100.3502426147461, 150.78125, 500.9217224121094, 292.68536376953125], [438.34307861328125, 154.55181884765625, 500.0950622558594, 243.56056213378906], [100.800048828125, 225.12826538085938, 500.0568542480469, 374.9781799316406], [-0.09438395500183105, 148.54107666015625, 356.8475341796875, 375.1828918457031], [215.68048095703125, 104.4161376953125, 333.82452392578125, 153.84945678710938], [268.3731384277344, 106.02340698242188, 335.0990295410156, 155.33352661132812], [233.42135620117188, 130.5038299560547, 500.11407470703125, 374.3695373535156], [0.0006705522537231445, 287.04437255859375, 98.2021484375, 375.3658142089844], [110.84495544433594, 90.89775848388672, 186.27699279785156, 162.04425048828125], [-0.08865818381309509, 152.9408416748047, 67.9578628540039, 374.97943115234375], [0.03102421760559082, 280.304931640625, 500.0260009765625, 375.18414306640625], [99.29669189453125, 149.30467224121094, 357.69427490234375, 374.93682861328125], [97.75299072265625, 147.42881774902344, 500.0010070800781, 374.9135437011719], [0.3542900085449219, 148.39735412597656, 500.3492126464844, 374.8982238769531], [1.7124414443969727, 355.71417236328125, 62.733367919921875, 375.292724609375], [149.54603576660156, 117.28746795654297, 187.2992706298828, 162.20262145996094], [98.30288696289062, 148.34130859375, 353.4282531738281, 375.0881042480469], [0.44780969619750977, 150.82275390625, 500.4406433105469, 244.9991912841797], [98.20314025878906, 81.427734375, 353.67620849609375, 374.7878723144531], [261.0306701660156, 150.91781616210938, 499.6756286621094, 374.4275817871094], [100.60475158691406, 275.7167053222656, 304.5472106933594, 374.72772216796875], [101.85517883300781, 290.9115905761719, 140.07383728027344, 374.9833679199219], [130.08677673339844, 90.89583587646484, 152.74301147460938, 158.8111572265625], [98.30288696289062, 148.34130859375, 353.4282531738281, 375.0881042480469], [110.84495544433594, 90.89775848388672, 186.27699279785156, 162.04425048828125], [101.85517883300781, 290.9115905761719, 140.07383728027344, 374.9833679199219], [111.38565826416016, 112.99945068359375, 187.0183868408203, 161.74070739746094], [101.04288482666016, 234.8250732421875, 347.4598388671875, 375.65155029296875], [140.9203338623047, 110.18541717529297, 205.15179443359375, 161.4405517578125], [110.71233367919922, 85.90711212158203, 202.5085906982422, 161.86595153808594], [98.30288696289062, 148.34130859375, 353.4282531738281, 375.0881042480469], [-0.08865818381309509, 152.9408416748047, 67.9578628540039, 374.97943115234375], [99.56916809082031, 202.4686737060547, 500.3366394042969, 374.8377380371094], [52.73341369628906, 282.24609375, 65.11554718017578, 314.54559326171875], [98.30288696289062, 148.34130859375, 353.4282531738281, 375.0881042480469], [339.79547119140625, 155.87025451660156, 500.19622802734375, 374.5036926269531], [102.07722473144531, 277.2162170410156, 238.64385986328125, 374.825439453125], [111.38565826416016, 112.99945068359375, 187.0183868408203, 161.74070739746094], [428.8751220703125, 100.55398559570312, 500.15765380859375, 245.16537475585938], [100.3502426147461, 150.78125, 500.9217224121094, 292.68536376953125], [0.2051275223493576, 289.1269226074219, 35.78655242919922, 374.53326416015625], [0.5212165117263794, 335.73736572265625, 95.13684844970703, 375.1743469238281], [0.1665353775024414, 101.77197265625, 500.1615295410156, 374.7256774902344], [0.06088614463806152, 283.79541015625, 500.04266357421875, 375.43804931640625], [185.38877868652344, 76.35881805419922, 207.9280548095703, 154.48178100585938], [170.3037567138672, 112.77952575683594, 268.154541015625, 156.31211853027344], [191.18496704101562, 41.66575241088867, 232.25074768066406, 84.56871795654297], [438.5679016113281, 155.11427307128906, 500.040283203125, 313.1601257324219], [339.79547119140625, 155.87025451660156, 500.19622802734375, 374.5036926269531], [147.31021118164062, 81.8212890625, 206.33827209472656, 161.85986328125], [98.30288696289062, 148.34130859375, 353.4282531738281, 375.0881042480469], [101.12157440185547, 131.47802734375, 351.695556640625, 375.04443359375], [0.3834366798400879, 148.50245666503906, 500.37841796875, 375.0231018066406], [-0.09438395500183105, 148.54107666015625, 356.8475341796875, 375.1828918457031], [437.0867004394531, 154.84014892578125, 499.8070068359375, 374.1601257324219], [270.6847839355469, 152.550537109375, 499.6120300292969, 374.354248046875], [97.75299072265625, 147.42881774902344, 500.0010070800781, 374.9135437011719], [115.24209594726562, 91.27928161621094, 156.770263671875, 157.77584838867188], [140.9203338623047, 110.18541717529297, 205.15179443359375, 161.4405517578125], [0.5722343921661377, 35.35798645019531, 361.879150390625, 374.3393249511719], [212.81211853027344, 148.9889373779297, 500.36138916015625, 247.5408935546875], [-0.08865818381309509, 152.9408416748047, 67.9578628540039, 374.97943115234375], [110.71233367919922, 85.90711212158203, 202.5085906982422, 161.86595153808594], [0.040475279092788696, 152.07232666015625, 101.5884017944336, 374.9772644042969], [140.9203338623047, 110.18541717529297, 205.15179443359375, 161.4405517578125], [98.27178955078125, 112.20746612548828, 499.75628662109375, 374.8333740234375], [99.25350189208984, -0.2790503203868866, 500.3455810546875, 374.5160827636719], [127.02848052978516, 0.20163506269454956, 500.1278381347656, 375.19775390625], [1.7124414443969727, 355.71417236328125, 62.733367919921875, 375.292724609375], [98.93798828125, 148.7948455810547, 351.2780456542969, 375.24578857421875], [444.8770446777344, 126.99848175048828, 452.859375, 134.41610717773438], [173.34585571289062, 110.97061157226562, 198.0348663330078, 161.420166015625], [-0.22909045219421387, 0.6567612290382385, 499.7658996582031, 375.6528625488281], [100.6429443359375, 289.491455078125, 159.22630310058594, 375.1443786621094], [111.38565826416016, 112.99945068359375, 187.0183868408203, 161.74070739746094], [-0.09438395500183105, 148.54107666015625, 356.8475341796875, 375.1828918457031], [0.040475279092788696, 152.07232666015625, 101.5884017944336, 374.9772644042969], [111.83138275146484, 111.36719512939453, 258.474365234375, 159.83074951171875], [98.20314025878906, 81.427734375, 353.67620849609375, 374.7878723144531], [339.4532775878906, 124.96467590332031, 500.06805419921875, 244.25746154785156], [-0.08095055818557739, 153.01193237304688, 66.34367370605469, 311.541748046875], [99.73637390136719, 64.6740493774414, 211.67625427246094, 374.4571533203125], [97.97896575927734, 286.81085205078125, 346.77392578125, 375.01654052734375], [312.3616027832031, 100.10614013671875, 335.8460693359375, 151.2694854736328], [98.97765350341797, 186.43898010253906, 159.3020782470703, 372.2858581542969], [208.9566192626953, 149.7779541015625, 499.9250183105469, 247.7924346923828], [0.2675279974937439, 152.3882293701172, 135.04693603515625, 375.14404296875], [0.3189612030982971, 288.71893310546875, 35.43455123901367, 373.9366149902344], [135.73097229003906, 57.74302673339844, 197.5181884765625, 161.09762573242188], [233.42135620117188, 130.5038299560547, 500.11407470703125, 374.3695373535156], [98.30288696289062, 148.34130859375, 353.4282531738281, 375.0881042480469], [177.61190795898438, 42.45624542236328, 233.46920776367188, 154.6100311279297], [363.1356506347656, 101.92579650878906, 500.0729064941406, 250.7035675048828], [192.53240966796875, 81.06456756591797, 205.87416076660156, 122.05301666259766], [119.48236846923828, 60.10986328125, 202.4977264404297, 161.7667236328125], [119.48236846923828, 60.10986328125, 202.4977264404297, 161.7667236328125], [101.12157440185547, 131.47802734375, 351.695556640625, 375.04443359375], [111.38565826416016, 112.99945068359375, 187.0183868408203, 161.74070739746094], [100.6429443359375, 289.491455078125, 159.22630310058594, 375.1443786621094], [209.2967987060547, 44.651771545410156, 231.66281127929688, 78.52318572998047], [199.5144500732422, 109.38426971435547, 334.7503662109375, 153.82269287109375], [103.93318176269531, 276.09124755859375, 211.48910522460938, 374.82757568359375], [98.97765350341797, 186.43898010253906, 159.3020782470703, 372.2858581542969], [147.31021118164062, 81.8212890625, 206.33827209472656, 161.85986328125], [-0.09438395500183105, 148.54107666015625, 356.8475341796875, 375.1828918457031], [438.5679016113281, 155.11427307128906, 500.040283203125, 313.1601257324219], [100.3502426147461, 150.78125, 500.9217224121094, 292.68536376953125], [-0.012606382369995117, 147.1325225830078, 499.95489501953125, 374.97723388671875], [0.10259449481964111, 288.2246398925781, 35.77192687988281, 375.08087158203125], [111.38565826416016, 112.99945068359375, 187.0183868408203, 161.74070739746094], [97.75299072265625, 147.42881774902344, 500.0010070800781, 374.9135437011719], [-0.09438395500183105, 148.54107666015625, 356.8475341796875, 375.1828918457031], [97.71865844726562, 49.162330627441406, 354.59271240234375, 373.5794982910156], [98.20314025878906, 81.427734375, 353.67620849609375, 374.7878723144531], [334.2936706542969, 154.78868103027344, 500.0540466308594, 374.1905212402344], [100.36125183105469, 243.8880615234375, 336.2603759765625, 375.293212890625], [189.0496368408203, 80.86969757080078, 207.20785522460938, 152.8689727783203], [-0.09438395500183105, 148.54107666015625, 356.8475341796875, 375.1828918457031], [100.800048828125, 225.12826538085938, 500.0568542480469, 374.9781799316406], [324.373046875, 154.24766540527344, 500.2369384765625, 374.55621337890625], [332.8260803222656, 223.313720703125, 499.8414611816406, 374.8942565917969], [98.41571807861328, 149.60537719726562, 384.5867614746094, 372.6527099609375], [98.00021362304688, 148.19097900390625, 353.0753173828125, 375.40625], [0.3755837678909302, 116.17777252197266, 358.3991394042969, 375.9926452636719], [101.21295928955078, 276.560791015625, 162.97059631347656, 375.1287536621094], [147.31021118164062, 81.8212890625, 206.33827209472656, 161.85986328125], [1.4307796955108643, 150.84652709960938, 314.0988464355469, 374.451171875], [97.97896575927734, 286.81085205078125, 346.77392578125, 375.01654052734375], [177.61190795898438, 42.45624542236328, 233.46920776367188, 154.6100311279297], [0.42410939931869507, 288.2134704589844, 45.324832916259766, 374.8908996582031], [99.29669189453125, 149.30467224121094, 357.69427490234375, 374.93682861328125], [111.83138275146484, 111.36719512939453, 258.474365234375, 159.83074951171875], [96.61370849609375, 144.8447723388672, 499.94097900390625, 374.9351806640625], [0.10259449481964111, 288.2246398925781, 35.77192687988281, 375.08087158203125], [110.84495544433594, 90.89775848388672, 186.27699279785156, 162.04425048828125], [0.2675279974937439, 152.3882293701172, 135.04693603515625, 375.14404296875], [101.04288482666016, 234.8250732421875, 347.4598388671875, 375.65155029296875], [111.38565826416016, 112.99945068359375, 187.0183868408203, 161.74070739746094], [96.66958618164062, 0.8965842723846436, 356.5250244140625, 375.74664306640625], [98.30288696289062, 148.34130859375, 353.4282531738281, 375.0881042480469], [0.5722343921661377, 35.35798645019531, 361.879150390625, 374.3393249511719], [111.38565826416016, 112.99945068359375, 187.0183868408203, 161.74070739746094], [0.16362592577934265, 287.1686096191406, 96.68399047851562, 375.24346923828125], [111.38565826416016, 112.99945068359375, 187.0183868408203, 161.74070739746094], [0.10259449481964111, 288.2246398925781, 35.77192687988281, 375.08087158203125], [167.05368041992188, 90.22808837890625, 197.8264617919922, 162.06202697753906], [0.013360753655433655, 288.05926513671875, 34.98103332519531, 340.24530029296875], [1.7124414443969727, 355.71417236328125, 62.733367919921875, 375.292724609375], [438.34307861328125, 154.55181884765625, 500.0950622558594, 243.56056213378906], [110.84495544433594, 90.89775848388672, 186.27699279785156, 162.04425048828125], [101.21295928955078, 276.560791015625, 162.97059631347656, 375.1287536621094], [99.56916809082031, 202.4686737060547, 500.3366394042969, 374.8377380371094], [0.40394067764282227, 103.98703002929688, 500.0602722167969, 238.75213623046875], [-0.22909045219421387, 0.6567612290382385, 499.7658996582031, 375.6528625488281], [119.48236846923828, 60.10986328125, 202.4977264404297, 161.7667236328125], [0.23575127124786377, 147.94512939453125, 500.1226806640625, 374.8305969238281], [0.3542900085449219, 148.39735412597656, 500.3492126464844, 374.8982238769531], [321.8037414550781, 152.79844665527344, 499.093994140625, 309.0247497558594], [0.4545748233795166, 0.43460726737976074, 355.7708740234375, 375.430419921875], [0.44780969619750977, 150.82275390625, 500.4406433105469, 244.9991912841797], [0.1665353775024414, 101.77197265625, 500.1615295410156, 374.7256774902344], [412.9235534667969, 153.5388641357422, 499.0331115722656, 374.5327453613281], [98.30288696289062, 148.34130859375, 353.4282531738281, 375.0881042480469], [172.98716735839844, 79.5359878540039, 207.85009765625, 160.27589416503906], [334.2936706542969, 154.78868103027344, 500.0540466308594, 374.1905212402344], [52.758056640625, 289.91259765625, 64.32445526123047, 314.5212707519531], [99.29669189453125, 149.30467224121094, 357.69427490234375, 374.93682861328125], [172.98716735839844, 79.5359878540039, 207.85009765625, 160.27589416503906], [317.30364990234375, 119.92481994628906, 335.9358825683594, 151.5679168701172], [-0.22909045219421387, 0.6567612290382385, 499.7658996582031, 375.6528625488281], [-0.040141865611076355, 231.43141174316406, 35.782588958740234, 373.9467468261719], [-0.45624375343322754, 148.94161987304688, 352.9324645996094, 310.9232482910156], [324.373046875, 154.24766540527344, 500.2369384765625, 374.55621337890625], [98.57038879394531, 158.96144104003906, 198.82579040527344, 374.36181640625], [266.49273681640625, 114.82371520996094, 277.5054016113281, 156.71746826171875], [-0.012606382369995117, 147.1325225830078, 499.95489501953125, 374.97723388671875], [-0.10061264038085938, 222.81280517578125, 499.484130859375, 375.16607666015625], [-0.22909045219421387, 0.6567612290382385, 499.7658996582031, 375.6528625488281], [-0.22909045219421387, 0.6567612290382385, 499.7658996582031, 375.6528625488281], [98.41571807861328, 149.60537719726562, 384.5867614746094, 372.6527099609375], [438.34307861328125, 154.55181884765625, 500.0950622558594, 243.56056213378906], [0.1665353775024414, 101.77197265625, 500.1615295410156, 374.7256774902344], [115.24209594726562, 91.27928161621094, 156.770263671875, 157.77584838867188], [1.7124414443969727, 355.71417236328125, 62.733367919921875, 375.292724609375], [110.71233367919922, 85.90711212158203, 202.5085906982422, 161.86595153808594], [0.10259449481964111, 288.2246398925781, 35.77192687988281, 375.08087158203125], [-0.45624375343322754, 148.94161987304688, 352.9324645996094, 310.9232482910156], [173.67210388183594, 42.484066009521484, 259.5406188964844, 154.5045623779297], [165.99929809570312, 58.303340911865234, 359.2718811035156, 157.1918487548828], [229.86077880859375, 198.8719024658203, 500.17340087890625, 375.6507568359375], [147.31021118164062, 81.8212890625, 206.33827209472656, 161.85986328125], [-0.08217059075832367, 157.00389099121094, 46.87418746948242, 374.9617919921875], [266.49273681640625, 114.82371520996094, 277.5054016113281, 156.71746826171875], [-0.10463036596775055, 229.66983032226562, 36.019371032714844, 375.2624206542969], [0.42410939931869507, 288.2134704589844, 45.324832916259766, 374.8908996582031], [98.20314025878906, 81.427734375, 353.67620849609375, 374.7878723144531], [332.8260803222656, 223.313720703125, 499.8414611816406, 374.8942565917969], [110.13282775878906, 112.85061645507812, 134.7207794189453, 151.7782440185547], [-0.012606382369995117, 147.1325225830078, 499.95489501953125, 374.97723388671875], [99.29669189453125, 149.30467224121094, 357.69427490234375, 374.93682861328125], [303.1205749511719, 151.66476440429688, 498.9324035644531, 247.38754272460938], [99.73637390136719, 64.6740493774414, 211.67625427246094, 374.4571533203125], [-0.005543231964111328, 279.2584228515625, 499.98944091796875, 375.0942687988281], [-0.22909045219421387, 0.6567612290382385, 499.7658996582031, 375.6528625488281], [0.0006705522537231445, 287.04437255859375, 98.2021484375, 375.3658142089844], [159.9210662841797, 221.97781372070312, 499.652099609375, 375.19769287109375], [99.23914337158203, 287.3690490722656, 350.4015808105469, 375.129638671875], [100.3502426147461, 150.78125, 500.9217224121094, 292.68536376953125], [0.2675279974937439, 152.3882293701172, 135.04693603515625, 375.14404296875], [98.30288696289062, 148.34130859375, 353.4282531738281, 375.0881042480469], [427.0749816894531, 104.45372009277344, 500.0550231933594, 371.9533996582031], [339.4532775878906, 124.96467590332031, 500.06805419921875, 244.25746154785156], [32.68218231201172, 281.8468322753906, 72.91988372802734, 373.357421875], [52.73341369628906, 282.24609375, 65.11554718017578, 314.54559326171875]), Score: [0.7845895886421204, 0.4427776634693146, 0.3771005868911743, 0.2523256838321686, 0.20195363461971283, 0.20037052035331726, 0.1985521912574768, 0.19481882452964783, 0.17980974912643433, 0.1766812801361084, 0.175760880112648, 0.14135807752609253, 0.13839024305343628, 0.1365414559841156, 0.12949605286121368, 0.1291372925043106, 0.12855972349643707, 0.12431977689266205, 0.11720620840787888, 0.11655718833208084, 0.11405452340841293, 0.108049675822258, 0.10629891604185104, 0.10583461076021194, 0.10570266842842102, 0.10540034621953964, 0.10478083789348602, 0.1046006977558136, 0.10000935941934586, 0.09874184429645538, 0.09818723052740097, 0.09598458558320999, 0.09509434551000595, 0.09502889961004257, 0.09341958910226822, 0.09276854991912842, 0.09237542748451233, 0.09064803272485733, 0.0895318016409874, 0.08845841884613037, 0.08833010494709015, 0.08788178861141205, 0.08684053272008896, 0.08673960715532303, 0.08483713865280151, 0.08476006984710693, 0.08363482356071472, 0.08314810693264008, 0.08291271328926086, 0.08274559676647186, 0.08225682377815247, 0.08118577301502228, 0.07922299951314926, 0.07818146049976349, 0.07801232486963272, 0.07763104140758514, 0.07757456600666046, 0.07652876526117325, 0.07603448629379272, 0.07564243674278259, 0.07524960488080978, 0.07495167851448059, 0.07456494122743607, 0.07365058362483978, 0.07259781658649445, 0.07204752415418625, 0.07138252258300781, 0.07098402827978134, 0.07078031450510025, 0.07012628018856049, 0.06881143897771835, 0.06861601024866104, 0.06859032809734344, 0.06847614794969559, 0.0684313103556633, 0.06834816187620163, 0.06829200685024261, 0.06814025342464447, 0.0672542154788971, 0.06715080887079239, 0.066859170794487, 0.0667303204536438, 0.06640299409627914, 0.06634335219860077, 0.0660918802022934, 0.06560584902763367, 0.06546907126903534, 0.06518255919218063, 0.0650678277015686, 0.0646769106388092, 0.06460797041654587, 0.0644109696149826, 0.06332740932703018, 0.06318365037441254, 0.06310858577489853, 0.06303369253873825, 0.06298598647117615, 0.06290870904922485, 0.06276342272758484, 0.06238032877445221, 0.06234825775027275, 0.062342431396245956, 0.06230935826897621, 0.06182662025094032, 0.061668761074543, 0.06114858761429787, 0.060778290033340454, 0.060722146183252335, 0.060621630400419235, 0.060559436678886414, 0.06053917855024338, 0.06009871885180473, 0.06008506193757057, 0.05958772823214531, 0.05908038839697838, 0.05885632336139679, 0.05863266438245773, 0.058271508663892746, 0.05766346678137779, 0.057081278413534164, 0.05695808306336403, 0.05674107000231743, 0.056077420711517334, 0.055819422006607056, 0.055514026433229446, 0.05551231652498245, 0.05530310049653053, 0.055257510393857956, 0.055224258452653885, 0.055131882429122925, 0.05493193119764328, 0.05484294146299362, 0.054614562541246414, 0.054565589874982834, 0.05418264865875244, 0.05349224805831909, 0.05298347398638725, 0.05297261103987694, 0.052952833473682404, 0.0528353750705719, 0.05250459164381027, 0.05249396711587906, 0.05235810577869415, 0.052136730402708054, 0.052002809941768646, 0.05193435400724411, 0.05179192125797272, 0.0515577457845211, 0.051365312188863754, 0.051344044506549835, 0.05124170333147049, 0.05075946822762489, 0.05048030987381935, 0.050452981144189835, 0.05020911991596222, 0.04985996335744858, 0.04957064241170883, 0.04951709136366844, 0.04931025579571724, 0.049255549907684326, 0.0482601672410965, 0.04812953621149063, 0.0480710044503212, 0.04790788143873215, 0.0478900708258152, 0.047800179570913315, 0.04771885648369789, 0.04770094156265259, 0.04765837639570236, 0.047101616859436035, 0.04706215485930443, 0.04684527590870857, 0.04680498689413071, 0.046753257513046265, 0.046737849712371826, 0.046688079833984375, 0.046655215322971344, 0.04657191410660744, 0.046544481068849564, 0.046240098774433136, 0.04595077782869339, 0.04582590237259865, 0.045781660825014114, 0.04568072408437729, 0.0455908328294754, 0.0453803576529026, 0.04534025862812996, 0.04533473774790764, 0.045258283615112305, 0.044973500072956085, 0.044697217643260956, 0.04468241706490517, 0.0446617417037487, 0.0444561205804348, 0.04432704299688339, 0.044202275574207306, 0.04416694492101669, 0.04403535649180412, 0.04399064555764198, 0.04393182694911957, 0.04389192909002304, 0.04382464289665222, 0.043806444853544235, 0.043526384979486465, 0.043471675366163254, 0.043447885662317276, 0.043280601501464844, 0.043136339634656906, 0.042861342430114746, 0.04286125302314758, 0.04266885295510292, 0.042449720203876495, 0.04239439219236374, 0.042311858385801315, 0.042306117713451385, 0.04223966971039772, 0.04213385283946991, 0.042118094861507416, 0.042034588754177094, 0.04190804064273834, 0.04168852046132088, 0.04134592041373253, 0.04130743443965912, 0.04124237596988678, 0.04112683981657028, 0.04110761359333992, 0.04107395559549332, 0.04101644828915596, 0.041011128574609756, 0.04100320115685463, 0.040759552270174026, 0.040658093988895416, 0.040496472269296646, 0.04042783007025719, 0.04025247320532799, 0.04015907272696495, 0.039996448904275894, 0.039865631610155106, 0.03958873450756073, 0.039580393582582474, 0.03952081874012947, 0.03939025104045868, 0.03938554599881172, 0.03921956196427345, 0.03914669528603554, 0.03893959894776344, 0.038923557847738266, 0.0387817919254303, 0.03868028521537781, 0.03846197947859764, 0.038460344076156616, 0.038356710225343704, 0.038308244198560715, 0.0382964052259922, 0.038245271891355515, 0.03821877762675285, 0.038212381303310394, 0.03811334818601608, 0.038073424249887466, 0.03780055418610573, 0.03776500001549721, 0.037744324654340744, 0.03773912042379379, 0.03767621889710426, 0.03756708279252052, 0.037383660674095154, 0.03736726939678192, 0.03728948161005974, 0.03721039369702339, 0.0371527224779129, 0.037152208387851715, 0.03700464963912964, 0.036687057465314865, 0.036636464297771454, 0.036600854247808456, 0.036557555198669434, 0.03655286505818367, 0.036541733890771866, 0.03651460260152817, 0.03635494038462639, 0.036354273557662964, 0.036338940262794495, 0.03609766066074371, 0.036007679998874664, 0.035977549850940704, 0.03595547750592232, 0.035861533135175705, 0.035659294575452805, 0.035607367753982544, 0.03555924445390701, 0.035557739436626434, 0.03552055358886719, 0.035466328263282776, 0.03546362742781639, 0.03541947901248932, 0.03530555218458176, 0.035299915820360184, 0.035286035388708115, 0.03526303917169571, 0.03523759916424751]

Execution time: 0.4082 sec
